3.776699999999999818e+03 -5.076333635865691353e-16 6.615000000000000271e-31
3.802300000000000182e+03 3.008580627366428154e-16 3.200000000000000179e-31
3.827900000000000091e+03 1.784729315460926385e-16 2.178000000000000003e-31
3.853400000000000091e+03 3.557827520249045087e-16 1.770000000000000051e-31
3.879000000000000000e+03 1.425457230234179621e-16 1.449000000000000049e-31
3.904599999999999909e+03 2.812144091558997832e-16 1.286999999999999962e-31
3.930099999999999909e+03 8.517850049386652703e-16 1.190999999999999935e-31
3.955699999999999818e+03 1.061274231612246914e-15 1.059000000000000034e-31
3.981300000000000182e+03 1.235611657141341109e-15 1.039999999999999894e-31
4.006800000000000182e+03 1.751128329072813541e-15 9.448000000000000293e-32
4.032400000000000091e+03 1.496536239901341844e-15 7.111999999999999484e-32
4.058000000000000000e+03 1.725281416466572733e-15 6.233999999999999458e-32
4.083599999999999909e+03 1.456473525361668601e-15 6.537999999999999946e-32
4.109100000000000364e+03 1.043698331040003140e-15 4.646999999999999821e-32
4.134699999999999818e+03 8.669054488133160969e-16 2.868000000000000021e-32
4.160300000000000182e+03 9.927799132057088007e-16 3.418999999999999810e-32
4.185800000000000182e+03 1.017592949307699906e-15 2.233000000000000126e-32
4.211399999999999636e+03 1.217906522006066122e-15 1.947000000000000012e-32
4.237000000000000000e+03 1.011131221156139654e-15 1.930000000000000115e-32
4.262600000000000364e+03 1.057655663847373149e-15 1.534000000000000084e-32
4.288100000000000364e+03 1.258098471108770381e-15 1.477999999999999923e-32
4.313699999999999818e+03 1.252670619461459833e-15 1.363000000000000084e-32
4.339300000000000182e+03 1.669710554363155123e-15 1.476000000000000063e-31
4.364800000000000182e+03 1.872608818322145400e-15 1.394000000000000036e-31
4.390399999999999636e+03 1.961780666813676002e-15 1.447000000000000080e-31
4.416000000000000000e+03 1.274769729739795861e-15 1.162000000000000006e-32
4.441600000000000364e+03 1.267920297899141774e-15 7.407000000000000332e-32
4.467100000000000364e+03 1.444842414688860227e-15 1.699999999999999890e-32
4.492699999999999818e+03 1.216097238123629141e-15 8.506999999999999504e-32
4.518300000000000182e+03 1.610262655368801125e-15 8.194999999999999579e-32
4.543800000000000182e+03 1.638694259235666192e-15 7.223000000000000152e-32
4.569399999999999636e+03 1.921717952274002759e-15 8.492999999999999942e-32
4.595000000000000000e+03 2.293913493803870322e-15 6.666999999999999893e-32
4.620500000000000000e+03 2.225419175397332209e-15 7.422000000000000097e-32
4.646100000000000364e+03 2.491642375241612280e-15 7.914999999999999591e-32
4.671699999999999818e+03 2.083261156063007861e-15 6.600000000000000506e-32
4.697300000000000182e+03 1.942395482358995248e-15 7.358000000000000224e-33
4.722800000000000182e+03 1.576661668980688134e-15 7.555999999999999692e-33
4.748399999999999636e+03 1.327238962330464559e-15 7.169000000000000670e-33
4.774000000000000000e+03 1.094745983437328692e-15 6.804000000000000373e-33
4.799500000000000000e+03 9.478062852708498610e-16 7.624999999999999486e-33
4.825100000000000364e+03 9.104574965548318917e-16 7.497999999999999945e-33
4.850699999999999818e+03 9.471601124556937964e-16 6.140000000000000056e-33
4.876300000000000182e+03 1.102370822656169663e-15 6.758000000000000054e-33
4.901800000000000182e+03 1.154323116994713706e-15 2.845000000000000272e-32
4.927399999999999636e+03 1.144888993893435754e-15 5.022000000000000510e-32
4.953000000000000000e+03 1.422872538973555412e-15 4.999000000000000213e-32
4.978500000000000000e+03 1.729158453357508923e-15 5.625999999999999577e-32
5.004100000000000364e+03 2.047075478414270611e-15 5.113999999999999505e-32
5.029699999999999818e+03 2.017351528917093612e-15 3.342000000000000032e-32
5.055300000000000182e+03 1.605093272847553200e-15 3.394000000000000339e-33
5.080800000000000182e+03 1.526260189398518843e-15 2.522999999999999957e-32
5.106399999999999636e+03 1.261070866058488081e-15 2.230000000000000063e-32
5.132000000000000000e+03 1.240264101410464379e-15 2.395999999999999869e-32
5.157500000000000000e+03 1.535306608810702958e-15 2.561000000000000018e-32
5.183100000000000364e+03 1.718819688315012482e-15 2.608999999999999922e-32
5.208699999999999818e+03 2.026397948329278122e-15 2.723999999999999761e-32
5.234199999999999818e+03 1.926887334795250881e-15 1.939000000000000028e-32
5.259800000000000182e+03 2.092307575475191977e-15 2.067999999999999976e-32
5.285399999999999636e+03 2.036736713371774367e-15 2.373000000000000120e-32
5.311000000000000000e+03 2.233173249179204590e-15 2.475000000000000053e-32
5.336500000000000000e+03 2.407639909271329801e-15 2.202000000000000119e-32
5.362100000000000364e+03 2.375331268513528543e-15 2.645000000000000124e-32
5.387699999999999818e+03 2.260312507415757330e-15 1.733999999999999959e-32
5.413199999999999818e+03 2.001843381353349246e-15 1.742999999999999872e-32
5.438800000000000182e+03 1.986335233789604484e-15 1.989000000000000065e-32
5.464399999999999636e+03 1.747251292181877548e-15 1.912999999999999944e-32
5.490000000000000000e+03 1.691680430078459741e-15 1.807000000000000018e-32
5.515500000000000000e+03 1.546937719483511135e-15 1.678000000000000071e-32
5.541100000000000364e+03 1.422872538973555412e-15 1.961000000000000121e-32
5.566699999999999818e+03 1.620601420411297567e-15 1.403000000000000004e-32
5.592199999999999818e+03 1.643863641756914314e-15 1.367000000000000076e-32
5.617800000000000182e+03 1.324654271069840695e-15 2.985000000000000266e-32
5.643399999999999636e+03 1.008417295332484380e-15 1.878999999999999943e-33
5.668899999999999636e+03 8.722040658975954321e-16 6.751999999999999655e-33
5.694500000000000000e+03 8.557912763926325749e-16 8.197999999999999916e-33
5.720100000000000364e+03 6.757675300901654060e-16 8.547999999999999559e-34
5.745699999999999818e+03 6.009407180950983533e-16 8.715000000000000731e-34
5.771199999999999818e+03 4.289295147005658922e-16 5.952999999999999951e-34
5.796800000000000182e+03 4.528379088613386055e-16 5.059000000000000094e-33
5.822399999999999636e+03 5.137073880490357479e-16 6.173999999999999578e-33
5.847899999999999636e+03 5.922820023720076795e-16 5.832000000000000124e-33
5.873500000000000000e+03 6.192920260455293056e-16 6.551000000000000672e-33
5.899100000000000364e+03 7.706256993550692777e-16 7.114999999999999820e-33
5.924699999999999818e+03 9.010233734535539404e-16 7.148999999999999342e-33
5.950199999999999818e+03 8.966293983104928985e-16 6.076000000000000081e-34
5.975800000000000182e+03 9.025741882099282982e-16 6.328000000000000057e-34
6.001399999999999636e+03 1.035944257258130957e-15 6.414000000000000467e-33
6.026899999999999636e+03 8.564374492077886395e-16 5.917000000000000296e-33
6.052500000000000000e+03 8.256796232063620360e-16 4.846999999999999696e-33
6.078100000000000364e+03 7.676533044053514792e-16 4.307000000000000090e-33
6.103699999999999818e+03 7.906570566249058007e-16 4.269000000000000303e-33
6.129199999999999818e+03 8.820258926879670221e-16 5.280999999999999787e-33
6.154800000000000182e+03 8.935277687977439857e-16 5.527999999999999944e-34
6.180399999999999636e+03 1.040596701527254227e-15 4.596000000000000129e-33
6.205899999999999636e+03 1.243107261797150669e-15 5.959999999999999731e-33
6.231500000000000000e+03 1.253058323150553472e-15 4.741000000000000181e-33
6.257100000000000364e+03 1.217389583753941073e-15 4.914000000000000041e-33
6.282600000000000364e+03 1.251765977520241540e-15 1.625999999999999901e-33
6.308199999999999818e+03 1.310438469136408063e-15 5.629999999999999706e-33
6.333800000000000182e+03 1.294930321572663499e-15 4.798999999999999929e-33
6.359399999999999636e+03 1.306561432245472070e-15 4.207000000000000290e-33
6.384899999999999636e+03 1.356962911827641360e-15 4.023999999999999765e-33
6.410500000000000000e+03 1.385394515694506427e-15 4.173000000000000084e-33
6.436100000000000364e+03 1.502997968052901898e-15 4.848999999999999829e-33
6.461600000000000364e+03 1.612847346629425384e-15 5.718000000000000078e-33
6.487199999999999818e+03 1.685218701926899687e-15 5.346000000000000000e-33
6.512800000000000182e+03 1.720112033945324611e-15 4.693999999999999796e-33
6.538399999999999636e+03 1.721404379575636543e-15 4.784999999999999683e-33
6.563899999999999636e+03 1.680049319405651367e-15 3.712000000000000252e-33
6.589500000000000000e+03 1.565030558307879760e-15 4.007000000000000005e-33
6.615100000000000364e+03 1.495243894271029912e-15 2.481999999999999971e-33
6.640600000000000364e+03 1.332408344851712681e-15 6.251999999999999969e-34
6.666199999999999818e+03 1.128993142640597749e-15 3.970999999999999666e-34
6.691800000000000182e+03 9.337197179004486391e-16 2.725999999999999928e-34
6.717399999999999636e+03 7.454249595639844352e-16 2.153000000000000012e-33
6.742899999999999636e+03 7.021313809485310662e-16 2.718999999999999976e-34
6.768500000000000000e+03 6.482405681645190269e-16 2.502999999999999997e-33
6.794100000000000364e+03 5.641088676312052357e-16 2.148000000000000022e-33
6.819600000000000364e+03 5.184890668811902314e-16 2.066000000000000049e-33
6.845199999999999818e+03 5.128027461078172575e-16 3.168000000000000123e-34
6.870800000000000182e+03 4.923836851488869971e-16 3.930000000000000193e-34
6.896300000000000182e+03 4.826910929215468172e-16 3.242000000000000164e-34
6.921899999999999636e+03 5.579056086057074101e-16 2.416000000000000034e-33
6.947500000000000000e+03 4.802356362239538704e-16 2.273999999999999839e-33
6.973100000000000364e+03 4.670537107947711389e-16 2.536999999999999861e-33
6.998600000000000364e+03 5.836232866489170057e-16 2.715000000000000053e-33
7.024199999999999818e+03 5.323171651255291261e-16 3.143999999999999983e-34
7.049800000000000182e+03 5.710875340348902402e-16 2.062000000000000039e-34
7.075300000000000182e+03 6.412619017608339238e-16 2.546000000000000116e-33
7.100899999999999636e+03 6.297600256510567630e-16 2.365999999999999963e-34
7.126500000000000000e+03 6.618101972827953971e-16 3.000999999999999807e-34
7.152100000000000364e+03 6.801615052332263494e-16 4.056000000000000180e-34
7.177600000000000364e+03 6.976081712424389099e-16 3.287000000000000159e-34
7.203199999999999818e+03 7.291414046220526923e-16 2.999999999999999997e-34
7.228800000000000182e+03 8.077160189450247224e-16 2.562000000000000153e-33
7.254300000000000182e+03 9.677084079776550725e-16 3.458999999999999867e-33
7.279899999999999636e+03 1.033618035123569124e-15 2.684000000000000046e-33
7.305500000000000000e+03 1.227599114233406302e-15 2.959999999999999906e-33
7.331100000000000364e+03 1.416410810821995358e-15 3.569999999999999714e-33
7.356600000000000364e+03 1.471981672925412968e-15 3.713000000000000318e-33
7.382199999999999818e+03 1.415118465191683426e-15 3.204000000000000034e-33
7.407800000000000182e+03 1.325946616700152429e-15 2.520000000000000100e-33
7.433300000000000182e+03 1.206146176770226536e-15 2.610999999999999987e-33
7.458899999999999636e+03 1.110771069253197911e-15 2.454999999999999888e-33
7.484500000000000000e+03 1.045507614922439924e-15 2.953000000000000125e-33
7.510000000000000000e+03 1.009451171836734084e-15 2.965999999999999962e-33
7.535600000000000364e+03 9.640898402127815052e-16 3.078999999999999942e-33
7.561199999999999818e+03 9.485816926490369413e-16 4.669999999999999741e-34
7.586800000000000182e+03 9.125252495633311012e-16 7.453000000000000377e-34
7.612300000000000182e+03 7.954387354570603828e-16 7.209999999999999972e-34
7.637899999999999636e+03 6.655579996107003744e-16 4.050000000000000124e-33
7.663500000000000000e+03 5.840109903380106444e-16 2.866999999999999886e-33
7.689000000000000000e+03 6.837800729981000152e-16 4.402000000000000242e-33
7.714600000000000364e+03 7.695918228508195743e-16 4.901999999999999928e-33
7.740199999999999818e+03 7.980234267176843453e-16 4.248999999999999658e-33
7.765800000000000182e+03 9.034788301511467887e-16 3.016999999999999929e-33
7.791300000000000182e+03 1.125116105749661559e-15 3.602999999999999853e-33
7.816899999999999636e+03 1.334993036112336939e-15 4.092000000000000177e-33
7.842500000000000000e+03 1.412533773931059167e-15 4.349000000000000143e-33
7.868000000000000000e+03 1.386686861324818556e-15 3.941999999999999792e-33
7.893600000000000364e+03 1.355670566197329625e-15 4.104000000000000290e-33
7.919199999999999818e+03 1.268566470714298036e-15 4.190999999999999911e-33
7.944699999999999818e+03 1.139461142246125206e-15 3.658000000000000086e-33
7.970300000000000182e+03 1.046412256863658414e-15 3.407999999999999901e-33
7.995899999999999636e+03 8.984386821929298793e-16 3.408999999999999967e-33
8.021500000000000000e+03 7.940171552637170407e-16 2.955999999999999982e-33
8.047000000000000000e+03 7.058791832764359449e-16 3.165000000000000181e-33
8.072600000000000364e+03 6.509544939881743009e-16 2.954999999999999916e-33
8.098199999999999818e+03 5.962882738259749841e-16 3.218999999999999662e-33
8.123699999999999818e+03 5.621703491857372392e-16 3.225000000000000061e-33
8.149300000000000182e+03 5.033686230065394048e-16 3.119999999999999928e-33
8.174899999999999636e+03 4.722230933160192612e-16 3.575000000000000132e-34
8.200500000000000000e+03 4.711892168117696564e-16 3.240999999999999926e-34
8.226000000000000000e+03 5.190060051333150831e-16 3.291999999999999722e-33
8.251600000000000364e+03 5.562255592863018394e-16 3.653999999999999820e-33
8.277200000000000728e+03 5.765153856822007883e-16 4.864000000000000141e-33
8.302700000000000728e+03 5.776784967494816059e-16 6.162000000000000149e-33
8.328299999999999272e+03 5.470499053110863139e-16 7.081999999999999681e-33
8.353899999999999636e+03 4.602042789541172487e-16 6.470999999999999464e-33
8.379500000000000000e+03 4.119997869434782327e-16 5.835000000000000323e-33
8.405000000000000000e+03 4.014025527749194637e-16 4.650999999999999677e-33
8.430600000000000364e+03 4.387513414909374329e-16 3.909000000000000337e-33
8.456200000000000728e+03 5.002669934937904920e-16 4.107000000000000318e-34
8.481700000000000728e+03 6.194212606085606171e-16 2.439999999999999918e-33
8.507299999999999272e+03 8.476494989216666542e-16 3.157000000000000333e-33
8.532899999999999636e+03 1.062178873553465207e-15 2.366000000000000134e-33
8.558399999999999636e+03 1.238067113838933760e-15 3.620000000000000298e-33
8.584000000000000000e+03 1.461642907882916723e-15 5.529999999999999906e-33
8.609600000000000364e+03 1.654202406799410756e-15 8.299999999999999849e-33
8.635200000000000728e+03 1.672295245623778987e-15 9.812999999999999770e-33
8.660700000000000728e+03 1.625770802932545689e-15 8.917000000000000464e-33
8.686299999999999272e+03 1.650325369908474566e-15 6.899999999999999907e-33
8.711899999999999636e+03 1.717527342684700352e-15 5.843000000000000170e-33
8.737399999999999636e+03 1.717527342684700352e-15 8.519999999999999409e-33
8.763000000000000000e+03 1.674879936884403245e-15 1.320000000000000101e-32
8.788600000000000364e+03 1.558568830156319706e-15 1.872000000000000094e-32
8.814200000000000728e+03 1.428041921494803731e-15 2.028000000000000056e-32
8.839700000000000728e+03 1.273994322361608584e-15 1.604000000000000082e-32
8.865299999999999272e+03 1.097459909260983967e-15 1.368000000000000005e-32
8.890899999999999636e+03 9.638313710867190794e-16 9.848999999999999424e-33
8.916399999999999636e+03 9.098113237396758272e-16 6.738000000000000094e-33
8.942000000000000000e+03 8.591513750314438149e-16 8.191999999999999517e-33
8.967600000000000364e+03 7.716595758593187838e-16 1.034999999999999986e-33
8.993200000000000728e+03 7.323722686978328180e-16 9.043000000000000623e-33
9.018700000000000728e+03 7.157010100668075350e-16 9.154000000000000470e-33
9.044299999999999272e+03 6.183873841043109138e-16 9.836999999999999996e-33
9.069899999999999636e+03 5.911188913047268618e-16 1.404000000000000036e-33
9.095399999999999636e+03 6.049469895490656579e-16 1.464999999999999983e-33
9.121000000000000000e+03 6.244614085667775264e-16 1.183999999999999962e-32
9.146600000000000364e+03 6.191627914824981913e-16 4.733999999999999716e-33
9.172100000000000364e+03 6.110210140115322705e-16 2.251000000000000021e-33
9.197700000000000728e+03 6.313108404074314166e-16 1.894999999999999979e-33
9.223299999999999272e+03 7.287537009329590535e-16 1.663999999999999962e-32
