3.776699999999999818e+03 1.491234679664705047e-15 1.233999999999999905e-34
3.802300000000000182e+03 1.702766647440931939e-15 7.422999999999999752e-33
3.827900000000000091e+03 1.012331560071943068e-15 5.760000000000000131e-33
3.853400000000000091e+03 8.451424737394904117e-16 4.997000000000000081e-33
3.879000000000000000e+03 7.771500555257031259e-16 4.442000000000000162e-33
3.904599999999999909e+03 1.066199949381416949e-15 2.431000000000000004e-35
3.930099999999999909e+03 1.819043536560162384e-15 8.268000000000000631e-36
3.955699999999999818e+03 2.305829835076261816e-15 4.356999999999999585e-37
3.981300000000000182e+03 2.529843502814440218e-15 3.264999999999999981e-33
4.006800000000000182e+03 2.898053651692002867e-15 2.829000000000000099e-33
4.032400000000000091e+03 3.146045321988665851e-15 2.067000000000000115e-33
4.058000000000000000e+03 2.919732393731180913e-15 1.107999999999999977e-32
4.083599999999999909e+03 2.431303766272719389e-15 9.941000000000000062e-33
4.109100000000000364e+03 1.899189188947428564e-15 1.628000000000000034e-33
4.134699999999999818e+03 2.018422270162910185e-15 1.417000000000000044e-33
4.160300000000000182e+03 2.016779941220548486e-15 1.199999999999999999e-33
4.185800000000000182e+03 1.925137986236748052e-15 6.392999999999999756e-33
4.211399999999999636e+03 2.106122635685041597e-15 1.026000000000000072e-33
4.237000000000000000e+03 1.988203417623449256e-15 4.244000000000000010e-33
4.262600000000000364e+03 2.014480680701241557e-15 9.211999999999999875e-34
4.288100000000000364e+03 2.080830769972666947e-15 3.527999999999999661e-33
4.313699999999999818e+03 2.126487514570330758e-15 3.582999999999999893e-33
4.339300000000000182e+03 2.241122074747198913e-15 3.674999999999999846e-33
4.364800000000000182e+03 2.442143137292308806e-15 6.016000000000000372e-34
4.390399999999999636e+03 2.346559592846840138e-15 2.614999999999999910e-33
4.416000000000000000e+03 1.906086970505348565e-15 5.453000000000000094e-34
4.441600000000000364e+03 1.705394373748711287e-15 7.103999999999999603e-34
4.467100000000000364e+03 1.448862592951765224e-15 4.838999999999999678e-34
4.492699999999999818e+03 1.703752044806349195e-15 5.775999999999999825e-34
4.518300000000000182e+03 2.101852580434900550e-15 2.435999999999999994e-33
4.543800000000000182e+03 2.390245542713669437e-15 2.677999999999999990e-33
4.569399999999999636e+03 2.865535538633235009e-15 2.264999999999999925e-33
4.595000000000000000e+03 3.176592640316599987e-15 2.744999999999999993e-33
4.620500000000000000e+03 3.547430515501941589e-15 4.791000000000000252e-34
4.646100000000000364e+03 3.734656014931210298e-15 2.531000000000000146e-33
4.671699999999999818e+03 3.616408331081145933e-15 4.795000000000000347e-34
4.697300000000000182e+03 3.760933278009002993e-15 2.811999999999999996e-33
4.722800000000000182e+03 3.045863256504583323e-15 1.841999999999999880e-33
4.748399999999999636e+03 2.580098768450717889e-15 4.149000000000000029e-34
4.774000000000000000e+03 2.155392503955902012e-15 1.705000000000000017e-33
4.799500000000000000e+03 1.984918759738725071e-15 1.433000000000000081e-33
4.825100000000000364e+03 1.664993081766605779e-15 3.141999999999999936e-34
4.850699999999999818e+03 1.792766273482370084e-15 1.381999999999999943e-33
4.876300000000000182e+03 2.125173651416440689e-15 1.700000000000000027e-33
4.901800000000000182e+03 2.176085848629663197e-15 2.545999999999999945e-34
4.927399999999999636e+03 2.066049809491408507e-15 1.213000000000000007e-33
4.953000000000000000e+03 2.406997297925761994e-15 2.361000000000000058e-34
4.978500000000000000e+03 3.020571390792208673e-15 1.242999999999999947e-33
5.004100000000000364e+03 3.148673048296445594e-15 1.227999999999999977e-33
5.029699999999999818e+03 2.980827030387048396e-15 2.502999999999999997e-34
5.055300000000000182e+03 2.628383239356160654e-15 1.708000000000000002e-34
5.080800000000000182e+03 2.184625959129945684e-15 2.242999999999999832e-34
5.106399999999999636e+03 1.974079388719136048e-15 1.646000000000000032e-34
5.132000000000000000e+03 2.082801564703501064e-15 9.181000000000000211e-34
5.157500000000000000e+03 2.175757382841190778e-15 6.646000000000000312e-34
5.183100000000000364e+03 2.319296932403630582e-15 8.782000000000000392e-34
5.208699999999999818e+03 2.529186571237495381e-15 7.162999999999999929e-34
5.234199999999999818e+03 2.725609112743991809e-15 7.225000000000000114e-34
5.259800000000000182e+03 2.853382304459756312e-15 7.194999999999999831e-34
5.285399999999999636e+03 3.230461029626073472e-15 8.885999999999999431e-34
5.311000000000000000e+03 3.383197621265740601e-15 1.606999999999999964e-34
5.336500000000000000e+03 3.695240120314522439e-15 7.352000000000000339e-34
5.362100000000000364e+03 3.754363962239554622e-15 1.141000000000000014e-33
5.387699999999999818e+03 3.705094093968694207e-15 1.394000000000000056e-34
5.413199999999999818e+03 3.652539567813109606e-15 9.067999999999999889e-34
5.438800000000000182e+03 3.333927752994880186e-15 1.480999999999999976e-34
5.464399999999999636e+03 3.409474884343532506e-15 7.430000000000000046e-34
5.490000000000000000e+03 3.221592453337318960e-15 2.125999999999999843e-34
5.515500000000000000e+03 3.104330166852671062e-15 9.557999999999999937e-34
5.541100000000000364e+03 3.138490608853801408e-15 1.591000000000000013e-34
5.566699999999999818e+03 3.127651237834211596e-15 1.747000000000000070e-34
5.592199999999999818e+03 3.079038301140296412e-15 1.922999999999999958e-34
5.617800000000000182e+03 2.738090812705942925e-15 2.502999999999999997e-34
5.643399999999999636e+03 2.440500808349947108e-15 1.383000000000000010e-34
5.668899999999999636e+03 2.176085848629663197e-15 4.734000000000000400e-34
5.694500000000000000e+03 1.935977357256337469e-15 4.550000000000000323e-34
5.720100000000000364e+03 1.667292342285912511e-15 1.143000000000000104e-34
5.745699999999999818e+03 1.417001411469942203e-15 5.011000000000000326e-34
5.771199999999999818e+03 1.185433030596898766e-15 5.029000000000000325e-34
5.796800000000000182e+03 1.107586638728939516e-15 4.553000000000000180e-34
5.822399999999999636e+03 1.245542269887348401e-15 4.690999999999999597e-34
5.847899999999999636e+03 1.418643740412304099e-15 1.065999999999999993e-34
5.873500000000000000e+03 1.638715818688813479e-15 4.652999999999999981e-34
5.899100000000000364e+03 1.812802686579186432e-15 4.323000000000000297e-34
5.924699999999999818e+03 2.036159422740419997e-15 6.138999999999999648e-34
5.950199999999999818e+03 2.062765151606684716e-15 5.612999999999999603e-34
5.975800000000000182e+03 2.144553132936312594e-15 1.916000000000000006e-34
6.001399999999999636e+03 2.172472724956466593e-15 3.920000000000000384e-34
6.026899999999999636e+03 2.095611730453924598e-15 4.420999999999999623e-34
6.052500000000000000e+03 1.944517467756619562e-15 1.136999999999999962e-34
6.078100000000000364e+03 1.895904531062704379e-15 3.541000000000000182e-34
6.103699999999999818e+03 1.887692886350894310e-15 3.706000000000000024e-34
6.129199999999999818e+03 1.924481054659803214e-15 3.623999999999999794e-34
6.154800000000000182e+03 2.039115614836671370e-15 7.912999999999999715e-35
6.180399999999999636e+03 2.286778819344862724e-15 4.453999999999999762e-34
6.205899999999999636e+03 2.418493600522295854e-15 7.691999999999999617e-35
6.231500000000000000e+03 2.406668832137289181e-15 7.239000000000000017e-35
6.257100000000000364e+03 2.309114492960986001e-15 3.721000000000000165e-34
6.282600000000000364e+03 2.237508951074002309e-15 8.021999999999999942e-35
6.308199999999999818e+03 2.119918198800882387e-15 2.882000000000000198e-34
6.333800000000000182e+03 2.141596940840061222e-15 3.168999999999999933e-34
6.359399999999999636e+03 2.181341301245221499e-15 2.784999999999999827e-34
6.384899999999999636e+03 2.397800255848534669e-15 3.011000000000000043e-34
6.410500000000000000e+03 2.691120204954389834e-15 3.692999999999999930e-34
6.436100000000000364e+03 2.915790804269512679e-15 6.327000000000000461e-35
6.461600000000000364e+03 3.099731645814057597e-15 2.442000000000000050e-34
6.487199999999999818e+03 3.229147166472183798e-15 6.660999999999999598e-35
6.512800000000000182e+03 3.310935147801812071e-15 2.433000000000000051e-34
6.538399999999999636e+03 3.356920358187948695e-15 2.440999999999999813e-34
6.563899999999999636e+03 3.458744752614392921e-15 4.723999999999999843e-35
6.589500000000000000e+03 3.465314068383840898e-15 6.101000000000000245e-35
6.615100000000000364e+03 3.145059924623249384e-15 9.726000000000000491e-35
6.640600000000000364e+03 3.010060485561092068e-15 5.994999999999999662e-35
6.666199999999999818e+03 2.646120391933670466e-15 4.565999999999999739e-35
6.691800000000000182e+03 2.267727803613463632e-15 4.419999999999999813e-35
6.717399999999999636e+03 1.970137799257467025e-15 3.136999999999999817e-35
6.742899999999999636e+03 1.777328381424167201e-15 4.039000000000000206e-35
6.768500000000000000e+03 1.727073115787889728e-15 3.384000000000000209e-35
6.794100000000000364e+03 1.625248721361444910e-15 3.472999999999999963e-35
6.819600000000000364e+03 1.514227284857773162e-15 3.436999999999999967e-35
6.845199999999999818e+03 1.482037637587477919e-15 3.760999999999999936e-35
6.870800000000000182e+03 1.419957603566193773e-15 4.813000000000000131e-35
6.896300000000000182e+03 1.333571101197952035e-15 3.796999999999999932e-35
6.921899999999999636e+03 1.292512877638901886e-15 1.592000000000000037e-34
6.947500000000000000e+03 1.291199014485012409e-15 2.857999999999999844e-35
6.973100000000000364e+03 1.349994390621572370e-15 1.542999999999999947e-34
6.998600000000000364e+03 1.393351874699929251e-15 1.909000000000000054e-35
7.024199999999999818e+03 1.507657969088324988e-15 1.577999999999999920e-34
7.049800000000000182e+03 1.568424139955719460e-15 1.524999999999999949e-34
7.075300000000000182e+03 1.619007871380469352e-15 1.777999999999999948e-34
7.100899999999999636e+03 1.690284947478980823e-15 3.105000000000000236e-35
7.126500000000000000e+03 1.728386978941779205e-15 4.169999999999999778e-35
7.152100000000000364e+03 1.708350565844962857e-15 4.361999999999999937e-35
7.177600000000000364e+03 1.674847055420777743e-15 4.082999999999999964e-35
7.203199999999999818e+03 1.696197331671483765e-15 1.974000000000000095e-34
7.228800000000000182e+03 1.832182168099058337e-15 1.889000000000000009e-34
7.254300000000000182e+03 2.030247038547916858e-15 1.782000000000000043e-34
7.279899999999999636e+03 2.108421896204348527e-15 3.782999999999999815e-35
7.305500000000000000e+03 2.384333158521166298e-15 2.289999999999999875e-34
7.331100000000000364e+03 2.703273439127868137e-15 2.775999999999999828e-34
7.356600000000000364e+03 2.891155870134082472e-15 1.775000000000000091e-34
7.382199999999999818e+03 2.864221675479345335e-15 5.125999999999999626e-35
7.407800000000000182e+03 2.740718539013722273e-15 4.055999999999999967e-35
7.433300000000000182e+03 2.573857918469741937e-15 3.798000000000000170e-35
7.458899999999999636e+03 2.418822066310768273e-15 3.366000000000000211e-35
7.484500000000000000e+03 2.337691016558085231e-15 2.681999999999999742e-35
7.510000000000000000e+03 2.356085100712539487e-15 3.598999999999999951e-35
7.535600000000000364e+03 2.380391569059497275e-15 4.921000000000000121e-35
7.561199999999999818e+03 2.330793235000164836e-15 4.853000000000000009e-35
7.586800000000000182e+03 2.176085848629663197e-15 5.561000000000000297e-35
7.612300000000000182e+03 1.856817102234488544e-15 3.890999999999999804e-35
7.637899999999999636e+03 1.478096048125809094e-15 3.397999999999999792e-35
7.663500000000000000e+03 1.340797348544345046e-15 1.784000000000000090e-34
7.689000000000000000e+03 1.445577935067041236e-15 2.320000000000000157e-34
7.714600000000000364e+03 1.610139295091714446e-15 5.144999999999999862e-35
7.740199999999999818e+03 1.740211747326785681e-15 2.140000000000000175e-34
7.765800000000000182e+03 1.940575878294950934e-15 1.956999999999999907e-34
7.791300000000000182e+03 2.241122074747198913e-15 1.917000000000000030e-34
7.816899999999999636e+03 2.556449231680704937e-15 2.017999999999999854e-34
7.842500000000000000e+03 2.773893583649434969e-15 2.087999999999999799e-34
7.868000000000000000e+03 2.911192283230898820e-15 2.035999999999999852e-34
7.893600000000000364e+03 2.991009469829692582e-15 2.431000000000000004e-34
7.919199999999999818e+03 3.000206511906919906e-15 1.755000000000000045e-34
7.944699999999999818e+03 2.940754204193414911e-15 2.224999999999999834e-34
7.970300000000000182e+03 2.791959202015417200e-15 5.053000000000000465e-35
7.995899999999999636e+03 2.508493226563733802e-15 4.109000000000000259e-35
8.021500000000000000e+03 2.162947217090766849e-15 2.853000000000000260e-35
8.047000000000000000e+03 1.873897323235053520e-15 3.390999999999999734e-35
8.072600000000000364e+03 1.702438181652459521e-15 2.821999999999999848e-35
8.098199999999999818e+03 1.612438555611021573e-15 3.204000000000000227e-35
8.123699999999999818e+03 1.524738190088890161e-15 3.314999999999999860e-35
8.149300000000000182e+03 1.487950021779980862e-15 1.605999999999999941e-34
8.174899999999999636e+03 1.393023408911456833e-15 4.534000000000000158e-35
8.200500000000000000e+03 1.373315461603112706e-15 2.631000000000000032e-34
8.226000000000000000e+03 1.417001411469942203e-15 2.570999999999999896e-34
8.251600000000000364e+03 1.436709358778286330e-15 1.878999999999999986e-34
8.277200000000000728e+03 1.465285882375385363e-15 4.828000000000000486e-35
8.302700000000000728e+03 1.393680340488401670e-15 5.552000000000000298e-35
8.328299999999999272e+03 1.206783306847604985e-15 2.829999999999999823e-34
8.353899999999999636e+03 1.031054110014869742e-15 3.045999999999999802e-34
8.379500000000000000e+03 9.085363709146639364e-16 2.739999999999999832e-34
8.405000000000000000e+03 8.976969998950747162e-16 1.070999999999999897e-34
8.430600000000000364e+03 9.903243522442920122e-16 4.793000000000000193e-35
8.456200000000000728e+03 1.130579243922007630e-15 2.219000000000000119e-34
8.481700000000000728e+03 1.279374246100005933e-15 1.936999999999999861e-34
8.507299999999999272e+03 1.440322482451482737e-15 1.795999999999999946e-34
8.532899999999999636e+03 1.687328755382729254e-15 1.847000000000000084e-34
8.558399999999999636e+03 2.050283451644733206e-15 3.489000000000000021e-35
8.584000000000000000e+03 2.296961258787507304e-15 2.078999999999999800e-34
8.609600000000000364e+03 2.494369197659420593e-15 3.364000000000000057e-34
8.635200000000000728e+03 2.586668084220165471e-15 2.982999999999999808e-34
8.660700000000000728e+03 2.682251628665634534e-15 2.873000000000000199e-34
8.686299999999999272e+03 2.765681938937624899e-15 1.960000000000000192e-34
8.711899999999999636e+03 2.821521122977932896e-15 2.318000000000000110e-34
8.737399999999999636e+03 2.845827591324891080e-15 2.813999999999999872e-34
8.763000000000000000e+03 2.800170846727227269e-15 5.825999999999999725e-34
8.788600000000000364e+03 2.674368449742296883e-15 9.192000000000000257e-34
8.814200000000000728e+03 2.536084352795415776e-15 1.838000000000000085e-34
8.839700000000000728e+03 2.375136116443938579e-15 1.526999999999999996e-34
8.865299999999999272e+03 2.158020230263681360e-15 2.302999999999999969e-34
8.890899999999999636e+03 1.993130404450535535e-15 1.044999999999999923e-34
8.916399999999999636e+03 1.916269409947993145e-15 8.032000000000000179e-35
8.942000000000000000e+03 1.847620060157261220e-15 8.682999999999999760e-35
8.967600000000000364e+03 1.707693634268018020e-15 8.361000000000000266e-35
8.993200000000000728e+03 1.549701590012792589e-15 8.660999999999999881e-35
9.018700000000000728e+03 1.424556124604807435e-15 1.520000000000000044e-34
9.044299999999999272e+03 1.345395869582958511e-15 3.553000000000000039e-34
9.069899999999999636e+03 1.375614722122419636e-15 3.863999999999999914e-34
9.095399999999999636e+03 1.411745958854383704e-15 4.705999999999999738e-34
9.121000000000000000e+03 1.400906587834794484e-15 1.049000000000000018e-34
9.146600000000000364e+03 1.456088840298158038e-15 5.822999999999999868e-34
9.172100000000000364e+03 1.559884029455436973e-15 4.780999999999999588e-34
9.197700000000000728e+03 1.688971084325090952e-15 1.217999999999999954e-34
9.223299999999999272e+03 1.896232996851176797e-15 5.926999999999999763e-34
