3.776699999999999818e+03 1.186352139091309988e-15 4.396999999999999910e-33
3.802300000000000182e+03 1.160082162583530819e-15 5.276000000000000139e-33
3.827900000000000091e+03 9.558068252590394627e-16 3.466000000000000332e-33
3.853400000000000091e+03 8.478897617650823911e-16 3.415999999999999748e-33
3.879000000000000000e+03 7.458571730088679119e-16 3.058999999999999982e-33
3.904599999999999909e+03 9.265946113823888983e-16 2.787000000000000046e-33
3.930099999999999909e+03 1.160082162583530819e-15 2.759999999999999963e-33
3.955699999999999818e+03 1.554131810200219151e-15 2.371999999999999848e-33
3.981300000000000182e+03 1.940825864394729490e-15 1.928000000000000119e-33
4.006800000000000182e+03 2.181458849205987007e-15 1.152999999999999956e-32
4.032400000000000091e+03 2.202474830412210973e-15 1.862999999999999907e-33
4.058000000000000000e+03 2.139426886793540651e-15 1.739999999999999947e-33
4.083599999999999909e+03 1.821034771519256035e-15 1.669000000000000020e-33
4.109100000000000364e+03 1.504744254365594210e-15 1.291000000000000057e-33
4.134699999999999818e+03 1.383902362429809754e-15 1.301999999999999932e-33
4.160300000000000182e+03 1.368140376525142370e-15 1.108999999999999941e-33
4.185800000000000182e+03 1.501591857184660812e-15 1.281999999999999972e-33
4.211399999999999636e+03 1.474271081616570247e-15 1.167000000000000030e-33
4.237000000000000000e+03 1.359733984042652784e-15 8.923000000000000521e-34
4.262600000000000364e+03 1.473220282556259049e-15 6.732000000000000208e-34
4.288100000000000364e+03 1.486880670340304430e-15 5.288000000000000252e-33
4.313699999999999818e+03 1.559385805501775143e-15 8.586000000000000030e-34
4.339300000000000182e+03 1.723310458910317548e-15 2.047000000000000155e-33
4.364800000000000182e+03 1.777952010046498283e-15 8.032000000000000179e-34
4.390399999999999636e+03 1.655008519990091431e-15 3.343999999999999755e-33
4.416000000000000000e+03 1.492134665641860224e-15 2.649999999999999840e-33
4.441600000000000364e+03 1.213672914659400553e-15 3.917000000000000184e-33
4.467100000000000364e+03 1.191606134392865980e-15 5.280000000000000063e-34
4.492699999999999818e+03 1.216825311840333951e-15 4.497999999999999948e-34
4.518300000000000182e+03 1.502642656244972010e-15 5.525000000000000087e-34
4.543800000000000182e+03 1.720158061729383953e-15 3.960999999999999686e-33
4.569399999999999636e+03 1.961841845600953062e-15 6.040000000000000085e-34
4.595000000000000000e+03 2.223490811618434151e-15 2.962000000000000039e-33
4.620500000000000000e+03 2.263421175910258505e-15 3.257000000000000134e-33
4.646100000000000364e+03 2.333824712951106624e-15 3.297000000000000054e-33
4.671699999999999818e+03 2.276030764633992490e-15 2.902999999999999883e-33
4.697300000000000182e+03 2.062718555390825341e-15 2.476999999999999981e-33
4.722800000000000182e+03 1.697040482402538378e-15 1.872000000000000162e-33
4.748399999999999636e+03 1.366038778404519974e-15 2.215000000000000025e-33
4.774000000000000000e+03 1.243095288348113318e-15 2.335999999999999852e-33
4.799500000000000000e+03 1.043653626701053356e-15 1.970999999999999896e-33
4.825100000000000364e+03 1.018434449253585188e-15 1.889999999999999989e-33
4.850699999999999818e+03 1.102288214266416685e-15 1.636999999999999947e-33
4.876300000000000182e+03 1.264111269554336496e-15 1.719999999999999987e-33
4.901800000000000182e+03 1.333464007534873614e-15 1.402000000000000074e-33
4.927399999999999636e+03 1.245196886468735517e-15 1.445999999999999918e-33
4.953000000000000000e+03 1.546776216778041157e-15 1.932000000000000042e-33
4.978500000000000000e+03 1.765342421322764298e-15 1.445000000000000023e-33
5.004100000000000364e+03 1.852558743328591196e-15 1.691000000000000113e-33
5.029699999999999818e+03 1.846253948966724400e-15 1.520999999999999939e-33
5.055300000000000182e+03 1.593011375431732504e-15 1.473000000000000001e-33
5.080800000000000182e+03 1.302990834785849848e-15 1.526999999999999996e-33
5.106399999999999636e+03 1.195809330634110576e-15 1.069000000000000021e-33
5.132000000000000000e+03 1.246247685529046716e-15 8.120000000000000550e-34
5.157500000000000000e+03 1.351327591560163591e-15 1.235999999999999995e-33
5.183100000000000364e+03 1.591960576371421305e-15 1.165000000000000069e-33
5.208699999999999818e+03 1.769545617564008894e-15 1.162999999999999936e-33
5.234199999999999818e+03 1.814729977157389239e-15 1.278999999999999944e-33
5.259800000000000182e+03 1.928216275670995504e-15 1.129999999999999967e-33
5.285399999999999636e+03 2.063769354451136343e-15 1.029999999999999996e-33
5.311000000000000000e+03 2.185662045447231800e-15 6.815999999999999630e-34
5.336500000000000000e+03 2.242405194704034932e-15 1.142000000000000080e-33
5.362100000000000364e+03 2.242405194704034932e-15 1.064000000000000031e-33
5.387699999999999818e+03 2.128918896190429062e-15 9.860999999999999195e-34
5.413199999999999818e+03 1.980756228686553843e-15 8.298999999999999440e-34
5.438800000000000182e+03 1.826288766820812224e-15 9.608999999999999219e-34
5.464399999999999636e+03 1.711751669246894760e-15 1.021999999999999978e-33
5.490000000000000000e+03 1.560436604562086341e-15 7.868000000000000574e-34
5.515500000000000000e+03 1.491083866581549026e-15 8.713000000000000256e-34
5.541100000000000364e+03 1.477423478797503842e-15 9.324000000000000815e-34
5.566699999999999818e+03 1.508947450606839003e-15 1.002000000000000018e-33
5.592199999999999818e+03 1.418578731420078510e-15 1.082000000000000029e-33
5.617800000000000182e+03 1.201063325935666370e-15 1.774999999999999877e-33
5.643399999999999636e+03 9.897476349070903210e-16 6.332000000000000152e-34
5.668899999999999636e+03 8.831966101915376495e-16 7.582000000000000222e-34
5.694500000000000000e+03 7.925126512866838559e-16 5.781000000000000157e-34
5.720100000000000364e+03 6.943680190536205738e-16 6.714999999999999592e-34
5.745699999999999818e+03 5.137356605861306875e-16 5.677999999999999645e-34
5.771199999999999818e+03 4.416508450487844241e-16 5.525000000000000087e-34
5.796800000000000182e+03 4.100217933334182120e-16 4.472999999999999998e-34
5.822399999999999636e+03 5.328602034837938661e-16 5.558000000000000226e-34
5.847899999999999636e+03 5.937014690758105933e-16 5.083000000000000319e-34
5.873500000000000000e+03 6.844905078866955856e-16 5.933999999999999715e-34
5.899100000000000364e+03 8.381173305041885029e-16 5.815999999999999916e-34
5.924699999999999818e+03 9.545458663866660641e-16 5.592999999999999985e-34
5.950199999999999818e+03 9.898527148131212239e-16 4.931000000000000144e-34
5.975800000000000182e+03 9.468750332463945727e-16 4.754000000000000018e-34
6.001399999999999636e+03 9.218660156109888016e-16 3.825000000000000060e-34
6.026899999999999636e+03 8.458932435504911932e-16 4.251999999999999686e-34
6.052500000000000000e+03 8.308668169880415105e-16 4.269999999999999685e-34
6.078100000000000364e+03 8.131083128687827319e-16 5.066999999999999941e-34
6.103699999999999818e+03 8.255077417804545173e-16 3.643999999999999840e-34
6.129199999999999818e+03 9.041075114917301217e-16 4.427999999999999575e-34
6.154800000000000182e+03 1.013705853482185091e-15 3.988999999999999664e-34
6.180399999999999636e+03 1.120151798291706268e-15 4.381000000000000387e-34
6.205899999999999636e+03 1.144320176678863238e-15 3.948999999999999573e-34
6.231500000000000000e+03 1.188453737211932385e-15 5.032000000000000182e-34
6.257100000000000364e+03 1.226282503383134539e-15 4.867000000000000340e-34
6.282600000000000364e+03 1.245196886468735517e-15 3.042999999999999945e-34
6.308199999999999818e+03 1.224180905262512142e-15 3.909999999999999719e-34
6.333800000000000182e+03 1.164285358824775612e-15 3.862999999999999676e-34
6.359399999999999636e+03 1.189504536272243583e-15 3.503000000000000139e-34
6.384899999999999636e+03 1.250450881770291312e-15 3.913999999999999814e-34
6.410500000000000000e+03 1.339768801896740804e-15 3.370000000000000199e-34
6.436100000000000364e+03 1.445899506988168878e-15 4.104999999999999843e-34
6.461600000000000364e+03 1.549928613958974555e-15 3.849000000000000200e-34
6.487199999999999818e+03 1.582503384828620915e-15 3.744000000000000068e-34
6.512800000000000182e+03 1.590909777311110107e-15 4.640000000000000314e-34
6.538399999999999636e+03 1.611925758517333679e-15 5.842000000000000104e-34
6.563899999999999636e+03 1.576198590466753725e-15 7.233000000000000303e-34
6.589500000000000000e+03 1.524709436511506387e-15 1.649000000000000103e-34
6.615100000000000364e+03 1.460610693832525063e-15 1.647000000000000056e-34
6.640600000000000364e+03 1.285127250760559871e-15 9.883999999999999525e-35
6.666199999999999818e+03 1.066561046215836730e-15 4.469000000000000224e-35
6.691800000000000182e+03 8.612349098310343733e-16 3.269000000000000161e-34
6.717399999999999636e+03 7.072928474954480570e-16 3.191999999999999836e-34
6.742899999999999636e+03 6.195511259594653624e-16 2.520999999999999995e-34
6.768500000000000000e+03 5.510390272271771438e-16 3.886000000000000221e-35
6.794100000000000364e+03 5.115289825594771907e-16 2.664000000000000172e-34
6.819600000000000364e+03 4.914587205075338152e-16 2.981000000000000189e-34
6.845199999999999818e+03 4.869402845481958201e-16 2.970000000000000142e-34
6.870800000000000182e+03 4.784288121596753305e-16 2.649999999999999840e-34
6.896300000000000182e+03 4.603550683223232516e-16 2.804999999999999873e-34
6.921899999999999636e+03 4.649785841876923468e-16 2.476000000000000000e-34
6.947500000000000000e+03 4.913536406015028137e-16 2.999000000000000187e-34
6.973100000000000364e+03 5.153118591765973864e-16 2.802000000000000016e-34
6.998600000000000364e+03 5.488323492005237456e-16 2.793999999999999827e-34
7.024199999999999818e+03 5.786750425133608120e-16 2.179999999999999838e-34
7.049800000000000182e+03 6.171342881207496654e-16 2.266999999999999972e-34
7.075300000000000182e+03 6.439296641586845327e-16 2.280000000000000066e-34
7.100899999999999636e+03 6.533868557014850220e-16 2.584999999999999799e-34
7.126500000000000000e+03 6.631592869623789101e-16 2.748999999999999831e-34
7.152100000000000364e+03 6.801822317394197907e-16 2.480999999999999904e-34
7.177600000000000364e+03 7.246310319905823365e-16 2.291000000000000112e-34
7.203199999999999818e+03 7.764354256639229749e-16 3.015999999999999948e-34
7.228800000000000182e+03 8.742648181788927594e-16 3.341000000000000154e-34
7.254300000000000182e+03 9.831276008271300278e-16 3.595000000000000177e-34
7.279899999999999636e+03 1.107542209567972282e-15 2.849000000000000059e-34
7.305500000000000000e+03 1.276720858278070679e-15 3.418999999999999862e-34
7.331100000000000364e+03 1.415426334239144915e-15 2.712999999999999834e-34
7.356600000000000364e+03 1.473220282556259049e-15 2.705000000000000073e-34
7.382199999999999818e+03 1.410172338937588923e-15 2.835000000000000155e-34
7.407800000000000182e+03 1.310346428208028039e-15 3.879999999999999865e-35
7.433300000000000182e+03 1.171640952246953606e-15 4.217999999999999951e-35
7.458899999999999636e+03 1.061307050914280936e-15 3.006000000000000139e-34
7.484500000000000000e+03 1.001306424570513108e-15 2.936000000000000193e-34
7.510000000000000000e+03 9.468750332463945727e-16 2.246000000000000117e-34
7.535600000000000364e+03 9.094665866993168190e-16 2.417000000000000100e-34
7.561199999999999818e+03 8.448424444901800934e-16 2.810999999999999908e-35
7.586800000000000182e+03 7.509010084983615061e-16 2.485999999999999809e-34
7.612300000000000182e+03 6.600068897814454137e-16 3.516000000000000019e-35
7.637899999999999636e+03 6.032637405246422812e-16 3.665999999999999933e-34
7.663500000000000000e+03 6.228086030464300575e-16 3.267999999999999924e-34
7.689000000000000000e+03 6.693590014182148028e-16 3.634000000000000031e-34
7.714600000000000364e+03 7.236853128363022383e-16 3.539999999999999945e-34
7.740199999999999818e+03 8.154200708014673288e-16 2.855000000000000201e-34
7.765800000000000182e+03 9.787142447738228370e-16 2.458000000000000001e-34
7.791300000000000182e+03 1.154828167281974827e-15 2.822999999999999871e-34
7.816899999999999636e+03 1.287228848881182268e-15 2.851000000000000106e-34
7.842500000000000000e+03 1.362886381223586379e-15 2.692999999999999789e-34
7.868000000000000000e+03 1.308244830087405643e-15 2.788000000000000112e-34
7.893600000000000364e+03 1.219977709021267349e-15 3.463999999999999857e-34
7.919199999999999818e+03 1.161132961643842017e-15 3.452000000000000001e-34
7.944699999999999818e+03 1.088627826482371304e-15 3.670000000000000028e-34
7.970300000000000182e+03 9.992048264498907116e-16 3.544000000000000040e-34
7.995899999999999636e+03 8.382224104102197017e-16 2.637999999999999984e-34
8.021500000000000000e+03 6.963645372682118704e-16 3.042999999999999945e-35
8.047000000000000000e+03 6.014773821221132835e-16 2.821999999999999848e-35
8.072600000000000364e+03 5.509339473211459451e-16 1.735000000000000000e-34
8.098199999999999818e+03 5.305484455511092692e-16 2.206999999999999835e-34
8.123699999999999818e+03 5.077461059423569950e-16 2.129999999999999938e-34
8.149300000000000182e+03 4.803202504682354284e-16 2.065999999999999920e-35
8.174899999999999636e+03 4.601449085102609528e-16 1.837000000000000061e-34
8.200500000000000000e+03 4.942958779703740113e-16 2.181999999999999885e-34
8.226000000000000000e+03 5.404259567180343561e-16 2.325999999999999872e-34
8.251600000000000364e+03 5.604962187699777316e-16 2.862000000000000153e-34
8.277200000000000728e+03 5.678518121921558241e-16 3.359000000000000152e-34
8.302700000000000728e+03 5.368532399129763606e-16 4.532000000000000325e-34
8.328299999999999272e+03 4.653989038118168458e-16 3.481999999999999856e-34
8.353899999999999636e+03 3.802841799266121471e-16 5.922000000000000500e-35
8.379500000000000000e+03 3.401436558227254947e-16 4.421999999999999860e-34
8.405000000000000000e+03 3.859584948522924899e-16 3.098999999999999987e-34
8.430600000000000364e+03 4.609855477585099509e-16 2.608000000000000130e-34
8.456200000000000728e+03 5.335957628260116655e-16 2.856000000000000011e-34
8.481700000000000728e+03 6.757688756861129943e-16 2.523000000000000043e-34
8.507299999999999272e+03 8.635466677637187730e-16 3.081999999999999799e-34
8.532899999999999636e+03 1.057103854673036143e-15 2.451000000000000050e-34
8.558399999999999636e+03 1.275670059217759480e-15 2.984000000000000046e-34
8.584000000000000000e+03 1.451153502289724672e-15 4.695999999999999929e-34
8.609600000000000364e+03 1.535217427114618370e-15 6.415999999999999574e-34
8.635200000000000728e+03 1.540471422416173967e-15 5.908000000000000383e-34
8.660700000000000728e+03 1.545725417717729959e-15 4.875999999999999912e-34
8.686299999999999272e+03 1.547827015838352356e-15 3.739000000000000163e-34
8.711899999999999636e+03 1.548877814898663554e-15 3.236999999999999832e-34
8.737399999999999636e+03 1.495287062822793819e-15 9.897000000000000475e-35
8.763000000000000000e+03 1.425934324842256504e-15 1.840999999999999942e-34
8.788600000000000364e+03 1.327159213173006818e-15 1.556000000000000041e-33
8.814200000000000728e+03 1.196860129694421774e-15 1.257999999999999917e-33
8.839700000000000728e+03 1.063408649034903333e-15 8.289000000000000486e-34
8.865299999999999272e+03 9.395194398242163815e-16 6.250000000000000350e-34
8.890899999999999636e+03 8.343344538870683073e-16 6.429000000000000095e-35
8.916399999999999636e+03 7.484841706596458091e-16 6.049999999999999894e-35
8.942000000000000000e+03 6.810228709876687888e-16 5.898999999999999956e-34
8.967600000000000364e+03 6.173444479328118656e-16 4.938000000000000096e-34
8.993200000000000728e+03 5.924405102034371947e-16 6.033000000000000133e-35
9.018700000000000728e+03 5.472561506100569481e-16 4.068999999999999847e-34
9.044299999999999272e+03 5.384294385034430595e-16 4.391000000000000196e-34
9.069899999999999636e+03 5.229826923168688779e-16 4.075000000000000416e-34
9.095399999999999636e+03 5.318094044234826678e-16 5.125999999999999626e-35
9.121000000000000000e+03 5.755226453324274142e-16 5.353000000000000293e-34
9.146600000000000364e+03 6.271168791937057538e-16 4.791000000000000252e-34
9.172100000000000364e+03 6.504446183326137258e-16 4.096999999999999654e-34
9.197700000000000728e+03 7.062420484351368587e-16 5.005999999999999994e-34
9.223299999999999272e+03 7.909364526962170584e-16 6.336000000000000247e-34
