3.776699999999999818e+03 7.946695621619478912e-16 9.659999999999999870e-33
3.802300000000000182e+03 8.559651903155773578e-16 8.009000000000000361e-33
3.827900000000000091e+03 7.810845381917285949e-16 6.182000000000000109e-33
3.853400000000000091e+03 6.079569927152538834e-16 6.115999999999999830e-33
3.879000000000000000e+03 6.043705463871160530e-16 3.692999999999999674e-33
3.904599999999999909e+03 6.780557164015855392e-16 1.552000000000000010e-30
3.930099999999999909e+03 8.266215385399036895e-16 4.185000000000000197e-33
3.955699999999999818e+03 1.355241991269076772e-15 1.255999999999999955e-32
3.981300000000000182e+03 1.497613042476975061e-15 6.463999999999999683e-33
4.006800000000000182e+03 1.723667841341424104e-15 4.958000000000000227e-33
4.032400000000000091e+03 1.657372924366753954e-15 1.427000000000000024e-33
4.058000000000000000e+03 1.711713020247631139e-15 4.674999999999999902e-33
4.083599999999999909e+03 1.415016096738041794e-15 1.555999999999999904e-32
4.109100000000000364e+03 1.128100390487010240e-15 1.263000000000000078e-33
4.134699999999999818e+03 1.045503444748076974e-15 2.032999999999999909e-33
4.160300000000000182e+03 1.100930342546571845e-15 2.238999999999999908e-33
4.185800000000000182e+03 1.135708003910333054e-15 2.092000000000000065e-33
4.211399999999999636e+03 1.174832872944564612e-15 1.031000000000000062e-32
4.237000000000000000e+03 1.076042578633130017e-15 7.619999999999999838e-33
4.262600000000000364e+03 1.210697336225943506e-15 9.205000000000000436e-33
4.288100000000000364e+03 1.248735403342557576e-15 1.672999999999999944e-33
4.313699999999999818e+03 1.297641489635347121e-15 5.292999999999999900e-33
4.339300000000000182e+03 1.400887671809013852e-15 1.834000000000000033e-33
4.364800000000000182e+03 1.463922183030831340e-15 6.235999999999999591e-33
4.390399999999999636e+03 1.433491729337539887e-15 1.397000000000000084e-33
4.416000000000000000e+03 1.269384639777291040e-15 4.763000000000000274e-33
4.441600000000000364e+03 1.076259939016653397e-15 5.050000000000000180e-33
4.467100000000000364e+03 9.769262437464100582e-16 9.317999999999999390e-34
4.492699999999999818e+03 1.030722938668478302e-15 9.114999999999999932e-34
4.518300000000000182e+03 1.250909007177792750e-15 6.485000000000000394e-33
4.543800000000000182e+03 1.479137409877476967e-15 1.064000000000000031e-33
4.569399999999999636e+03 1.681282566554340081e-15 1.342000000000000023e-33
4.595000000000000000e+03 1.911684573089259275e-15 8.790999999999999963e-34
4.620500000000000000e+03 2.067097247308568017e-15 3.823000000000000098e-33
4.646100000000000364e+03 1.966024668970136461e-15 4.687000000000000015e-33
4.671699999999999818e+03 1.998628726498662693e-15 4.658000000000000142e-33
4.697300000000000182e+03 1.849736863785059276e-15 3.813000000000000118e-33
4.722800000000000182e+03 1.481311013712711944e-15 4.135000000000000296e-33
4.748399999999999636e+03 1.148749626921743705e-15 3.818999999999999833e-33
4.774000000000000000e+03 1.075390497482559485e-15 4.115000000000000336e-33
4.799500000000000000e+03 9.134570117575454174e-16 3.307000000000000034e-33
4.825100000000000364e+03 8.901994507205300200e-16 6.217000000000000210e-34
4.850699999999999818e+03 9.319326443570437077e-16 7.879000000000000621e-34
4.876300000000000182e+03 1.103103946381806624e-15 6.671000000000000262e-34
4.901800000000000182e+03 1.131360796239862903e-15 2.412000000000000110e-33
4.927399999999999636e+03 1.062022833895863666e-15 2.534000000000000004e-33
4.953000000000000000e+03 1.341113566340048830e-15 6.711000000000000353e-34
4.978500000000000000e+03 1.516088675076473351e-15 2.602000000000000073e-33
5.004100000000000364e+03 1.610640441909199779e-15 6.304000000000000345e-34
5.029699999999999818e+03 1.613900847662052442e-15 2.462000000000000011e-33
5.055300000000000182e+03 1.418276502490894260e-15 2.141999999999999965e-33
5.080800000000000182e+03 1.110711559805129635e-15 2.442000000000000050e-33
5.106399999999999636e+03 1.034200704804854344e-15 2.036999999999999833e-33
5.132000000000000000e+03 1.096583134876101496e-15 1.664000000000000030e-33
5.157500000000000000e+03 1.234606978413529436e-15 3.670999999999999837e-34
5.183100000000000364e+03 1.467182588783684002e-15 4.520000000000000041e-34
5.208699999999999818e+03 1.619334857250139885e-15 2.021999999999999863e-33
5.234199999999999818e+03 1.709539416412395965e-15 1.618000000000000054e-33
5.259800000000000182e+03 1.743230275858540080e-15 1.624000000000000110e-33
5.285399999999999636e+03 1.904076959665936462e-15 1.623000000000000044e-33
5.311000000000000000e+03 1.989934311157722391e-15 2.238999999999999908e-33
5.336500000000000000e+03 2.046448010873834553e-15 1.985999999999999866e-33
5.362100000000000364e+03 2.093180493331389319e-15 2.131999999999999985e-33
5.387699999999999818e+03 1.977979490063929228e-15 1.920999999999999996e-33
5.413199999999999818e+03 1.792136362151329231e-15 1.666999999999999887e-33
5.438800000000000182e+03 1.631289678343932850e-15 1.765999999999999963e-33
5.464399999999999636e+03 1.528043496170266316e-15 1.198999999999999932e-33
5.490000000000000000e+03 1.398714067973778678e-15 1.438000000000000071e-33
5.515500000000000000e+03 1.294381083882494459e-15 1.268999999999999964e-33
5.541100000000000364e+03 1.329158745246255865e-15 1.275000000000000020e-33
5.566699999999999818e+03 1.398714067973778678e-15 1.533000000000000052e-33
5.592199999999999818e+03 1.305249103058669935e-15 1.691000000000000113e-33
5.617800000000000182e+03 1.073651614414371267e-15 3.609000000000000252e-33
5.643399999999999636e+03 8.702022954363671866e-16 2.538000000000000184e-34
5.668899999999999636e+03 7.681515953720798311e-16 8.915000000000000331e-34
5.694500000000000000e+03 6.872935327013345857e-16 1.850999999999999965e-34
5.720100000000000364e+03 6.252371432053728969e-16 1.250000000000000070e-34
5.745699999999999818e+03 4.867785789008978036e-16 1.404000000000000079e-34
5.771199999999999818e+03 3.958132583963093532e-16 6.390000000000000241e-34
5.796800000000000182e+03 3.612529574160714741e-16 1.676000000000000100e-34
5.822399999999999636e+03 4.349381274305410095e-16 7.572000000000000413e-34
5.847899999999999636e+03 5.099274597461515114e-16 6.232999999999999734e-34
5.873500000000000000e+03 6.120868400022005566e-16 8.954000000000000185e-34
5.899100000000000364e+03 7.743463663024998902e-16 7.500000000000000420e-34
5.924699999999999818e+03 9.021542718143229850e-16 1.093999999999999971e-33
5.950199999999999818e+03 9.281288376453823008e-16 8.641000000000000263e-34
5.975800000000000182e+03 9.387794964380342007e-16 7.070000000000000081e-34
6.001399999999999636e+03 8.596603168354770750e-16 5.712000000000000021e-34
6.026899999999999636e+03 7.789109343564935193e-16 1.457000000000000050e-34
6.052500000000000000e+03 7.475023589373464652e-16 1.531000000000000090e-34
6.078100000000000364e+03 7.535884496760047360e-16 6.841999999999999818e-34
6.103699999999999818e+03 7.598919007981864847e-16 6.431999999999999952e-34
6.129199999999999818e+03 8.235784931705746035e-16 6.809999999999999916e-34
6.154800000000000182e+03 9.513863986823976983e-16 6.271000000000000205e-34
6.180399999999999636e+03 1.053763139321970320e-15 5.782999999999999777e-34
6.205899999999999636e+03 1.117232371310834764e-15 5.624999999999999887e-34
6.231500000000000000e+03 1.154183636509831147e-15 7.222999999999999639e-34
6.257100000000000364e+03 1.194395307461680390e-15 7.951000000000000614e-34
6.282600000000000364e+03 1.237867384166382099e-15 8.367999999999999576e-34
6.308199999999999818e+03 1.220478553484501494e-15 7.011999999999999991e-34
6.333800000000000182e+03 1.153096834592213856e-15 7.287000000000000298e-34
6.359399999999999636e+03 1.153096834592213856e-15 6.271999999999999587e-34
6.384899999999999636e+03 1.195482109379297879e-15 5.738000000000000209e-34
6.410500000000000000e+03 1.323724735658168225e-15 4.841000000000000153e-34
6.436100000000000364e+03 1.406321681397101295e-15 6.166000000000000073e-34
6.461600000000000364e+03 1.459574975360360991e-15 1.365000000000000011e-34
6.487199999999999818e+03 1.525869892335031142e-15 5.640000000000000028e-34
6.512800000000000182e+03 1.545432326852147118e-15 6.232999999999999734e-34
6.538399999999999636e+03 1.534564307675971641e-15 5.659000000000000264e-34
6.563899999999999636e+03 1.521522684664561188e-15 1.831999999999999943e-34
6.589500000000000000e+03 1.542171921099294455e-15 3.078999999999999942e-34
6.615100000000000364e+03 1.476963806042241793e-15 3.550000000000000182e-34
6.640600000000000364e+03 1.305249103058669935e-15 1.889000000000000009e-34
6.666199999999999818e+03 1.073542934222609675e-15 9.564000000000000507e-35
6.691800000000000182e+03 8.393371209760289754e-16 1.061999999999999898e-34
6.717399999999999636e+03 6.924015017141370577e-16 9.054000000000000199e-35
6.742899999999999636e+03 6.141517636456738438e-16 8.486000000000000016e-35
6.768500000000000000e+03 5.510085722320945680e-16 9.207000000000000184e-35
6.794100000000000364e+03 4.987333999946907686e-16 7.304000000000000486e-35
6.819600000000000364e+03 4.776494427929104467e-16 7.236000000000000374e-35
6.845199999999999818e+03 4.705852303283963771e-16 8.227000000000000516e-35
6.870800000000000182e+03 4.520009175371363971e-16 8.374000000000000146e-35
6.896300000000000182e+03 4.450453852643841158e-16 7.884999999999999480e-35
6.921899999999999636e+03 4.529790392629921959e-16 8.606999999999999886e-35
6.947500000000000000e+03 4.521095977288981854e-16 1.123000000000000058e-34
6.973100000000000364e+03 4.849310156409479943e-16 3.800999999999999920e-34
6.998600000000000364e+03 5.112316220472925764e-16 8.228999999999999922e-35
7.024199999999999818e+03 5.463353239863391505e-16 6.327999999999999630e-35
7.049800000000000182e+03 5.823084674594799324e-16 2.161000000000000030e-34
7.075300000000000182e+03 6.323013556698868679e-16 3.193000000000000073e-34
7.100899999999999636e+03 6.321926754781250796e-16 6.732000000000000422e-35
7.126500000000000000e+03 6.486033844341499840e-16 6.790000000000000298e-35
7.152100000000000364e+03 6.770775946757296417e-16 7.565000000000000461e-35
7.177600000000000364e+03 7.073993681772591088e-16 8.980999999999999969e-35
7.203199999999999818e+03 7.676081944132709882e-16 4.832999999999999963e-34
7.228800000000000182e+03 8.754189446409313483e-16 5.595999999999999842e-34
7.254300000000000182e+03 9.614936565162408539e-16 6.473999999999999663e-34
7.279899999999999636e+03 1.063870397155813476e-15 5.156999999999999932e-34
7.305500000000000000e+03 1.234606978413529436e-15 4.381000000000000387e-34
7.331100000000000364e+03 1.376978029621427922e-15 4.236000000000000163e-34
7.356600000000000364e+03 1.449793758101803201e-15 8.919000000000000212e-35
7.382199999999999818e+03 1.458488173442743503e-15 8.208000000000000280e-35
7.407800000000000182e+03 1.360676000857164609e-15 8.149000000000000167e-35
7.433300000000000182e+03 1.200916118967385716e-15 7.347000000000000007e-35
7.458899999999999636e+03 1.062348874471148834e-15 8.852000000000000337e-35
7.484500000000000000e+03 9.836644156356387629e-16 9.953999999999999044e-35
7.510000000000000000e+03 9.414965012320781192e-16 8.501999999999999539e-35
7.535600000000000364e+03 8.910688922546239319e-16 7.452999999999999521e-35
7.561199999999999818e+03 8.256434168140478907e-16 9.877000000000000001e-35
7.586800000000000182e+03 7.658693113450829672e-16 1.190999999999999957e-34
7.612300000000000182e+03 6.402350096684950466e-16 1.132000000000000058e-34
7.637899999999999636e+03 5.570946629707528388e-16 7.641999999999999503e-35
7.663500000000000000e+03 5.698102454068781246e-16 6.772999999999999682e-34
7.689000000000000000e+03 6.142604438374356321e-16 6.639000000000000360e-34
7.714600000000000364e+03 6.903365780706637704e-16 5.689999999999999928e-34
7.740199999999999818e+03 7.913004762173335388e-16 4.381000000000000387e-34
7.765800000000000182e+03 9.396489379721283099e-16 4.270999999999999922e-34
7.791300000000000182e+03 1.145489221168891042e-15 4.298000000000000347e-34
7.816899999999999636e+03 1.295467885800112144e-15 5.731000000000000257e-34
7.842500000000000000e+03 1.336766358669578679e-15 8.739000000000000229e-35
7.868000000000000000e+03 1.321551131822933051e-15 1.299999999999999970e-34
7.893600000000000364e+03 1.223738959237354157e-15 1.176000000000000030e-34
7.919199999999999818e+03 1.110711559805129635e-15 1.118999999999999964e-34
7.944699999999999818e+03 1.030722938668478302e-15 1.112000000000000012e-34
7.970300000000000182e+03 9.464957900531188029e-16 1.180999999999999934e-34
7.995899999999999636e+03 8.189052449248191860e-16 1.017999999999999926e-34
8.021500000000000000e+03 6.876195732766198520e-16 9.140999999999999478e-35
8.047000000000000000e+03 5.948066895120816416e-16 9.780000000000000486e-35
8.072600000000000364e+03 5.461179636028156726e-16 4.244000000000000352e-34
8.098199999999999818e+03 5.130791853072423857e-16 6.751999999999999826e-35
8.123699999999999818e+03 4.890608629278946675e-16 5.913000000000000501e-35
8.149300000000000182e+03 4.756931993411988491e-16 7.362999999999999530e-35
8.174899999999999636e+03 4.625428961380266074e-16 5.886000000000000504e-35
8.200500000000000000e+03 4.661293424661644377e-16 3.609000000000000081e-34
8.226000000000000000e+03 4.931907102148413407e-16 4.673999999999999836e-34
8.251600000000000364e+03 5.318808584820258437e-16 6.442999999999999999e-34
8.277200000000000728e+03 5.475308060957185259e-16 1.507999999999999974e-34
8.302700000000000728e+03 5.272076102362704263e-16 1.970999999999999811e-34
8.328299999999999272e+03 4.647164999732616829e-16 2.721999999999999833e-34
8.353899999999999636e+03 3.854886401789427196e-16 8.325000000000000483e-34
8.379500000000000000e+03 3.453856494188553632e-16 8.057999999999999511e-34
8.405000000000000000e+03 3.534279836092251823e-16 5.746999999999999780e-34
8.430600000000000364e+03 4.273305140072181463e-16 5.738999999999999591e-34
8.456200000000000728e+03 5.457919230275304063e-16 4.824999999999999774e-34
8.481700000000000728e+03 6.751213512240181428e-16 4.969999999999999998e-34
8.507299999999999272e+03 8.709630567786994088e-16 4.333000000000000106e-34
8.532899999999999636e+03 1.118319173228452449e-15 4.855000000000000056e-34
8.558399999999999636e+03 1.365023208527634957e-15 4.082999999999999750e-34
8.584000000000000000e+03 1.518262278911708525e-15 8.239000000000000586e-34
8.609600000000000364e+03 1.620421659167757570e-15 1.175000000000000049e-33
8.635200000000000728e+03 1.657372924366753954e-15 2.806999999999999920e-34
8.660700000000000728e+03 1.641070895602491035e-15 2.471999999999999905e-34
8.686299999999999272e+03 1.637810489849638372e-15 1.891000000000000056e-34
8.711899999999999636e+03 1.647591707108196163e-15 1.387000000000000104e-34
8.737399999999999636e+03 1.628029272591080384e-15 3.744000000000000068e-34
8.763000000000000000e+03 1.545432326852147118e-15 7.949000000000000139e-34
8.788600000000000364e+03 1.403061275644248829e-15 7.810999999999999867e-34
8.814200000000000728e+03 1.256343016765880587e-15 6.650999999999999789e-34
8.839700000000000728e+03 1.136794805827950740e-15 5.072999999999999655e-34
8.865299999999999272e+03 9.927935517436260211e-16 4.575000000000000273e-34
8.890899999999999636e+03 8.545523478226745044e-16 2.271999999999999877e-34
8.916399999999999636e+03 7.709772803578854392e-16 1.781000000000000019e-34
8.942000000000000000e+03 7.059865256843563540e-16 1.678999999999999957e-34
8.967600000000000364e+03 6.359964821897865851e-16 1.387000000000000104e-34
8.993200000000000728e+03 5.831779089935739429e-16 1.830999999999999919e-34
9.018700000000000728e+03 5.405752738229661460e-16 1.544999999999999994e-34
9.044299999999999272e+03 4.987333999946907686e-16 1.117999999999999940e-34
9.069899999999999636e+03 4.808011683540013211e-16 1.143999999999999914e-34
9.095399999999999636e+03 5.013417245969728987e-16 1.253999999999999951e-34
9.121000000000000000e+03 5.450311616851980855e-16 1.580999999999999991e-34
9.146600000000000364e+03 5.792654220901507477e-16 2.048999999999999946e-34
9.172100000000000364e+03 5.810043051583388673e-16 1.967999999999999953e-34
9.197700000000000728e+03 6.184989713161440936e-16 9.441999999999999758e-34
9.223299999999999272e+03 7.039216020408829681e-16 2.035000000000000042e-34
