3.776699999999999818e+03 9.716827589553907248e-16 1.262000000000000080e-32
3.802300000000000182e+03 8.475274255617026473e-16 1.185999999999999958e-32
3.827900000000000091e+03 8.076787676580998212e-16 8.944000000000000205e-33
3.853400000000000091e+03 6.979462694011635704e-16 6.361000000000000368e-33
3.879000000000000000e+03 5.452426437780287981e-16 5.764999999999999779e-33
3.904599999999999909e+03 7.566784331023693430e-16 4.839999999999999915e-33
3.930099999999999909e+03 8.209120906186247022e-16 5.076999999999999921e-33
3.955699999999999818e+03 1.188768731116809138e-15 3.984999999999999912e-33
3.981300000000000182e+03 1.432767416265362553e-15 4.334999999999999897e-33
4.006800000000000182e+03 1.611788998787518904e-15 3.209999999999999749e-33
4.032400000000000091e+03 1.608815218346951491e-15 3.073999999999999952e-33
4.058000000000000000e+03 1.571642962839859120e-15 3.479999999999999894e-33
4.083599999999999909e+03 1.282145436950625010e-15 2.706999999999999863e-33
4.109100000000000364e+03 1.098217116701532595e-15 2.246000000000000031e-33
4.134699999999999818e+03 9.930939781274757459e-16 2.009000000000000026e-33
4.160300000000000182e+03 1.082010013300440399e-15 1.523999999999999968e-33
4.185800000000000182e+03 1.064018641635007834e-15 1.227000000000000082e-33
4.211399999999999636e+03 1.086768062005348182e-15 1.199999999999999999e-33
4.237000000000000000e+03 1.053759099115050268e-15 1.198999999999999932e-33
4.262600000000000364e+03 1.152934676807972488e-15 1.209999999999999979e-33
4.288100000000000364e+03 1.208098303980497226e-15 1.456000000000000069e-33
4.313699999999999818e+03 1.258949949514199423e-15 9.878000000000000666e-34
4.339300000000000182e+03 1.326306076493050576e-15 9.483999999999999469e-34
4.364800000000000182e+03 1.459828818274525837e-15 1.312999999999999978e-33
4.390399999999999636e+03 1.376414276916610771e-15 1.000999999999999951e-33
4.416000000000000000e+03 1.210626017354979399e-15 1.013999999999999960e-33
4.441600000000000364e+03 1.048852361388114204e-15 9.663999999999999452e-34
4.467100000000000364e+03 9.403093753074048985e-16 8.225000000000000683e-34
4.492699999999999818e+03 1.042607422462922616e-15 9.599000000000000266e-34
4.518300000000000182e+03 1.155611079204482943e-15 9.968999999999999185e-34
4.543800000000000182e+03 1.323480985074511444e-15 9.419999999999999665e-34
4.569399999999999636e+03 1.553800280196454837e-15 6.718999999999999687e-34
4.595000000000000000e+03 1.748582899053618143e-15 7.659999999999999929e-34
4.620500000000000000e+03 1.782781374120143101e-15 2.691000000000000169e-33
4.646100000000000364e+03 1.787242044780993925e-15 3.283999999999999875e-33
4.671699999999999818e+03 1.770886252357873448e-15 7.029999999999999990e-34
4.697300000000000182e+03 1.534470707332766946e-15 2.479999999999999838e-33
4.722800000000000182e+03 1.289728577074071727e-15 4.626000000000000411e-34
4.748399999999999636e+03 1.036065105493674464e-15 5.883999999999999815e-34
4.774000000000000000e+03 9.301985218094758115e-16 4.913000000000000146e-34
4.799500000000000000e+03 8.537723644868942351e-16 5.220000000000000354e-34
4.825100000000000364e+03 7.392818175250501031e-16 4.293000000000000015e-34
4.850699999999999818e+03 8.380113281518870824e-16 3.858999999999999582e-34
4.876300000000000182e+03 1.014505197299560964e-15 3.600000000000000082e-34
4.901800000000000182e+03 1.014356508277532682e-15 3.380000000000000008e-34
4.927399999999999636e+03 9.957703805239863982e-16 1.616999999999999987e-33
4.953000000000000000e+03 1.174643274024114270e-15 3.874999999999999960e-34
4.978500000000000000e+03 1.368236380705050532e-15 3.198999999999999788e-34
5.004100000000000364e+03 1.445852050203859054e-15 5.187000000000000214e-34
5.029699999999999818e+03 1.486592842239632163e-15 4.138999999999999878e-33
5.055300000000000182e+03 1.255678791029575248e-15 2.970999999999999952e-34
5.080800000000000182e+03 1.032645257987022008e-15 2.804000000000000063e-34
5.106399999999999636e+03 9.742104723298728979e-16 1.242000000000000052e-33
5.132000000000000000e+03 9.618692835015183988e-16 1.237999999999999957e-33
5.157500000000000000e+03 1.130333945459660225e-15 2.291999999999999922e-34
5.183100000000000364e+03 1.316046533973093009e-15 3.258000000000000115e-34
5.208699999999999818e+03 1.513654244248795250e-15 3.445000000000000049e-34
5.234199999999999818e+03 1.558260950857306056e-15 2.485999999999999809e-34
5.259800000000000182e+03 1.592459425923830816e-15 3.580999999999999846e-34
5.285399999999999636e+03 1.674238388039433598e-15 3.254999999999999830e-34
5.311000000000000000e+03 1.709923753326242164e-15 1.216000000000000035e-33
5.336500000000000000e+03 1.779807593679575490e-15 3.566999999999999942e-34
5.362100000000000364e+03 1.753043569714469165e-15 2.860999999999999915e-34
5.387699999999999818e+03 1.644500583633759859e-15 3.823000000000000013e-34
5.413199999999999818e+03 1.469493604706369684e-15 1.399000000000000046e-33
5.438800000000000182e+03 1.361694063735802380e-15 1.183999999999999962e-33
5.464399999999999636e+03 1.282591504016710053e-15 3.317999999999999824e-34
5.490000000000000000e+03 1.153975499962171053e-15 1.116000000000000064e-33
5.515500000000000000e+03 1.068776690339915617e-15 1.203999999999999922e-33
5.541100000000000364e+03 1.069222757406000660e-15 1.136999999999999919e-33
5.566699999999999818e+03 1.123791628490412074e-15 1.976999999999999953e-34
5.592199999999999818e+03 1.038295440824100074e-15 3.415000000000000195e-34
5.617800000000000182e+03 8.490143157819863540e-16 1.443000000000000061e-33
5.643399999999999636e+03 6.997305376655039395e-16 7.153000000000000120e-34
5.668899999999999636e+03 6.161673072855606894e-16 1.765000000000000068e-34
5.694500000000000000e+03 6.051643196554614178e-16 8.887000000000000524e-34
5.720100000000000364e+03 5.125310589317875471e-16 8.463000000000000755e-34
5.745699999999999818e+03 3.830229207450782144e-16 6.776999999999999776e-34
5.771199999999999818e+03 3.287514277047236111e-16 1.369999999999999916e-34
5.796800000000000182e+03 3.272645374844399044e-16 1.833999999999999990e-34
5.822399999999999636e+03 3.610169454848796712e-16 1.623999999999999939e-34
5.847899999999999636e+03 4.423498405343974599e-16 6.743999999999999637e-34
5.873500000000000000e+03 5.449452657339719384e-16 3.332000000000000155e-34
5.899100000000000364e+03 6.372811484135890480e-16 2.140000000000000175e-34
5.924699999999999818e+03 7.358619700183976468e-16 1.743000000000000146e-33
5.950199999999999818e+03 7.727368474814331581e-16 1.041999999999999938e-33
5.975800000000000182e+03 7.595035245209083758e-16 3.256000000000000067e-34
6.001399999999999636e+03 7.049346534364968635e-16 1.874000000000000081e-34
6.026899999999999636e+03 6.505144713741139290e-16 5.893000000000000242e-34
6.052500000000000000e+03 6.169107523957024934e-16 7.031999999999999609e-34
6.078100000000000364e+03 5.879163931001705584e-16 1.822999999999999944e-34
6.103699999999999818e+03 6.259807827394330154e-16 1.592000000000000037e-34
6.129199999999999818e+03 6.949724889605961570e-16 1.625999999999999986e-34
6.154800000000000182e+03 7.841859021776174727e-16 6.724000000000000019e-34
6.180399999999999636e+03 8.601659924341141048e-16 1.408999999999999983e-34
6.205899999999999636e+03 8.939184004345537236e-16 4.809000000000000251e-34
6.231500000000000000e+03 9.748052284179864200e-16 6.102000000000000269e-34
6.257100000000000364e+03 9.988928499865820934e-16 1.406999999999999936e-34
6.282600000000000364e+03 1.073980806110908442e-15 6.184000000000000071e-34
6.308199999999999818e+03 1.082307391344497160e-15 6.174999999999999644e-34
6.333800000000000182e+03 1.070263580560199225e-15 7.132999999999999647e-34
6.359399999999999636e+03 1.026251630039801941e-15 6.030999999999999658e-34
6.384899999999999636e+03 1.072939982956709877e-15 5.432000000000000238e-34
6.410500000000000000e+03 1.143269890376128444e-15 5.011999999999999708e-34
6.436100000000000364e+03 1.164829798570241747e-15 5.965999999999999617e-34
6.461600000000000364e+03 1.244973181443532639e-15 4.780999999999999588e-34
6.487199999999999818e+03 1.260139461690426270e-15 4.752000000000000399e-34
6.512800000000000182e+03 1.292404979470582379e-15 3.454000000000000048e-34
6.538399999999999636e+03 1.335227417814752618e-15 4.968000000000000378e-34
6.563899999999999636e+03 1.337457753145178031e-15 1.227999999999999977e-34
6.589500000000000000e+03 1.285267906413220705e-15 1.808000000000000016e-34
6.615100000000000364e+03 1.151745164631745443e-15 1.580999999999999991e-34
6.640600000000000364e+03 9.867003501802558762e-16 1.302000000000000017e-34
6.666199999999999818e+03 7.807660546709650164e-16 8.997999999999999729e-35
6.691800000000000182e+03 6.392141056999577977e-16 2.260000000000000020e-34
6.717399999999999636e+03 5.452426437780287981e-16 5.836999999999999558e-35
6.742899999999999636e+03 4.601925231778017427e-16 5.968999999999999902e-35
6.768500000000000000e+03 4.201951762521704868e-16 2.451000000000000050e-34
6.794100000000000364e+03 4.014603594765960194e-16 6.629999999999999719e-35
6.819600000000000364e+03 3.894165486922980841e-16 4.822000000000000131e-35
6.845199999999999818e+03 3.831716097671065949e-16 6.031999999999999896e-35
6.870800000000000182e+03 3.968509997937165681e-16 2.741999999999999879e-34
6.896300000000000182e+03 3.712764880048370895e-16 6.458999999999999736e-35
6.921899999999999636e+03 3.848071890094186821e-16 2.572000000000000133e-34
6.947500000000000000e+03 4.071105423136739864e-16 5.851999999999999913e-35
6.973100000000000364e+03 3.955127985954612420e-16 5.238999999999999734e-35
6.998600000000000364e+03 4.187082860318867801e-16 4.012000000000000208e-35
7.024199999999999818e+03 4.477026453274187645e-16 4.860999999999999771e-35
7.049800000000000182e+03 4.905250836715890039e-16 2.030000000000000138e-34
7.075300000000000182e+03 5.100033455573052754e-16 4.832999999999999536e-35
7.100899999999999636e+03 5.254670038482556670e-16 2.014999999999999996e-34
7.126500000000000000e+03 5.392950828968939714e-16 4.374000000000000114e-35
7.152100000000000364e+03 5.497033144388798195e-16 4.135000000000000018e-35
7.177600000000000364e+03 5.734935579634188305e-16 5.381000000000000315e-35
7.203199999999999818e+03 6.508118494181705914e-16 6.313000000000000344e-35
7.228800000000000182e+03 7.163837081326812767e-16 5.985000000000000494e-35
7.254300000000000182e+03 7.960810239398870275e-16 3.173000000000000028e-34
7.279899999999999636e+03 9.133966623202700937e-16 3.262000000000000209e-34
7.305500000000000000e+03 1.055097300313305594e-15 2.590999999999999941e-34
7.331100000000000364e+03 1.139106597759333986e-15 2.757999999999999830e-34
7.356600000000000364e+03 1.155611079204482943e-15 7.857000000000000314e-35
7.382199999999999818e+03 1.098514494745589356e-15 6.791999999999999704e-35
7.407800000000000182e+03 1.001866630427149704e-15 2.882000000000000198e-34
7.433300000000000182e+03 9.081925465492770710e-16 2.521999999999999805e-34
7.458899999999999636e+03 8.463379133854757017e-16 2.325999999999999872e-34
7.484500000000000000e+03 7.773462071643125601e-16 4.275999999999999827e-35
7.510000000000000000e+03 7.351185249082558428e-16 5.399000000000000313e-35
7.535600000000000364e+03 6.856050805728089726e-16 5.932999999999999905e-35
7.561199999999999818e+03 6.286571851359436677e-16 6.228999999999999639e-35
7.586800000000000182e+03 5.556508753200145476e-16 7.976999999999999946e-35
7.612300000000000182e+03 4.888895044292769167e-16 6.800000000000000535e-35
7.637899999999999636e+03 4.627202365522840145e-16 7.059000000000000034e-35
7.663500000000000000e+03 4.839827667023407537e-16 9.773000000000000962e-35
7.689000000000000000e+03 5.296302964650500259e-16 9.672000000000000496e-35
7.714600000000000364e+03 6.011497160606954393e-16 4.468999999999999903e-34
7.740199999999999818e+03 7.192087995512202109e-16 2.718000000000000166e-34
7.765800000000000182e+03 8.557053217732628861e-16 2.658999999999999840e-34
7.791300000000000182e+03 9.752512954840714630e-16 2.525000000000000090e-34
7.816899999999999636e+03 1.075913763397277291e-15 7.293000000000000012e-35
7.842500000000000000e+03 1.112045195750170899e-15 8.604000000000000242e-35
7.868000000000000000e+03 1.040674465176553768e-15 9.481000000000000039e-35
7.893600000000000364e+03 9.416475765056600275e-16 4.526999999999999993e-34
7.919199999999999818e+03 8.357809928214615717e-16 4.561000000000000370e-34
7.944699999999999818e+03 7.687222438866671797e-16 8.623000000000000478e-35
7.970300000000000182e+03 6.860511476388940156e-16 9.401000000000000285e-35
7.995899999999999636e+03 5.904441064746528302e-16 7.998999999999999825e-35
8.021500000000000000e+03 5.045018517422556888e-16 4.846999999999999653e-35
8.047000000000000000e+03 4.358075235651492590e-16 5.603999999999999818e-35
8.072600000000000364e+03 4.234663347367946119e-16 5.632000000000000053e-35
8.098199999999999818e+03 3.885244145601278502e-16 5.746000000000000398e-35
8.123699999999999818e+03 3.818334085688513181e-16 4.118999999999999961e-35
8.149300000000000182e+03 3.718712440929506116e-16 7.336999999999999770e-35
8.174899999999999636e+03 3.760345367097448719e-16 7.362999999999999530e-35
8.200500000000000000e+03 3.981892009919718450e-16 3.773000000000000113e-34
8.226000000000000000e+03 4.114225239524966766e-16 3.040999999999999898e-34
8.251600000000000364e+03 4.419037734683123183e-16 7.681000000000000212e-35
8.277200000000000728e+03 4.639097487285109601e-16 1.323000000000000087e-34
8.302700000000000728e+03 4.280756944196740139e-16 1.945999999999999861e-34
8.328299999999999272e+03 3.540285614495463287e-16 1.013000000000000064e-33
8.353899999999999636e+03 3.064480744004683068e-16 9.389999999999999383e-34
8.379500000000000000e+03 2.999057574312200566e-16 7.690999999999999594e-34
8.405000000000000000e+03 3.552180736257732743e-16 1.495000000000000094e-34
8.430600000000000364e+03 4.340232553008088405e-16 1.110999999999999988e-34
8.456200000000000728e+03 5.244261806940571019e-16 3.182000000000000027e-34
8.481700000000000728e+03 6.560159651891635155e-16 3.667000000000000170e-34
8.507299999999999272e+03 8.090169688563551474e-16 8.511999999999999776e-35
8.532899999999999636e+03 9.840239477837454211e-16 8.853999999999999743e-35
8.558399999999999636e+03 1.178806566640908530e-15 3.022000000000000090e-34
8.584000000000000000e+03 1.369574581903305661e-15 4.951999999999999999e-34
8.609600000000000364e+03 1.418047203084554163e-15 5.293999999999999966e-34
8.635200000000000728e+03 1.431280526045078748e-15 1.342999999999999918e-34
8.660700000000000728e+03 1.437376775948241857e-15 5.119999999999999698e-34
8.686299999999999272e+03 1.452096989129050444e-15 3.550999999999999991e-34
8.711899999999999636e+03 1.439309733234610705e-15 5.112999999999999746e-34
8.737399999999999636e+03 1.419385404282809292e-15 1.610999999999999931e-33
8.763000000000000000e+03 1.351583210237873096e-15 2.993000000000000045e-33
8.788600000000000364e+03 1.235457084033717074e-15 3.312999999999999748e-33
8.814200000000000728e+03 1.090039220489972356e-15 2.989999999999999846e-33
8.839700000000000728e+03 9.202363573335750063e-16 4.846999999999999867e-34
8.865299999999999272e+03 8.026233409091352777e-16 4.261000000000000113e-34
8.890899999999999636e+03 7.074623668109791353e-16 7.793000000000000724e-34
8.916399999999999636e+03 6.265755388275465375e-16 5.030999999999999944e-34
8.942000000000000000e+03 5.672486190382273413e-16 1.860999999999999987e-34
8.967600000000000364e+03 5.180325527468372322e-16 1.205000000000000074e-34
8.993200000000000728e+03 4.750614253806386123e-16 5.411000000000000383e-34
9.018700000000000728e+03 4.282243834417023944e-16 4.060000000000000275e-34
9.044299999999999272e+03 4.053262740493335680e-16 3.818999999999999918e-34
9.069899999999999636e+03 4.008656033884824973e-16 7.717000000000000209e-35
9.095399999999999636e+03 4.203438652741988180e-16 7.559000000000000105e-35
9.121000000000000000e+03 4.297112736619861011e-16 3.701999999999999929e-34
9.146600000000000364e+03 4.416063954242556065e-16 3.712999999999999976e-34
9.172100000000000364e+03 4.734258461383265251e-16 3.667999999999999980e-34
9.197700000000000728e+03 5.367673695224116997e-16 9.508000000000000037e-35
9.223299999999999272e+03 6.267242278495748194e-16 1.842999999999999989e-34
