3.776699999999999818e+03 8.374443262815088461e-16 6.083000000000000512e-32
3.802300000000000182e+03 9.135855312855116946e-16 5.125999999999999755e-32
3.827900000000000091e+03 8.845015516917080623e-16 4.705000000000000116e-32
3.853400000000000091e+03 6.903904968746361104e-16 3.618999999999999958e-32
3.879000000000000000e+03 6.025939142806070550e-16 3.566000000000000133e-32
3.904599999999999909e+03 7.030262333273748646e-16 2.344999999999999902e-32
3.930099999999999909e+03 1.311502300784256809e-15 2.712000000000000059e-32
3.955699999999999818e+03 1.773360253884360604e-15 2.609999999999999797e-31
3.981300000000000182e+03 2.005378518059648424e-15 2.535000000000000207e-32
4.006800000000000182e+03 2.164414511344118380e-15 2.400000000000000134e-32
4.032400000000000091e+03 2.286414725370560654e-15 1.989000000000000065e-32
4.058000000000000000e+03 2.242843220361117041e-15 1.877000000000000015e-32
4.083599999999999909e+03 1.672056504737403820e-15 1.456999999999999965e-33
4.109100000000000364e+03 1.450931116814476804e-15 1.239000000000000058e-32
4.134699999999999818e+03 1.304966575032840090e-15 8.111000000000000295e-33
4.160300000000000182e+03 1.560949166963322351e-15 1.289000000000000095e-32
4.185800000000000182e+03 1.357252381044172662e-15 8.756000000000000033e-33
4.211399999999999636e+03 1.470538294068726568e-15 8.705000000000000066e-33
4.237000000000000000e+03 1.269020083400049119e-15 1.384999999999999971e-33
4.262600000000000364e+03 1.644824314106501611e-15 8.747000000000000119e-33
4.288100000000000364e+03 1.623038561601779607e-15 8.025999999999999438e-33
4.313699999999999818e+03 1.625217136852251847e-15 6.328999999999999610e-33
4.339300000000000182e+03 1.577288481341863755e-15 2.004000000000000036e-33
4.364800000000000182e+03 1.706913708744958868e-15 5.165999999999999675e-33
4.390399999999999636e+03 1.588181357594224559e-15 1.775999999999999943e-33
4.416000000000000000e+03 1.309323725533784569e-15 1.886000000000000066e-33
4.441600000000000364e+03 1.180787785755925576e-15 4.366999999999999970e-33
4.467100000000000364e+03 1.206930688761591862e-15 3.703000000000000338e-33
4.492699999999999818e+03 1.320216601786145571e-15 3.173000000000000165e-32
4.518300000000000182e+03 1.570752755590447035e-15 5.223000000000000040e-33
4.543800000000000182e+03 1.597984946221349441e-15 3.741000000000000125e-33
4.569399999999999636e+03 1.881199728782733911e-15 1.784999999999999857e-33
4.595000000000000000e+03 2.190557414349784469e-15 2.092000000000000065e-33
4.620500000000000000e+03 2.380093461140864599e-15 2.076000000000000029e-33
4.646100000000000364e+03 2.455254307282155098e-15 3.448999999999999887e-32
4.671699999999999818e+03 2.393164912643697644e-15 2.659999999999999889e-32
4.697300000000000182e+03 2.148075196965576779e-15 1.712000000000000140e-33
4.722800000000000182e+03 1.739592337502041479e-15 3.229999999999999709e-33
4.748399999999999636e+03 1.396466735552671992e-15 2.727999999999999890e-33
4.774000000000000000e+03 1.262484357648632597e-15 2.335999999999999852e-33
4.799500000000000000e+03 1.103448364364163035e-15 2.285999999999999951e-33
4.825100000000000364e+03 1.004649976755249307e-15 1.826999999999999910e-33
4.850699999999999818e+03 1.129591267369829321e-15 1.794000000000000113e-33
4.876300000000000182e+03 1.348538080042283900e-15 2.158000000000000002e-33
4.901800000000000182e+03 1.358341668669408782e-15 1.732000000000000100e-33
4.927399999999999636e+03 1.313680876034729049e-15 1.782000000000000000e-33
4.953000000000000000e+03 1.584913494718516200e-15 1.666999999999999887e-33
4.978500000000000000e+03 1.813663896018096055e-15 1.991999999999999923e-33
5.004100000000000364e+03 1.933485534794066483e-15 1.887999999999999857e-33
5.029699999999999818e+03 1.876842578281789431e-15 2.036000000000000108e-33
5.055300000000000182e+03 1.562038454588558471e-15 1.595999999999999961e-33
5.080800000000000182e+03 1.304966575032840090e-15 1.201000000000000065e-33
5.106399999999999636e+03 1.239609317518674473e-15 1.876000000000000086e-33
5.132000000000000000e+03 1.259216494772924434e-15 9.457000000000000754e-34
5.157500000000000000e+03 1.428056076684518878e-15 1.147000000000000070e-33
5.183100000000000364e+03 1.617592123475599205e-15 1.010000000000000036e-32
5.208699999999999818e+03 1.760288802381527363e-15 1.229999999999999939e-33
5.234199999999999818e+03 1.949824849172607690e-15 9.540999999999999492e-33
5.259800000000000182e+03 1.986860628430634978e-15 1.108000000000000046e-33
5.285399999999999636e+03 2.157878785592701661e-15 1.183000000000000033e-32
5.311000000000000000e+03 2.302754039749102256e-15 1.571000000000000011e-33
5.336500000000000000e+03 2.386629186892281319e-15 1.420999999999999968e-33
5.362100000000000364e+03 2.418218528024128204e-15 1.743000000000000146e-33
5.387699999999999818e+03 2.347414832383782186e-15 1.710000000000000007e-33
5.413199999999999818e+03 2.158968073217937584e-15 1.131000000000000034e-33
5.438800000000000182e+03 2.048950023069092037e-15 1.319000000000000035e-33
5.464399999999999636e+03 1.949824849172607690e-15 8.524000000000000701e-34
5.490000000000000000e+03 1.811485320767623815e-15 1.103000000000000056e-33
5.515500000000000000e+03 1.722163735498264152e-15 1.113999999999999931e-33
5.541100000000000364e+03 1.772270966259124484e-15 1.041999999999999938e-33
5.566699999999999818e+03 1.784253130136721409e-15 1.018999999999999950e-33
5.592199999999999818e+03 1.666610066611223418e-15 1.172999999999999916e-33
5.617800000000000182e+03 1.409538187055505234e-15 1.693999999999999970e-33
5.643399999999999636e+03 1.156823458000731333e-15 5.821000000000000248e-34
5.668899999999999636e+03 1.032753597486340293e-15 6.858000000000000196e-34
5.694500000000000000e+03 9.392927192410836905e-16 7.436999999999999998e-34
5.720100000000000364e+03 8.303639567174741653e-16 4.754000000000000018e-34
5.745699999999999818e+03 6.569493667798880971e-16 4.209999999999999976e-34
5.771199999999999818e+03 5.239473477385610518e-16 3.786000000000000206e-34
5.796800000000000182e+03 5.589134805086396724e-16 3.337999999999999869e-34
5.822399999999999636e+03 6.311332500617927259e-16 4.010999999999999757e-34
5.847899999999999636e+03 7.217619804814356536e-16 4.003999999999999805e-34
5.873500000000000000e+03 8.382068276191740511e-16 5.051999999999999800e-34
5.899100000000000364e+03 1.000401755016828498e-15 4.996000000000000185e-34
5.924699999999999818e+03 1.139394855996954006e-15 6.491999999999999661e-34
5.950199999999999818e+03 1.188412799132578218e-15 5.460000000000000046e-34
5.975800000000000182e+03 1.181877073381161696e-15 4.197000000000000309e-34
6.001399999999999636e+03 1.108894802490343438e-15 4.664000000000000027e-34
6.026899999999999636e+03 1.027416088122683562e-15 4.783000000000000063e-34
6.052500000000000000e+03 9.787249312746301660e-16 3.422999999999999956e-34
6.078100000000000364e+03 9.891820924768964832e-16 3.750000000000000210e-34
6.103699999999999818e+03 1.020662504846219895e-15 4.407999999999999957e-34
6.129199999999999818e+03 1.081880469384488374e-15 3.683000000000000121e-34
6.154800000000000182e+03 1.206930688761591862e-15 4.579999999999999750e-34
6.180399999999999636e+03 1.337645203789923095e-15 4.214000000000000070e-34
6.205899999999999636e+03 1.376859558298422426e-15 4.144999999999999934e-34
6.231500000000000000e+03 1.417163200432157876e-15 3.992000000000000377e-34
6.257100000000000364e+03 1.510841936202462018e-15 6.055999999999999608e-34
6.282600000000000364e+03 1.531538401081947705e-15 5.317999999999999679e-34
6.308199999999999818e+03 1.434591802435935203e-15 6.222999999999999925e-34
6.333800000000000182e+03 1.353984518168464499e-15 4.911999999999999908e-34
6.359399999999999636e+03 1.360520243919881022e-15 5.346000000000000342e-34
6.384899999999999636e+03 1.458556130191129446e-15 4.383000000000000007e-34
6.410500000000000000e+03 1.590359932844696799e-15 4.827999999999999631e-34
6.436100000000000364e+03 1.730878036500152914e-15 4.315000000000000108e-34
6.461600000000000364e+03 1.831092498021873184e-15 4.544999999999999991e-34
6.487199999999999818e+03 1.873574715406081269e-15 5.137000000000000314e-34
6.512800000000000182e+03 1.893181892660331033e-15 5.223999999999999593e-34
6.538399999999999636e+03 1.908431919413636317e-15 4.395000000000000290e-34
6.563899999999999636e+03 1.924771233792177524e-15 5.522999999999999612e-34
6.589500000000000000e+03 1.916056932790288959e-15 8.007999999999999611e-34
6.615100000000000364e+03 1.797324581639554453e-15 8.679000000000000734e-34
6.640600000000000364e+03 1.548967003085725229e-15 4.987999999999999996e-34
6.666199999999999818e+03 1.269020083400049119e-15 3.047000000000000040e-34
6.691800000000000182e+03 1.034169671399147427e-15 3.168000000000000123e-34
6.717399999999999636e+03 8.720836727640166504e-16 3.289000000000000207e-34
6.742899999999999636e+03 7.815638711068971966e-16 2.613999999999999844e-34
6.768500000000000000e+03 7.103244604164566905e-16 2.168999999999999792e-34
6.794100000000000364e+03 6.503047122659480023e-16 2.181999999999999885e-34
6.819600000000000364e+03 6.279743159486080374e-16 1.987000000000000189e-34
6.845199999999999818e+03 6.294993186239385461e-16 2.096999999999999799e-34
6.870800000000000182e+03 6.346189704625482307e-16 2.745999999999999974e-34
6.896300000000000182e+03 6.593457995554074820e-16 3.006000000000000139e-34
6.921899999999999636e+03 6.690404594200086927e-16 2.858000000000000058e-34
6.947500000000000000e+03 6.550975778169866735e-16 2.311999999999999968e-34
6.973100000000000364e+03 6.615243748058797218e-16 1.996999999999999998e-34
6.998600000000000364e+03 6.937672885128680426e-16 1.838000000000000085e-34
7.024199999999999818e+03 7.304762814833244156e-16 1.976999999999999953e-34
7.049800000000000182e+03 7.609763349899349841e-16 1.715999999999999978e-34
7.075300000000000182e+03 7.967049690976789083e-16 1.566000000000000063e-34
7.100899999999999636e+03 8.042210537118079779e-16 1.809000000000000040e-34
7.126500000000000000e+03 7.953978239473956433e-16 1.979999999999999810e-34
7.152100000000000364e+03 8.171835764521175483e-16 1.981000000000000047e-34
7.177600000000000364e+03 8.635872292871750335e-16 2.003999999999999950e-34
7.203199999999999818e+03 9.413623657290322591e-16 2.966999999999999857e-34
7.228800000000000182e+03 1.030901808523439067e-15 3.026999999999999994e-34
7.254300000000000182e+03 1.149198444624078888e-15 3.613999999999999985e-34
7.279899999999999636e+03 1.312591588409492929e-15 3.981000000000000330e-34
7.305500000000000000e+03 1.490145471322976135e-15 3.847000000000000153e-34
7.331100000000000364e+03 1.637199300729848772e-15 3.674999999999999932e-34
7.356600000000000364e+03 1.717806584997319672e-15 3.157999999999999887e-34
7.382199999999999818e+03 1.664431491360751178e-15 2.963000000000000190e-34
7.407800000000000182e+03 1.527181250581003225e-15 3.368000000000000152e-34
7.433300000000000182e+03 1.373591695422714066e-15 2.770999999999999924e-34
7.458899999999999636e+03 1.258127207147688315e-15 2.721999999999999833e-34
7.484500000000000000e+03 1.197127100134466783e-15 2.736999999999999975e-34
7.510000000000000000e+03 1.162269896126911932e-15 2.368000000000000010e-34
7.535600000000000364e+03 1.088525123898428567e-15 2.235999999999999880e-34
7.561199999999999818e+03 9.810124352876260770e-16 2.277000000000000209e-34
7.586800000000000182e+03 8.742622480144887916e-16 2.840000000000000060e-34
7.612300000000000182e+03 7.733942139176264946e-16 2.350000000000000012e-34
7.637899999999999636e+03 7.357048620844576728e-16 2.210999999999999930e-34
7.663500000000000000e+03 7.598870473646989628e-16 3.519999999999999899e-34
7.689000000000000000e+03 8.045478399993787941e-16 4.586000000000000320e-34
7.714600000000000364e+03 8.772033246026262365e-16 3.945999999999999716e-34
7.740199999999999818e+03 9.863499446512828081e-16 2.860999999999999915e-34
7.765800000000000182e+03 1.150287732249315008e-15 2.565999999999999991e-34
7.791300000000000182e+03 1.352895230543228380e-15 3.517999999999999852e-34
7.816899999999999636e+03 1.534806263957656065e-15 3.784999999999999969e-34
7.842500000000000000e+03 1.609967110098946366e-15 3.879000000000000055e-34
7.868000000000000000e+03 1.565306317464266633e-15 4.391000000000000196e-34
7.893600000000000364e+03 1.475984732194906773e-15 4.850999999999999962e-34
7.919199999999999818e+03 1.410627474680741157e-15 4.539999999999999659e-34
7.944699999999999818e+03 1.335466628539450856e-15 3.732000000000000212e-34
7.970300000000000182e+03 1.203662825885883503e-15 3.294000000000000111e-34
7.995899999999999636e+03 1.028941090798014169e-15 2.903999999999999864e-34
8.021500000000000000e+03 8.537836406600502502e-16 2.565000000000000181e-34
8.047000000000000000e+03 7.294959226206119669e-16 2.204999999999999788e-34
8.072600000000000364e+03 6.754672564089016424e-16 2.017000000000000044e-34
8.098199999999999818e+03 6.497600684533299424e-16 1.632999999999999938e-34
8.123699999999999818e+03 6.146850069207276506e-16 1.505999999999999927e-34
8.149300000000000182e+03 5.870171012397309545e-16 1.803999999999999922e-34
8.174899999999999636e+03 5.959492597666667630e-16 1.443999999999999956e-34
8.200500000000000000e+03 6.259046694606594687e-16 1.460999999999999931e-34
8.226000000000000000e+03 6.550975778169866735e-16 2.799000000000000159e-34
8.251600000000000364e+03 6.873404915239750930e-16 3.035999999999999993e-34
8.277200000000000728e+03 7.033530196149456808e-16 2.957000000000000048e-34
8.302700000000000728e+03 6.470368493902396426e-16 5.252999999999999638e-34
8.328299999999999272e+03 5.296116433897886978e-16 5.807999999999999727e-34
8.353899999999999636e+03 4.397454143078110244e-16 4.928000000000000287e-34
8.379500000000000000e+03 4.072846430757754599e-16 3.880999999999999675e-34
8.405000000000000000e+03 4.256936039422654326e-16 2.730000000000000023e-34
8.430600000000000364e+03 5.055383868720710790e-16 2.332000000000000014e-34
8.456200000000000728e+03 6.165367958836290742e-16 2.422999999999999815e-34
8.481700000000000728e+03 7.414780864982089900e-16 2.856999999999999821e-34
8.507299999999999272e+03 9.231712623875894314e-16 2.381999999999999914e-34
8.532899999999999636e+03 1.119787678742704242e-15 2.747000000000000211e-34
8.558399999999999636e+03 1.343091641916103498e-15 2.889000000000000150e-34
8.584000000000000000e+03 1.495591909449156734e-15 4.290000000000000158e-34
8.609600000000000364e+03 1.586002782343752320e-15 4.410999999999999814e-34
8.635200000000000728e+03 1.621949273976543488e-15 4.654999999999999600e-34
8.660700000000000728e+03 1.625217136852251847e-15 3.866999999999999771e-34
8.686299999999999272e+03 1.614324260599890845e-15 3.398999999999999816e-34
8.711899999999999636e+03 1.621949273976543488e-15 4.020000000000000184e-34
8.737399999999999636e+03 1.613234972974654726e-15 9.504000000000000797e-34
8.763000000000000000e+03 1.510841936202462018e-15 1.456999999999999965e-33
8.788600000000000364e+03 1.377948845923658546e-15 1.640999999999999871e-33
8.814200000000000728e+03 1.254859344271979955e-15 1.448000000000000051e-33
8.839700000000000728e+03 1.115430528241759960e-15 1.270000000000000030e-33
8.865299999999999272e+03 9.944106730780297404e-16 1.033999999999999920e-33
8.890899999999999636e+03 9.140212463356061820e-16 6.069000000000000130e-34
8.916399999999999636e+03 8.306907430050450802e-16 4.348000000000000247e-34
8.942000000000000000e+03 7.493209573999088758e-16 4.424999999999999717e-34
8.967600000000000364e+03 6.963815788134346712e-16 4.011999999999999995e-34
8.993200000000000728e+03 6.516118574162312673e-16 3.193000000000000073e-34
9.018700000000000728e+03 5.976921199670446140e-16 2.959999999999999906e-34
9.044299999999999272e+03 5.665384938852923145e-16 2.332999999999999823e-34
9.069899999999999636e+03 5.576063353583563088e-16 2.313000000000000205e-34
9.095399999999999636e+03 5.706777868611894518e-16 1.919000000000000077e-34
9.121000000000000000e+03 6.214385901971914165e-16 2.806999999999999920e-34
9.146600000000000364e+03 6.763386865090905186e-16 2.975999999999999857e-34
9.172100000000000364e+03 6.994315841640957872e-16 2.720000000000000214e-34
9.197700000000000728e+03 7.391905824852131776e-16 3.281999999999999827e-34
9.223299999999999272e+03 8.278585951794312079e-16 4.344000000000000153e-34
