3.776699999999999818e+03 6.335790257652450826e-16 8.242000000000000375e-32
3.802300000000000182e+03 6.665125889857156662e-16 7.108999999999999969e-32
3.827900000000000091e+03 7.166970662740519016e-16 4.256999999999999916e-32
3.853400000000000091e+03 6.410282841127324425e-16 2.944000000000000143e-32
3.879000000000000000e+03 4.453872359339841260e-16 3.405999999999999905e-32
3.904599999999999909e+03 6.737004698473263216e-16 3.381999999999999953e-32
3.930099999999999909e+03 9.271059424048366842e-16 1.826000000000000049e-31
3.955699999999999818e+03 1.043810989848806242e-15 2.211000000000000033e-32
3.981300000000000182e+03 1.436269284892747947e-15 2.072999999999999898e-32
4.006800000000000182e+03 1.824414851419723535e-15 1.446000000000000096e-31
4.032400000000000091e+03 1.849245712578014997e-15 2.861999999999999896e-32
4.058000000000000000e+03 1.688498558763813139e-15 1.453000000000000041e-32
4.083599999999999909e+03 1.774753129103141004e-15 1.363000000000000084e-32
4.109100000000000364e+03 1.385300675146781697e-15 1.445999999999999987e-32
4.134699999999999818e+03 1.134378288705100421e-15 1.699999999999999890e-32
4.160300000000000182e+03 1.210961892066988445e-15 1.235000000000000066e-32
4.185800000000000182e+03 1.310808091671907507e-15 1.179000000000000041e-32
4.211399999999999636e+03 1.492465444356249668e-15 9.930999999999999397e-33
4.237000000000000000e+03 1.240366859228122926e-15 1.064000000000000065e-32
4.262600000000000364e+03 1.301398502180344370e-15 1.076000000000000041e-32
4.288100000000000364e+03 1.465020808339190766e-15 1.024000000000000008e-32
4.313699999999999818e+03 1.377459350570478984e-15 1.010000000000000036e-32
4.339300000000000182e+03 1.536899616955297320e-15 8.313000000000000028e-33
4.364800000000000182e+03 1.700260545628267011e-15 1.002000000000000052e-32
4.390399999999999636e+03 1.603550875853868995e-15 9.635000000000000262e-33
4.416000000000000000e+03 1.529058292378994804e-15 7.870000000000000023e-33
4.441600000000000364e+03 1.334332065400815249e-15 7.493000000000000297e-33
4.467100000000000364e+03 1.102490235428136754e-15 8.343000000000000652e-33
4.492699999999999818e+03 1.199330593945473024e-15 6.474999999999999729e-33
4.518300000000000182e+03 1.316035641389442582e-15 7.586999999999999699e-33
4.543800000000000182e+03 1.519910080373308372e-15 7.960000000000000528e-33
4.569399999999999636e+03 1.749922267944849739e-15 7.453999999999999759e-33
4.595000000000000000e+03 2.013913528680368408e-15 7.150999999999999474e-33
4.620500000000000000e+03 2.229549954528688069e-15 5.873000000000000110e-33
4.646100000000000364e+03 2.275291014557119835e-15 7.074000000000000518e-33
4.671699999999999818e+03 2.127612735036755174e-15 7.892999999999999498e-33
4.697300000000000182e+03 2.124998960177987735e-15 8.284000000000000154e-33
4.722800000000000182e+03 1.833563063425409967e-15 6.585999999999999576e-33
4.748399999999999636e+03 1.440189947180899303e-15 5.155999999999999695e-33
4.774000000000000000e+03 1.213967733154571039e-15 6.667000000000000167e-33
4.799500000000000000e+03 1.075568354382831261e-15 9.177999999999999327e-33
4.825100000000000364e+03 9.333790020658787753e-16 8.417999999999999476e-33
4.850699999999999818e+03 9.106391607946013431e-16 7.535000000000000350e-33
4.876300000000000182e+03 1.105888142744534504e-15 7.344000000000000663e-33
4.901800000000000182e+03 1.237230329397602078e-15 6.152000000000000169e-33
4.927399999999999636e+03 1.248338872547363892e-15 6.286999999999999557e-33
4.953000000000000000e+03 1.229258316078361112e-15 6.324999999999999345e-33
4.978500000000000000e+03 1.577413127266193812e-15 5.198999999999999814e-33
5.004100000000000364e+03 1.706794982775185609e-15 5.563000000000000045e-33
5.029699999999999818e+03 1.859700812013085149e-15 3.104000000000000234e-33
5.055300000000000182e+03 1.825721738849107649e-15 3.864000000000000085e-33
5.080800000000000182e+03 1.475475907774260720e-15 2.769999999999999943e-33
5.106399999999999636e+03 1.172278024157229278e-15 2.990999999999999912e-33
5.132000000000000000e+03 1.167965295640262766e-15 2.813000000000000062e-33
5.157500000000000000e+03 1.178551083818271369e-15 2.506999999999999921e-33
5.183100000000000364e+03 1.408824648875689242e-15 3.158999999999999782e-33
5.208699999999999818e+03 1.600937100995101358e-15 2.454999999999999888e-33
5.234199999999999818e+03 1.793049553114513474e-15 1.959999999999999850e-33
5.259800000000000182e+03 1.778673791391292163e-15 2.721000000000000109e-33
5.285399999999999636e+03 1.951182932069947892e-15 2.294000000000000141e-33
5.311000000000000000e+03 2.092326774443393560e-15 1.950999999999999936e-33
5.336500000000000000e+03 2.191650219076559410e-15 2.411000000000000044e-33
5.362100000000000364e+03 2.229549954528688069e-15 2.666999999999999943e-33
5.387699999999999818e+03 2.206025980799780721e-15 2.366000000000000134e-33
5.413199999999999818e+03 2.088406112155242401e-15 2.435999999999999994e-33
5.438800000000000182e+03 1.847938825148631277e-15 1.932000000000000042e-33
5.464399999999999636e+03 1.796970215402665027e-15 2.126999999999999995e-33
5.490000000000000000e+03 1.612699087859555032e-15 8.782000000000000392e-33
5.515500000000000000e+03 1.468941470627341925e-15 9.876000000000000534e-33
5.541100000000000364e+03 1.414052198593224318e-15 7.012999999999999887e-33
5.566699999999999818e+03 1.522523855232076009e-15 1.106999999999999979e-33
5.592199999999999818e+03 1.526444517520227365e-15 1.345999999999999947e-33
5.617800000000000182e+03 1.321263191106977658e-15 1.712999999999999864e-33
5.643399999999999636e+03 1.104450566572212334e-15 7.302999999999999992e-33
5.668899999999999636e+03 9.599088168823689156e-16 4.389000000000000063e-33
5.694500000000000000e+03 8.439879018960297666e-16 9.547999999999999273e-34
5.720100000000000364e+03 7.451872122346178186e-16 1.018999999999999950e-33
5.745699999999999818e+03 6.655977677851471019e-16 7.695999999999999926e-34
5.771199999999999818e+03 5.064188788862055699e-16 7.239000000000000017e-34
5.796800000000000182e+03 4.223860171768300387e-16 2.298000000000000064e-33
5.822399999999999636e+03 4.086636991683005384e-16 6.157999999999999883e-34
5.847899999999999636e+03 5.249766803834548427e-16 7.860999999999999767e-34
5.873500000000000000e+03 6.190725752990853210e-16 7.024999999999999658e-34
5.899100000000000364e+03 6.769676884207858180e-16 6.987000000000000041e-34
5.924699999999999818e+03 8.536588688734696077e-16 7.049000000000000226e-34
5.950199999999999818e+03 9.229239026308086235e-16 2.984999999999999856e-33
5.975800000000000182e+03 9.535050684783885709e-16 2.861999999999999896e-33
6.001399999999999636e+03 9.638294791705200746e-16 2.186999999999999875e-33
6.026899999999999636e+03 8.839786572351727520e-16 2.077000000000000095e-33
6.052500000000000000e+03 8.689494517972595814e-16 2.345000000000000107e-33
6.078100000000000364e+03 8.236004579976431679e-16 5.212000000000000164e-34
6.103699999999999818e+03 7.752456231104441598e-16 2.019000000000000006e-33
6.129199999999999818e+03 8.268676765711025657e-16 2.097000000000000055e-33
6.154800000000000182e+03 9.176963529132735476e-16 1.949999999999999870e-33
6.180399999999999636e+03 1.027997651953262564e-15 2.687999999999999970e-33
6.205899999999999636e+03 1.094126155880080633e-15 1.876000000000000086e-33
6.231500000000000000e+03 1.204688832405946354e-15 2.064999999999999982e-33
6.257100000000000364e+03 1.226252474990778517e-15 3.855999999999999725e-34
6.282600000000000364e+03 1.233701733338265877e-15 1.784000000000000133e-33
6.308199999999999818e+03 1.264152210442907373e-15 1.800999999999999893e-33
6.333800000000000182e+03 1.245594408945658199e-15 1.846000000000000146e-33
6.359399999999999636e+03 1.197631640287274346e-15 4.428999999999999812e-34
6.384899999999999636e+03 1.227428673677223786e-15 3.505000000000000186e-34
6.410500000000000000e+03 1.314728753960058665e-15 3.375000000000000103e-34
6.436100000000000364e+03 1.410131536305072962e-15 3.823999999999999823e-34
6.461600000000000364e+03 1.546047828960983752e-15 4.164000000000000170e-34
6.487199999999999818e+03 1.629688624441543980e-15 4.251999999999999686e-34
6.512800000000000182e+03 1.629688624441543980e-15 4.179999999999999693e-34
6.538399999999999636e+03 1.620540412435857745e-15 3.062999999999999991e-34
6.563899999999999636e+03 1.634916174159079055e-15 1.267000000000000002e-33
6.589500000000000000e+03 1.683271009046278064e-15 1.219999999999999959e-33
6.615100000000000364e+03 1.589175114130647684e-15 2.251000000000000021e-33
6.640600000000000364e+03 1.472862132915493281e-15 4.371999999999999960e-34
6.666199999999999818e+03 1.280357614567265813e-15 3.236000000000000022e-34
6.691800000000000182e+03 1.054919532998568057e-15 2.613000000000000034e-34
6.717399999999999636e+03 8.168046433648476679e-16 8.618000000000000787e-34
6.742899999999999636e+03 7.020599270649538864e-16 1.800000000000000041e-34
6.768500000000000000e+03 6.126688268951049763e-16 9.505000000000000180e-34
6.794100000000000364e+03 5.865310783074297942e-16 1.005999999999999941e-33
6.819600000000000364e+03 5.379148659343540816e-16 2.138999999999999937e-34
6.845199999999999818e+03 5.254994353552084489e-16 2.984000000000000046e-34
6.870800000000000182e+03 4.970092893946424333e-16 3.281999999999999827e-34
6.896300000000000182e+03 4.615926400583426640e-16 2.156000000000000125e-34
6.921899999999999636e+03 4.265680569508580007e-16 2.154000000000000078e-34
6.947500000000000000e+03 4.332331828407151978e-16 1.550999999999999922e-34
6.973100000000000364e+03 4.596323089142670845e-16 1.632999999999999938e-34
6.998600000000000364e+03 5.083792100302811494e-16 1.938000000000000099e-34
7.024199999999999818e+03 5.283745876998525927e-16 8.979999999999999517e-34
7.049800000000000182e+03 5.613081509203232749e-16 7.805000000000000153e-34
7.075300000000000182e+03 5.954179128272394232e-16 1.270999999999999925e-34
7.100899999999999636e+03 6.371076218245811849e-16 1.694000000000000099e-34
7.126500000000000000e+03 6.823259268812591475e-16 1.033999999999999920e-33
7.152100000000000364e+03 6.990540859773711931e-16 1.417999999999999940e-33
7.177600000000000364e+03 6.985313310056176855e-16 1.604000000000000150e-33
7.203199999999999818e+03 7.151288013587913788e-16 1.383000000000000010e-33
7.228800000000000182e+03 7.870076099748980312e-16 1.016999999999999988e-33
7.254300000000000182e+03 8.664663656814303957e-16 1.319000000000000035e-33
7.279899999999999636e+03 9.673580752298562754e-16 1.229000000000000043e-33
7.305500000000000000e+03 1.101836791713444894e-15 2.269999999999999829e-34
7.331100000000000364e+03 1.282710011940156745e-15 2.248000000000000164e-34
7.356600000000000364e+03 1.462407033480423326e-15 2.498999999999999902e-34
7.382199999999999818e+03 1.546047828960983752e-15 1.054999999999999946e-33
7.407800000000000182e+03 1.484624119779946955e-15 1.216999999999999931e-33
7.433300000000000182e+03 1.427121072887061712e-15 1.059000000000000041e-33
7.458899999999999636e+03 1.257748462038927029e-15 1.054000000000000051e-33
7.484500000000000000e+03 1.133855533733347012e-15 1.000999999999999951e-33
7.510000000000000000e+03 1.020417704862836950e-15 2.255999999999999926e-34
7.535600000000000364e+03 1.018065307489946216e-15 1.358999999999999955e-33
7.561199999999999818e+03 1.028651095667954621e-15 1.623000000000000044e-33
7.586800000000000182e+03 9.591246844247386049e-16 2.859000000000000039e-33
7.612300000000000182e+03 7.981161531246599442e-16 3.776999999999999780e-33
7.637899999999999636e+03 6.120153831804131165e-16 1.922000000000000062e-33
7.663500000000000000e+03 4.891679648183399181e-16 9.931000000000000424e-34
7.689000000000000000e+03 4.915203621912307515e-16 1.614999999999999854e-33
7.714600000000000364e+03 6.060037010052478286e-16 2.026999999999999853e-33
7.740199999999999818e+03 7.263680332514916441e-16 1.388000000000000000e-33
7.765800000000000182e+03 8.080484975879764897e-16 1.141000000000000014e-33
7.791300000000000182e+03 9.974164861056826166e-16 1.312000000000000083e-33
7.816899999999999636e+03 1.220632859044428286e-15 3.011999999999999853e-34
7.842500000000000000e+03 1.402290211728770644e-15 3.353999999999999820e-34
7.868000000000000000e+03 1.462407033480423326e-15 1.196000000000000075e-33
7.893600000000000364e+03 1.457179483762888251e-15 3.609999999999999891e-34
7.919199999999999818e+03 1.330411403112663893e-15 3.474999999999999904e-34
7.944699999999999818e+03 1.218541839157414255e-15 3.314999999999999967e-34
7.970300000000000182e+03 1.147708540484814717e-15 3.447000000000000096e-34
7.995899999999999636e+03 1.054788844255629803e-15 8.463000000000000755e-34
8.021500000000000000e+03 8.675118756249373122e-16 1.250999999999999965e-33
8.047000000000000000e+03 7.323797154266570306e-16 1.324000000000000025e-33
8.072600000000000364e+03 6.439034364573766849e-16 3.425000000000000004e-34
8.098199999999999818e+03 6.133222706097967376e-16 1.054000000000000051e-33
8.123699999999999818e+03 5.907131180814578549e-16 1.657999999999999974e-33
8.149300000000000182e+03 5.555578462310347901e-16 1.345000000000000051e-33
8.174899999999999636e+03 5.092940312308498123e-16 1.423999999999999996e-33
8.200500000000000000e+03 4.805425077844071908e-16 1.784999999999999857e-33
8.226000000000000000e+03 5.022368391121775092e-16 1.742000000000000080e-33
8.251600000000000364e+03 5.304656075868666231e-16 1.883999999999999933e-33
8.277200000000000728e+03 5.637912370361524606e-16 3.967000000000000427e-34
8.302700000000000728e+03 6.126688268951049763e-16 4.401000000000000005e-34
8.328299999999999272e+03 6.063957672340629839e-16 2.733999999999999946e-33
8.353899999999999636e+03 5.052426801997602024e-16 2.993000000000000045e-33
8.379500000000000000e+03 4.107547190553145688e-16 2.399999999999999997e-33
8.405000000000000000e+03 3.890603877275442011e-16 4.540999999999999896e-34
8.430600000000000364e+03 3.912820963574966330e-16 4.737999999999999640e-34
8.456200000000000728e+03 4.651212361176788649e-16 1.450000000000000013e-33
8.481700000000000728e+03 5.958099790560544799e-16 4.273000000000000397e-34
8.507299999999999272e+03 7.527671593250436293e-16 4.553000000000000180e-34
8.532899999999999636e+03 9.480161412749767905e-16 3.641999999999999793e-34
8.558399999999999636e+03 1.176067997702442380e-15 4.942000000000000190e-34
8.584000000000000000e+03 1.437576172322131864e-15 5.968000000000000092e-34
8.609600000000000364e+03 1.679350346758126707e-15 7.387000000000000098e-34
8.635200000000000728e+03 1.804811539978967345e-15 2.984000000000000131e-33
8.660700000000000728e+03 1.833563063425409967e-15 3.289000000000000207e-33
8.686299999999999272e+03 1.781287566250059997e-15 3.157000000000000333e-33
8.711899999999999636e+03 1.751229155374233458e-15 2.758999999999999896e-33
8.737399999999999636e+03 1.781287566250059997e-15 3.031999999999999899e-33
8.763000000000000000e+03 1.789128890826362315e-15 4.405999999999999824e-33
8.788600000000000364e+03 1.674122797040591631e-15 6.547000000000000407e-33
8.814200000000000728e+03 1.519910080373308372e-15 7.730999999999999685e-33
8.839700000000000728e+03 1.343480277406501287e-15 1.358000000000000060e-33
8.865299999999999272e+03 1.237230329397602078e-15 1.178999999999999972e-33
8.890899999999999636e+03 1.138168262250313327e-15 1.026999999999999968e-33
8.916399999999999636e+03 1.050476115738663292e-15 9.892000000000000570e-34
8.942000000000000000e+03 9.925810026169628933e-16 4.610999999999999757e-33
8.967600000000000364e+03 9.058036773058814226e-16 2.000999999999999836e-33
8.993200000000000728e+03 8.004685504975506790e-16 5.888999999999999805e-33
9.018700000000000728e+03 7.143446689011612654e-16 1.219000000000000063e-33
9.044299999999999272e+03 6.267832111324495826e-16 1.100999999999999923e-33
9.069899999999999636e+03 5.850935021351076237e-16 5.959999999999999731e-33
9.095399999999999636e+03 6.020830387170964723e-16 7.679000000000000336e-33
9.121000000000000000e+03 6.237773700448667907e-16 1.069999999999999916e-33
9.146600000000000364e+03 6.645522578416399881e-16 1.753999999999999850e-33
9.172100000000000364e+03 6.863772779123488560e-16 9.057999999999999567e-33
9.197700000000000728e+03 6.730470261326344618e-16 8.975999999999999594e-33
9.223299999999999272e+03 7.394369075453293338e-16 9.382000000000000562e-33
