3.776699999999999818e+03 7.559784754700482807e-16 1.047999999999999960e-32
3.802300000000000182e+03 6.206969645852966726e-16 9.532999999999999559e-35
3.827900000000000091e+03 5.981500461045047215e-16 5.995000000000000004e-33
3.853400000000000091e+03 5.115742571806871219e-16 4.372000000000000302e-33
3.879000000000000000e+03 3.955561329591363922e-16 4.485999999999999664e-33
3.904599999999999909e+03 5.637824130803850069e-16 3.889999999999999759e-33
3.930099999999999909e+03 8.034802357645323851e-16 2.272000000000000116e-32
3.955699999999999818e+03 9.827610730050043194e-16 2.520000000000000100e-33
3.981300000000000182e+03 1.160181242215507987e-15 3.191999999999999921e-33
4.006800000000000182e+03 1.383461405811699952e-15 3.445999999999999688e-33
4.032400000000000091e+03 1.318885280065742565e-15 2.352999999999999954e-33
4.058000000000000000e+03 1.296995067948468680e-15 3.177999999999999676e-33
4.083599999999999909e+03 1.172220858880008407e-15 1.810000000000000149e-33
4.109100000000000364e+03 8.945435181723910108e-16 2.105999999999999969e-33
4.134699999999999818e+03 8.556883916642302702e-16 1.257999999999999917e-33
4.160300000000000182e+03 8.498874854531527164e-16 7.229999999999999933e-33
4.185800000000000182e+03 9.149014154414557115e-16 1.051000000000000023e-33
4.211399999999999636e+03 9.626220778571124719e-16 5.832000000000000124e-33
4.237000000000000000e+03 8.236192309124242326e-16 5.611999999999999879e-33
4.262600000000000364e+03 9.551794057372392092e-16 1.085000000000000057e-33
4.288100000000000364e+03 1.007387561636937094e-15 1.144000000000000042e-33
4.313699999999999818e+03 1.069117959807649164e-15 1.136000000000000024e-33
4.339300000000000182e+03 1.110928264951641846e-15 8.849000000000000053e-34
4.364800000000000182e+03 1.142669072521688801e-15 8.560000000000000698e-34
4.390399999999999636e+03 1.122967881616142463e-15 1.044999999999999966e-33
4.416000000000000000e+03 1.066053330111230797e-15 9.787000000000000438e-34
4.441600000000000364e+03 8.696981274192854813e-16 4.385999999999999864e-33
4.467100000000000364e+03 7.755702153150083895e-16 4.219999999999999785e-33
4.492699999999999818e+03 8.309524519717108714e-16 4.385999999999999864e-33
4.518300000000000182e+03 9.987409278506139277e-16 6.096999999999999937e-34
4.543800000000000182e+03 1.131723966463052056e-15 6.278000000000000157e-34
4.569399999999999636e+03 1.265254260378421726e-15 3.733999999999999660e-33
4.595000000000000000e+03 1.462266169433885305e-15 9.020000000000000464e-34
4.620500000000000000e+03 1.494006977003932457e-15 6.128999999999999839e-34
4.646100000000000364e+03 1.475400296704249596e-15 7.622000000000000313e-34
4.671699999999999818e+03 1.351720598241652997e-15 2.488000000000000027e-33
4.697300000000000182e+03 1.203961666450055165e-15 3.353999999999999735e-33
4.722800000000000182e+03 9.203739684707740840e-16 2.519000000000000034e-33
4.748399999999999636e+03 8.140969886414101461e-16 5.615000000000000078e-34
4.774000000000000000e+03 7.039892216915232488e-16 2.074999999999999962e-33
4.799500000000000000e+03 6.578008741240756721e-16 3.868000000000000008e-34
4.825100000000000364e+03 6.177417859494647318e-16 1.981999999999999943e-33
4.850699999999999818e+03 6.630545250322213886e-16 4.867000000000000340e-34
4.876300000000000182e+03 7.994305465228367697e-16 1.360999999999999917e-33
4.901800000000000182e+03 8.160671077319648391e-16 1.680000000000000067e-33
4.927399999999999636e+03 8.212113075795240303e-16 3.170999999999999980e-34
4.953000000000000000e+03 9.822138177020723835e-16 1.722999999999999844e-33
4.978500000000000000e+03 1.102172180104732450e-15 2.905000000000000101e-34
5.004100000000000364e+03 1.162370263427235139e-15 3.701000000000000120e-34
5.029699999999999818e+03 1.196300092209009443e-15 1.808000000000000016e-33
5.055300000000000182e+03 1.029715577996556488e-15 1.314000000000000045e-33
5.080800000000000182e+03 8.559072937854029262e-16 3.348999999999999916e-34
5.106399999999999636e+03 7.450333694114115356e-16 2.795999999999999874e-34
5.132000000000000000e+03 8.216491118218695396e-16 1.363000000000000050e-33
5.157500000000000000e+03 9.502541080108527726e-16 2.520000000000000186e-34
5.183100000000000364e+03 1.127345924039597161e-15 1.255999999999999955e-33
5.208699999999999818e+03 1.246647580078739062e-15 1.149000000000000032e-33
5.234199999999999818e+03 1.299184089160196029e-15 1.131999999999999929e-33
5.259800000000000182e+03 1.358287661876835241e-15 1.244000000000000014e-33
5.285399999999999636e+03 1.392217490658609348e-15 3.475000000000000246e-33
5.311000000000000000e+03 1.478683828521840817e-15 2.588999999999999894e-34
5.336500000000000000e+03 1.465549701251476526e-15 6.085999999999999890e-34
5.362100000000000364e+03 1.421769277016928954e-15 1.173999999999999982e-33
5.387699999999999818e+03 1.332019407336106659e-15 2.361000000000000058e-34
5.413199999999999818e+03 1.175504390697599628e-15 1.350000000000000041e-33
5.438800000000000182e+03 1.101077669498868775e-15 8.527000000000000559e-34
5.464399999999999636e+03 9.758656561880629926e-16 1.898000000000000008e-34
5.490000000000000000e+03 8.794392718114722238e-16 1.051999999999999918e-33
5.515500000000000000e+03 8.092811419756099388e-16 1.034999999999999986e-33
5.541100000000000364e+03 8.324847668199200552e-16 1.067000000000000059e-33
5.566699999999999818e+03 8.763746421150538563e-16 8.707000000000000541e-34
5.592199999999999818e+03 8.264649584876697468e-16 2.595000000000000036e-34
5.617800000000000182e+03 6.332838365527290280e-16 1.250999999999999965e-33
5.643399999999999636e+03 5.626879024745213324e-16 6.279999999999999777e-34
5.668899999999999636e+03 4.881517302152042509e-16 7.106000000000000077e-34
5.694500000000000000e+03 4.230283491663149278e-16 1.309999999999999993e-34
5.720100000000000364e+03 3.656759934190577036e-16 6.603000000000000363e-34
5.745699999999999818e+03 2.799758129799310238e-16 7.515000000000000347e-35
5.771199999999999818e+03 2.390411163206291636e-16 1.115000000000000083e-34
5.796800000000000182e+03 2.343347207154152843e-16 1.193000000000000004e-34
5.822399999999999636e+03 2.778962428287900521e-16 9.986000000000000228e-35
5.847899999999999636e+03 3.449897429682340682e-16 1.314000000000000088e-34
5.873500000000000000e+03 4.085808091689142568e-16 6.343999999999999581e-34
5.899100000000000364e+03 5.191263803611466140e-16 6.031999999999999896e-34
5.924699999999999818e+03 5.895034123181816535e-16 6.150999999999999932e-34
5.950199999999999818e+03 6.052643650426187044e-16 5.274000000000000349e-34
5.975800000000000182e+03 5.666281406556306198e-16 9.993999999999999990e-35
6.001399999999999636e+03 5.368574521761382592e-16 8.699000000000000352e-35
6.026899999999999636e+03 4.745797987024945490e-16 7.236000000000000374e-35
6.052500000000000000e+03 4.462319740106250442e-16 3.560999999999999800e-34
6.078100000000000364e+03 4.699828541578669978e-16 4.651999999999999743e-34
6.103699999999999818e+03 4.789578411259492470e-16 6.898000000000000288e-35
6.129199999999999818e+03 5.303998396015425402e-16 4.947999999999999905e-34
6.154800000000000182e+03 6.139109988289418710e-16 1.014000000000000045e-34
6.180399999999999636e+03 6.659002526074669029e-16 9.999999999999999277e-35
6.205899999999999636e+03 6.974221580563411032e-16 1.229000000000000001e-34
6.231500000000000000e+03 7.396702674426793925e-16 7.647999999999999859e-35
6.257100000000000364e+03 7.722866834974172674e-16 1.185000000000000029e-34
6.282600000000000364e+03 8.617081999964804799e-16 5.136000000000000077e-34
6.308199999999999818e+03 8.744045230244992619e-16 4.745999999999999829e-34
6.333800000000000182e+03 8.397085368186204647e-16 5.169000000000000216e-34
6.359399999999999636e+03 8.150820481866873940e-16 4.165999999999999790e-34
6.384899999999999636e+03 8.243853883365287258e-16 4.137999999999999983e-34
6.410500000000000000e+03 8.729816592368764062e-16 5.123999999999999793e-34
6.436100000000000364e+03 9.327419383170337833e-16 2.979000000000000141e-34
6.461600000000000364e+03 9.560550142219302277e-16 3.213999999999999929e-34
6.487199999999999818e+03 9.632787842206306372e-16 3.941000000000000239e-34
6.512800000000000182e+03 9.725821243704719690e-16 4.560000000000000132e-34
6.538399999999999636e+03 1.020083884664955876e-15 4.331999999999999869e-34
6.563899999999999636e+03 1.031795148147697213e-15 1.223000000000000073e-34
6.589500000000000000e+03 1.027526556784828942e-15 2.179999999999999838e-34
6.615100000000000364e+03 8.710115401463219104e-16 1.903999999999999936e-34
6.640600000000000364e+03 6.787060266960720129e-16 9.747999999999999301e-35
6.666199999999999818e+03 5.913640803481499199e-16 3.679000000000000027e-34
6.691800000000000182e+03 4.907785556692771091e-16 3.215000000000000166e-34
6.717399999999999636e+03 4.054067284119095613e-16 2.415000000000000053e-34
6.742899999999999636e+03 3.442235855441294270e-16 4.840000000000000129e-35
6.768500000000000000e+03 3.066818717630050169e-16 4.412999999999999754e-35
6.794100000000000364e+03 2.874184850998041386e-16 3.881000000000000102e-35
6.819600000000000364e+03 2.868712297968723013e-16 3.045999999999999802e-34
6.845199999999999818e+03 2.773489875258581655e-16 2.806999999999999920e-34
6.870800000000000182e+03 2.763639279805808684e-16 2.797999999999999921e-34
6.896300000000000182e+03 2.706724728300896919e-16 5.941999999999999904e-35
6.921899999999999636e+03 2.865428766151131694e-16 2.433000000000000051e-34
6.947500000000000000e+03 2.968312763102317985e-16 2.224999999999999834e-34
6.973100000000000364e+03 2.983635911584409822e-16 1.893000000000000103e-34
6.998600000000000364e+03 3.135772885799462451e-16 1.809000000000000040e-34
7.024199999999999818e+03 3.441141344835430497e-16 4.437000000000000108e-35
7.049800000000000182e+03 3.767305505382809245e-16 4.381000000000000173e-35
7.075300000000000182e+03 4.012475881096275193e-16 2.120999999999999939e-34
7.100899999999999636e+03 4.212771321969329895e-16 2.183999999999999933e-34
7.126500000000000000e+03 4.211676811363466122e-16 3.852999999999999867e-35
7.152100000000000364e+03 4.398838124966156532e-16 1.918000000000000053e-34
7.177600000000000364e+03 4.644008500679622973e-16 1.643999999999999985e-34
7.203199999999999818e+03 4.990968362738410945e-16 2.147999999999999936e-34
7.228800000000000182e+03 5.672848470191487851e-16 7.321000000000000247e-35
7.254300000000000182e+03 6.355823088250429022e-16 4.976999999999999522e-35
7.279899999999999636e+03 7.217202935065149927e-16 2.577000000000000037e-34
7.305500000000000000e+03 8.434298728785569974e-16 2.925000000000000147e-34
7.331100000000000364e+03 9.552888567978256358e-16 2.745000000000000164e-34
7.356600000000000364e+03 1.009904936030423723e-15 2.170000000000000029e-34
7.382199999999999818e+03 9.708309074010901293e-16 2.217000000000000072e-34
7.407800000000000182e+03 8.729816592368764062e-16 2.954000000000000191e-34
7.433300000000000182e+03 7.472223906231388846e-16 2.898000000000000149e-34
7.458899999999999636e+03 6.502487509436162786e-16 2.449999999999999812e-34
7.484500000000000000e+03 5.812945827742039962e-16 2.269999999999999829e-34
7.510000000000000000e+03 5.392653755090383629e-16 1.923999999999999981e-34
7.535600000000000364e+03 4.873855727910996590e-16 2.296999999999999827e-34
7.561199999999999818e+03 4.306899234073606986e-16 5.149999999999999980e-35
7.586800000000000182e+03 3.963222903832409347e-16 2.224999999999999834e-34
7.612300000000000182e+03 3.616263041773620882e-16 2.709999999999999977e-34
7.637899999999999636e+03 3.295571434255560506e-16 3.517999999999999852e-34
7.663500000000000000e+03 3.745415293265535755e-16 3.728000000000000117e-34
7.689000000000000000e+03 4.318938850738107505e-16 8.984999999999999849e-35
7.714600000000000364e+03 4.818035687011948599e-16 5.575999999999999583e-35
7.740199999999999818e+03 5.618122939898303140e-16 5.381999999999999483e-35
7.765800000000000182e+03 6.714822566973718006e-16 2.464999999999999953e-34
7.791300000000000182e+03 7.992116444016640151e-16 2.714000000000000072e-34
7.816899999999999636e+03 8.752801315091901818e-16 3.006000000000000139e-34
7.842500000000000000e+03 8.735289145398083420e-16 2.932999999999999908e-34
7.868000000000000000e+03 8.006345081892867722e-16 3.044000000000000183e-34
7.893600000000000364e+03 7.215013913853422380e-16 3.631000000000000174e-34
7.919199999999999818e+03 6.325176791286245348e-16 3.528000000000000089e-34
7.944699999999999818e+03 5.565586430816845975e-16 2.934000000000000146e-34
7.970300000000000182e+03 4.833358835494040437e-16 5.220999999999999736e-35
7.995899999999999636e+03 4.448091102230022871e-16 2.658000000000000030e-34
8.021500000000000000e+03 3.992774690190728756e-16 2.590000000000000131e-34
8.047000000000000000e+03 3.271492200926559470e-16 4.484999999999999747e-35
8.072600000000000364e+03 2.923437828261906738e-16 4.520000000000000041e-35
8.098199999999999818e+03 2.734087493447489275e-16 3.436999999999999967e-35
8.123699999999999818e+03 2.664038814672213712e-16 3.444000000000000025e-35
8.149300000000000182e+03 2.679361963154305057e-16 3.319999999999999978e-35
8.174899999999999636e+03 2.710008260118488239e-16 3.978000000000000152e-35
8.200500000000000000e+03 2.815081278281402075e-16 1.658000000000000102e-34
8.226000000000000000e+03 3.025227314607230242e-16 1.961000000000000002e-34
8.251600000000000364e+03 3.298854966073151332e-16 5.341999999999999606e-35
8.277200000000000728e+03 3.448802919076476415e-16 8.342000000000000030e-35
8.302700000000000728e+03 3.243034925174103341e-16 4.460000000000000332e-34
8.328299999999999272e+03 2.841349532822130658e-16 4.514999999999999709e-34
8.353899999999999636e+03 2.301755804131332917e-16 4.824999999999999774e-34
8.379500000000000000e+03 2.238274188991239007e-16 8.321000000000000388e-35
8.405000000000000000e+03 2.726425919206443356e-16 2.624999999999999890e-34
8.430600000000000364e+03 3.401738963024338116e-16 7.070000000000000509e-35
8.456200000000000728e+03 4.330978467402608023e-16 6.159000000000000121e-35
8.481700000000000728e+03 5.536034644458526566e-16 5.178000000000000215e-35
8.507299999999999272e+03 7.071633024485279443e-16 6.759000000000000420e-35
8.532899999999999636e+03 8.838173142349270204e-16 6.522999999999999967e-35
8.558399999999999636e+03 1.069008508747062738e-15 8.146999999999999692e-35
8.584000000000000000e+03 1.186449496756236373e-15 4.910000000000000288e-34
8.609600000000000364e+03 1.222568346749738026e-15 5.097000000000000223e-34
8.635200000000000728e+03 1.210528730085237409e-15 4.384000000000000244e-34
8.660700000000000728e+03 1.202867155844191490e-15 3.294000000000000111e-34
8.686299999999999272e+03 1.200678134632464338e-15 2.721999999999999833e-34
8.711899999999999636e+03 1.191922049785554745e-15 4.871999999999999817e-34
8.737399999999999636e+03 1.150330646762734522e-15 8.965000000000000231e-34
8.763000000000000000e+03 1.067695096020026210e-15 1.355999999999999927e-33
8.788600000000000364e+03 9.703931031587446200e-16 1.412999999999999950e-33
8.814200000000000728e+03 8.580963149971303738e-16 1.026000000000000072e-33
8.839700000000000728e+03 7.287251613840425489e-16 8.259000000000000204e-34
8.865299999999999272e+03 6.326271301892108628e-16 7.463000000000000186e-34
8.890899999999999636e+03 5.386086691455202962e-16 1.144999999999999938e-34
8.916399999999999636e+03 4.587093949174710716e-16 9.785999999999999772e-35
8.942000000000000000e+03 4.147100685617508932e-16 4.121000000000000222e-34
8.967600000000000364e+03 3.894268735662997065e-16 1.071999999999999921e-34
8.993200000000000728e+03 3.628302658438121400e-16 1.022000000000000021e-34
9.018700000000000728e+03 3.139056417617053278e-16 7.123000000000000266e-35
9.044299999999999272e+03 3.014282208548593004e-16 6.040999999999999895e-35
9.069899999999999636e+03 3.137961907011189504e-16 7.592999999999999627e-35
9.095399999999999636e+03 3.289004370620378361e-16 7.799999999999999607e-35
9.121000000000000000e+03 3.407211516053656489e-16 4.593999999999999654e-34
9.146600000000000364e+03 3.646909338737804064e-16 3.398999999999999816e-34
9.172100000000000364e+03 3.789195717500083228e-16 3.434999999999999813e-34
9.197700000000000728e+03 4.274063915897696258e-16 9.574999999999999912e-35
9.223299999999999272e+03 5.055544488484368135e-16 1.591000000000000013e-34
