3.776699999999999818e+03 6.582575087828225559e-16 5.529000000000000223e-31
3.802300000000000182e+03 7.327895624175601911e-16 4.361000000000000146e-31
3.827900000000000091e+03 8.875198492031269310e-16 3.012000000000000062e-31
3.853400000000000091e+03 5.024375720903153232e-16 2.476000000000000147e-31
3.879000000000000000e+03 6.790698220053881968e-16 2.161000000000000050e-31
3.904599999999999909e+03 8.730275054408167203e-16 2.002000000000000135e-31
3.930099999999999909e+03 1.516792670461329065e-15 1.764999999999999911e-31
3.955699999999999818e+03 1.902528737518305127e-15 1.516000000000000093e-31
3.981300000000000182e+03 2.501836186335640455e-15 1.623999999999999932e-31
4.006800000000000182e+03 2.781876212419377277e-15 1.575000000000000044e-31
4.032400000000000091e+03 2.896289452648141445e-15 1.340999999999999991e-31
4.058000000000000000e+03 2.726304067165406425e-15 1.062999999999999971e-31
4.083599999999999909e+03 2.256664957274003347e-15 9.305999999999999893e-32
4.109100000000000364e+03 1.937397534540404840e-15 9.358999999999999718e-32
4.134699999999999818e+03 1.879646089472552214e-15 7.229000000000000277e-32
4.160300000000000182e+03 1.922142435843236364e-15 4.393999999999999848e-32
4.185800000000000182e+03 1.983162830631910271e-15 4.973999999999999511e-32
4.211399999999999636e+03 2.009314428398484859e-15 3.970000000000000147e-32
4.237000000000000000e+03 1.901439087611364437e-15 3.079999999999999871e-32
4.262600000000000364e+03 2.138982767324417504e-15 3.071999999999999887e-32
4.288100000000000364e+03 2.143341366952179869e-15 2.707000000000000137e-32
4.313699999999999818e+03 2.039824625792822207e-15 2.955000000000000189e-32
4.339300000000000182e+03 2.197823862299210425e-15 2.473000000000000194e-32
4.364800000000000182e+03 2.537794633264680859e-15 8.496999999999999661e-32
4.390399999999999636e+03 2.308968152807152523e-15 2.171000000000000113e-32
4.416000000000000000e+03 1.949383683516751247e-15 1.881999999999999937e-32
4.441600000000000364e+03 1.600695713295756082e-15 1.440000000000000135e-32
4.467100000000000364e+03 1.535316718879319612e-15 1.279999999999999907e-32
4.492699999999999818e+03 1.692226305478767338e-15 1.082000000000000029e-32
4.518300000000000182e+03 2.148789616486882925e-15 1.222999999999999953e-32
4.543800000000000182e+03 2.545422182613265295e-15 6.621000000000000396e-32
4.569399999999999636e+03 2.672911221725316165e-15 1.053000000000000019e-32
4.595000000000000000e+03 3.274397970356533268e-15 1.487000000000000110e-32
4.620500000000000000e+03 3.475983203140546326e-15 5.679999999999999606e-32
4.646100000000000364e+03 3.523927799045933136e-15 2.891999999999999973e-32
4.671699999999999818e+03 3.491238301837714408e-15 6.703999999999999751e-32
4.697300000000000182e+03 3.558796596068032455e-15 1.458999999999999892e-32
4.722800000000000182e+03 2.887572253392616714e-15 1.297000000000000079e-32
4.748399999999999636e+03 2.389602245920757667e-15 1.232000000000000003e-32
4.774000000000000000e+03 2.007135128584603479e-15 1.425000000000000097e-32
4.799500000000000000e+03 1.759784599709085188e-15 1.057999999999999940e-32
4.825100000000000364e+03 1.585440614598587606e-15 1.872000000000000094e-32
4.850699999999999818e+03 1.599606063388815590e-15 1.057999999999999940e-32
4.876300000000000182e+03 1.990790379980494312e-15 9.885999999999999829e-33
4.901800000000000182e+03 2.106293270116199170e-15 4.390999999999999785e-32
4.927399999999999636e+03 1.985342130445791651e-15 9.502999999999999705e-33
4.953000000000000000e+03 2.261023556901765713e-15 3.103000000000000168e-32
4.978500000000000000e+03 2.850524156556635620e-15 8.173000000000000308e-33
5.004100000000000364e+03 2.877765404230151293e-15 6.445999999999999856e-33
5.029699999999999818e+03 2.964937396785399788e-15 5.946000000000000170e-33
5.055300000000000182e+03 2.545422182613265295e-15 2.435000000000000133e-32
5.080800000000000182e+03 2.002776528956841113e-15 4.724999999999999803e-33
5.106399999999999636e+03 1.963549132306979428e-15 3.139999999999999888e-33
5.132000000000000000e+03 1.999507579236019438e-15 4.382999999999999664e-33
5.157500000000000000e+03 2.101934670488436804e-15 3.696999999999999939e-33
5.183100000000000364e+03 2.289354454482221681e-15 3.772000000000000132e-33
5.208699999999999818e+03 2.524718834381393368e-15 4.296000000000000043e-33
5.234199999999999818e+03 2.671821571818375869e-15 4.022999999999999699e-33
5.259800000000000182e+03 2.930068599763300469e-15 3.579999999999999694e-33
5.285399999999999636e+03 3.077171337200282970e-15 3.251999999999999802e-33
5.311000000000000000e+03 3.310356417285573277e-15 3.602999999999999853e-33
5.336500000000000000e+03 3.471624603512783566e-15 3.715999999999999833e-33
5.362100000000000364e+03 3.509762350255704955e-15 1.908000000000000022e-32
5.387699999999999818e+03 3.516300249697348700e-15 1.763000000000000106e-32
5.413199999999999818e+03 3.307087467564751207e-15 1.632000000000000026e-32
5.438800000000000182e+03 3.156715780406947030e-15 1.590999999999999902e-32
5.464399999999999636e+03 3.102233285059916868e-15 3.271999999999999762e-33
5.490000000000000000e+03 2.925710000135538103e-15 2.371000000000000124e-33
5.515500000000000000e+03 2.817834659348417286e-15 3.822000000000000032e-33
5.541100000000000364e+03 2.769890063443030476e-15 8.742999999999999854e-33
5.566699999999999818e+03 2.777517612791614912e-15 2.428999999999999871e-33
5.592199999999999818e+03 2.737200566234812537e-15 9.349000000000000423e-33
5.617800000000000182e+03 2.381974696572173626e-15 3.239999999999999689e-33
5.643399999999999636e+03 2.063796923745515415e-15 2.278000000000000104e-33
5.668899999999999636e+03 1.796832696545066085e-15 1.273999999999999954e-33
5.694500000000000000e+03 1.630116260783152741e-15 1.381000000000000048e-33
5.720100000000000364e+03 1.428531027999139683e-15 4.838999999999999849e-33
5.745699999999999818e+03 1.159387500984808972e-15 5.194000000000000166e-33
5.771199999999999818e+03 9.442906093547325812e-16 1.039999999999999976e-33
5.796800000000000182e+03 9.247858760204956500e-16 4.063999999999999686e-33
5.822399999999999636e+03 9.733842618700469139e-16 9.849999999999999149e-34
5.847899999999999636e+03 1.181180499123621392e-15 1.196999999999999971e-33
5.873500000000000000e+03 1.360972733768821833e-15 1.106999999999999979e-33
5.899100000000000364e+03 1.477565273811467183e-15 4.908999999999999709e-33
5.924699999999999818e+03 1.655178208642786639e-15 1.193000000000000047e-33
5.950199999999999818e+03 1.747798450732738584e-15 1.075999999999999973e-33
5.975800000000000182e+03 1.793563746824244014e-15 1.306999999999999922e-33
6.001399999999999636e+03 1.778308648127075538e-15 1.031000000000000062e-33
6.026899999999999636e+03 1.705302104362054632e-15 9.574999999999999698e-34
6.052500000000000000e+03 1.627936960969271361e-15 9.305999999999999961e-34
6.078100000000000364e+03 1.579992365063884747e-15 8.029999999999999704e-34
6.103699999999999818e+03 1.637743810131736782e-15 1.150999999999999994e-33
6.129199999999999818e+03 1.656267858549727329e-15 4.260999999999999771e-33
6.154800000000000182e+03 1.848046242171274571e-15 1.031000000000000062e-33
6.180399999999999636e+03 1.995148979608257072e-15 4.371000000000000236e-33
6.205899999999999636e+03 2.126996618348071097e-15 3.755999999999999753e-33
6.231500000000000000e+03 2.143341366952179869e-15 1.106999999999999979e-33
6.257100000000000364e+03 2.084500271977386948e-15 7.974999999999999471e-34
6.282600000000000364e+03 2.095396771046793059e-15 7.799000000000000439e-34
6.308199999999999818e+03 1.984252480538850567e-15 7.651000000000000358e-34
6.333800000000000182e+03 1.893811538262780396e-15 6.855000000000000339e-34
6.359399999999999636e+03 1.940666484261226516e-15 7.951999999999999996e-34
6.384899999999999636e+03 2.150968916300764305e-15 7.543000000000000368e-34
6.410500000000000000e+03 2.373257497316648501e-15 3.582999999999999893e-33
6.436100000000000364e+03 2.587918528983949050e-15 3.876000000000000198e-33
6.461600000000000364e+03 2.796041661209605064e-15 4.699000000000000128e-33
6.487199999999999818e+03 2.838538007580289213e-15 7.957000000000000328e-34
6.512800000000000182e+03 2.884303303671794644e-15 3.474000000000000179e-33
6.538399999999999636e+03 2.956220197529875057e-15 9.530000000000000130e-34
6.563899999999999636e+03 2.934427199391062834e-15 4.411000000000000156e-33
6.589500000000000000e+03 2.903917001996725881e-15 1.031000000000000062e-33
6.615100000000000364e+03 2.776427962884674222e-15 1.330000000000000081e-33
6.640600000000000364e+03 2.536704983357740169e-15 1.301000000000000037e-33
6.666199999999999818e+03 2.182568763602041949e-15 9.112000000000000075e-34
6.691800000000000182e+03 1.854584141612918316e-15 5.454999999999999713e-34
6.717399999999999636e+03 1.606143962830459335e-15 4.543000000000000371e-34
6.742899999999999636e+03 1.444875776603249047e-15 5.370000000000000054e-34
6.768500000000000000e+03 1.330462536374484682e-15 4.777999999999999731e-34
6.794100000000000364e+03 1.222587195587364654e-15 5.130000000000000362e-34
6.819600000000000364e+03 1.181180499123621392e-15 5.213999999999999784e-34
6.845199999999999818e+03 1.188808048472205433e-15 6.845999999999999912e-34
6.870800000000000182e+03 1.140863452566818820e-15 7.521999999999999657e-34
6.896300000000000182e+03 1.095098156475312995e-15 5.797999999999999918e-34
6.921899999999999636e+03 1.022527472673068523e-15 4.899999999999999624e-34
6.947500000000000000e+03 1.018495768017388088e-15 6.192000000000000260e-34
6.973100000000000364e+03 1.056197654797533241e-15 5.742999999999999686e-34
6.998600000000000364e+03 1.077009968020099079e-15 4.816000000000000202e-34
7.024199999999999818e+03 1.143042752380700003e-15 2.494000000000000083e-33
7.049800000000000182e+03 1.196435597820789869e-15 4.229000000000000211e-34
7.075300000000000182e+03 1.252007743074760918e-15 2.275999999999999971e-33
7.100899999999999636e+03 1.296683389259325855e-15 5.137999999999999696e-34
7.126500000000000000e+03 1.341359035443890990e-15 5.721999999999999830e-34
7.152100000000000364e+03 1.344627985164712666e-15 8.713000000000000256e-34
7.177600000000000364e+03 1.359883083861881340e-15 6.945999999999999713e-34
7.203199999999999818e+03 1.413275929301971206e-15 7.755000000000000253e-34
7.228800000000000182e+03 1.493910022415576350e-15 2.543999999999999984e-33
7.254300000000000182e+03 1.661716108084430187e-15 2.944999999999999936e-33
7.279899999999999636e+03 1.842597992636571515e-15 7.007999999999999897e-34
7.305500000000000000e+03 2.043093575513643883e-15 8.879999999999999717e-34
7.331100000000000364e+03 2.271920055971172218e-15 3.133000000000000108e-33
7.356600000000000364e+03 2.402678044804045159e-15 4.736999999999999915e-33
7.382199999999999818e+03 2.407036644431807524e-15 3.748999999999999972e-33
7.407800000000000182e+03 2.262113206808706403e-15 5.574999999999999987e-34
7.433300000000000182e+03 2.113920819464783606e-15 4.729000000000000068e-34
7.458899999999999636e+03 1.995148979608257072e-15 4.899000000000000242e-34
7.484500000000000000e+03 1.901439087611364437e-15 5.617999999999999935e-34
7.510000000000000000e+03 1.880735739379492904e-15 6.606000000000000221e-34
7.535600000000000364e+03 1.900349437704423747e-15 7.946999999999999664e-34
7.561199999999999818e+03 1.899259787797483057e-15 1.049000000000000061e-33
7.586800000000000182e+03 1.898170137890542761e-15 1.430999999999999948e-33
7.612300000000000182e+03 1.753246700267441442e-15 1.471000000000000039e-33
7.637899999999999636e+03 1.405648379953386968e-15 9.389999999999999383e-34
7.663500000000000000e+03 1.176821899495858829e-15 3.647000000000000039e-33
7.689000000000000000e+03 1.170284000054215281e-15 3.915000000000000051e-33
7.714600000000000364e+03 1.246559493540057862e-15 8.217999999999999876e-34
7.740199999999999818e+03 1.374048532652109324e-15 3.405999999999999768e-33
7.765800000000000182e+03 1.562557966552834890e-15 8.175000000000000783e-34
7.791300000000000182e+03 1.807729195614471801e-15 7.650000000000000120e-34
7.816899999999999636e+03 2.080141672349624582e-15 7.714999999999999306e-34
7.842500000000000000e+03 2.286085504761400005e-15 7.697000000000000163e-34
7.868000000000000000e+03 2.367809247781945445e-15 3.763000000000000218e-33
7.893600000000000364e+03 2.347105899550073913e-15 3.504000000000000119e-33
7.919199999999999818e+03 2.308968152807152523e-15 6.469000000000000186e-34
7.944699999999999818e+03 2.259933906994825417e-15 5.587999999999999653e-34
7.970300000000000182e+03 2.131355217975833068e-15 6.354999999999999627e-34
7.995899999999999636e+03 1.900349437704423747e-15 5.743999999999999923e-34
8.021500000000000000e+03 1.614861162085984066e-15 5.865999999999999817e-34
8.047000000000000000e+03 1.370779582931287254e-15 5.721999999999999830e-34
8.072600000000000364e+03 1.219318245866542584e-15 7.247000000000000206e-34
8.098199999999999818e+03 1.160477150891749662e-15 3.958000000000000171e-33
8.123699999999999818e+03 1.129966953497412709e-15 6.415000000000000191e-34
8.149300000000000182e+03 1.101636055916956741e-15 7.453999999999999759e-34
8.174899999999999636e+03 1.046063910662985692e-15 6.353000000000000007e-34
8.200500000000000000e+03 1.003785494273689956e-15 6.552000000000000226e-34
8.226000000000000000e+03 1.009996498743251377e-15 7.824000000000000389e-34
8.251600000000000364e+03 1.039743941202730163e-15 1.051000000000000023e-33
8.277200000000000728e+03 1.061645904332236494e-15 1.038000000000000014e-33
8.302700000000000728e+03 1.026559177328748760e-15 1.162999999999999936e-33
8.328299999999999272e+03 9.212989963182857575e-16 1.123000000000000016e-33
8.353899999999999636e+03 7.844389680065452096e-16 8.331999999999999580e-34
8.379500000000000000e+03 6.779801720984476054e-16 7.993000000000000325e-34
8.405000000000000000e+03 6.723139925823563329e-16 3.580999999999999760e-33
8.430600000000000364e+03 7.474998361612585201e-16 3.389000000000000007e-33
8.456200000000000728e+03 8.367421635396944843e-16 7.316999999999999725e-34
8.481700000000000728e+03 9.629236227634170393e-16 5.973999999999999806e-34
8.507299999999999272e+03 1.111442905079422162e-15 2.883999999999999989e-33
8.532899999999999636e+03 1.320655687212019261e-15 7.038000000000000179e-34
8.558399999999999636e+03 1.576723415343062677e-15 8.029000000000000321e-34
8.584000000000000000e+03 1.845866942357393191e-15 4.392000000000000262e-33
8.609600000000000364e+03 1.961369832493098048e-15 6.213000000000000116e-33
8.635200000000000728e+03 2.068155523373277781e-15 6.092999999999999671e-33
8.660700000000000728e+03 2.119369068999486267e-15 5.393999999999999767e-33
8.686299999999999272e+03 2.132444867882773758e-15 4.391000000000000196e-33
8.711899999999999636e+03 2.148789616486882925e-15 1.167000000000000030e-33
8.737399999999999636e+03 2.155327515928526671e-15 1.345999999999999947e-33
8.763000000000000000e+03 2.110651869743961930e-15 1.763000000000000106e-33
8.788600000000000364e+03 2.006045478677663183e-15 2.433000000000000137e-33
8.814200000000000728e+03 1.864390990775383737e-15 2.320999999999999882e-33
8.839700000000000728e+03 1.722736502873104489e-15 1.929999999999999910e-33
8.865299999999999272e+03 1.603964663016577955e-15 1.571000000000000011e-33
8.890899999999999636e+03 1.489551422787813787e-15 1.407999999999999960e-33
8.916399999999999636e+03 1.390393281256218491e-15 1.008000000000000074e-33
8.942000000000000000e+03 1.347896934885534539e-15 1.373000000000000030e-33
8.967600000000000364e+03 1.309759188142613347e-15 1.456999999999999965e-33
8.993200000000000728e+03 1.186628748658324250e-15 1.507999999999999931e-33
9.018700000000000728e+03 1.048461140458254894e-15 1.631999999999999957e-33
9.044299999999999272e+03 9.686987672702024202e-16 1.908000000000000159e-33
9.069899999999999636e+03 9.453802592616732712e-16 2.295999999999999931e-33
9.095399999999999636e+03 9.935427851484481014e-16 2.551999999999999831e-33
9.121000000000000000e+03 1.067421048839021480e-15 2.808000000000000072e-33
9.146600000000000364e+03 1.110353255172481669e-15 3.509999999999999834e-33
9.172100000000000364e+03 1.141953102473759313e-15 3.981999999999999712e-33
9.197700000000000728e+03 1.194256298006908686e-15 3.638000000000000126e-33
9.223299999999999272e+03 1.315207437677316402e-15 3.403000000000000253e-33
