3.776699999999999818e+03 1.301003258281923706e-15 4.573999999999999762e-32
3.802300000000000182e+03 1.312345919644451575e-15 3.410000000000000170e-32
3.827900000000000091e+03 8.373152617817926635e-16 1.231999999999999949e-31
3.853400000000000091e+03 6.210107095983900039e-16 2.024999999999999994e-32
3.879000000000000000e+03 7.953474147404402763e-16 1.691999999999999906e-32
3.904599999999999909e+03 1.370193492593342605e-15 1.650000000000000127e-32
3.930099999999999909e+03 1.887418850724604260e-15 2.213999999999999958e-33
3.955699999999999818e+03 2.276472135459303713e-15 1.359000000000000092e-32
3.981300000000000182e+03 2.726775791551652003e-15 1.539999999999999936e-32
4.006800000000000182e+03 3.097680818106306786e-15 1.325999999999999952e-32
4.032400000000000091e+03 3.232658488320386381e-15 9.343000000000000024e-33
4.058000000000000000e+03 2.883304518354533683e-15 9.965000000000000287e-33
4.083599999999999909e+03 2.447746322033471464e-15 9.588000000000000561e-33
4.109100000000000364e+03 2.034873448437464196e-15 6.999000000000000325e-33
4.134699999999999818e+03 2.079109827751322019e-15 5.661999999999999779e-33
4.160300000000000182e+03 1.956609085036023159e-15 5.841000000000000037e-33
4.185800000000000182e+03 2.056424505026266675e-15 5.086999999999999901e-33
4.211399999999999636e+03 2.042813311391233468e-15 3.125000000000000260e-32
4.237000000000000000e+03 1.989502802987353507e-15 3.786999999999999760e-33
4.262600000000000364e+03 2.206147635011631948e-15 1.329999999999999944e-32
4.288100000000000364e+03 2.192536441376598741e-15 4.250999999999999791e-33
4.313699999999999818e+03 2.201610570466621273e-15 3.311000000000000300e-33
4.339300000000000182e+03 2.380824619994557903e-15 4.391000000000000196e-33
4.364800000000000182e+03 2.516936556344889969e-15 3.765999999999999733e-33
4.390399999999999636e+03 2.322977047045667267e-15 3.061999999999999839e-33
4.416000000000000000e+03 2.004248262758639185e-15 3.072000000000000161e-33
4.441600000000000364e+03 1.694593607561634030e-15 2.107000000000000035e-33
4.467100000000000364e+03 1.692325075289128496e-15 2.494000000000000083e-33
4.492699999999999818e+03 1.913506971858418202e-15 3.041999999999999879e-33
4.518300000000000182e+03 2.378556087722052565e-15 2.836999999999999946e-33
4.543800000000000182e+03 2.810711485634356975e-15 2.676999999999999923e-33
4.569399999999999636e+03 3.189556375142781029e-15 2.506999999999999921e-33
4.595000000000000000e+03 3.829282475989341347e-15 2.855999999999999840e-33
4.620500000000000000e+03 4.317016914578031055e-15 2.553999999999999964e-33
4.646100000000000364e+03 4.448591786383352447e-15 2.677999999999999990e-33
4.671699999999999818e+03 4.533661746602309890e-15 2.888999999999999979e-33
4.697300000000000182e+03 4.566555464553640238e-15 2.629999999999999880e-33
4.722800000000000182e+03 3.954051750977145544e-15 1.193000000000000013e-32
4.748399999999999636e+03 3.130574536057637134e-15 1.150999999999999960e-32
4.774000000000000000e+03 2.738118452914179873e-15 2.474000000000000123e-33
4.799500000000000000e+03 2.419389668627152185e-15 2.306999999999999978e-33
4.825100000000000364e+03 2.151702860471499121e-15 2.891000000000000112e-33
4.850699999999999818e+03 2.143762997517729849e-15 1.887000000000000132e-33
4.876300000000000182e+03 2.598603718155089209e-15 2.236000000000000051e-33
4.901800000000000182e+03 2.606543581108858481e-15 1.037000000000000051e-32
4.927399999999999636e+03 2.527144951571164973e-15 1.996999999999999913e-33
4.953000000000000000e+03 3.073861229244998576e-15 2.182999999999999952e-33
4.978500000000000000e+03 3.677290813731470737e-15 8.547999999999999901e-33
5.004100000000000364e+03 3.819074080763066738e-15 8.031000000000000454e-33
5.029699999999999818e+03 3.652336958733910055e-15 6.800000000000000107e-33
5.055300000000000182e+03 3.141917197420165003e-15 7.460000000000000158e-33
5.080800000000000182e+03 2.566844266340011727e-15 5.266000000000000159e-33
5.106399999999999636e+03 2.548696008159967451e-15 1.386000000000000038e-33
5.132000000000000000e+03 2.649645694286463832e-15 1.337999999999999928e-33
5.157500000000000000e+03 2.734715654505421275e-15 5.281999999999999854e-33
5.183100000000000364e+03 2.833396808359411925e-15 4.366999999999999970e-33
5.208699999999999818e+03 3.076129761517504307e-15 1.258999999999999984e-33
5.234199999999999818e+03 3.292774593541782748e-15 4.159999999999999904e-33
5.259800000000000182e+03 3.629651636008854316e-15 4.129999999999999964e-33
5.285399999999999636e+03 4.057269969376148052e-15 4.970000000000000340e-33
5.311000000000000000e+03 4.438383391157077838e-15 5.542000000000000019e-33
5.336500000000000000e+03 4.657296755453861615e-15 5.779000000000000024e-33
5.362100000000000364e+03 4.848987732480579769e-15 5.804999999999999699e-33
5.387699999999999818e+03 4.931789160427030691e-15 6.121000000000000163e-33
5.413199999999999818e+03 4.721949925220269051e-15 5.714999999999999879e-33
5.438800000000000182e+03 4.514379222286013143e-15 5.343999999999999867e-33
5.464399999999999636e+03 4.470142842972154925e-15 4.653999999999999876e-33
5.490000000000000000e+03 4.397549810251977823e-15 4.762000000000000208e-33
5.515500000000000000e+03 4.403221140933242547e-15 4.828999999999999869e-33
5.541100000000000364e+03 4.381670084344439279e-15 3.087999999999999855e-33
5.566699999999999818e+03 4.410026737750758164e-15 4.447999999999999877e-33
5.592199999999999818e+03 4.368058890709405678e-15 3.420000000000000014e-33
5.617800000000000182e+03 3.942709089614618464e-15 6.859999999999999987e-33
5.643399999999999636e+03 3.460645981707192296e-15 3.400000000000000053e-33
5.668899999999999636e+03 3.052310172656196491e-15 2.047000000000000155e-33
5.694500000000000000e+03 2.764206574047993420e-15 2.542999999999999917e-33
5.720100000000000364e+03 2.428463797717174323e-15 5.403999999999999576e-34
5.745699999999999818e+03 2.023530787074936721e-15 4.351000000000000105e-34
5.771199999999999818e+03 1.669639752564073151e-15 1.240999999999999985e-33
5.796800000000000182e+03 1.610657913478929256e-15 1.696000000000000103e-33
5.822399999999999636e+03 1.773992237099327735e-15 1.231000000000000005e-33
5.847899999999999636e+03 2.060961569571277744e-15 1.530999999999999919e-33
5.873500000000000000e+03 2.241309885235468027e-15 1.286000000000000067e-33
5.899100000000000364e+03 2.447746322033471464e-15 1.391999999999999923e-33
5.924699999999999818e+03 2.743789783595443413e-15 1.614999999999999854e-33
5.950199999999999818e+03 2.865156260174489801e-15 1.803000000000000026e-33
5.975800000000000182e+03 2.896915711989567284e-15 1.479999999999999953e-33
6.001399999999999636e+03 2.921869566987127965e-15 1.538999999999999938e-33
6.026899999999999636e+03 2.825456945405642653e-15 1.814000000000000073e-33
6.052500000000000000e+03 2.671196750875266311e-15 4.511999999999999852e-34
6.078100000000000364e+03 2.553233072704978914e-15 3.934999999999999669e-34
6.103699999999999818e+03 2.529413483843670310e-15 1.146000000000000004e-33
6.129199999999999818e+03 2.560038669522495321e-15 1.345999999999999947e-33
6.154800000000000182e+03 2.739252719050432344e-15 1.510000000000000064e-33
6.180399999999999636e+03 2.978582873799766524e-15 1.542999999999999861e-33
6.205899999999999636e+03 3.150991326510187141e-15 1.453999999999999936e-33
6.231500000000000000e+03 3.118097608558856399e-15 2.853000000000000154e-34
6.257100000000000364e+03 2.944554889712183310e-15 3.474000000000000094e-34
6.282600000000000364e+03 2.773280703138015558e-15 1.477999999999999991e-33
6.308199999999999818e+03 2.632631702242672423e-15 1.276999999999999982e-33
6.333800000000000182e+03 2.597469452018836737e-15 1.317999999999999968e-33
6.359399999999999636e+03 2.684807944510299518e-15 1.173999999999999982e-33
6.384899999999999636e+03 2.957031817210963651e-15 1.242000000000000052e-33
6.410500000000000000e+03 3.364233360125707378e-15 1.167000000000000030e-33
6.436100000000000364e+03 3.735138386680361766e-15 1.289999999999999990e-33
6.461600000000000364e+03 3.998288130291003762e-15 1.257999999999999917e-33
6.487199999999999818e+03 4.157085389366391567e-15 1.312999999999999978e-33
6.512800000000000182e+03 4.219470026860293271e-15 1.453000000000000041e-33
6.538399999999999636e+03 4.271646269127921155e-15 1.146000000000000004e-33
6.563899999999999636e+03 4.320419712986790047e-15 1.291000000000000057e-33
6.589500000000000000e+03 4.280720398217943293e-15 4.853999999999999819e-34
6.615100000000000364e+03 4.135534332777588299e-15 5.746000000000000398e-34
6.640600000000000364e+03 3.879190185984463499e-15 5.541999999999999848e-34
6.666199999999999818e+03 3.543447409653644008e-15 3.555999999999999896e-34
6.691800000000000182e+03 3.087472422880032177e-15 2.172999999999999886e-34
6.717399999999999636e+03 2.702956202690343793e-15 2.210999999999999930e-34
6.742899999999999636e+03 2.453417652714735005e-15 2.413999999999999816e-34
6.768500000000000000e+03 2.346796635906975083e-15 2.338999999999999965e-34
6.794100000000000364e+03 2.153971392744004458e-15 3.413000000000000147e-34
6.819600000000000364e+03 2.073438497070058479e-15 2.012000000000000139e-34
6.845199999999999818e+03 1.970220278671056366e-15 1.853000000000000012e-34
6.870800000000000182e+03 1.904432842768396064e-15 2.271000000000000067e-34
6.896300000000000182e+03 1.796677559824382883e-15 1.620000000000000058e-34
6.921899999999999636e+03 1.705936268924161702e-15 7.169999999999999881e-34
6.947500000000000000e+03 1.700264938242897768e-15 8.408999999999999905e-34
6.973100000000000364e+03 1.762649575736800063e-15 4.942000000000000190e-34
6.998600000000000364e+03 1.849988068228263238e-15 6.002999999999999851e-34
7.024199999999999818e+03 1.922581100948439946e-15 7.370999999999999719e-34
7.049800000000000182e+03 1.980428673897331370e-15 6.848999999999999770e-34
7.075300000000000182e+03 2.020127988666178124e-15 7.827000000000000246e-34
7.100899999999999636e+03 2.065498634116288418e-15 7.646000000000000026e-34
7.126500000000000000e+03 2.102929416612630229e-15 2.195999999999999789e-34
7.152100000000000364e+03 2.106332215021388432e-15 2.050999999999999993e-34
7.177600000000000364e+03 2.093855287522608092e-15 2.565999999999999991e-34
7.203199999999999818e+03 2.106332215021388432e-15 8.093999999999999507e-34
7.228800000000000182e+03 2.202744836602873745e-15 6.682000000000000308e-34
7.254300000000000182e+03 2.381958886130810768e-15 6.640999999999999980e-34
7.279899999999999636e+03 2.584992524520056397e-15 6.643999999999999837e-34
7.305500000000000000e+03 2.822054146996884844e-15 8.223999999999999590e-34
7.331100000000000364e+03 3.072726963108746104e-15 7.749000000000000538e-34
7.356600000000000364e+03 3.256478077181694197e-15 9.073000000000000221e-34
7.382199999999999818e+03 3.325668311493113096e-15 6.782000000000000109e-34
7.407800000000000182e+03 3.290506061269277411e-15 1.858999999999999940e-34
7.433300000000000182e+03 3.143051463556417475e-15 2.102999999999999940e-34
7.458899999999999636e+03 2.995596865843557933e-15 8.967000000000000706e-34
7.484500000000000000e+03 2.949091954257194379e-15 7.874999999999999671e-34
7.510000000000000000e+03 2.920735300850875099e-15 2.304000000000000206e-34
7.535600000000000364e+03 2.958166083347216516e-15 2.928999999999999814e-34
7.561199999999999818e+03 2.972911543118502589e-15 3.238000000000000069e-34
7.586800000000000182e+03 2.878767453809522614e-15 4.193999999999999597e-34
7.612300000000000182e+03 2.506728161118615360e-15 3.171999999999999790e-34
7.637899999999999636e+03 2.024665053211189193e-15 2.131999999999999985e-34
7.663500000000000000e+03 1.725218793240458844e-15 7.579999999999999747e-34
7.689000000000000000e+03 1.709339067332920103e-15 2.168999999999999792e-34
7.714600000000000364e+03 1.844316737546999303e-15 8.586000000000000030e-34
7.740199999999999818e+03 2.024665053211189193e-15 2.527999999999999947e-34
7.765800000000000182e+03 2.248115482052984039e-15 9.610000000000000312e-34
7.791300000000000182e+03 2.578186927702539596e-15 8.211000000000000779e-34
7.816899999999999636e+03 2.937749292894666509e-15 9.338000000000000718e-34
7.842500000000000000e+03 3.224718625366616715e-15 1.041000000000000043e-33
7.868000000000000000e+03 3.377844553760740191e-15 1.026999999999999968e-33
7.893600000000000364e+03 3.474257175342225503e-15 1.093000000000000076e-33
7.919199999999999818e+03 3.529836216018611195e-15 1.242000000000000052e-33
7.944699999999999818e+03 3.542313143517391536e-15 1.368000000000000040e-33
7.970300000000000182e+03 3.501479562612291916e-15 2.831000000000000061e-34
7.995899999999999636e+03 3.190690641279033895e-15 2.941000000000000098e-34
8.021500000000000000e+03 2.860619195629478338e-15 2.608000000000000130e-34
8.047000000000000000e+03 2.488579902938571084e-15 2.118999999999999891e-34
8.072600000000000364e+03 2.223161627055423358e-15 1.411000000000000031e-34
8.098199999999999818e+03 2.058693037298772406e-15 1.863000000000000035e-34
8.123699999999999818e+03 1.965683214126045297e-15 1.873000000000000058e-34
8.149300000000000182e+03 1.878344721634582517e-15 1.838000000000000085e-34
8.174899999999999636e+03 1.776260769371833270e-15 1.496999999999999927e-34
8.200500000000000000e+03 1.690056543016622961e-15 1.956999999999999907e-34
8.226000000000000000e+03 1.635611768476490135e-15 7.725999999999999353e-34
8.251600000000000364e+03 1.623134840977709597e-15 8.306999999999999629e-34
8.277200000000000728e+03 1.595912453707643183e-15 9.339999999999999483e-34
8.302700000000000728e+03 1.484754372354871996e-15 2.379999999999999866e-34
8.328299999999999272e+03 1.307808855099440506e-15 2.374000000000000152e-34
8.353899999999999636e+03 1.106476615914574177e-15 2.084000000000000132e-34
8.379500000000000000e+03 9.772837029953842371e-16 6.721000000000000162e-34
8.405000000000000000e+03 9.790985288133884674e-16 2.023000000000000186e-34
8.430600000000000364e+03 1.059971704328211017e-15 1.444999999999999980e-34
8.456200000000000728e+03 1.188710910792900047e-15 6.689000000000000260e-34
8.481700000000000728e+03 1.327091379415737648e-15 8.121999999999999315e-34
8.507299999999999272e+03 1.530125017804982882e-15 7.813000000000000342e-34
8.532899999999999636e+03 1.798946092096888614e-15 7.750999999999999303e-34
8.558399999999999636e+03 2.110869279566399501e-15 9.427999999999999854e-34
8.584000000000000000e+03 2.429598063853427189e-15 9.017000000000000607e-34
8.609600000000000364e+03 2.666659686330255637e-15 1.146000000000000004e-33
8.635200000000000728e+03 2.755132444957970888e-15 1.415000000000000083e-33
8.660700000000000728e+03 2.844739469721939794e-15 1.479999999999999953e-33
8.686299999999999272e+03 2.915063970169611165e-15 1.371000000000000068e-33
8.711899999999999636e+03 2.977448607663513263e-15 1.126999999999999939e-33
8.737399999999999636e+03 2.983119938344777592e-15 2.887999999999999913e-34
8.763000000000000000e+03 2.926406631532139034e-15 3.006000000000000139e-34
8.788600000000000364e+03 2.810711485634356975e-15 3.690000000000000073e-34
8.814200000000000728e+03 2.658719823376485970e-15 3.537000000000000088e-34
8.839700000000000728e+03 2.477237241576043215e-15 3.478999999999999998e-34
8.865299999999999272e+03 2.294620393639347594e-15 3.164999999999999838e-34
8.890899999999999636e+03 2.149434328198993390e-15 2.790999999999999969e-34
8.916399999999999636e+03 2.042813311391233468e-15 2.467000000000000001e-34
8.942000000000000000e+03 1.932789496174715344e-15 3.231000000000000117e-34
8.967600000000000364e+03 1.814825818004427158e-15 3.067999999999999895e-34
8.993200000000000728e+03 1.679848147790347958e-15 3.159000000000000124e-34
9.018700000000000728e+03 1.510842493488685740e-15 3.809999999999999919e-34
9.044299999999999272e+03 1.396281613727156350e-15 3.721999999999999975e-34
9.069899999999999636e+03 1.367924960320837071e-15 3.852999999999999867e-34
9.095399999999999636e+03 1.366790694184584402e-15 3.659999999999999791e-34
9.121000000000000000e+03 1.363387895775826002e-15 4.288999999999999921e-34
9.146600000000000364e+03 1.407624275089684022e-15 1.479999999999999953e-33
9.172100000000000364e+03 1.483620106218619327e-15 1.820999999999999854e-33
9.197700000000000728e+03 1.536930614622499288e-15 1.945999999999999946e-33
9.223299999999999272e+03 1.627671905522720863e-15 2.079999999999999952e-33
