3.776699999999999818e+03 5.849954079900333721e-16 2.907999999999999941e-32
3.802300000000000182e+03 5.153097701855481980e-16 2.410999999999999907e-32
3.827900000000000091e+03 5.266564331767547126e-16 4.097999999999999891e-32
3.853400000000000091e+03 2.997231733526246187e-16 2.925000000000000112e-32
3.879000000000000000e+03 4.765598456306731182e-16 1.639000000000000080e-32
3.904599999999999909e+03 4.012008763305846375e-16 3.097000000000000043e-32
3.930099999999999909e+03 7.050987653120494960e-16 1.051999999999999952e-32
3.955699999999999818e+03 7.944804973654213681e-16 2.339000000000000051e-32
3.981300000000000182e+03 1.024625076904043931e-15 1.846000000000000009e-32
4.006800000000000182e+03 1.205315332839483216e-15 1.113000000000000036e-32
4.032400000000000091e+03 1.110046181309541899e-15 1.744000000000000076e-32
4.058000000000000000e+03 1.168920376075235954e-15 1.500000000000000016e-32
4.083599999999999909e+03 1.073651224545294440e-15 1.255999999999999955e-32
4.109100000000000364e+03 8.461827447687491479e-16 1.111999999999999969e-32
4.134699999999999818e+03 7.535896930008847078e-16 1.392999999999999887e-32
4.160300000000000182e+03 8.537828680930477980e-16 1.002999999999999982e-32
4.185800000000000182e+03 7.905198697175473654e-16 1.039000000000000047e-32
4.211399999999999636e+03 8.422221171208751452e-16 7.097999999999999375e-33
4.237000000000000000e+03 8.286275303295239317e-16 8.707999999999999581e-33
4.262600000000000364e+03 7.693251596018976004e-16 7.336000000000000131e-33
4.288100000000000364e+03 8.819354375900979954e-16 8.993000000000000039e-33
4.313699999999999818e+03 8.782959419136732494e-16 6.248999999999999770e-33
4.339300000000000182e+03 9.610409465570940446e-16 7.081999999999999681e-33
4.364800000000000182e+03 9.793454689297007943e-16 7.229000000000000550e-33
4.390399999999999636e+03 9.781679850343870829e-16 5.745999999999999885e-33
4.416000000000000000e+03 9.335306410029426567e-16 6.072999999999999711e-33
4.441600000000000364e+03 8.964934202957968807e-16 4.206000000000000223e-33
4.467100000000000364e+03 7.213694518654775864e-16 5.347000000000000066e-33
4.492699999999999818e+03 7.605475523822849430e-16 5.299999999999999681e-33
4.518300000000000182e+03 8.837551854283103191e-16 4.298000000000000176e-33
4.543800000000000182e+03 1.029120924504333329e-15 4.294999999999999977e-33
4.569399999999999636e+03 1.100412222166064590e-15 4.352000000000000342e-33
4.595000000000000000e+03 1.203174453029821636e-15 4.793000000000000214e-33
4.620500000000000000e+03 1.116468820738526641e-15 5.152000000000000113e-33
4.646100000000000364e+03 1.155004657312435484e-15 4.197000000000000309e-33
4.671699999999999818e+03 9.928330117305689880e-16 3.354999999999999801e-33
4.697300000000000182e+03 8.718733024846884094e-16 2.875000000000000075e-33
4.722800000000000182e+03 7.158031643603573983e-16 3.197000000000000254e-33
4.748399999999999636e+03 6.588557614233587858e-16 3.146999999999999669e-33
4.774000000000000000e+03 5.325438526533240589e-16 2.979000000000000141e-33
4.799500000000000000e+03 4.870501566980149808e-16 3.008000000000000015e-33
4.825100000000000364e+03 4.916530482887873986e-16 2.462000000000000011e-33
4.850699999999999818e+03 5.955927630478583532e-16 2.830000000000000165e-33
4.876300000000000182e+03 6.110070976774218904e-16 2.193999999999999998e-33
4.901800000000000182e+03 6.030858423816739835e-16 1.964000000000000115e-33
4.927399999999999636e+03 6.861519789965441341e-16 2.264999999999999925e-33
4.953000000000000000e+03 7.729646552783223464e-16 2.108000000000000102e-33
4.978500000000000000e+03 8.137484156523758882e-16 1.695000000000000037e-33
5.004100000000000364e+03 8.992765640483569747e-16 2.015000000000000082e-33
5.029699999999999818e+03 9.208994501259392136e-16 1.650000000000000127e-33
5.055300000000000182e+03 7.815281745169686682e-16 2.117000000000000015e-33
5.080800000000000182e+03 6.221396726876621680e-16 1.497999999999999951e-33
5.106399999999999636e+03 5.612316421027895528e-16 1.631999999999999957e-33
5.132000000000000000e+03 6.737348761005069279e-16 1.567000000000000087e-33
5.157500000000000000e+03 7.433134699145090821e-16 2.088999999999999866e-33
5.183100000000000364e+03 8.969215962577291573e-16 1.806999999999999950e-33
5.208699999999999818e+03 1.028050484599502342e-15 1.638000000000000014e-33
5.234199999999999818e+03 1.025802560799357840e-15 1.666000000000000163e-33
5.259800000000000182e+03 1.043357775238582958e-15 1.549999999999999984e-33
5.285399999999999636e+03 1.062625693525537379e-15 2.113000000000000092e-33
5.311000000000000000e+03 1.067549717087759054e-15 1.578999999999999858e-33
5.336500000000000000e+03 1.023340549018246904e-15 1.785999999999999923e-33
5.362100000000000364e+03 1.007176906455301735e-15 1.499000000000000018e-33
5.387699999999999818e+03 8.810790856662333435e-16 1.518000000000000082e-33
5.413199999999999818e+03 7.943734533749382497e-16 1.397999999999999980e-33
5.438800000000000182e+03 7.459895696765860577e-16 1.525999999999999929e-33
5.464399999999999636e+03 6.672051926810389694e-16 1.481999999999999915e-33
5.490000000000000000e+03 5.656204457125958322e-16 1.214999999999999969e-33
5.515500000000000000e+03 5.558794425786356016e-16 1.054999999999999946e-33
5.541100000000000364e+03 5.663697536459773656e-16 8.668000000000000688e-34
5.566699999999999818e+03 5.967702469431722619e-16 1.250999999999999965e-33
5.592199999999999818e+03 5.651922697506635555e-16 1.268999999999999964e-33
5.617800000000000182e+03 4.332070294850256699e-16 1.234000000000000033e-33
5.643399999999999636e+03 3.626650397566757946e-16 7.908999999999999193e-34
5.668899999999999636e+03 3.916739611775904960e-16 8.051999999999999797e-34
5.694500000000000000e+03 3.384730979074996493e-16 9.261000000000000393e-34
5.720100000000000364e+03 2.650409204361066601e-16 7.434000000000000141e-34
5.745699999999999818e+03 1.862565434405595718e-16 4.968000000000000378e-34
5.771199999999999818e+03 2.347474711293949316e-16 8.677000000000000259e-34
5.796800000000000182e+03 1.867917633929749916e-16 7.722000000000000113e-34
5.822399999999999636e+03 2.369953949295396305e-16 5.609999999999999746e-34
5.847899999999999636e+03 3.037908449909816414e-16 8.353000000000000290e-34
5.873500000000000000e+03 3.088219125436864344e-16 8.345000000000000101e-34
5.899100000000000364e+03 4.301027537610163190e-16 7.819000000000000056e-34
5.924699999999999818e+03 4.525819917624631605e-16 9.261999999999999775e-34
5.950199999999999818e+03 4.476579682002414860e-16 9.441000000000000376e-34
5.975800000000000182e+03 4.249646422178284569e-16 8.276999999999999347e-34
6.001399999999999636e+03 3.675890633188975184e-16 7.535000000000000179e-34
6.026899999999999636e+03 3.411491976695766249e-16 7.927999999999999428e-34
6.052500000000000000e+03 3.098923524485172739e-16 6.117999999999999792e-34
6.078100000000000364e+03 2.947991497904029442e-16 5.653999999999999932e-34
6.103699999999999818e+03 3.234869392398684381e-16 5.727000000000000162e-34
6.129199999999999818e+03 3.837527058818425890e-16 7.348999999999999626e-34
6.154800000000000182e+03 4.136179792266219423e-16 8.649999999999999834e-34
6.180399999999999636e+03 4.494777160384538097e-16 6.065000000000000035e-34
6.205899999999999636e+03 4.795570773641993506e-16 8.325999999999999865e-34
6.231500000000000000e+03 5.053546790706217305e-16 6.110999999999999840e-34
6.257100000000000364e+03 5.784657245705655122e-16 8.118000000000000075e-34
6.282600000000000364e+03 6.483654503560168246e-16 8.359999999999999387e-34
6.308199999999999818e+03 6.718080842718114858e-16 8.347999999999999958e-34
6.333800000000000182e+03 6.574641895470787388e-16 1.013999999999999960e-33
6.359399999999999636e+03 6.417287229460659449e-16 8.330000000000000815e-34
6.384899999999999636e+03 5.997674786766983957e-16 6.358000000000000339e-34
6.410500000000000000e+03 6.203199248494499429e-16 5.691000000000000166e-34
6.436100000000000364e+03 6.463316145368383626e-16 5.166999999999999741e-34
6.461600000000000364e+03 6.531824299277555779e-16 5.844999999999999961e-34
6.487199999999999818e+03 6.665629287381405544e-16 4.222000000000000260e-34
6.512800000000000182e+03 6.598191573377064576e-16 6.124999999999999744e-34
6.538399999999999636e+03 6.812279554343225582e-16 7.013000000000000229e-34
6.563899999999999636e+03 6.889351227491043267e-16 1.186999999999999990e-33
6.589500000000000000e+03 6.474020544416691528e-16 1.008000000000000074e-33
6.615100000000000364e+03 5.621950380171373231e-16 8.150000000000000832e-34
6.640600000000000364e+03 4.760246256782577231e-16 5.143000000000000029e-34
6.666199999999999818e+03 4.105137035026126408e-16 4.413000000000000289e-34
6.691800000000000182e+03 3.064669447530586663e-16 3.663000000000000076e-34
6.717399999999999636e+03 2.473786620063983747e-16 2.865000000000000010e-34
6.742899999999999636e+03 2.229726321762560911e-16 3.198999999999999788e-34
6.768500000000000000e+03 1.864706314215257348e-16 3.359000000000000152e-34
6.794100000000000364e+03 1.866847194024919224e-16 3.303999999999999920e-34
6.819600000000000364e+03 2.068089896133109712e-16 3.094999999999999893e-34
6.845199999999999818e+03 2.012427021081908077e-16 3.357999999999999915e-34
6.870800000000000182e+03 1.987806903270799704e-16 2.502000000000000187e-34
6.896300000000000182e+03 1.900030831074673870e-16 3.139000000000000079e-34
6.921899999999999636e+03 2.049892417750986228e-16 3.152999999999999982e-34
6.947500000000000000e+03 2.002793061938430866e-16 2.842000000000000107e-34
6.973100000000000364e+03 1.910735230122981772e-16 2.647999999999999793e-34
6.998600000000000364e+03 2.338911192055302797e-16 3.054999999999999801e-34
7.024199999999999818e+03 2.550858293211801433e-16 2.831999999999999870e-34
7.049800000000000182e+03 2.618296007216142401e-16 2.685999999999999837e-34
7.075300000000000182e+03 2.812045629990517307e-16 3.739999999999999973e-34
7.100899999999999636e+03 2.937287098855721047e-16 3.562999999999999848e-34
7.126500000000000000e+03 3.012217892193877349e-16 3.312999999999999919e-34
7.152100000000000364e+03 3.167431678394343413e-16 2.300000000000000112e-34
7.177600000000000364e+03 3.411491976695766249e-16 3.335000000000000012e-34
7.203199999999999818e+03 3.835386179008764507e-16 3.902999999999999768e-34
7.228800000000000182e+03 4.161870349982158487e-16 3.038000000000000041e-34
7.254300000000000182e+03 4.765598456306731182e-16 3.060999999999999943e-34
7.279899999999999636e+03 5.322227206818748021e-16 2.835000000000000155e-34
7.305500000000000000e+03 6.193565289351021725e-16 4.113000000000000032e-34
7.331100000000000364e+03 6.579994094994941339e-16 4.304000000000000062e-34
7.356600000000000364e+03 6.258862123545700324e-16 4.453999999999999762e-34
7.382199999999999818e+03 5.502061110830322950e-16 4.348000000000000247e-34
7.407800000000000182e+03 4.834106610215902348e-16 3.649000000000000172e-34
7.433300000000000182e+03 4.189701787507759921e-16 3.022999999999999900e-34
7.458899999999999636e+03 3.874992455487504042e-16 2.442999999999999860e-34
7.484500000000000000e+03 3.477859250795276525e-16 2.795000000000000064e-34
7.510000000000000000e+03 3.228446752969699738e-16 3.605999999999999796e-34
7.535600000000000364e+03 2.806693430466363356e-16 3.350999999999999963e-34
7.561199999999999818e+03 2.350686031008441884e-16 4.131000000000000031e-34
7.586800000000000182e+03 2.114118812040834382e-16 4.276999999999999637e-34
7.612300000000000182e+03 2.022060980225385288e-16 2.914000000000000100e-34
7.637899999999999636e+03 2.231867201572222787e-16 4.693000000000000072e-34
7.663500000000000000e+03 2.683592841410821000e-16 5.136000000000000077e-34
7.689000000000000000e+03 3.280898308306408558e-16 4.727999999999999831e-34
7.714600000000000364e+03 3.621298198042603995e-16 3.202999999999999882e-34
7.740199999999999818e+03 4.250716862083115260e-16 3.721999999999999975e-34
7.765800000000000182e+03 4.998954355559846609e-16 3.829000000000000155e-34
7.791300000000000182e+03 5.589837183026448538e-16 3.623999999999999794e-34
7.816899999999999636e+03 5.730064810559284426e-16 3.476999999999999951e-34
7.842500000000000000e+03 5.451750435303276006e-16 4.197999999999999692e-34
7.868000000000000000e+03 4.826613530882087014e-16 4.060999999999999657e-34
7.893600000000000364e+03 4.287111818847362720e-16 4.453999999999999762e-34
7.919199999999999818e+03 3.792568582815532405e-16 3.593999999999999940e-34
7.944699999999999818e+03 3.038978889814647105e-16 3.415000000000000195e-34
7.970300000000000182e+03 2.747819235700669400e-16 3.526000000000000041e-34
7.995899999999999636e+03 2.549787853306970741e-16 3.593999999999999940e-34
8.021500000000000000e+03 2.334629432435979537e-16 3.128000000000000032e-34
8.047000000000000000e+03 1.874340273358734559e-16 7.598999999999999983e-35
8.072600000000000364e+03 1.837945316594487592e-16 2.500000000000000140e-34
8.098199999999999818e+03 1.789775520877101292e-16 2.572999999999999943e-34
8.123699999999999818e+03 1.735183085730730596e-16 2.709999999999999977e-34
8.149300000000000182e+03 1.761944083351500351e-16 2.964000000000000000e-34
8.174899999999999636e+03 1.776930242019131760e-16 2.685000000000000027e-34
8.200500000000000000e+03 2.018849660510892966e-16 3.233999999999999974e-34
8.226000000000000000e+03 2.276825677575116273e-16 2.646000000000000173e-34
8.251600000000000364e+03 2.315361514149025116e-16 3.229000000000000070e-34
8.277200000000000728e+03 2.328206793006994894e-16 4.442999999999999716e-34
8.302700000000000728e+03 1.971750304698337604e-16 5.457000000000000188e-34
8.328299999999999272e+03 1.423685073424966791e-16 6.209000000000000021e-34
8.353899999999999636e+03 1.495404547048630772e-16 5.306000000000000250e-34
8.379500000000000000e+03 1.759803203541838722e-16 5.273000000000000111e-34
8.405000000000000000e+03 2.131245850518127174e-16 4.672999999999999599e-34
8.430600000000000364e+03 2.808834310276024739e-16 3.398000000000000006e-34
8.456200000000000728e+03 3.597748520136325821e-16 4.438999999999999621e-34
8.481700000000000728e+03 4.562214874388879065e-16 5.102999999999999937e-34
8.507299999999999272e+03 5.740769209607591342e-16 4.420999999999999623e-34
8.532899999999999636e+03 7.161242963318066551e-16 4.520000000000000041e-34
8.558399999999999636e+03 8.347290377870595149e-16 3.938999999999999764e-34
8.584000000000000000e+03 8.987413440959415796e-16 5.289999999999999872e-34
8.609600000000000364e+03 9.241107698404315843e-16 6.478999999999999995e-34
8.635200000000000728e+03 9.347081248982563682e-16 6.285000000000000109e-34
8.660700000000000728e+03 9.116936669443941809e-16 5.576999999999999607e-34
8.686299999999999272e+03 8.747634902277316219e-16 6.473999999999999663e-34
8.711899999999999636e+03 8.679126748368144066e-16 8.167999999999999975e-34
8.737399999999999636e+03 8.588139356457526896e-16 9.928999999999999949e-34
8.763000000000000000e+03 7.880578579364366267e-16 1.484999999999999943e-33
8.788600000000000364e+03 6.756616679292023700e-16 1.474000000000000067e-33
8.814200000000000728e+03 5.703303812938513684e-16 1.525000000000000034e-33
8.839700000000000728e+03 4.936868841079659592e-16 1.319000000000000035e-33
8.865299999999999272e+03 4.243223782749299926e-16 8.671999999999999927e-34
8.890899999999999636e+03 3.702651630809744940e-16 6.739000000000000160e-34
8.916399999999999636e+03 3.187770036586128526e-16 6.718999999999999687e-34
8.942000000000000000e+03 2.961907216666829419e-16 7.623999999999999933e-34
8.967600000000000364e+03 2.574407971118079607e-16 7.490999999999999993e-34
8.993200000000000728e+03 2.131245850518127174e-16 1.455000000000000003e-34
9.018700000000000728e+03 2.276825677575116273e-16 6.642999999999999599e-34
9.044299999999999272e+03 2.391362747392012110e-16 5.285999999999999777e-34
9.069899999999999636e+03 2.067019456228279020e-16 5.392000000000000147e-34
9.095399999999999636e+03 1.919298749361628291e-16 4.790000000000000015e-34
9.121000000000000000e+03 2.043469778322001585e-16 6.296000000000000155e-34
9.146600000000000364e+03 2.138738929851943001e-16 1.456000000000000026e-34
9.172100000000000364e+03 2.381728788248534899e-16 1.676999999999999910e-34
9.197700000000000728e+03 2.747819235700669400e-16 6.412000000000000334e-34
9.223299999999999272e+03 3.181347397157143883e-16 9.000000000000000846e-34
