3.776699999999999818e+03 1.088523018986732853e-15 9.400999999999999771e-33
3.802300000000000182e+03 1.123148005674183685e-15 9.101000000000000370e-33
3.827900000000000091e+03 9.811855602556357855e-16 4.042000000000000116e-36
3.853400000000000091e+03 7.785211850506504520e-16 7.170000000000000052e-33
3.879000000000000000e+03 6.689114615681891071e-16 8.789000000000000277e-37
3.904599999999999909e+03 6.785415359906364351e-16 1.702999999999999944e-37
3.930099999999999909e+03 9.165883194668602661e-16 3.006999999999999949e-33
3.955699999999999818e+03 1.339554172470750894e-15 1.803000000000000026e-32
3.981300000000000182e+03 1.785350876071679324e-15 1.585999999999999981e-32
4.006800000000000182e+03 1.889225836134031426e-15 1.951000000000000005e-32
4.032400000000000091e+03 1.734495426874486074e-15 1.966999999999999973e-32
4.058000000000000000e+03 1.689050131847206832e-15 1.593000000000000035e-32
4.083599999999999909e+03 1.509433013406056059e-15 1.391000000000000028e-32
4.109100000000000364e+03 1.277878414933729234e-15 1.092000000000000009e-32
4.134699999999999818e+03 1.156690961527651716e-15 9.323999999999999446e-33
4.160300000000000182e+03 1.232433119906450190e-15 7.748000000000000130e-33
4.185800000000000182e+03 1.224858904068570382e-15 8.084000000000000554e-33
4.211399999999999636e+03 1.285452630771609042e-15 8.694000000000000020e-33
4.237000000000000000e+03 1.307093247451265665e-15 6.563999999999999483e-33
4.262600000000000364e+03 1.264894044925935222e-15 5.561999999999999979e-33
4.288100000000000364e+03 1.393655714169892745e-15 5.824999999999999659e-33
4.313699999999999818e+03 1.449921317537000200e-15 6.058000000000000083e-33
4.339300000000000182e+03 1.494284581730296443e-15 4.850999999999999962e-33
4.364800000000000182e+03 1.681475916009327024e-15 5.300999999999999747e-33
4.390399999999999636e+03 1.473725995884622622e-15 4.966000000000000074e-33
4.416000000000000000e+03 1.419624454185480771e-15 3.568000000000000265e-33
4.441600000000000364e+03 1.148034714855789106e-15 4.347000000000000010e-33
4.467100000000000364e+03 1.193480009883067954e-15 1.003000000000000084e-33
4.492699999999999818e+03 1.139378468183926300e-15 4.123000000000000184e-33
4.518300000000000182e+03 1.403393991675738156e-15 3.301000000000000320e-33
4.543800000000000182e+03 1.504022859236141854e-15 4.049000000000000058e-33
4.569399999999999636e+03 1.765874321059988305e-15 3.612999999999999833e-33
4.595000000000000000e+03 1.960639871176898694e-15 3.299000000000000187e-33
4.620500000000000000e+03 2.027725782883834756e-15 3.497999999999999721e-33
4.646100000000000364e+03 2.030971875385782963e-15 3.458999999999999867e-33
4.671699999999999818e+03 1.964967994512829900e-15 2.999000000000000101e-33
4.697300000000000182e+03 1.695542316851104036e-15 2.704000000000000006e-33
4.722800000000000182e+03 1.375261189992184528e-15 2.679000000000000056e-33
4.748399999999999636e+03 1.101507388994527063e-15 1.989000000000000065e-33
4.774000000000000000e+03 1.005855863270444252e-15 2.356999999999999878e-33
4.799500000000000000e+03 8.998168415401263493e-16 2.220000000000000015e-33
4.825100000000000364e+03 8.727660706905555222e-16 2.262000000000000068e-33
4.850699999999999818e+03 9.696078303320191188e-16 1.795999999999999903e-33
4.876300000000000182e+03 1.114491759002321076e-15 1.929999999999999910e-33
4.901800000000000182e+03 1.217284688230690376e-15 1.644000000000000070e-33
4.927399999999999636e+03 1.133968314014012095e-15 1.995999999999999846e-33
4.953000000000000000e+03 1.338472141636768092e-15 1.801999999999999960e-33
4.978500000000000000e+03 1.538647845923592686e-15 1.765999999999999963e-33
5.004100000000000364e+03 1.619800158472305562e-15 1.774999999999999877e-33
5.029699999999999818e+03 1.665245453499584410e-15 2.021000000000000138e-33
5.055300000000000182e+03 1.460741625876828610e-15 1.350999999999999937e-33
5.080800000000000182e+03 1.141542529851891903e-15 1.546000000000000061e-33
5.106399999999999636e+03 1.074023805811362918e-15 1.185999999999999924e-33
5.132000000000000000e+03 1.106917543164441268e-15 1.360999999999999917e-33
5.157500000000000000e+03 1.269222168261866428e-15 1.263000000000000078e-33
5.183100000000000364e+03 1.550550185097403898e-15 1.409000000000000026e-33
5.208699999999999818e+03 1.691214193515172633e-15 1.350999999999999937e-33
5.234199999999999818e+03 1.737741519376434676e-15 1.638000000000000014e-33
5.259800000000000182e+03 1.806991492751336143e-15 1.209999999999999979e-33
5.285399999999999636e+03 1.892471928635980028e-15 1.471999999999999935e-33
5.311000000000000000e+03 1.999592981200280732e-15 1.296999999999999942e-33
5.336500000000000000e+03 2.023397659547903155e-15 1.193999999999999942e-33
5.362100000000000364e+03 1.966050025346812899e-15 1.028999999999999930e-33
5.387699999999999818e+03 1.850272726110649388e-15 1.293000000000000018e-33
5.413199999999999818e+03 1.676065761839412820e-15 1.257999999999999917e-33
5.438800000000000182e+03 1.571108770943077718e-15 1.170000000000000059e-33
5.464399999999999636e+03 1.393655714169892745e-15 1.043000000000000004e-33
5.490000000000000000e+03 1.306011216617283060e-15 1.280000000000000010e-33
5.515500000000000000e+03 1.245417489914244202e-15 1.010000000000000036e-33
5.541100000000000364e+03 1.249745613250175606e-15 1.619999999999999844e-33
5.566699999999999818e+03 1.281124507435677639e-15 1.348999999999999975e-33
5.592199999999999818e+03 1.210792503226793567e-15 1.677999999999999934e-33
5.617800000000000182e+03 9.641976761621051112e-16 2.711000000000000129e-33
5.643399999999999636e+03 7.965910999781638292e-16 7.133999999999999885e-34
5.668899999999999636e+03 7.139239442618751299e-16 7.330000000000000246e-34
5.694500000000000000e+03 6.561434977271916546e-16 6.971999999999999900e-34
5.720100000000000364e+03 5.951169586905597747e-16 8.131999999999999979e-34
5.745699999999999818e+03 4.438490480997592889e-16 1.085000000000000015e-34
5.771199999999999818e+03 3.757893086422389032e-16 6.184000000000000071e-34
5.796800000000000182e+03 3.726514192236886802e-16 5.930999999999999858e-34
5.822399999999999636e+03 4.173392926671798132e-16 7.973000000000000707e-34
5.847899999999999636e+03 5.410154169914180218e-16 5.903000000000000051e-34
5.873500000000000000e+03 6.368833488822972943e-16 5.307999999999999870e-34
5.899100000000000364e+03 7.678090797942204210e-16 8.566999999999999795e-34
5.924699999999999818e+03 8.749301323585211253e-16 6.023000000000000324e-34
5.950199999999999818e+03 8.563192020140163473e-16 6.041999999999999705e-34
5.975800000000000182e+03 8.381410840031046899e-16 5.925000000000000143e-34
6.001399999999999636e+03 7.878266502229029396e-16 4.938000000000000096e-34
6.026899999999999636e+03 7.398926842774632541e-16 6.094000000000000080e-34
6.052500000000000000e+03 6.992083249197086346e-16 6.114999999999999935e-34
6.078100000000000364e+03 7.029954328386485386e-16 4.042999999999999659e-34
6.103699999999999818e+03 7.235540186843223593e-16 3.811000000000000157e-34
6.129199999999999818e+03 8.069785959843990197e-16 5.335000000000000295e-34
6.154800000000000182e+03 9.385535453967118274e-16 4.507000000000000375e-34
6.180399999999999636e+03 9.980652412657678838e-16 5.882999999999999577e-34
6.205899999999999636e+03 1.027929292283694192e-15 5.400000000000000336e-34
6.231500000000000000e+03 1.060390217303179224e-15 5.393999999999999767e-34
6.257100000000000364e+03 1.127476129010115088e-15 5.759000000000000064e-34
6.282600000000000364e+03 1.168593300701462730e-15 4.892000000000000290e-34
6.308199999999999818e+03 1.123148005674183685e-15 4.987999999999999996e-34
6.333800000000000182e+03 1.093933173156647255e-15 4.557000000000000275e-34
6.359399999999999636e+03 1.131804252346046492e-15 3.755999999999999924e-34
6.384899999999999636e+03 1.176167516539342538e-15 3.449000000000000144e-34
6.410500000000000000e+03 1.272468260763815029e-15 4.592000000000000034e-34
6.436100000000000364e+03 1.382835405830064336e-15 4.809000000000000251e-34
6.461600000000000364e+03 1.435854916695223385e-15 5.533000000000000276e-34
6.487199999999999818e+03 1.441265070865137393e-15 4.420000000000000241e-34
6.512800000000000182e+03 1.465069749212759816e-15 4.524000000000000136e-34
6.538399999999999636e+03 1.524581445081815872e-15 6.484999999999999710e-34
6.563899999999999636e+03 1.505104890070124656e-15 8.629000000000000834e-34
6.589500000000000000e+03 1.442347101699120195e-15 2.399000000000000102e-34
6.615100000000000364e+03 1.321159648293042676e-15 3.461000000000000000e-34
6.640600000000000364e+03 1.114491759002321076e-15 1.535999999999999995e-34
6.666199999999999818e+03 9.128012115479203621e-16 4.705000000000000356e-34
6.691800000000000182e+03 7.262590957692795603e-16 3.263999999999999829e-34
6.717399999999999636e+03 5.989040666094996786e-16 2.766999999999999829e-34
6.742899999999999636e+03 5.372283090724780192e-16 3.060000000000000134e-34
6.768500000000000000e+03 4.627845876944589073e-16 2.981000000000000189e-34
6.794100000000000364e+03 4.322713181761429674e-16 2.694999999999999836e-34
6.819600000000000364e+03 4.242642900046699895e-16 2.754000000000000163e-34
6.845199999999999818e+03 4.098732799126982854e-16 4.617999999999999794e-35
6.870800000000000182e+03 4.165818710833918521e-16 5.422999999999999598e-35
6.896300000000000182e+03 4.095486706625033957e-16 3.398999999999999816e-34
6.921899999999999636e+03 4.136603878316381894e-16 4.104999999999999843e-34
6.947500000000000000e+03 4.414685802649970762e-16 2.763000000000000162e-34
6.973100000000000364e+03 4.806380964551757242e-16 3.269999999999999971e-34
6.998600000000000364e+03 5.027115254684255657e-16 3.013000000000000091e-34
7.024199999999999818e+03 5.290048747342085304e-16 2.575999999999999800e-34
7.049800000000000182e+03 5.838638380171383429e-16 2.583999999999999989e-34
7.075300000000000182e+03 6.180560123709958574e-16 3.011999999999999853e-34
7.100899999999999636e+03 6.327716317131624512e-16 2.500000000000000140e-34
7.126500000000000000e+03 6.657735721496388840e-16 2.725000000000000118e-34
7.152100000000000364e+03 6.809220038253986971e-16 2.640999999999999841e-34
7.177600000000000364e+03 6.984509033359206735e-16 3.253000000000000210e-34
7.203199999999999818e+03 7.771145449664728100e-16 3.908000000000000100e-34
7.228800000000000182e+03 8.513418601776952630e-16 5.021000000000000135e-34
7.254300000000000182e+03 9.393109669804998871e-16 4.562999999999999989e-34
7.279899999999999636e+03 1.100425358160544064e-15 3.719999999999999928e-34
7.305500000000000000e+03 1.290862784941523444e-15 3.764000000000000114e-34
7.331100000000000364e+03 1.447757255869034597e-15 3.377000000000000151e-34
7.356600000000000364e+03 1.521335352579867270e-15 3.724999999999999832e-34
7.382199999999999818e+03 1.454249440872931406e-15 3.949999999999999811e-34
7.407800000000000182e+03 1.286534661605591844e-15 3.750000000000000210e-34
7.433300000000000182e+03 1.100425358160544064e-15 3.623999999999999794e-34
7.458899999999999636e+03 9.514297123211076587e-16 3.105999999999999939e-34
7.484500000000000000e+03 8.739563046079366039e-16 2.894000000000000055e-34
7.510000000000000000e+03 8.236418708277347550e-16 2.820000000000000014e-34
7.535600000000000364e+03 7.537426789524435081e-16 2.527000000000000137e-34
7.561199999999999818e+03 6.707509139859599683e-16 5.174999999999999503e-35
7.586800000000000182e+03 6.049634392798035644e-16 6.890000000000000526e-35
7.612300000000000182e+03 5.614657997536935624e-16 3.496000000000000187e-34
7.637899999999999636e+03 5.477240081621115885e-16 2.840999999999999870e-34
7.663500000000000000e+03 5.926282877723992325e-16 3.708000000000000071e-34
7.689000000000000000e+03 6.428345184692028999e-16 4.442999999999999716e-34
7.714600000000000364e+03 7.092712116757489847e-16 4.892999999999999672e-34
7.740199999999999818e+03 8.175824981574308692e-16 3.514999999999999995e-34
7.765800000000000182e+03 1.001203130684318107e-15 3.249999999999999925e-34
7.791300000000000182e+03 1.193480009883067954e-15 3.524999999999999804e-34
7.816899999999999636e+03 1.291944815775506246e-15 3.679000000000000027e-34
7.842500000000000000e+03 1.294108877443471652e-15 3.737000000000000116e-34
7.868000000000000000e+03 1.216202657396707575e-15 4.034000000000000088e-34
7.893600000000000364e+03 1.111245666500372474e-15 4.569999999999999941e-34
7.919199999999999818e+03 1.026414449116118270e-15 4.060000000000000275e-34
7.944699999999999818e+03 9.374715145627290259e-16 3.658999999999999981e-34
7.970300000000000182e+03 8.166086704068463478e-16 3.832000000000000012e-34
7.995899999999999636e+03 6.791907544910261160e-16 4.294000000000000253e-34
8.021500000000000000e+03 5.733681389275047736e-16 4.280000000000000349e-34
8.047000000000000000e+03 5.200240188121508832e-16 3.164999999999999838e-34
8.072600000000000364e+03 4.843170012907173480e-16 2.646999999999999983e-34
8.098199999999999818e+03 4.470951406017077921e-16 2.617999999999999939e-34
8.123699999999999818e+03 4.291334287575926950e-16 2.705999999999999883e-34
8.149300000000000182e+03 4.258873362556441918e-16 2.419999999999999958e-34
8.174899999999999636e+03 4.374650661792605626e-16 2.925999999999999956e-34
8.200500000000000000e+03 4.751197392018632392e-16 2.941000000000000098e-34
8.226000000000000000e+03 5.150466769758299962e-16 3.357999999999999915e-34
8.251600000000000364e+03 5.503208821636704108e-16 4.874999999999999674e-34
8.277200000000000728e+03 5.618986120872866830e-16 5.900000000000000193e-34
8.302700000000000728e+03 5.284638593172171296e-16 7.162999999999999929e-34
8.328299999999999272e+03 4.430916265159713278e-16 7.251999999999999683e-34
8.353899999999999636e+03 3.764385271426286334e-16 6.574999999999999701e-34
8.379500000000000000e+03 3.758975117256371834e-16 5.202999999999999738e-34
8.405000000000000000e+03 4.226412437536956886e-16 3.841000000000000011e-34
8.430600000000000364e+03 5.130990214746607562e-16 3.312000000000000109e-34
8.456200000000000728e+03 6.442411585533805419e-16 3.002000000000000044e-34
8.481700000000000728e+03 7.949680537271895283e-16 2.314000000000000015e-34
8.507299999999999272e+03 1.011482423607155017e-15 3.287999999999999969e-34
8.532899999999999636e+03 1.202136256554930563e-15 3.847000000000000153e-34
8.558399999999999636e+03 1.379589313328115931e-15 5.079999999999999607e-34
8.584000000000000000e+03 1.487792396726399437e-15 6.472000000000000043e-34
8.609600000000000364e+03 1.535401753421644282e-15 5.502999999999999994e-34
8.635200000000000728e+03 1.515925198409953263e-15 5.432999999999999621e-34
8.660700000000000728e+03 1.507268951738090456e-15 4.240999999999999640e-34
8.686299999999999272e+03 1.507268951738090456e-15 4.665000000000000265e-34
8.711899999999999636e+03 1.488874427560382435e-15 7.185000000000000022e-34
8.737399999999999636e+03 1.446675225035051795e-15 1.535000000000000014e-33
8.763000000000000000e+03 1.347128388308630702e-15 2.009000000000000026e-33
8.788600000000000364e+03 1.209710472392810569e-15 2.813000000000000062e-33
8.814200000000000728e+03 1.072617165727185177e-15 2.181999999999999885e-33
8.839700000000000728e+03 9.539183832392682008e-16 1.624000000000000110e-33
8.865299999999999272e+03 8.437676443398154551e-16 1.206999999999999951e-33
8.890899999999999636e+03 7.353481547747353890e-16 7.016000000000000086e-34
8.916399999999999636e+03 6.399130352174491386e-16 7.144999999999999931e-34
8.942000000000000000e+03 6.042060176960155047e-16 6.149999999999999694e-34
8.967600000000000364e+03 6.156755445362335954e-16 6.404000000000000145e-34
8.993200000000000728e+03 5.591935350023296792e-16 5.919999999999999811e-34
9.018700000000000728e+03 4.952455127139440379e-16 4.384999999999999626e-34
9.044299999999999272e+03 4.755525515354563598e-16 4.417000000000000383e-34
9.069899999999999636e+03 4.808545026219722845e-16 4.369000000000000103e-34
9.095399999999999636e+03 5.059576179703741675e-16 3.883000000000000150e-34
9.121000000000000000e+03 5.411236200748162033e-16 6.250000000000000350e-34
9.146600000000000364e+03 5.779126684302327373e-16 7.985000000000000136e-34
9.172100000000000364e+03 6.451067832205667831e-16 6.427999999999999858e-34
9.197700000000000728e+03 7.237704248511189196e-16 6.055000000000000226e-34
9.223299999999999272e+03 7.911809458082497230e-16 1.038000000000000014e-33
