3.776699999999999818e+03 1.788589847005823773e-15 5.694000000000000263e-32
3.802300000000000182e+03 1.423050288804722756e-15 5.129999999999999473e-32
3.827900000000000091e+03 1.093426189378839086e-15 4.013000000000000232e-34
3.853400000000000091e+03 1.018402786603940819e-15 5.818000000000000391e-34
3.879000000000000000e+03 1.027182120971216035e-15 2.726000000000000168e-32
3.904599999999999909e+03 1.406289741376288020e-15 2.804000000000000149e-32
3.930099999999999909e+03 2.146946313451881163e-15 2.303000000000000123e-32
3.955699999999999818e+03 2.657743949366083753e-15 1.926000000000000123e-32
3.981300000000000182e+03 3.178119040953676662e-15 2.122999999999999935e-32
4.006800000000000182e+03 3.516522474746836139e-15 1.577999999999999997e-32
4.032400000000000091e+03 3.513329989522372568e-15 2.005000000000000034e-32
4.058000000000000000e+03 3.117461821688865650e-15 1.702999999999999952e-32
4.083599999999999909e+03 2.567556241774982141e-15 1.372999999999999927e-32
4.109100000000000364e+03 2.196429834431069676e-15 1.352999999999999967e-32
4.134699999999999818e+03 2.193237349206606105e-15 1.041000000000000043e-32
4.160300000000000182e+03 2.129387644717330732e-15 8.468999999999999443e-33
4.185800000000000182e+03 2.223565958839011611e-15 8.592000000000000087e-33
4.211399999999999636e+03 2.170091831329243437e-15 7.003000000000000591e-33
4.237000000000000000e+03 2.146148192145765468e-15 5.874000000000000177e-33
4.262600000000000364e+03 2.271453237205968338e-15 5.260999999999999827e-33
4.288100000000000364e+03 2.279434450267127267e-15 4.361000000000000256e-33
4.313699999999999818e+03 2.334504820389127621e-15 3.280000000000000293e-33
4.339300000000000182e+03 2.435866226265851733e-15 3.555000000000000086e-33
4.364800000000000182e+03 2.557978786101590638e-15 3.480999999999999960e-33
4.390399999999999636e+03 2.414316951000721640e-15 3.072999999999999885e-33
4.416000000000000000e+03 1.888355010270316494e-15 2.367999999999999925e-33
4.441600000000000364e+03 1.665679165863968976e-15 2.490000000000000160e-33
4.467100000000000364e+03 1.600233218762461817e-15 1.636000000000000018e-32
4.492699999999999818e+03 1.854035794107330932e-15 1.302999999999999930e-32
4.518300000000000182e+03 2.270655115899852248e-15 2.484000000000000103e-33
4.543800000000000182e+03 2.603471700550199883e-15 2.442000000000000050e-33
4.569399999999999636e+03 2.984175563567503457e-15 2.332999999999999994e-33
4.595000000000000000e+03 3.489386350338894205e-15 2.332999999999999994e-33
4.620500000000000000e+03 4.024925746742690459e-15 2.241000000000000041e-33
4.646100000000000364e+03 4.050465628538400608e-15 2.373999999999999981e-33
4.671699999999999818e+03 4.206099283231008985e-15 2.577999999999999847e-33
4.697300000000000182e+03 3.989808409273589595e-15 1.598000000000000094e-33
4.722800000000000182e+03 3.385630580543821822e-15 1.407999999999999960e-33
4.748399999999999636e+03 2.727978624304286269e-15 1.185000000000000029e-33
4.774000000000000000e+03 2.366429672633764913e-15 1.154999999999999918e-33
4.799500000000000000e+03 2.120608310350055318e-15 1.335999999999999967e-33
4.825100000000000364e+03 1.843660217127823733e-15 1.229000000000000043e-33
4.850699999999999818e+03 2.040796179738461299e-15 1.067000000000000059e-33
4.876300000000000182e+03 2.451030531082054684e-15 1.173999999999999982e-33
4.901800000000000182e+03 2.380795856143852168e-15 1.003000000000000084e-33
4.927399999999999636e+03 2.321734879491272546e-15 8.810000000000000199e-34
4.953000000000000000e+03 2.862063003731764552e-15 9.295999999999999297e-34
4.978500000000000000e+03 3.381639974013242160e-15 1.051000000000000023e-33
5.004100000000000364e+03 3.396006157523329021e-15 1.100000000000000027e-33
5.029699999999999818e+03 3.181311526178140628e-15 8.705999999999999449e-34
5.055300000000000182e+03 2.745537293038837095e-15 7.005000000000000040e-34
5.080800000000000182e+03 2.237932142349098471e-15 4.031999999999999613e-34
5.106399999999999636e+03 2.241124627573562437e-15 4.561000000000000370e-34
5.132000000000000000e+03 2.322533000797388242e-15 5.905999999999999908e-34
5.157500000000000000e+03 2.448636167163707202e-15 6.037999999999999610e-34
5.183100000000000364e+03 2.532438904305880883e-15 7.078000000000000270e-34
5.208699999999999818e+03 2.745537293038837095e-15 4.019000000000000118e-33
5.234199999999999818e+03 2.918729616465996298e-15 2.963999999999999829e-33
5.259800000000000182e+03 3.233189411075677017e-15 2.743999999999999926e-33
5.285399999999999636e+03 3.718447165194169457e-15 7.205999999999999878e-34
5.311000000000000000e+03 3.980230953600198092e-15 5.702000000000000212e-34
5.336500000000000000e+03 4.186146250578110677e-15 5.396999999999999624e-34
5.362100000000000364e+03 4.325019357842284318e-15 5.112000000000000364e-34
5.387699999999999818e+03 4.332202449597327550e-15 5.940999999999999667e-34
5.413199999999999818e+03 4.093564179068661583e-15 4.857999999999999913e-34
5.438800000000000182e+03 3.950700465273908281e-15 4.488000000000000139e-34
5.464399999999999636e+03 3.900418822988603284e-15 4.367999999999999865e-34
5.490000000000000000e+03 3.857320272458343098e-15 4.257000000000000019e-34
5.515500000000000000e+03 3.771123171397821147e-15 4.096000000000000272e-34
5.541100000000000364e+03 3.850935302009415166e-15 5.803999999999999632e-34
5.566699999999999818e+03 3.970653497926806589e-15 1.098999999999999961e-33
5.592199999999999818e+03 3.684127949031183895e-15 1.850000000000000069e-33
5.617800000000000182e+03 3.224410076708401998e-15 3.046000000000000144e-33
5.643399999999999636e+03 2.850889305446140869e-15 4.957999999999999714e-34
5.668899999999999636e+03 2.575537454836141858e-15 3.294000000000000111e-34
5.694500000000000000e+03 2.283425056797707322e-15 2.865999999999999820e-34
5.720100000000000364e+03 1.969763383494142299e-15 2.912999999999999863e-34
5.745699999999999818e+03 1.632158071007099307e-15 3.755999999999999924e-34
5.771199999999999818e+03 1.380749859580577871e-15 2.629999999999999795e-34
5.796800000000000182e+03 1.366383676070491010e-15 1.890000000000000032e-34
5.822399999999999636e+03 1.551547819089389395e-15 2.646000000000000173e-34
5.847899999999999636e+03 1.811735364883186047e-15 2.999999999999999997e-34
5.873500000000000000e+03 1.950608472147359687e-15 1.903000000000000169e-33
5.899100000000000364e+03 2.185256136145446387e-15 2.725999999999999928e-34
5.924699999999999818e+03 2.398354524878402994e-15 2.840000000000000060e-34
5.950199999999999818e+03 2.490936596387852088e-15 2.628999999999999985e-34
5.975800000000000182e+03 2.538823874754808026e-15 2.442999999999999860e-34
6.001399999999999636e+03 2.510889629040750395e-15 3.325000000000000203e-34
6.026899999999999636e+03 2.384786462674431829e-15 2.667000000000000029e-34
6.052500000000000000e+03 2.243518991491910313e-15 2.095000000000000179e-34
6.078100000000000364e+03 2.223565958839011611e-15 2.503999999999999807e-34
6.103699999999999818e+03 2.262673902838692925e-15 2.210999999999999930e-34
6.129199999999999818e+03 2.352063489123678053e-15 2.075000000000000133e-34
6.154800000000000182e+03 2.491734717693967783e-15 2.044000000000000041e-34
6.180399999999999636e+03 2.730372988222634145e-15 2.289999999999999875e-34
6.205899999999999636e+03 2.794222692711909518e-15 2.404000000000000007e-34
6.231500000000000000e+03 2.735161716059329896e-15 2.156999999999999935e-34
6.257100000000000364e+03 2.589105517040112628e-15 2.446000000000000145e-34
6.282600000000000364e+03 2.433471862347504252e-15 2.379999999999999866e-34
6.308199999999999818e+03 2.304974332062837810e-15 2.086999999999999990e-34
6.333800000000000182e+03 2.352861610429794143e-15 4.574000000000000036e-34
6.359399999999999636e+03 2.471781685041069476e-15 1.857999999999999917e-34
6.384899999999999636e+03 2.740748565202141738e-15 2.525999999999999900e-34
6.410500000000000000e+03 3.094316303811502982e-15 2.298999999999999874e-34
6.436100000000000364e+03 3.419949796706807384e-15 1.730000000000000095e-34
6.461600000000000364e+03 3.653001218092661904e-15 2.035000000000000042e-34
6.487199999999999818e+03 3.784691233601792312e-15 2.269000000000000020e-34
6.512800000000000182e+03 3.821404813683125355e-15 2.217999999999999882e-34
6.538399999999999636e+03 3.834174754580980430e-15 2.287000000000000018e-34
6.563899999999999636e+03 3.878071426417357495e-15 3.157000000000000077e-34
6.589500000000000000e+03 3.796663053193531296e-15 5.839999999999999629e-34
6.615100000000000364e+03 3.589151513603387320e-15 7.258999999999999635e-34
6.640600000000000364e+03 3.274691718993705812e-15 4.287000000000000301e-34
6.666199999999999818e+03 2.880419793772431074e-15 1.691000000000000028e-34
6.691800000000000182e+03 2.498917809449011411e-15 1.354999999999999989e-34
6.717399999999999636e+03 2.185256136145446387e-15 1.648000000000000079e-34
6.742899999999999636e+03 2.012861934024403274e-15 1.714999999999999954e-34
6.768500000000000000e+03 1.884364403739736833e-15 1.821999999999999920e-34
6.794100000000000364e+03 1.762251843903997731e-15 2.021999999999999948e-34
6.819600000000000364e+03 1.707979595088113861e-15 1.343999999999999942e-34
6.845199999999999818e+03 1.673660378925128299e-15 1.177000000000000053e-34
6.870800000000000182e+03 1.610608795741969016e-15 1.416999999999999959e-34
6.896300000000000182e+03 1.495679327661273542e-15 1.403000000000000055e-34
6.921899999999999636e+03 1.433425865784229955e-15 6.085999999999999890e-34
6.947500000000000000e+03 1.470139445865563393e-15 1.109999999999999965e-34
6.973100000000000364e+03 1.518824845538635618e-15 1.315999999999999921e-34
6.998600000000000364e+03 1.574693336966751471e-15 1.291999999999999995e-34
7.024199999999999818e+03 1.662486680639505207e-15 1.235999999999999953e-34
7.049800000000000182e+03 1.727134506434896473e-15 1.011999999999999998e-34
7.075300000000000182e+03 1.777416148720200879e-15 8.849999999999999862e-35
7.100899999999999636e+03 1.811735364883186047e-15 1.070999999999999897e-34
7.126500000000000000e+03 1.835679004066664410e-15 1.205000000000000074e-34
7.152100000000000364e+03 1.847650823658403395e-15 9.927999999999999284e-35
7.177600000000000364e+03 1.854035794107330932e-15 1.155999999999999984e-34
7.203199999999999818e+03 1.909106164229330892e-15 9.176999999999999261e-34
7.228800000000000182e+03 2.077509759819794343e-15 1.334000000000000005e-33
7.254300000000000182e+03 2.239528384961330257e-15 1.213000000000000007e-33
7.279899999999999636e+03 2.389575190511127581e-15 2.030999999999999947e-34
7.305500000000000000e+03 2.585913031815649057e-15 8.057000000000000129e-34
7.331100000000000364e+03 2.819762574507619667e-15 9.942999999999999852e-34
7.356600000000000364e+03 2.925912708221039925e-15 1.621000000000000082e-34
7.382199999999999818e+03 2.913142767323184456e-15 1.793000000000000089e-34
7.407800000000000182e+03 2.809386997528112468e-15 1.388999999999999938e-34
7.433300000000000182e+03 2.652955221529388001e-15 1.318999999999999992e-34
7.458899999999999636e+03 2.556382543489359246e-15 7.042000000000000274e-34
7.484500000000000000e+03 2.538025753448692330e-15 1.008999999999999970e-33
7.510000000000000000e+03 2.594692366182924470e-15 2.224999999999999834e-34
7.535600000000000364e+03 2.586711153121764753e-15 2.336000000000000108e-34
7.561199999999999818e+03 2.463800471979909758e-15 2.181000000000000076e-34
7.586800000000000182e+03 2.293002512471098431e-15 2.190999999999999885e-34
7.612300000000000182e+03 1.949012229535127901e-15 1.878999999999999986e-34
7.637899999999999636e+03 1.614599402272548678e-15 7.618999999999999601e-34
7.663500000000000000e+03 1.553144061701621180e-15 1.131000000000000034e-33
7.689000000000000000e+03 1.676852864149592068e-15 1.724999999999999977e-33
7.714600000000000364e+03 1.797369181373099186e-15 1.430000000000000053e-33
7.740199999999999818e+03 2.013660055330519365e-15 4.706999999999999975e-34
7.765800000000000182e+03 2.280232571573243357e-15 3.880999999999999675e-34
7.791300000000000182e+03 2.505302779897938948e-15 9.657999999999999737e-34
7.816899999999999636e+03 2.806194512303648502e-15 7.330999999999999628e-34
7.842500000000000000e+03 2.943471376955590357e-15 1.665000000000000054e-34
7.868000000000000000e+03 3.053612117199590671e-15 1.288999999999999924e-33
7.893600000000000364e+03 3.122250549525561007e-15 1.443000000000000061e-33
7.919199999999999818e+03 3.154973523076314783e-15 1.445000000000000023e-33
7.944699999999999818e+03 3.112673093852170293e-15 1.515999999999999949e-33
7.970300000000000182e+03 2.898776583813097596e-15 1.838999999999999895e-34
7.995899999999999636e+03 2.572344969611677892e-15 1.686999999999999933e-34
8.021500000000000000e+03 2.230749050594054844e-15 7.899000000000000239e-34
8.047000000000000000e+03 1.941031016473968578e-15 6.956000000000000377e-34
8.072600000000000364e+03 1.755068752148954301e-15 6.794999999999999775e-34
8.098199999999999818e+03 1.680045349374055836e-15 5.091999999999999891e-34
8.123699999999999818e+03 1.617791887497012446e-15 6.387000000000000384e-34
8.149300000000000182e+03 1.585068913946258867e-15 7.153000000000000120e-34
8.174899999999999636e+03 1.510843632477476492e-15 6.315000000000000391e-34
8.200500000000000000e+03 1.483707508069534360e-15 7.402000000000000239e-34
8.226000000000000000e+03 1.537181635579302534e-15 7.772999999999999396e-34
8.251600000000000364e+03 1.549951576477157412e-15 9.444000000000000233e-34
8.277200000000000728e+03 1.493284963742925469e-15 2.601000000000000178e-34
8.302700000000000728e+03 1.382346102192809853e-15 4.204000000000000261e-34
8.328299999999999272e+03 1.184412018276056592e-15 4.864999999999999865e-34
8.353899999999999636e+03 1.008825330930549513e-15 2.238999999999999908e-33
8.379500000000000000e+03 9.377925346862307099e-16 6.715999999999999830e-34
8.405000000000000000e+03 9.585436886452451075e-16 1.126000000000000044e-33
8.430600000000000364e+03 1.054318245379157970e-15 8.472999999999999709e-34
8.456200000000000728e+03 1.192393231337215915e-15 5.998999999999999756e-34
8.481700000000000728e+03 1.359998705621563473e-15 8.073999999999999889e-34
8.507299999999999272e+03 1.558730910844432825e-15 7.416000000000000143e-34
8.532899999999999636e+03 1.818120335332113584e-15 6.382000000000000052e-34
8.558399999999999636e+03 2.146946313451881163e-15 8.447000000000000376e-34
8.584000000000000000e+03 2.424692527980228839e-15 1.337000000000000033e-33
8.609600000000000364e+03 2.563565635244402479e-15 1.473000000000000001e-33
8.635200000000000728e+03 2.615443520141938473e-15 1.636999999999999947e-33
8.660700000000000728e+03 2.708823712957503657e-15 1.608000000000000074e-33
8.686299999999999272e+03 2.794222692711909518e-15 9.884999999999999763e-34
8.711899999999999636e+03 2.812579482752576039e-15 7.957000000000000328e-34
8.737399999999999636e+03 2.790232086181329856e-15 4.298999999999999729e-34
8.763000000000000000e+03 2.709621834263619747e-15 1.036999999999999948e-33
8.788600000000000364e+03 2.580326182672837215e-15 1.275999999999999915e-33
8.814200000000000728e+03 2.422298164061880963e-15 1.141000000000000014e-33
8.839700000000000728e+03 2.234739657124634900e-15 9.762999999999999870e-34
8.865299999999999272e+03 2.080702245044258309e-15 7.852000000000000196e-34
8.890899999999999636e+03 1.980937081779765588e-15 5.173999999999999693e-34
8.916399999999999636e+03 1.909106164229330892e-15 4.005000000000000043e-34
8.942000000000000000e+03 1.880373797209157171e-15 3.416999999999999814e-34
8.967600000000000364e+03 1.856430158025678808e-15 3.884999999999999769e-34
8.993200000000000728e+03 1.739904447332751351e-15 2.174000000000000038e-33
9.018700000000000728e+03 1.615397523578664768e-15 1.944999999999999880e-33
9.044299999999999272e+03 1.498871812885737311e-15 1.698999999999999960e-33
9.069899999999999636e+03 1.448590170600433102e-15 3.402999999999999911e-34
9.095399999999999636e+03 1.527604179905911031e-15 3.891999999999999721e-34
9.121000000000000000e+03 1.668871651088432547e-15 1.769000000000000163e-33
9.146600000000000364e+03 1.794974817454751311e-15 2.507999999999999987e-33
9.172100000000000364e+03 1.878777554596924991e-15 4.705000000000000356e-34
9.197700000000000728e+03 1.947415986922895721e-15 4.385999999999999864e-34
9.223299999999999272e+03 2.099059035084924831e-15 4.113000000000000032e-34
