5.409231750003527850e+01 1.406609746625388409e-02 1.447239891748711149e-01
5.409231750003527850e+01 3.822372990820188665e-02 1.472384469999143686e-01
5.409231750003527850e+01 3.957759972404905485e-02 1.472788976528620342e-01
5.409231750003527850e+01 5.181870529269790027e-02 1.485048115203123631e-01
5.510537412500707433e+01 9.045841699924458967e-02 1.518586752286172348e-01
5.510537412500707433e+01 2.358889704735316756e-02 1.451575424537803194e-01
5.510537412500707433e+01 3.430128367717578258e-02 1.462310528542359322e-01
5.510537412500707433e+01 4.916029151981153589e-02 1.477201047350850949e-01
5.510537412500707433e+01 6.143013498539662970e-02 1.489496911034111082e-01
5.510537412500707433e+01 1.002599512426984862e-01 1.528409072292320203e-01
5.510537412500707433e+01 2.625959840022809577e-02 1.458089472385976360e-01
5.510537412500707433e+01 4.509289359960882981e-02 1.480459487368022131e-01
5.795359025998040892e+01 -8.689406787511595731e-02 1.367458694377315931e-01
5.795359025998040892e+01 -8.689400409490019572e-02 1.367458760334869239e-01
5.795359025998040892e+01 -5.746393422771333553e-02 1.417956825228470497e-01
5.795359025998040892e+01 -5.744088661317591632e-02 1.417980374120764997e-01
5.795359025998040892e+01 -5.744087816453533751e-02 1.417980382983221044e-01
5.894022647512611002e+01 -1.892464196769406623e-02 1.488067438768793938e-01
5.894022647512611002e+01 3.147515867807759715e-03 1.518031543230805580e-01
5.894022647512611002e+01 3.111115217689832974e-03 1.517992239735999893e-01
6.095212000003084540e+01 1.326768300778452536e-01 1.663132198152628693e-01
6.095212000003084540e+01 1.477034574152726321e-01 1.618756249468318309e-01
6.095212000003084540e+01 1.477357712994086247e-01 1.618788295402323330e-01
6.154203000012785196e+01 -2.024408109725117089e-01 1.287171547791424453e-01
6.394775552854740397e+01 1.131113941999997152e-01 1.650916646275482624e-01
6.394775552854740397e+01 3.836412017829900212e-02 1.487541214447421767e-01
6.394775552854740397e+01 3.834679921534522862e-02 1.487523150356409030e-01
6.394775552854740397e+01 -1.434866036191293111e-02 1.421541068684464282e-01
6.593925925018265843e+01 -1.556318946498255404e-02 1.405863327619687186e-01
6.593925925018265843e+01 -1.553572864263033128e-02 1.405891766944166177e-01
6.593925925018265843e+01 -1.553400815642651776e-02 1.405893177616436007e-01
6.703600955714604481e+01 -1.762387320999137322e-02 1.386383341968337179e-01
6.703600955714604481e+01 -2.751264281449534652e-02 1.379497597495237260e-01
6.703600955714604481e+01 -1.823160857012106131e-02 1.392443203032511512e-01
6.703600955714604481e+01 -2.914265369290691340e-02 1.351246870346519691e-01
6.777608999982476234e+01 1.127099917948059388e-02 1.510110987565773943e-01
6.910370100010186434e+01 -3.600295711451832747e-02 1.331696946096590506e-01
6.910370100010186434e+01 -3.110189699083175038e-02 1.337787134064658545e-01
6.910370100010186434e+01 -3.355468407363294825e-02 1.338135691322718812e-01
6.975583525720450950e+01 -2.199528103624349973e-02 1.361159513502863960e-01
6.975583525720450950e+01 -1.110200690534488346e-02 1.373541541958407941e-01
6.975583525720450950e+01 -2.499448376136285607e-02 1.358112477592510192e-01
6.975583525720450950e+01 -5.368303440051143405e-02 1.311835077118404524e-01
7.103167406260035932e+01 3.155535638969753781e-02 1.411723169834811775e-01
7.103167406260035932e+01 2.490103843747516407e-02 1.404961654327901988e-01
7.103167406260035932e+01 2.673098154846128074e-02 1.408173507461644991e-01
7.103167406260035932e+01 2.416899344772313954e-02 1.412603349755507942e-01
7.195887729991227388e+01 6.960508078421426270e-02 1.515293719006560735e-01
7.195887729991227388e+01 6.961053019034178779e-02 1.515299751250839821e-01
7.195887729991227388e+01 6.960552769181456434e-02 1.515294194380603365e-01
7.299889348750002682e+01 6.608111437262255417e-02 1.468047275649469185e-01
7.299889348750002682e+01 3.626855754718670555e-02 1.411698170471152869e-01
7.299889348750002682e+01 5.780363138179573507e-02 1.432227141372606205e-01
7.299889348750002682e+01 1.707533329637434677e-02 1.371927731618823032e-01
7.364077059999108599e+01 1.173703438297022811e-01 1.593665621242186248e-01
7.364077059999108599e+01 4.586768754863443376e-02 1.399995087344607092e-01
7.364077059999108599e+01 2.798297577211240200e-02 1.386185215286455108e-01
7.364077059999108599e+01 4.201581158166180219e-02 1.397359406559077200e-01
7.496906036926576178e+01 1.104955541236989081e-02 1.381211057412439491e-01
7.496906036926576178e+01 1.286288649693389597e-03 1.369944569971603965e-01
7.496906036926576178e+01 1.043399738371005199e-02 1.379243747790518948e-01
7.496906036926576178e+01 1.308836168870338736e-04 1.368196942585180875e-01
7.496906036926576178e+01 1.232919341244724347e-02 1.404702464129413131e-01
7.496906036926576178e+01 1.233292126952272548e-02 1.404707517272681949e-01
7.496906036926576178e+01 -9.332254128326692919e-04 1.411989113208487467e-01
7.496906036926576178e+01 -9.331684446369499335e-04 1.411989172992103581e-01
7.496906036926576178e+01 -8.718778518447957253e-04 1.412053665963380333e-01
7.673330535553395748e+01 1.144962930392694339e-01 1.644815019487127772e-01
7.673330535553395748e+01 4.017770431518790687e-03 1.377226263537483508e-01
7.673330535553395748e+01 -3.441310219854939317e-02 1.362177554499478804e-01
7.673330535553395748e+01 -9.416664046621456632e-03 1.380372517594651294e-01
7.751954000000841916e+01 4.106941575961390450e-02 1.394436293099754753e-01
7.751954000000841916e+01 -2.107429364432541335e-02 1.329750077031536526e-01
7.751954000000841916e+01 -1.498800779996343775e-03 1.349491098307483150e-01
7.751954000000841916e+01 -2.954827658104479393e-02 1.319441230801089715e-01
8.094063947501126677e+01 -5.957754389224208247e-02 1.422645899256562430e-01
8.094063947501126677e+01 -5.956210623322591435e-02 1.422660886567875815e-01
8.094063947501126677e+01 -9.810014124491345244e-02 1.271779309505806088e-01
8.094063947501126677e+01 -9.811839795471101466e-02 1.271758868982957869e-01
8.094063947501126677e+01 -5.805404830788907927e-02 1.409374752464045422e-01
8.094063947501126677e+01 -5.805539071302152215e-02 1.409371344462344300e-01
8.094063947501126677e+01 -1.073779058339953824e-01 1.327696373704710942e-01
8.094063947501126677e+01 -1.074134795699955569e-01 1.327656725237277568e-01
8.161679450003430247e+01 -1.347043559304780258e-01 1.198331439981315666e-01
8.161679450003430247e+01 -1.280829052843180937e-01 1.204971995880128460e-01
8.161679450003430247e+01 -1.467490531154650724e-01 1.186251989538297524e-01
8.161679450003430247e+01 -1.302941224665757070e-01 1.203811713656886551e-01
8.390496559996002190e+01 -8.757807659090998190e-03 1.353067977219064855e-01
8.390496559996002190e+01 -1.157040225644927200e-02 1.350174522171725955e-01
8.390496559996002190e+01 1.627543665948335758e-02 1.380016602845037799e-01
8.390496559996002190e+01 1.219641887216738572e-02 1.375817759614108571e-01
8.506118279993533804e+01 1.762825692641763198e-02 1.384008811584511722e-01
8.506118279993533804e+01 -2.260916566770085345e-02 1.303921875499489680e-01
8.506118279993533804e+01 3.981209218848646113e-03 1.330612415587970887e-01
8.506118279993533804e+01 -5.750414747233224648e-03 1.320844132865333642e-01
8.555462259994820329e+01 -4.430403988257750059e-02 1.340099134170631978e-01
8.555462259994820329e+01 -8.108807626236629387e-03 1.317344645863584573e-01
8.555462259994820329e+01 -3.206282305560571172e-02 1.293300396324963963e-01
8.555462259994820329e+01 7.699600356249964445e-03 1.333212603678840813e-01
8.704037358332425356e+01 -2.753478089419046995e-02 1.316674998224553195e-01
8.704037358332425356e+01 5.995727610433066596e-02 1.651925254092988793e-01
8.704037358332425356e+01 -7.753635762515725949e-02 1.244328965539117787e-01
8.704037358332425356e+01 -5.565183227630410984e-02 1.266295929285702893e-01
8.790069300006143749e+01 -2.994773729932216633e-02 1.377508416038817629e-01
8.790069300006143749e+01 -4.384223312398979194e-02 1.275071104508829767e-01
8.790069300006143749e+01 -2.139731962854788880e-02 1.297580779605016776e-01
8.906294600002001971e+01 -9.157850163980583991e-02 1.226961006754226230e-01
8.906294600002001971e+01 -8.707135079846477221e-02 1.231489635071808114e-01
8.906294600002001971e+01 -8.141401126860428605e-02 1.237173932957316563e-01
8.906294600002001971e+01 -5.273319821533158092e-02 1.265991415827643907e-01
9.090644206649933778e+01 -1.653594911079978025e-02 1.381036632795168140e-01
9.090644206649933778e+01 -1.652457755913641635e-02 1.381047292053425579e-01
9.090644206649933778e+01 9.692247824890727614e-02 1.544903799418589629e-01
9.189907220005989075e+01 -4.965729703233415920e-02 1.264191949631118528e-01
9.189907220005989075e+01 -3.919597883556848877e-02 1.273302418986021756e-01
9.189907220005989075e+01 -5.888372570386551930e-02 1.253520856061753341e-01
9.189907220005989075e+01 -5.658348800831357328e-02 1.255832054850508916e-01
9.189907220005989075e+01 -8.615859906349503106e-02 1.234324790806995836e-01
9.298097340008243350e+01 -1.384194704083481775e-01 1.232032540216747296e-01
9.298097340008243350e+01 -8.777639234542666813e-02 1.222149512176324143e-01
9.298097340008243350e+01 -6.287833033365072821e-02 1.248549586134323763e-01
9.298097340008243350e+01 -9.001493560179094078e-02 1.221253425914841789e-01
9.386567319991688407e+01 -1.628366443806739394e-01 1.333467971216519832e-01
9.386567319991688407e+01 -6.327420352333897047e-02 1.319321355212385027e-01
9.386567319991688407e+01 -6.328774678497381401e-02 1.319307070442412577e-01
9.499191241251537576e+01 -7.810082655851251221e-02 1.275334650976520656e-01
9.499191241251537576e+01 -1.212656715894142867e-01 1.201770468895958927e-01
9.499191241251537576e+01 -1.223345665487530209e-01 1.211609289821094226e-01
9.499191241251537576e+01 -1.318224635872879413e-01 1.174758222544367292e-01
9.591784354279350566e+01 3.510519128837844005e-02 1.481332120048865497e-01
9.591784354279350566e+01 2.243781026907016099e-02 1.454713749616594609e-01
9.591784354279350566e+01 3.499317170726648496e-02 1.466269521690748701e-01
9.591784354279350566e+01 3.176292373496367172e-02 1.470919174784747485e-01
9.705645679999142317e+01 5.299497670035480112e-02 1.404901680046581058e-01
9.705645679999142317e+01 3.106909215153483284e-02 1.332535132103685460e-01
9.705645679999142317e+01 1.770054212461263932e-02 1.322181332288170919e-01
9.705645679999142317e+01 5.199783398068682366e-02 1.360503450890166721e-01
9.761882879994809059e+01 3.450541194876326906e-02 1.333386909210090565e-01
9.761882879994809059e+01 9.059089286815907166e-03 1.309145358855578756e-01
9.761882879994809059e+01 -1.696710718431184914e-03 1.298338305309636453e-01
9.761882879994809059e+01 2.962047230195772457e-02 1.331279752024149832e-01
9.761882879994809059e+01 -1.707630617636106407e-02 1.285879354606252745e-01
9.893384260001282371e+01 8.708247273856141446e-02 1.471127589381787393e-01
9.893384260001282371e+01 8.705311407384154487e-02 1.471096442387900272e-01
9.893384260001282371e+01 1.046253957638642873e-01 1.431932039063913420e-01
9.893384260001282371e+01 1.046606421838405937e-01 1.431969354397272520e-01
9.977109574992209673e+01 1.864000069961714301e-01 1.487904643555641171e-01
9.977109574992209673e+01 1.701827527842550425e-01 1.471550257862586364e-01
9.977109574992209673e+01 1.836846688234969605e-01 1.481372332862284924e-01
9.977109574992209673e+01 1.621410934560484907e-01 1.458084767453538544e-01
1.009646196000278024e+02 1.887421804934932279e-01 1.638301339594093187e-01
1.009646196000278024e+02 7.718155244040815488e-02 1.370016308939811245e-01
1.009646196000278024e+02 9.614998937948382451e-02 1.389075134279015578e-01
1.009646196000278024e+02 1.882182815724179614e-01 1.480110207526633692e-01
1.017409439666662365e+02 5.572596161487502336e-02 1.377817561305421656e-01
1.017409439666662365e+02 6.460788365800752830e-02 1.386948565303461611e-01
1.017409439666662365e+02 4.014222023710112969e-02 1.389047283238503128e-01
1.017409439666662365e+02 5.215136756610685986e-02 1.401640144209293781e-01
1.017409439666662365e+02 6.930142301085735757e-02 1.369393218510310817e-01
1.017409439666662365e+02 8.057041663513823948e-02 1.374809860825737251e-01
1.017409439666662365e+02 2.273775941655108157e-02 1.362310825262233183e-01
1.017409439666662365e+02 1.226985325636708590e-01 1.428317969856014724e-01
1.028585756250540726e+02 1.286231537015307680e-01 1.426801248000170996e-01
1.028585756250540726e+02 1.208494409108126499e-01 1.418938199334946193e-01
1.028585756250540726e+02 1.067087304274385584e-01 1.402447371242046825e-01
1.028585756250540726e+02 1.788669505160369599e-01 1.505715790837266199e-01
1.028585756250540726e+02 -2.243611158624854473e-04 1.451923086853432188e-01
1.028585756250540726e+02 -9.633885184503520119e-03 1.410128615893460613e-01
1.028585756250540726e+02 -9.633885184503520119e-03 1.398436161936714717e-01
1.028585756250540726e+02 -3.974039509505720297e-02 1.490078880447766596e-01
1.038623650500085205e+02 4.431022253657426052e-02 1.406809899893660121e-01
1.038623650500085205e+02 2.244930428079736084e-02 1.425792381341703108e-01
1.047242100001312792e+02 -3.111612874646784831e-04 2.164750919110537963e-01
1.079037442000117153e+02 8.041372536878092780e-02 1.477818134873143396e-01
1.090393048999055026e+02 1.783842842315707111e-01 1.545975489956436522e-01
1.090393048999055026e+02 1.697376905735139829e-01 1.445366608708161804e-01
1.090393048999055026e+02 1.448108751101570835e-01 1.420293231182636062e-01
1.090393048999055026e+02 1.409147844967228169e-01 1.414804918735991790e-01
1.099395138998515904e+02 2.546973588213311546e-01 1.719983304999206097e-01
1.109394488200079678e+02 2.196229823164567996e-01 1.530673544993272073e-01
1.109394488200079678e+02 2.089173961148722281e-01 1.520957804401175117e-01
1.109394488200079678e+02 1.977828061247702274e-01 1.521796368115780895e-01
1.109394488200079678e+02 1.894758885260416914e-01 1.510939026040469535e-01
1.130648735000286251e+02 1.318842803882142034e-01 1.398852907319514394e-01
1.130648735000286251e+02 1.255025099224729157e-01 1.390724651660180389e-01
1.130648735000286251e+02 1.293280449653543829e-01 1.393027521350454212e-01
1.130648735000286251e+02 1.128267989861563708e-01 1.376447643630065443e-01
1.137232282000477426e+02 1.230213540023043228e-01 1.409432605745922218e-01
1.137232282000477426e+02 1.285745431008164241e-01 1.415110978660164831e-01
1.137232282000477426e+02 1.479955644880063537e-01 1.410075693904541683e-01
1.137232282000477426e+02 1.059825176656165324e-01 1.371054693087632170e-01
1.149419267999939649e+02 2.868325609959454861e-02 1.385750967740863870e-01
1.149419267999939649e+02 2.503841606011432061e-02 1.288116402690253903e-01
1.149419267999939649e+02 -6.334062703875519180e-03 1.256478641380669725e-01
1.149419267999939649e+02 2.621540910005726657e-02 1.287582713598934836e-01
1.158509944001212659e+02 6.351869406646119993e-03 1.392546985156644379e-01
1.158509944001212659e+02 8.185987708924664930e-02 1.411244526372825714e-01
1.158509944001212659e+02 8.596486037759494547e-02 1.453514080752015269e-01
1.178932580999098718e+02 3.190389965823398760e-02 1.359623617536748486e-01
1.178932580999098718e+02 3.187682033278951138e-02 1.359594969702339340e-01
1.178932580999098718e+02 2.963668122023833604e-02 1.371374918816308242e-01
1.178932580999098718e+02 2.964911582845715723e-02 1.371388168321961698e-01
1.190047002501087263e+02 -1.017765779099959796e-03 1.249470190927272073e-01
1.190047002501087263e+02 -3.301022256703871512e-03 1.247170700337979499e-01
1.190047002501087263e+02 -7.854936817882908831e-03 1.244244909234683144e-01
1.190047002501087263e+02 -1.012561035387524698e-02 1.240297588946782936e-01
1.197916010500048287e+02 1.120690490122521789e-02 1.293604682341265300e-01
1.197916010500048287e+02 -2.089681459369505806e-02 1.258729528644634832e-01
1.197916010500048287e+02 -5.374516951738439116e-03 1.265201110145901808e-01
1.197916010500048287e+02 -1.264761569448463047e-02 1.257745493588224850e-01
1.210196817499818280e+02 6.291726956976177731e-02 1.308488153661431508e-01
1.210196817499818280e+02 2.286148901035822689e-02 1.269842236645603029e-01
1.210196817499818280e+02 1.592211428420991712e-02 1.261158859567028945e-01
1.210196817499818280e+02 5.813946068243406456e-02 1.303676374222015599e-01
1.229729682599659952e+02 9.769215144333140421e-02 1.361595010301997200e-01
1.229729682599659952e+02 9.245005112969298389e-02 1.356223370392668492e-01
1.229729682599659952e+02 9.247902881086512983e-02 1.369342453560914163e-01
1.229729682599659952e+02 1.042026520841870946e-01 1.381471448389277046e-01
1.238197841666017922e+02 9.384355310156015928e-02 1.333886835225103762e-01
1.238197841666017922e+02 8.171694646341057244e-02 1.319893874191507832e-01
1.238197841666017922e+02 5.542832181204881969e-02 1.293418335598188473e-01
1.238197841666017922e+02 -4.782552914012980910e-02 1.196600704083536776e-01
1.238197841666017922e+02 7.930499917576872004e-02 1.321136343419351822e-01
1.238197841666017922e+02 -2.374113348434997179e-03 1.244862185854524878e-01
1.249908575712969281e+02 6.761723992477718104e-02 1.345370247676915543e-01
1.249908575712969281e+02 7.067251299599681957e-02 1.349848063760875905e-01
1.249908575712969281e+02 7.237379399274945085e-03 1.241762295070334976e-01
1.254884407499339432e+02 -3.512267045710551483e-02 1.196298062039965887e-01
1.254884407499339432e+02 -6.433350687262523460e-02 1.166915474827436988e-01
1.254884407499339432e+02 -7.391013868815332621e-02 1.157282535341578045e-01
1.254884407499339432e+02 -7.072674441368015374e-02 1.161904131770374882e-01
1.269188807000173256e+02 -1.994641763224272446e-02 1.231625787355153795e-01
1.269188807000173256e+02 -3.525491164959371898e-02 1.215923296849945184e-01
1.269188807000173256e+02 3.751020432116751978e-03 1.276564796487744402e-01
1.269188807000173256e+02 -2.454184509255691315e-03 1.268238970189560222e-01
1.278976968000642955e+02 -6.032547442800847981e-02 1.212808282055591741e-01
1.278976968000642955e+02 -6.032987928249283760e-02 1.212802627384739901e-01
1.296747583554954133e+02 -8.721730423666708421e-02 1.156869682950918549e-01
1.296747583554954133e+02 -8.360746114504896687e-02 1.161521483522644088e-01
1.296747583554954133e+02 -1.431022583838387485e-01 1.080831274181508206e-01
1.296747583554954133e+02 -1.191818768987545352e-01 1.104988867523106350e-01
1.296747583554954133e+02 -2.108482721631005363e-01 1.028211728490602828e-01
1.309054162499960512e+02 -2.250157750055425954e-01 1.008051742526603206e-01
1.309054162499960512e+02 -1.747829943962918020e-01 1.059455755659073628e-01
1.309054162499960512e+02 -2.367402834660793931e-01 9.983509448366766070e-02
1.309054162499960512e+02 4.052669343250249467e-03 1.861374622452861283e-01
1.315321209999965504e+02 -1.707551145492351707e-01 1.059563769035276604e-01
1.315321209999965504e+02 -2.082898560379269903e-01 1.025848936677972861e-01
1.315321209999965504e+02 -1.736184370760320839e-01 1.056640127168297916e-01
1.315321209999965504e+02 -1.896953342784359620e-01 1.044920892344655822e-01
1.370755512500181794e+02 2.419091652083264765e-02 1.236756320542601872e-01
1.370755512500181794e+02 2.756240757456088902e-02 1.240178330047085054e-01
1.370755512500181794e+02 9.688293260969926823e-03 1.219865974131114500e-01
1.370755512500181794e+02 5.948298102822324740e-02 1.268199014082765641e-01
1.375067120000021532e+02 4.999097945564277834e-02 1.259609906454497441e-01
1.375067120000021532e+02 2.617597687133688122e-02 1.240014924368968707e-01
1.375067120000021532e+02 4.086424240946216063e-02 1.257453693321631816e-01
1.375067120000021532e+02 -2.440822263188160285e-02 1.188575878397507557e-01
1.389918460000772029e+02 3.796510062300674504e-03 1.203471767670966225e-01
1.389918460000772029e+02 1.705939897071791916e-02 1.218609501788948668e-01
1.389918460000772029e+02 1.600245103628562034e-03 1.201256931315261151e-01
1.389918460000772029e+02 -9.320599073498532505e-03 1.191967900546020143e-01
1.398215609168013032e+02 1.644377488922331987e-01 2.095661909589957295e-01
1.398215609168013032e+02 -2.289310932034767723e-02 1.629068115591418286e-01
1.398215609168013032e+02 -1.968548636590468012e-02 1.496933889734038681e-01
1.398215609168013032e+02 1.691586612370342135e-01 1.910902638441979440e-01
1.398215609168013032e+02 4.733401690169359438e-02 1.372121038040400309e-01
1.398215609168013032e+02 4.731431754466745160e-02 1.372097145984043365e-01
1.398215609168013032e+02 6.051579493943044959e-03 1.257757433197111974e-01
1.398215609168013032e+02 6.003105795185485934e-03 1.257708219319956799e-01
1.409214524000417441e+02 -1.703061154266860208e-03 1.232993112075957409e-01
1.409214524000417441e+02 -5.951877696891257757e-03 1.228565172450383075e-01
1.409214524000417441e+02 -2.072988564510513596e-02 1.193220787543548406e-01
1.409214524000417441e+02 -6.705087814099829416e-03 1.203534507690884325e-01
1.418585127500118688e+02 -6.443395957920040884e-02 1.166546743681732556e-01
1.418585127500118688e+02 -6.441431888329660072e-02 1.166568088781374385e-01
1.418585127500118688e+02 -4.561461168187411208e-02 1.183305555443258522e-01
1.418585127500118688e+02 -4.562896449810811828e-02 1.183292108793820574e-01
1.418585127500118688e+02 -2.890760983700360956e-02 1.259114197931912316e-01
1.418585127500118688e+02 -2.894818621974553849e-02 1.259071917454080147e-01
1.418585127500118688e+02 -5.250709303594205957e-02 1.189317876050433598e-01
1.418585127500118688e+02 -5.253310077062099681e-02 1.189288806677155225e-01
1.428946551999542862e+02 -1.175610277814541083e-01 1.094224408644112329e-01
1.428946551999542862e+02 -1.180197178236239430e-01 1.095139942233606806e-01
1.428946551999542862e+02 -1.139270900236814404e-01 1.080436536430688516e-01
1.428946551999542862e+02 -1.256482669000210661e-01 1.068560858839264494e-01
1.437557369598653167e+02 -8.445685699538556246e-02 1.159284243199756592e-01
1.437557369598653167e+02 -9.182000902514811380e-02 1.151480390112168822e-01
1.437557369598653167e+02 -9.298742960742900632e-02 1.109014900284638616e-01
1.437557369598653167e+02 -8.461363303082231058e-02 1.118807768816714732e-01
1.449264990000519902e+02 -9.713572968214669034e-02 1.090941264280737150e-01
1.449264990000519902e+02 -1.099726404721168421e-01 1.076277995524736186e-01
1.449264990000519902e+02 -1.099726404721168421e-01 1.077956831105742058e-01
1.449264990000519902e+02 -8.213165250220008651e-02 1.107965086643092345e-01
1.469401972333434969e+02 -2.742402724560855098e-02 1.340809784221863588e-01
1.469401972333434969e+02 1.005356459030159744e-01 1.413429991607481340e-01
1.488861879749456421e+02 3.242459934286153617e-02 1.230921883749355739e-01
1.488861879749456421e+02 3.572173906903221979e-02 1.232380339020094362e-01
1.488861879749456421e+02 9.807877818869402409e-03 1.188588539395361160e-01
1.488861879749456421e+02 2.948217070701893844e-02 1.210342953718910597e-01
1.496721576999989338e+02 1.107348566365190523e-01 1.333146817063215750e-01
1.496721576999989338e+02 1.038154130344746545e-01 1.323291467970180435e-01
1.496721576999989338e+02 8.427388671612465187e-02 1.260317270592027361e-01
1.496721576999989338e+02 4.797741975250271323e-02 1.225486527363982558e-01
1.508794239001581445e+02 4.447054420319115214e-02 1.250994379785717592e-01
1.508794239001581445e+02 6.381331430237821567e-02 1.268740454599477929e-01
1.508794239001581445e+02 -1.512850593446232218e-02 1.159283439565424456e-01
1.508794239001581445e+02 9.447749018925017880e-03 1.184103410492459291e-01
1.517231105500832200e+02 1.130546704351196863e-01 1.330168731389546888e-01
1.517231105500832200e+02 1.179755591915638141e-01 1.336639228347156483e-01
1.517231105500832200e+02 1.633538155246613832e-01 1.342158547014966619e-01
1.517231105500832200e+02 1.439754905456891443e-01 1.322524789915314469e-01
1.528332002500537783e+02 6.479516270088470087e-02 1.295411083185025736e-01
1.528332002500537783e+02 6.476451712332739752e-02 1.295377878932584548e-01
1.534166636666438137e+02 5.260100627004243856e-03 1.174867902308098094e-01
1.534166636666438137e+02 3.235757142730026625e-02 1.202234091287466000e-01
1.534166636666438137e+02 4.337247473918118268e-02 1.213358226371656357e-01
1.534166636666438137e+02 8.616667521350904191e-02 1.256576805184134449e-01
1.534166636666438137e+02 -8.492192982054597985e-05 1.171294075853571842e-01
1.534166636666438137e+02 -1.912446988248064222e-02 1.150241516706974054e-01
1.550087302498286590e+02 -9.839940134854444076e-02 1.068843564902387244e-01
1.550087302498286590e+02 -7.079378675111352992e-02 1.098598124546621979e-01
1.550087302498286590e+02 -4.655854043924989583e-02 1.121280183433450844e-01
1.550087302498286590e+02 -4.451465094459973459e-02 1.125223654347249219e-01
1.558056148499599658e+02 2.875716731092881062e-02 1.228995265912347368e-01
1.558056148499599658e+02 4.285827757391120346e-02 1.244840128689626846e-01
1.558056148499599658e+02 2.711565402254109691e-01 1.441171459619547401e-01
1.558056148499599658e+02 3.802116837655283854e-02 1.207369941066783470e-01
1.565179666000573491e+02 -7.431674792142725638e-02 1.321786516781102150e-01
1.565179666000573491e+02 -3.765242286771147695e-02 1.306724698966054699e-01
1.565179666000573491e+02 -4.943219026693606438e-02 1.184232756165518319e-01
1.565179666000573491e+02 -7.949028648056195856e-02 1.151959125865750083e-01
1.576525271799415293e+02 -1.810708777135488362e-02 1.189745954586179932e-01
1.576525271799415293e+02 -3.612018898565762248e-02 1.171750598535626353e-01
1.576525271799415293e+02 -3.529773527038528730e-02 1.133941964015985210e-01
1.576525271799415293e+02 -5.160992996999719251e-02 1.119582022428282087e-01
1.588114734999447535e+02 7.426229406825829438e-02 1.320652810137131483e-01
1.588114734999447535e+02 6.329961661019441188e-02 1.308812092223295975e-01
1.588114734999447535e+02 6.218386293424293249e-02 1.233529561730016127e-01
1.588114734999447535e+02 2.810708097948672740e-02 1.206748215356315823e-01
1.588114734999447535e+02 8.242149092513093023e-02 1.247078031177398100e-01
1.588114734999447535e+02 5.551220251948531248e-02 1.221984365850284776e-01
1.588114734999447535e+02 3.790030936231148645e-02 1.208786390967451635e-01
1.588114734999447535e+02 2.594181034099352079e-02 1.204527349116363555e-01
1.598621875001117587e+02 7.183977158024569543e-02 1.315089523936950888e-01
1.598621875001117587e+02 7.183622295315789108e-02 1.315084108848833810e-01
1.627945369998924434e+02 7.968488155920194771e-02 1.248039894961081031e-01
1.627945369998924434e+02 7.968488155920194771e-02 1.248038947181422387e-01
1.638285531997680664e+02 1.586442750819038738e-01 1.377814939771541403e-01
1.638285531997680664e+02 1.586834342187237179e-01 1.377855540292151071e-01
1.648883977273309824e+02 4.047122255987533473e-02 1.232819827636602028e-01
1.648883977273309824e+02 7.144891659304734854e-02 1.257801565093898954e-01
1.648883977273309824e+02 -1.071981044824371447e-02 1.149700681288295251e-01
1.648883977273309824e+02 -1.279638445573922680e-02 1.157966973059071786e-01
1.648883977273309824e+02 2.871561668103340785e-03 1.165992022126215444e-01
1.648883977273309824e+02 4.463587175129937745e-02 1.211299347976589474e-01
1.648883977273309824e+02 5.119534793534378375e-02 1.456935461696674539e-01
1.658345717999618500e+02 8.214024034668527055e-03 1.209810218893870581e-01
1.658345717999618500e+02 8.230383745202959206e-03 1.209829207011414026e-01
1.658345717999618500e+02 -1.902649478793772553e-01 1.009819316976480197e-01
1.658345717999618500e+02 -1.902680894179921423e-01 1.009816260435952018e-01
1.668681803249637596e+02 8.338896351393888101e-03 1.177728457424810360e-01
1.668681803249637596e+02 7.027460821367685802e-03 1.176378822588556583e-01
1.668681803249637596e+02 -9.854822826132896008e-02 1.064444814939871919e-01
1.668681803249637596e+02 -1.090094680730731291e-01 1.244775668863248447e-01
1.678144039500039071e+02 -3.753793124516568991e-02 1.137756107545676992e-01
1.678144039500039071e+02 -3.750518367736743047e-02 1.137790282570452505e-01
1.689107502499828115e+02 -1.077188505209208391e-01 1.045411876720274413e-01
1.689107502499828115e+02 -1.077188505209208391e-01 1.043331551503247218e-01
1.689107502499828115e+02 -1.105498604363798626e-01 1.042527284003593735e-01
1.689107502499828115e+02 -1.001311362739061156e-01 1.051047494145488093e-01
1.708664783999168719e+02 7.028766540302994192e-02 1.225924160043624783e-01
1.708664783999168719e+02 9.634875777219241433e-02 1.255220695726968760e-01
1.708664783999168719e+02 3.924836098249657318e-02 1.182201266881472979e-01
1.708664783999168719e+02 6.101130633847071105e-02 1.210222033566844962e-01
1.717322921999730170e+02 6.967152308856057463e-02 1.242263400944719209e-01
1.717322921999730170e+02 1.021993479410040900e-01 1.273657624243939301e-01
1.717322921999730170e+02 8.754979455173315939e-02 1.233943750765735953e-01
1.717322921999730170e+02 5.108997453204593836e-02 1.201396071507736529e-01
1.728505133999511543e+02 9.354352319519641801e-02 1.272187951896740221e-01
1.728505133999511543e+02 1.007067840580694734e-01 1.279641293028132287e-01
1.728505133999511543e+02 9.166372560143075388e-02 1.239051877472040486e-01
1.728505133999511543e+02 5.076321694799218465e-02 1.195411609337541647e-01
1.735204384666867554e+02 1.077403330876677140e-01 1.294801823971683807e-01
1.735204384666867554e+02 1.134227850313839353e-01 1.298762019156715075e-01
1.735204384666867554e+02 8.727349813178277016e-02 1.233860206274539073e-01
1.735204384666867554e+02 3.470094815247424386e-02 1.289034306477749303e-01
1.748469424750073813e+02 8.140449456437502673e-02 1.253763656724110331e-01
1.748469424750073813e+02 7.564840666347674714e-02 1.248958409689526761e-01
1.748469424750073813e+02 3.122580103686406830e-02 1.173477924122545285e-01
1.748469424750073813e+02 5.167247008422986426e-02 1.194194107487648593e-01
1.756795097499853000e+02 6.352748277289800571e-02 1.205355256261982783e-01
1.756795097499853000e+02 5.153530356851430266e-02 1.195327984034498803e-01
1.756795097499853000e+02 5.588204497408668509e-02 1.195612259829148538e-01
1.756795097499853000e+02 5.588204497408668509e-02 1.202003993921518521e-01
1.768575095999209736e+02 2.668276588544813213e-02 1.197375356434964289e-01
1.768575095999209736e+02 5.953875293464802598e-02 1.229790904079003239e-01
1.768575095999209736e+02 1.013344741354735984e-02 1.152150473889410887e-01
1.768575095999209736e+02 4.408748149007470085e-02 1.191223123425091401e-01
1.775426351667847484e+02 5.016305580464001934e-02 1.221453288538140725e-01
1.775426351667847484e+02 2.211612889937849061e-02 1.188928002115389182e-01
1.775426351667847484e+02 3.549558545219117650e-02 1.177242156707644927e-01
1.775426351667847484e+02 -4.887661009915390126e-02 1.142470817147745593e-01
1.787981857499689795e+02 1.402372865132537304e-02 1.183555671110752550e-01
1.787981857499689795e+02 1.433818116378329441e-02 1.183881996502601092e-01
1.787981857499689795e+02 -6.510331051249494683e-02 1.078158717590121107e-01
1.787981857499689795e+02 -2.842257753399106759e-02 1.117875631269344416e-01
1.797302316750283353e+02 4.740935642092498035e-03 1.180313191075669510e-01
1.797302316750283353e+02 -1.414823148928956095e-02 1.160533242002353832e-01
1.797302316750283353e+02 -1.006439096539869099e-02 1.129030193147259054e-01
1.797302316750283353e+02 -1.619457961189738754e-02 1.122808149701705061e-01
1.808312102400232106e+02 -1.552924153401819864e-02 1.160696942112807301e-01
1.808312102400232106e+02 -3.070639629413224325e-02 1.144768661751883465e-01
1.808312102400232106e+02 -2.988349345502640600e-02 1.137046000135460561e-01
1.808312102400232106e+02 -5.232519763217320652e-02 1.115309134912644551e-01
1.814248370922958600e+02 -1.611839494983624901e-02 1.176959182807110621e-01
1.814248370922958600e+02 -1.982183170024516897e-02 1.171648016718259411e-01
1.814248370922958600e+02 -4.429485218389275086e-02 1.099429713711910783e-01
1.814248370922958600e+02 -4.627646729308122070e-02 1.097406353492012127e-01
1.814248370922958600e+02 7.821900780852127089e-02 1.227222685610504516e-01
1.814248370922958600e+02 -2.629509168298055019e-02 1.122855274410210630e-01
1.814248370922958600e+02 -6.968806207258748490e-03 1.137542077836020682e-01
1.814248370922958600e+02 -5.906837138000473053e-02 1.082073297516347038e-01
1.814248370922958600e+02 -6.968806207258748490e-03 1.151292336605013039e-01
1.828015013500116765e+02 3.436251642530918637e-02 1.215190312124135585e-01
1.828015013500116765e+02 4.267157417849139905e-02 1.222628696626417849e-01
1.828015013500116765e+02 4.092622448788882372e-02 1.182877075256866389e-01
1.828015013500116765e+02 1.345639853298668219e-02 1.150418091178994767e-01
1.837213957832815652e+02 9.593432539971222250e-02 1.272530044666533577e-01
1.837213957832815652e+02 1.691966504063205368e-01 1.348212852542096662e-01
1.837213957832815652e+02 1.389555632674791263e-01 1.310417359599611309e-01
1.837213957832815652e+02 2.645984422535837544e-01 1.439187783031994350e-01
1.848915663999505341e+02 8.183695158669668235e-02 1.223035409129077933e-01
1.848915663999505341e+02 8.848850988275544505e-02 1.235110249142022248e-01
1.848915663999505341e+02 1.109277287488587976e-01 1.258072663073436515e-01
1.848915663999505341e+02 9.629526202130812840e-02 1.237767373417668348e-01
1.848915663999505341e+02 5.775998837529339180e-02 1.198502738882976509e-01
1.856658968000672871e+02 1.280429247297428519e-01 1.312045468295929274e-01
1.856658968000672871e+02 1.360798446952234675e-01 1.337095539202645123e-01
1.868637277500238270e+02 1.112750883543471847e-01 1.263031844899633327e-01
1.868637277500238270e+02 2.611747607084038275e-02 1.184687369583587863e-01
1.868637277500238270e+02 1.022567514867663563e-01 1.256903111246882587e-01
1.868637277500238270e+02 5.706645974962352291e-02 1.234997163771717893e-01
1.877106480998918414e+02 3.602772372929218675e-02 1.235078709717363915e-01
1.877106480998918414e+02 3.605114456504903558e-02 1.235102883592376216e-01
1.916693060002289712e+02 1.427796931020697824e-01 1.595932683275673170e-01
1.927770716102677397e+02 -9.426715009910897891e-02 1.149843257687886977e-01
1.927770716102677397e+02 -5.413625671351260382e-02 1.188083957827101161e-01
1.927770716102677397e+02 -2.937983580050377436e-02 1.203664513272293402e-01
1.927770716102677397e+02 7.088770192524111551e-03 1.273649425197937168e-01
1.927770716102677397e+02 -3.224588827321229340e-02 1.256904332371444333e-01
1.927770716102677397e+02 -1.212909565610123391e-01 1.170233987672709419e-01
1.935799396307422455e+02 -1.236583943798198609e-01 1.105293328990587243e-01
1.935799396307422455e+02 -8.365007349257566616e-02 1.141393477495269981e-01
1.935799396307422455e+02 -9.126408207630891389e-02 1.128212926064008498e-01
1.935799396307422455e+02 -9.772624041199478445e-03 1.203377914237305779e-01
1.947889271500365282e+02 7.730953455404450739e-03 1.193920052400260917e-01
1.947889271500365282e+02 1.248974668941056805e-02 1.206166601157567936e-01
1.947889271500365282e+02 4.498547808279963235e-03 1.215703236739653220e-01
1.947889271500365282e+02 8.571545881092877336e-03 1.221738878392669148e-01
1.956335943286927943e+02 -5.624254901080084912e-02 1.174058477780355464e-01
1.956335943286927943e+02 -3.004152988518700440e-02 1.201474229757389933e-01
1.956335943286927943e+02 -4.296952070069842700e-02 1.187125885351014432e-01
1.967355781863665243e+02 3.062960477855165148e-02 1.238606823694392567e-01
1.967355781863665243e+02 1.212510455619186245e-01 1.329209395588257236e-01
1.967355781863665243e+02 1.387216046284559488e-02 1.227635791284398259e-01
1.967355781863665243e+02 1.375213889713570170e-01 1.332899524960442783e-01
1.967355781863665243e+02 1.466561567941570554e-01 1.365712581423061678e-01
1.967355781863665243e+02 1.075722047162102624e-01 1.287140598202180797e-01
1.967355781863665243e+02 1.075525931443123140e-01 1.287119362081004803e-01
1.975659161771866650e+02 7.734579273708659143e-03 1.214601619103291147e-01
1.975659161771866650e+02 8.065270357395751266e-03 1.212614761331131802e-01
1.975659161771866650e+02 -6.165135265381979819e-03 1.197205439646937680e-01
1.975659161771866650e+02 1.032578285603074908e-01 1.298803595468147609e-01
1.975659161771866650e+02 1.344322853720317790e-01 1.421671769135549324e-01
1.975659161771866650e+02 9.608571839702788331e-02 1.265476462185110840e-01
1.975659161771866650e+02 9.612417469488698796e-02 1.265516891311619374e-01
1.987034683516494056e+02 -3.831108927539892545e-02 1.165289555185687054e-01
1.987034683516494056e+02 -5.133468915877904826e-02 1.151145984884694579e-01
1.987034683516494056e+02 -4.218146305304341925e-02 1.163362766302341728e-01
1.987034683516494056e+02 1.856741469362082828e-02 1.225469949246319884e-01
1.987034683516494056e+02 1.707546057362090836e-02 1.269690697789940814e-01
1.987034683516494056e+02 9.006503921944740074e-03 1.263411901821556160e-01
1.996604517499993960e+02 9.356351486379627103e-02 1.265031077090018607e-01
1.996604517499993960e+02 7.924793082171575909e-02 1.249995547907435528e-01
1.996604517499993960e+02 6.990292882322068913e-02 1.237455395644327105e-01
1.996604517499993960e+02 7.898846538161846675e-02 1.240707619110247434e-01
2.008039271999815867e+02 5.955935495817159253e-02 1.230147489563258451e-01
2.008039271999815867e+02 6.344265408085178470e-02 1.236879207344302872e-01
2.008039271999815867e+02 5.205266334905320896e-02 1.243748189157354161e-01
2.016262757657281952e+02 -5.926422153793876185e-02 1.151624511188143324e-01
2.016262757657281952e+02 -7.203386833468741757e-02 1.141115342879814032e-01
2.016262757657281952e+02 -4.307320451771478459e-02 1.171746912708151733e-01
2.016262757657281952e+02 4.719211347627173814e-02 1.255751464180954180e-01
2.016262757657281952e+02 5.415161317774588867e-02 1.285101488172606943e-01
2.016262757657281952e+02 -2.651603075259463538e-02 1.230399534153235191e-01
2.016262757657281952e+02 -7.906026150078541634e-03 1.251528090475497457e-01
2.016262757657281952e+02 -4.072110386533410453e-02 1.217032612192643221e-01
2.028166058399714586e+02 2.106083696341922579e-02 1.179385933308077228e-01
2.028166058399714586e+02 4.724025484920281459e-02 1.204920160681184210e-01
2.028166058399714586e+02 -6.509708835239471671e-03 1.134379055717955886e-01
2.036227783500798978e+02 -1.525798648606048816e-02 1.157599434668507565e-01
2.036227783500798978e+02 -3.886836844874072463e-03 1.173598918681007242e-01
2.036227783500798978e+02 2.536827664882409725e-02 1.161390488472542476e-01
2.036227783500798978e+02 -7.593441028202840490e-03 1.135822467156305110e-01
2.046731288056524249e+02 -1.217660867616862652e-01 1.111897968319602581e-01
2.046731288056524249e+02 -1.263764751033850109e-01 1.108346574234877341e-01
2.046731288056524249e+02 -1.116303405728732712e-01 1.123311250034590147e-01
2.046731288056524249e+02 -8.727600936665090570e-02 1.094748181704348899e-01
2.046731288056524249e+02 -9.378964719365798230e-02 1.089094813140811663e-01
2.046731288056524249e+02 -1.313978193618066115e-01 1.104324602135504235e-01
2.046731288056524249e+02 -1.893983408855982528e-02 1.243463963882433521e-01
2.046731288056524249e+02 -4.806165626219374015e-02 1.213031324312385528e-01
2.056292879495397301e+02 -1.441201525614595746e-01 1.090412771037555101e-01
2.056292879495397301e+02 -1.643141769330823121e-01 1.054737914734128340e-01
2.056292879495397301e+02 -1.341145095190108827e-01 1.095617385609117533e-01
2.056292879495397301e+02 -5.264209312119567941e-02 1.199266985931998764e-01
2.056292879495397301e+02 -3.668534111972040351e-02 1.215551150994249596e-01
2.056292879495397301e+02 -1.711490796983361207e-01 1.067068240044391769e-01
2.056292879495397301e+02 -2.141807023317444381e-01 1.006736736003488175e-01
2.056292879495397301e+02 -2.168627114197493599e-01 1.001507576868698596e-01
2.067436991138383746e+02 -1.592597937440026756e-01 1.050958950923471386e-01
2.067436991138383746e+02 -1.662211675232837249e-01 1.044352250924420050e-01
2.067436991138383746e+02 -1.777189252516344631e-01 1.030522234896339845e-01
2.067436991138383746e+02 -1.301777357745759478e-01 1.073873508189471526e-01
2.067436991138383746e+02 -1.826228486278516638e-01 1.037554309100212346e-01
2.067436991138383746e+02 -2.637081055409630226e-01 9.935757522028666744e-02
2.067436991138383746e+02 -1.798679857659205017e-01 1.086904829964599056e-01
2.067436991138383746e+02 -5.632811571097913472e-02 1.225598441049964016e-01
2.076221060789678177e+02 -1.012678042341225854e-01 1.114845702291601820e-01
2.076221060789678177e+02 -1.363374947032609807e-01 1.084074035278122516e-01
2.076221060789678177e+02 -1.322744594298783105e-01 1.103060361852818277e-01
2.076221060789678177e+02 -9.019833904888320542e-02 1.895932100603029968e-01
2.076221060789678177e+02 4.486239184867724800e-02 1.288359194434822996e-01
2.076221060789678177e+02 2.010182866004551760e-01 1.781792689354562420e-01
2.076221060789678177e+02 2.985367911430862331e-01 1.853556621041898556e-01
2.087629805999652888e+02 1.203642835797575361e-01 1.281804928533959720e-01
2.087629805999652888e+02 1.295033557414016767e-01 1.295251535160029943e-01
2.087629805999652888e+02 1.957037462302328445e-01 1.333955404214640095e-01
2.087629805999652888e+02 1.120627388610895975e-01 1.254255459852589849e-01
2.096692672856817410e+02 1.438885199913682855e-01 1.308367196727175941e-01
2.096692672856817410e+02 1.507361651601418218e-01 1.313548947811823964e-01
2.096692672856817410e+02 1.511759785041695003e-01 1.297405797611939915e-01
2.096692672856817410e+02 1.067642708505669585e-01 1.251629625925765876e-01
2.096692672856817410e+02 1.213912776712920139e-01 1.266706019310653852e-01
2.106374791354442380e+02 -6.836547565751886768e-02 1.183939158411541903e-01
2.106374791354442380e+02 -6.722465731282237233e-02 1.185239287684559523e-01
2.106374791354442380e+02 -5.075861975839723178e-02 1.200354808176297833e-01
2.106374791354442380e+02 1.339363772951769060e-01 1.329851973664884224e-01
2.106374791354442380e+02 1.339120548873187488e-01 1.329825192177834792e-01
2.116110589667223394e+02 7.916905140690497222e-02 1.299359434826400650e-01
2.116110589667223394e+02 8.698144877087517213e-02 1.307917626447098192e-01
2.116110589667223394e+02 1.750181174511560578e-01 1.361757702356976019e-01
2.116110589667223394e+02 4.300024230585019341e-02 1.194863640253832487e-01
2.135373052792934061e+02 -7.699914652461407882e-02 1.156823039252120738e-01
2.135373052792934061e+02 -5.838921446722065978e-02 1.179041551507201274e-01
2.135373052792934061e+02 -6.918173983166518715e-02 1.169489976318208724e-01
2.135373052792934061e+02 1.074163688870961725e-01 1.275272199341221102e-01
2.135373052792934061e+02 1.101265846785935837e-01 1.294030992079819864e-01
2.146781568527687227e+02 -8.178461830937691635e-02 1.334877270715649766e-01
2.146781568527687227e+02 5.328476148760264049e-03 1.357772338514487975e-01
2.146781568527687227e+02 -4.360395492558463010e-02 1.295772583656206733e-01
2.146781568527687227e+02 -1.198547565945441706e-02 1.341182290433792779e-01
2.146781568527687227e+02 -7.671510860683287969e-02 1.263974070271807193e-01
2.146781568527687227e+02 1.566051294485761372e-02 1.345229230843859591e-01
2.146781568527687227e+02 2.177749591376967886e-02 1.208660973648913589e-01
2.146781568527687227e+02 2.175156664687033156e-02 1.208633245783736071e-01
2.156189526813492705e+02 -6.566848318843734877e-02 1.345819667301379752e-01
2.156189526813492705e+02 -5.398507489758801875e-02 1.318506281953227000e-01
2.156189526813492705e+02 -1.466731372020855795e-01 1.161716485948907640e-01
2.156189526813492705e+02 -2.316711802086318384e-01 1.077831100156745325e-01
2.156189526813492705e+02 -1.960062185346575780e-01 1.136456970225174223e-01
2.196285374089493416e+02 1.167707796534729336e-01 1.408347138675360433e-01
2.196285374089493416e+02 1.056562500099130081e-01 1.402121606564449841e-01
2.196285374089493416e+02 9.359059270553304888e-02 1.405994615467571485e-01
2.196285374089493416e+02 6.663880881443716431e-02 1.363364107735315633e-01
2.196285374089493416e+02 -6.996766745213499165e-03 1.318972078817085558e-01
2.196285374089493416e+02 -2.089055748940935389e-02 1.299007618066473080e-01
2.196285374089493416e+02 3.535329568978132914e-02 1.356312975990698610e-01
2.196285374089493416e+02 1.742467296207114973e-03 1.319563566831320200e-01
2.196285374089493416e+02 -5.674221166047140746e-02 1.275160120347154091e-01
2.196285374089493416e+02 1.453483791875285515e-02 1.341501162511896661e-01
2.216023028536206709e+02 1.719181697249940466e-01 1.453994698551611120e-01
2.216023028536206709e+02 1.873179111655823292e-01 1.473246024409432531e-01
2.216023028536206709e+02 1.631891808771420982e-01 1.454069493347565634e-01
2.216023028536206709e+02 2.199028697492823592e-01 1.498478978671583250e-01
2.216023028536206709e+02 1.241519843449498256e-01 1.411427307979973567e-01
2.216023028536206709e+02 7.964250045020458690e-02 1.399910346533611849e-01
2.216023028536206709e+02 1.452531642472639217e-01 1.433471099350753786e-01
2.216023028536206709e+02 1.416971341743931412e-01 1.427177087169449188e-01
2.216023028536206709e+02 1.193264737811784437e-01 1.403695915915420811e-01
2.216023028536206709e+02 1.566310719415947850e-01 1.442075558124503165e-01
2.226448933548710727e+02 8.687172477601939891e-02 1.359548132625627015e-01
2.226448933548710727e+02 1.137141856289869690e-01 1.388105025407498638e-01
2.226448933548710727e+02 8.539726231029162729e-02 1.357862620865091796e-01
2.226448933548710727e+02 6.990858235189330305e-02 1.346371652699111798e-01
2.226448933548710727e+02 8.371677114972692069e-02 1.358027216510251378e-01
2.226448933548710727e+02 1.194826543790629969e-01 1.373225780271109253e-01
2.226448933548710727e+02 1.159112347788456010e-01 1.367206147855259679e-01
2.226448933548710727e+02 1.330504362022023601e-01 1.398168525219347647e-01
2.226448933548710727e+02 1.319124664810306657e-01 1.396881749035272791e-01
2.226448933548710727e+02 7.356079778489268972e-02 1.356891629534736909e-01
2.226448933548710727e+02 1.433352051624241508e-01 1.407101471189518005e-01
2.226448933548710727e+02 1.783782801096019943e-01 1.433959382239783642e-01
2.226448933548710727e+02 1.610490236012081522e-01 1.403649722278191847e-01
2.226448933548710727e+02 1.171236303210733548e-01 1.366599205076655943e-01
2.236369485084142070e+02 1.280271332474354484e-01 1.525065264850789526e-01
2.236369485084142070e+02 1.638586352188423634e-01 1.438755555046398460e-01
2.236369485084142070e+02 1.649826274750249289e-01 1.438401232165328059e-01
2.236369485084142070e+02 1.637249415603495295e-01 1.625903487553507498e-01
2.256222965470670374e+02 4.730351829641031916e-03 1.281776589765809826e-01
2.256222965470670374e+02 -3.775792411877978982e-02 1.232521115566643927e-01
2.256222965470670374e+02 -7.411812787521611552e-03 1.263713920046632411e-01
2.256222965470670374e+02 4.851593071763101069e-03 1.277885837010308834e-01
2.256222965470670374e+02 1.304293215211471506e-02 1.285335548446615572e-01
2.256222965470670374e+02 -2.327573628047763937e-02 1.247340977112701699e-01
2.256222965470670374e+02 -2.604791123093706199e-03 1.273273162964161931e-01
2.256222965470670374e+02 -3.225462524104085599e-02 1.244812291969684265e-01
2.256222965470670374e+02 -3.181174570915736022e-02 1.247317215069009277e-01
2.256222965470670374e+02 -5.303600848719238620e-02 1.222555632145885113e-01
2.275926038840001411e+02 -2.312703200557105626e-02 1.210239589429311230e-01
2.275926038840001411e+02 3.772117852574224939e-03 1.236395341183809948e-01
2.275926038840001411e+02 8.918282518449069732e-03 1.242160458104890203e-01
2.275926038840001411e+02 8.245319171082225729e-03 1.427289650740697635e-01
2.275926038840001411e+02 1.110307270659289386e-02 1.281872619294825155e-01
2.286710580430281823e+02 -1.795554959593674213e-02 1.214036980048812941e-01
2.286710580430281823e+02 -7.477612361570957870e-03 1.229869242528195128e-01
2.286710580430281823e+02 -5.632293374152173848e-02 1.180103983708644944e-01
2.286710580430281823e+02 -5.393306669470624565e-02 1.180162889734118342e-01
2.286710580430281823e+02 -3.429925868912462456e-02 1.236555891112404854e-01
2.286710580430281823e+02 3.803139257863258349e-02 1.239285123001334921e-01
2.286710580430281823e+02 2.462913389127929092e-02 1.226303085149948596e-01
2.286710580430281823e+02 3.826841437943345747e-02 1.251073808051322567e-01
2.286710580430281823e+02 3.334550826397499057e-02 1.245658206584544098e-01
2.286710580430281823e+02 -2.865545494805920093e-02 1.245082987748509784e-01
2.286710580430281823e+02 3.754487422844597633e-02 1.340265436424851742e-01
2.286710580430281823e+02 4.435207549564876978e-02 1.345011977264997105e-01
2.286710580430281823e+02 6.604912284174462023e-02 1.367209703416573108e-01
2.286710580430281823e+02 2.268191177666826694e-02 1.325979563810938122e-01
2.296225966859764185e+02 -6.354500202949972532e-02 1.211605365835155407e-01
2.296225966859764185e+02 -6.326214193310444878e-02 1.211936428001854082e-01
2.296225966859764185e+02 -5.204897134938340358e-02 1.223095884774810654e-01
2.296225966859764185e+02 -7.727687158390943167e-02 1.199392850785380160e-01
2.296225966859764185e+02 -3.714423562969162290e-03 1.271445690120859284e-01
2.296225966859764185e+02 -2.297169593788694550e-02 1.251069449938146672e-01
2.296225966859764185e+02 -5.224069487291343322e-02 1.224836035229597830e-01
2.296225966859764185e+02 -3.710062678945642151e-02 1.236604508900002314e-01
2.296225966859764185e+02 -1.634159830752569126e-02 1.260784698791262148e-01
2.296225966859764185e+02 -4.773426798105581681e-02 1.226173744642474334e-01
2.306535620585326853e+02 -2.349958486170274086e-02 1.215468713362006098e-01
2.306535620585326853e+02 -2.887147983573302990e-02 1.211206356122839500e-01
2.306535620585326853e+02 -3.786516850337637990e-02 1.216215535383154689e-01
2.306535620585326853e+02 -3.619514900600098034e-02 1.216251848929890272e-01
2.306535620585326853e+02 -5.419422691140828724e-02 1.217944571832079576e-01
2.306535620585326853e+02 4.670910992108975174e-02 1.323984721719641822e-01
2.306535620585326853e+02 5.231313373716966336e-02 1.330464847736883560e-01
2.306535620585326853e+02 2.593700030696328984e-02 1.281135986710170704e-01
2.306535620585326853e+02 4.501551058195096128e-02 1.296968614430709932e-01
2.315737421786118375e+02 -7.658104820771335919e-02 1.178092142839243239e-01
2.315737421786118375e+02 -6.410204851616080335e-02 1.191093329091081759e-01
2.315737421786118375e+02 -3.534845510825981169e-02 1.221373862769292024e-01
2.315737421786118375e+02 -5.455877291866284562e-02 1.190992403893459256e-01
2.315737421786118375e+02 -4.470336836367765077e-02 1.234329186602890899e-01
2.326346154914667466e+02 3.646322256723370792e-02 1.318164865118970630e-01
2.326346154914667466e+02 2.097743216077552902e-02 1.300155643594610999e-01
2.326346154914667466e+02 3.224301162150491895e-02 1.311174844230245939e-01
2.326346154914667466e+02 2.011410538191400234e-03 1.282179266931690875e-01
2.326346154914667466e+02 -1.488401712588206527e-01 1.120576694769765680e-01
2.335958430447790306e+02 1.158020789440720455e-01 1.394357500835490815e-01
2.335958430447790306e+02 1.445572079928731102e-01 1.425217855353599072e-01
2.335958430447790306e+02 1.205561453387976600e-01 1.402007808959185309e-01
2.335958430447790306e+02 8.447656905633289803e-02 1.364708692841933024e-01
2.335958430447790306e+02 1.434276751735246713e-01 1.428732896850151146e-01
2.335958430447790306e+02 1.348203756041238544e-01 1.379673018817111352e-01
2.335958430447790306e+02 1.348203756041244927e-01 1.379675423585316751e-01
2.346827430999837816e+02 1.872095094378475599e-01 1.387100732922399993e-01
2.356522325865924472e+02 -7.892797472951495683e-03 1.280936735545586680e-01
2.356522325865924472e+02 -5.710283457699306953e-02 1.228963910796087716e-01
2.356522325865924472e+02 -7.277361439784421626e-02 1.214391035283671760e-01
2.356522325865924472e+02 -7.944811950064741002e-02 1.208451814025781335e-01
2.356522325865924472e+02 -2.352629710853877953e-01 1.036792851730084369e-01
2.356522325865924472e+02 1.949476466193047208e-01 1.386984293835373527e-01
2.356522325865924472e+02 1.949519081379884888e-01 1.386991020274694342e-01
2.366559526644957430e+02 8.079028142993653627e-02 1.355225249274228660e-01
2.366559526644957430e+02 9.721313334188531885e-02 1.372016425603468370e-01
2.366559526644957430e+02 5.529106206559904202e-02 1.335286989077880959e-01
2.366559526644957430e+02 3.678657610916669790e-02 1.320088401724841265e-01
2.366559526644957430e+02 6.432680691924734517e-02 1.369809803353202737e-01
2.366559526644957430e+02 1.775337125909683678e-01 1.526096882608962702e-01
2.376875320978773232e+02 -4.153530122702667193e-02 1.206267314426942711e-01
2.376875320978773232e+02 -4.590855078098219494e-02 1.203113786269674051e-01
2.376875320978773232e+02 -1.033297453777706071e-01 1.171018265573171152e-01
2.376875320978773232e+02 -7.100424245199114803e-02 1.203336515233461995e-01
2.376875320978773232e+02 -4.167686513545225402e-02 1.262491152547520479e-01
2.376875320978773232e+02 3.122290374337905600e-02 1.356724021719339368e-01
2.386481755697884921e+02 -1.055645452821476205e-01 1.163998075975387347e-01
2.386481755697884921e+02 -1.501851568894601793e-02 1.260450702233100739e-01
2.386481755697884921e+02 -7.082565743520326251e-02 1.199086194526427368e-01
2.386481755697884921e+02 -7.228304195810295041e-02 1.199311431803115613e-01
2.386481755697884921e+02 -1.154367867891702842e-01 1.161824564192370374e-01
2.406280715096509084e+02 -2.897788620190045253e-02 1.241076149547490209e-01
2.406280715096509084e+02 -4.333247197073986090e-02 1.228259905111550726e-01
2.406280715096509084e+02 -3.674799895327418575e-02 1.232011038866035885e-01
2.406280715096509084e+02 -2.351206762203783204e-02 1.247452923215600223e-01
2.406280715096509084e+02 -3.472952556120675188e-02 1.234365919070757045e-01
2.406280715096509084e+02 -9.804109374183633818e-02 1.203224091168640236e-01
2.406280715096509084e+02 -7.124574990397655738e-02 1.244018275007938157e-01
2.406280715096509084e+02 -6.951733437511377345e-02 1.217271558613672033e-01
2.406280715096509084e+02 -6.256856850802974823e-02 1.215539146204242943e-01
2.406280715096509084e+02 -6.768167331288546529e-02 1.209506112424148655e-01
2.406280715096509084e+02 -2.525333505286142532e-01 9.740512121294581105e-02
2.406280715096509084e+02 -2.313766942513062475e-01 9.892447602132060924e-02
2.415986943865718786e+02 -6.471243363225356870e-02 1.264371373548960342e-01
2.415986943865718786e+02 -9.740775631404902102e-02 1.258589177732402642e-01
2.415986943865718786e+02 -4.671865776729217795e-02 1.348610299371842958e-01
2.415986943865718786e+02 -2.739797642939917691e-02 1.403203254510019538e-01
2.415986943865718786e+02 6.733785231071368060e-02 1.525296618864969977e-01
2.415986943865718786e+02 1.924552168054266543e-01 2.373189185800812506e-01
2.452902913332606261e+02 1.449580879589456306e-01 2.216315801021421783e-01
2.452902913332606261e+02 -1.556508966640202454e-02 1.739512007737380184e-01
2.452902913332606261e+02 2.321601240000553679e-01 1.541657327107786857e-01
2.476340537449426051e+02 1.527658061286388813e-01 1.634815753900140944e-01
2.476340537449426051e+02 1.962032134334866507e-01 1.514244871753599453e-01
2.476340537449426051e+02 1.176400320635296037e-01 1.412712032913873705e-01
2.476340537449426051e+02 7.657805776511703022e-02 1.378024275703237933e-01
2.476340537449426051e+02 1.330264854410138087e-01 1.428403674587410133e-01
2.476340537449426051e+02 -3.091037380179952748e-02 1.262529740576884274e-01
2.476340537449426051e+02 5.633000628709444041e-02 1.412006495796536421e-01
2.476340537449426051e+02 2.251457869500287090e-01 1.603218537192228621e-01
2.476340537449426051e+02 4.580826634180549389e-02 1.391903048735562420e-01
2.476340537449426051e+02 1.452238648601037463e-01 1.529238677231821997e-01
2.486142574074328877e+02 1.583761193960493696e-01 1.458165718143683010e-01
2.486142574074328877e+02 7.107889112233829743e-02 1.373963737653210171e-01
2.486142574074328877e+02 5.944639356172173872e-02 1.362441059153420009e-01
2.486142574074328877e+02 8.825379693267401682e-02 1.387475784719195693e-01
2.486142574074328877e+02 7.199684663823695263e-02 1.377297966439728072e-01
2.486142574074328877e+02 -1.312663864398294911e-01 1.102748861352430554e-01
2.495414743835204661e+02 9.801355676721078269e-02 1.414802538347794680e-01
2.495414743835204661e+02 4.263435102493916273e-02 1.357343997925922474e-01
2.495414743835204661e+02 9.102438817998702303e-02 1.449644950471710714e-01
2.495414743835204661e+02 8.814798914399429863e-02 1.427837376321353380e-01
2.495414743835204661e+02 -1.271132718918615786e-04 1.283862589680871413e-01
2.495414743835204661e+02 -1.009160260219932187e-01 1.127500348505577898e-01
2.505971436776453629e+02 4.622973207451994138e-02 1.384103726845835325e-01
2.505971436776453629e+02 -1.436022336016718436e-02 1.303819424292265994e-01
2.505971436776453629e+02 5.414005251929549650e-02 1.437516532405788972e-01
2.505971436776453629e+02 5.951187509649771314e-03 1.332877963741272709e-01
2.505971436776453629e+02 -1.503236280213733319e-03 1.337398505690438333e-01
2.505971436776453629e+02 -1.636700379844019948e-01 1.086809878840233751e-01
2.516350614169019764e+02 -1.913290180957079659e-02 1.748488290838835779e-01
2.516350614169019764e+02 1.448060019328092363e-01 1.935140719696399891e-01
2.516350614169019764e+02 6.083017700629985564e-02 1.654716809136966837e-01
2.516350614169019764e+02 6.371112742639499504e-02 1.632047912151995961e-01
2.516350614169019764e+02 2.866313870625793181e-02 1.531909392404893211e-01
2.516350614169019764e+02 1.638078979260843282e-01 1.427722510117858112e-01
2.516350614169019764e+02 2.484737584249245290e-01 1.483309481171687927e-01
2.516350614169019764e+02 1.011521046468938784e-01 1.376538957034069977e-01
2.516350614169019764e+02 1.011966756887490576e-01 1.376593247318267932e-01
2.525964463252166752e+02 -1.633479146697120951e-02 1.305451676963274299e-01
2.525964463252166752e+02 4.795543959394032302e-02 1.364951904835152996e-01
2.525964463252166752e+02 -1.916389643326394873e-02 1.295469931491693427e-01
2.525964463252166752e+02 1.924214035733276887e-02 1.335057302856632599e-01
2.525964463252166752e+02 -3.399548554601932587e-03 1.312274289139352401e-01
2.525964463252166752e+02 -1.742181727585553619e-01 1.065986307599829375e-01
2.535837075014133006e+02 4.625323336067447069e-03 1.325476161217516990e-01
2.535837075014133006e+02 -4.483493374731502626e-03 1.316703593157281527e-01
2.535837075014133006e+02 -1.864857152283739584e-03 1.315446170353733735e-01
2.535837075014133006e+02 -6.476335379881330116e-03 1.309896091851719957e-01
2.535837075014133006e+02 -1.416418650065824451e-02 1.318314807605753258e-01
2.535837075014133006e+02 -1.255031853929707009e-01 1.123736335879684800e-01
2.545770984158734791e+02 -3.683102173548850888e-02 1.285805851619356566e-01
2.545770984158734791e+02 -3.866230023256165670e-03 1.328060173985303460e-01
2.545770984158734791e+02 2.060577426820210320e-02 1.341918896877790923e-01
2.545770984158734791e+02 -6.744838392116883630e-03 1.313445636140512240e-01
2.545770984158734791e+02 -1.309679545851524969e-02 1.307981981161707163e-01
2.545770984158734791e+02 -1.254835531768354884e-01 1.120075370011730659e-01
2.555770994791819248e+02 6.262177762427514893e-02 1.596725583384357994e-01
2.555770994791819248e+02 -1.426525102582544384e-02 1.599895146103973986e-01
2.555770994791819248e+02 -1.145077545053961310e-01 1.532189594935613186e-01
2.555770994791819248e+02 4.648797451576152512e-02 1.543586569512973017e-01
2.555770994791819248e+02 6.033714586805110497e-02 1.507274843575759360e-01
2.555770994791819248e+02 -1.205767409975921634e-01 1.315892719658089682e-01
