# JD m dm uJy duJy F err chi/N RA Dec x y maj min phi apfit mag5sig Sky Obs
2459733.086776 15.751 0.013 1818 23 c 0 2.24 8.69039 -8.38667 5975.11 1273.11 2.8 2.56 14.0 -0.392 19.08 20.59 02a59732o0752c
2459733.095272 15.696 0.011 1912 22 c 0 2.73 8.69039 -8.38667 5991.33 1311.63 2.43 2.35 -3.7 -0.41 19.28 20.65 02a59732o0769c
2459733.109249 15.707 0.013 1893 25 c 0 1.6 8.69039 -8.38667 5936.9 1232.66 2.57 2.41 25.9 -0.4 18.92 20.1 02a59732o0799c
2459733.113363 15.718 0.017 1873 32 c 0 1.37 8.69039 -8.38667 5916.45 1348.79 2.57 2.42 25.5 -0.394 18.43 19.48 02a59732o0808c
2459737.085011 15.568 0.011 2153 23 c 0 2.07 8.69039 -8.38667 5974.02 1271.99 2.46 2.35 36.0 -0.408 19.27 20.67 02a59736o0747c
2459737.101626 15.54 0.011 2208 24 c 0 2.29 8.69039 -8.38667 5990.88 1310.16 2.46 2.35 50.3 -0.405 19.27 20.64 02a59736o0783c
2459737.104413 15.529 0.01 2230 22 c 0 2.08 8.69039 -8.38667 5930.95 1231.67 2.52 2.32 51.5 -0.399 19.22 20.54 02a59736o0789c
2459737.114955 15.579 0.018 2129 39 c 0 1.22 8.69039 -8.38667 5911.74 1347.69 2.5 2.34 35.7 -0.39 18.12 19.1 02a59736o0812c
2459769.088545 15.091 0.007 3340 24 c 0 3.54 8.69039 -8.38667 8036.51 3114.36 2.54 2.33 34.0 -0.4 19.6 21.31 02a59768o0730c
2459769.106734 15.087 0.008 3350 26 c 0 2.91 8.69039 -8.38667 8055.51 3152.88 2.45 2.36 38.8 -0.403 19.43 21.03 02a59768o0770c
2459769.115824 15.089 0.01 3346 35 c 0 2.31 8.69039 -8.38667 7996.96 3074.05 2.51 2.39 26.5 -0.394 18.74 19.88 02a59768o0790c
2459785.069932 15.314 0.008 2719 23 c 0 4.56 8.69039 -8.38667 4152.04 3300.51 2.56 2.34 31.4 -0.414 19.54 21.15 02a59784o0716c
2459785.073097 15.314 0.008 2720 22 c 0 3.59 8.69039 -8.38667 4170.79 3338.71 2.62 2.39 32.0 -0.408 19.52 21.15 02a59784o0723c
2459785.078548 15.292 0.008 2775 22 c 0 4.51 8.69039 -8.38667 4112.18 3261.64 2.53 2.29 35.8 -0.42 19.55 21.16 02a59784o0735c
2459785.097137 15.3 0.008 2755 21 c 0 6.89 8.69039 -8.38667 4092.25 3376.07 2.59 2.34 30.5 -0.414 19.53 21.16 02a59784o0776c
2459785.564784 15.323 0.008 2697 20 c 0 8.88 8.69039 -8.38667 4334.09 5362.82 2.81 2.33 3.6 -0.373 19.72 21.76 03a59785o0743c
2459785.567595 15.31 0.008 2728 20 c 0 11.89 8.69039 -8.38667 4314.76 5324.7 2.54 2.32 4.1 -0.384 19.78 21.79 03a59785o0749c
2459785.57441 15.33 0.008 2678 21 c 0 7.75 8.69039 -8.38667 4368.78 5405.41 2.89 2.33 2.8 -0.369 19.73 21.77 03a59785o0764c
2459785.604754 15.297 0.008 2761 23 c 0 6.32 8.69039 -8.38667 4380.97 5295.03 2.3 2.24 17.4 -0.403 19.86 21.82 03a59785o0824c
2459789.057745 15.439 0.009 2424 22 c 0 6.02 8.69039 -8.38667 10192.34 6911.73 2.53 2.48 55.6 -0.416 19.66 21.23 02a59788o0691c
2459789.060459 15.435 0.009 2433 23 c 0 5.93 8.69039 -8.38667 10212.38 6950.91 2.54 2.51 73.2 -0.423 19.64 21.22 02a59788o0697c
2459789.063623 15.43 0.009 2444 22 c 0 4.91 8.69039 -8.38667 10152.85 6872.28 2.54 2.5 32.5 -0.421 19.64 21.22 02a59788o0704c
2459789.069957 15.405 0.009 2501 23 c 0 5.62 8.69039 -8.38667 10132.9 6989.29 2.54 2.48 42.2 -0.419 19.67 21.25 02a59788o0718c
2459791.870612 15.48 0.01 2334 23 c 0 4.11 8.69039 -8.38667 2066.33 8779.19 2.8 2.22 -87.6 -0.356 19.63 21.53 04a59791o0814c
2459791.873769 15.471 0.009 2352 21 c 0 4.79 8.69039 -8.38667 2087.14 8814.84 2.69 2.17 -85.4 -0.365 19.64 21.58 04a59791o0821c
2459791.902219 15.488 0.009 2316 20 c 0 6.0 8.69039 -8.38667 2044.45 8706.53 2.85 2.3 -84.7 -0.342 19.54 21.47 04a59791o0881c
2459791.908175 15.486 0.009 2321 21 c 0 5.39 8.69039 -8.38667 2025.08 8818.92 2.91 2.33 -85.5 -0.34 19.59 21.47 04a59791o0894c
2459791.940586 15.512 0.014 2266 31 c 0 1.61 8.69039 -8.38667 2072.89 8734.58 2.85 2.22 -84.7 -0.321 18.74 19.63 04a59791o0961c
2459793.094101 15.563 0.009 2162 20 c 0 5.49 8.69039 -8.38667 383.1 3650.79 2.41 2.39 -41.4 -0.407 19.56 21.13 02a59792o0715c
2459793.096874 15.531 0.009 2227 21 c 0 5.15 8.69039 -8.38667 363.82 3611.58 2.41 2.37 -60.0 -0.41 19.52 21.13 02a59792o0721c
2459793.120395 15.509 0.01 2272 22 c 0 3.31 8.69039 -8.38667 421.76 3690.83 2.39 2.35 16.7 -0.411 19.45 20.91 02a59792o0772c
2459793.124797 15.533 0.01 2222 22 c 0 3.59 8.69039 -8.38667 441.25 3575.26 2.38 2.36 89.6 -0.404 19.14 20.35 02a59792o0781c
2459797.105585 15.437 0.009 2428 22 c 0 8.73 8.69039 -8.38667 661.78 9492.53 2.36 2.18 -42.0 -0.466 19.64 21.34 02a59796o0380c
2459797.111988 15.434 0.009 2435 22 c 0 7.57 8.69039 -8.38667 642.89 9456.07 2.41 2.24 -48.7 -0.457 19.61 21.33 02a59796o0394c
2459797.12459 15.445 0.011 2409 26 c 0 6.0 8.69039 -8.38667 695.04 9531.73 2.34 2.15 -46.9 -0.467 19.34 20.65 02a59796o0421c
2459797.127881 15.417 0.013 2474 32 c 0 4.4 8.69039 -8.38667 719.67 9415.88 2.36 2.21 -45.0 -0.477 19.0 20.04 02a59796o0428c
2459797.59382 15.44 0.008 2420 20 c 0 4.91 8.69039 -8.38667 5999.95 1267.16 2.33 2.21 -26.3 -0.419 19.89 21.85 03a59797o0666c
2459797.598103 15.461 0.009 2375 21 c 0 5.12 8.69039 -8.38667 6016.24 1307.28 2.3 2.18 -30.3 -0.424 19.89 21.85 03a59797o0674c
2459797.603745 15.47 0.009 2356 22 c 0 4.18 8.69039 -8.38667 5957.37 1229.41 2.33 2.2 -27.5 -0.421 19.78 21.71 03a59797o0686c
2459797.61382 15.444 0.01 2412 23 c 0 6.17 8.69039 -8.38667 5930.72 1347.63 2.35 2.22 -21.9 -0.419 19.56 21.5 03a59797o0707c
2459797.6846559998 15.483 0.011 2326 26 c 0 3.15 8.69039 -8.38667 5954.04 1296.96 2.45 2.31 -17.8 -0.401 18.93 19.7 03a59797o0855c
2459819.663791 15.787 0.012 1759 21 c 0 2.81 8.69039 -8.38667 396.89 3692.56 2.5 1.91 41.6 -0.376 19.66 21.46 04a59819o0446c
2459819.684067 15.844 0.011 1668 19 c 0 6.3 8.69039 -8.38667 374.08 3652.13 2.47 1.9 47.4 -0.378 19.73 21.58 04a59819o0490c
2459819.710269 15.816 0.011 1712 19 c 0 4.07 8.69039 -8.38667 438.63 3727.8 2.45 1.89 48.1 -0.381 19.73 21.65 04a59819o0547c
2459819.719774 15.829 0.011 1693 19 c 0 6.63 8.69039 -8.38667 460.26 3608.96 2.45 1.88 48.8 -0.386 19.74 21.67 04a59819o0567c
2459821.005894 15.76 0.011 1804 20 c 0 3.01 8.69039 -8.38667 6419.41 9019.04 2.62 2.38 34.3 -0.406 19.58 21.36 02a59820o0616c
2459821.009067 15.794 0.012 1748 21 c 0 2.52 8.69039 -8.38667 6438.32 9059.67 2.65 2.42 35.3 -0.4 19.57 21.35 02a59820o0623c
2459821.019161 15.8 0.011 1738 18 c 0 2.99 8.69039 -8.38667 4191.69 1577.55 2.47 2.31 65.3 -0.412 19.53 21.34 02a59820o0644c
2459821.044605 15.764 0.011 1797 19 c 0 2.7 8.69039 -8.38667 4212.05 1462.37 2.45 2.28 60.3 -0.421 19.53 21.33 02a59820o0696c
2459823.796722 15.765 0.012 1796 21 c 0 9.33 8.69039 -8.38667 10227.45 6921.37 2.88 2.12 -13.4 -0.429 19.72 21.6 04a59823o0539c
2459823.799884 15.775 0.011 1778 20 c 0 8.98 8.69039 -8.38667 10248.0 6957.78 2.85 2.12 -15.5 -0.43 19.73 21.59 04a59823o0546c
2459823.826459 15.797 0.011 1743 19 c 0 11.84 8.69039 -8.38667 10197.48 6858.51 2.79 2.21 -13.5 -0.418 19.7 21.45 04a59823o0604c
2459823.829622 15.888 0.015 1602 24 c 0 13.64 8.69039 -8.38667 58.18 6901.47 2.57 2.09 73.1 -0.382 19.68 21.47 04a59823o0611c
2459823.832784 15.777 0.013 1776 23 c 0 4.68 8.69039 -8.38667 10179.04 6970.13 2.82 2.21 -21.9 -0.421 19.66 21.41 04a59823o0618c
2459823.833234 15.847 0.016 1665 27 c 0 4.39 8.69039 -8.38667 78.35 6936.96 2.63 2.09 72.6 -0.37 19.65 21.46 04a59823o0619c
2459825.055115 15.846 0.01 1666 17 c 0 4.42 8.69039 -8.38667 4163.84 1546.43 2.48 2.29 58.4 -0.417 19.57 21.37 02a59824o0728c
2459825.089402 15.838 0.011 1678 19 c 0 1.81 8.69039 -8.38667 4141.0 1508.71 2.47 2.35 66.7 -0.42 19.59 21.47 02a59824o0803c
2459825.117898 15.851 0.011 1658 19 c 0 2.42 8.69039 -8.38667 4200.7 1588.51 2.46 2.36 75.0 -0.417 19.55 21.37 02a59824o0865c
2459842.92047 16.122 0.016 1292 20 c 0 2.31 8.69039 -8.38667 639.6 1692.06 3.08 2.79 47.1 -0.327 19.37 21.35 01a59842o0457c
2459842.922318 16.123 0.017 1290 22 c 0 1.7 8.69039 -8.38667 619.94 1653.08 3.08 2.79 49.3 -0.333 19.39 21.36 01a59842o0461c
2459842.925087 16.103 0.015 1315 20 c 0 2.39 8.69039 -8.38667 679.85 1732.2 3.13 2.82 38.3 -0.326 19.38 21.38 01a59842o0467c
2459842.930172 16.115 0.015 1300 20 c 0 1.97 8.69039 -8.38667 698.32 1614.29 3.12 2.82 49.0 -0.324 19.38 21.39 01a59842o0478c
2459847.006352 15.13 99.99 -937 648 c 0 1.26 8.69039 -8.38667 9946.21 9017.19 3.03 2.98 36.6 -0.464 15.13 16.96 01a59846o0637c
2459847.046535 16.125 0.113 1288 146 c 0 1.19 8.69039 -8.38667 9910.33 8983.07 3.01 2.99 75.3 -0.472 16.7 18.44 01a59846o0722c
2459847.053028 15.792 0.078 1750 137 c 0 1.11 8.69039 -8.38667 9893.92 9103.2 3.04 2.99 -74.2 -0.485 16.76 18.47 01a59846o0735c
2459849.532812 16.017 0.014 1424 20 c 0 1.3 8.69039 -8.38667 10045.33 7006.18 2.47 2.22 -51.8 -0.373 19.76 21.57 03a59849o0661c
2459849.535966 16.035 0.012 1400 17 c 0 2.38 8.69039 -8.38667 10063.94 7045.2 2.47 2.15 -58.0 -0.379 19.78 21.54 03a59849o0668c
2459849.541879 16.028 0.012 1409 17 c 0 2.53 8.69039 -8.38667 10007.91 6964.97 2.41 2.16 -54.7 -0.38 19.75 21.52 03a59849o0681c
2459849.565702 16.06 0.013 1368 18 c 0 1.72 8.69039 -8.38667 9988.51 7077.19 2.45 2.13 -56.8 -0.376 19.72 21.5 03a59849o0730c
2459850.907075 16.138 0.014 1273 18 c 0 1.02 8.69039 -8.38667 6926.51 1925.07 2.98 2.86 26.6 -0.38 19.7 21.52 01a59850o0438c
2459850.908921 16.084 0.012 1338 16 c 0 2.1 8.69039 -8.38667 6908.97 1887.47 2.93 2.79 21.8 -0.388 19.7 21.53 01a59850o0442c
2459850.913618 16.128 0.013 1285 17 c 0 1.67 8.69039 -8.38667 6965.3 1962.3 2.94 2.8 25.5 -0.382 19.71 21.55 01a59850o0452c
2459850.91874 16.105 0.013 1312 17 c 0 1.79 8.69039 -8.38667 6985.12 1844.15 2.9 2.79 37.6 -0.396 19.74 21.53 01a59850o0463c
2459853.408521 16.13 0.013 1283 17 c 0 3.24 8.69039 -8.38667 371.24 3501.34 2.32 2.17 -55.0 -0.382 19.75 21.46 03a59853o0390c
2459853.410323 16.105 0.013 1312 18 c 0 3.62 8.69039 -8.38667 10522.97 3732.43 2.39 2.13 -55.9 -0.363 19.73 21.46 03a59853o0394c
2459853.412127 16.095 0.013 1324 17 c 0 3.84 8.69039 -8.38667 350.28 3461.95 2.37 2.16 -58.5 -0.384 19.72 21.46 03a59853o0398c
2459853.41348 16.057 0.013 1371 18 c 0 2.98 8.69039 -8.38667 10503.22 3694.04 2.43 2.24 -56.9 -0.377 19.73 21.46 03a59853o0401c
2459853.42297 16.135 0.014 1277 18 c 0 2.28 8.69039 -8.38667 403.84 3543.08 2.44 2.22 -56.6 -0.384 19.73 21.44 03a59853o0422c
2459853.432561 16.153 0.013 1255 16 c 0 4.11 8.69039 -8.38667 424.2 3429.12 2.38 2.18 -58.3 -0.385 19.71 21.45 03a59853o0443c
2459854.984804 16.245 0.014 1153 16 c 0 1.69 8.69039 -8.38667 3661.04 8819.1 3.17 2.93 67.6 -0.325 19.59 21.34 01a59854o0610c
2459854.994681 16.217 0.015 1184 18 c 0 1.3 8.69039 -8.38667 3679.95 8858.85 3.13 2.92 70.5 -0.326 19.57 21.29 01a59854o0631c
2459855.022912 16.193 0.014 1210 17 c 0 1.29 8.69039 -8.38667 3625.1 8783.73 3.19 3.01 66.1 -0.322 19.51 21.21 01a59854o0691c
2459855.032524 16.191 0.015 1212 18 c 0 1.53 8.69039 -8.38667 3606.88 8901.29 3.58 3.11 62.1 -0.274 19.4 21.14 01a59854o0711c
2459871.683751 16.342 0.018 1055 19 c 0 2.33 8.69039 -8.38667 8286.8 6989.8 2.89 2.53 -28.1 -0.373 19.39 21.3 04a59871o0440c
2459871.689257 16.25 0.016 1148 18 c 0 2.93 8.69039 -8.38667 8306.9 7024.76 2.96 2.52 -24.2 -0.372 19.4 21.27 04a59871o0452c
2459871.719793 16.235 0.015 1164 18 c 0 3.0 8.69039 -8.38667 8255.48 6927.99 2.63 2.25 -30.8 -0.398 19.49 21.22 04a59871o0518c
2459871.722944 16.268 0.017 1129 19 c 0 2.33 8.69039 -8.38667 8236.57 7042.3 2.69 2.28 -27.9 -0.402 19.45 21.24 04a59871o0525c
2459872.881529 16.281 0.016 1116 18 c 0 2.18 8.69039 -8.38667 6294.36 5333.53 2.63 2.32 34.0 -0.405 19.59 21.32 02a59872o0418c
2459872.916148 16.255 0.016 1143 18 c 0 1.56 8.69039 -8.38667 6271.25 5295.1 2.56 2.36 40.3 -0.406 19.6 21.31 02a59872o0493c
2459872.919312 16.243 0.016 1155 19 c 0 1.73 8.69039 -8.38667 6331.05 5373.85 2.59 2.37 40.7 -0.401 19.61 21.33 02a59872o0500c
2459872.929256 16.28 0.015 1117 17 c 0 1.49 8.69039 -8.38667 6353.06 5258.64 2.6 2.36 44.4 -0.399 19.57 21.34 02a59872o0522c
2459875.662385 16.313 0.015 1084 17 c 0 3.12 8.69039 -8.38667 6344.96 7088.74 2.29 2.03 -40.0 -0.399 19.64 21.45 04a59875o0390c
2459875.666524 16.324 0.016 1073 17 c 0 2.69 8.69039 -8.38667 6364.46 7123.1 2.3 2.03 -37.1 -0.399 19.63 21.45 04a59875o0399c
2459875.691816 16.32 0.014 1077 15 c 0 4.17 8.69039 -8.38667 6315.51 7026.72 2.26 2.04 -56.0 -0.401 19.61 21.38 04a59875o0453c
2459875.697314 16.32 0.017 1076 18 c 0 2.5 8.69039 -8.38667 6296.82 7138.49 2.2 1.95 -50.5 -0.405 19.63 21.39 04a59875o0465c
2459876.883612 16.41 0.017 991 16 c 0 2.07 8.69039 -8.38667 6082.5 1455.44 2.77 2.61 -88.4 -0.406 19.47 21.35 02a59876o0384c
2459876.886793 16.347 0.016 1050 17 c 0 2.07 8.69039 -8.38667 6064.24 1421.43 2.64 2.49 -87.1 -0.406 19.49 21.35 02a59876o0391c
2459876.892677 16.376 0.016 1022 17 c 0 1.9 8.69039 -8.38667 6122.86 1497.92 2.57 2.42 88.8 -0.408 19.51 21.36 02a59876o0404c
2459876.902809 16.344 0.018 1052 19 c 0 1.44 8.69039 -8.38667 6142.79 1382.82 2.64 2.49 -78.9 -0.41 19.54 21.37 02a59876o0426c
2459879.630473 16.374 0.017 1024 18 c 0 1.58 8.69039 -8.38667 6332.17 7109.39 2.25 2.05 -30.9 -0.396 19.62 21.49 04a59879o0311c
2459879.663823 16.429 0.017 974 16 c 0 3.06 8.69039 -8.38667 6368.7 7117.18 2.3 2.05 -32.2 -0.401 19.65 21.57 04a59879o0384c
2459879.666979 16.407 0.016 993 16 c 0 2.28 8.69039 -8.38667 6311.8 7037.54 2.34 2.1 -36.5 -0.394 19.65 21.57 04a59879o0391c
2459879.672384 16.413 0.016 988 16 c 0 3.64 8.69039 -8.38667 6293.57 7149.01 2.4 2.08 -49.5 -0.395 19.64 21.56 04a59879o0403c
2459880.925995 16.408 0.017 992 17 c 0 1.36 8.69039 -8.38667 6079.31 1459.1 2.48 2.33 -81.8 -0.406 19.52 21.22 02a59880o0241c
2459880.929608 16.453 0.017 953 17 c 0 1.72 8.69039 -8.38667 6060.52 1420.22 2.52 2.35 -83.4 -0.399 19.49 21.2 02a59880o0249c
2459880.935934 16.448 0.019 957 18 c 0 1.23 8.69039 -8.38667 6118.21 1499.4 2.63 2.46 -77.6 -0.399 19.44 21.17 02a59880o0263c
2459880.960519 16.494 0.02 917 18 c 0 1.6 8.69039 -8.38667 6142.16 1384.34 2.55 2.39 -79.3 -0.399 19.42 21.12 02a59880o0278c
2459897.342552 16.554 0.022 868 19 c 0 1.32 8.69039 -8.38667 8115.34 7049.91 2.74 2.36 -55.2 -0.388 19.67 21.59 03a59897o0204c
2459897.345271 16.589 0.021 840 17 c 0 1.92 8.69039 -8.38667 8132.26 7089.15 2.89 2.45 -56.8 -0.386 19.61 21.6 03a59897o0210c
2459897.351153 16.558 0.019 864 17 c 0 1.65 8.69039 -8.38667 8073.58 7010.92 2.94 2.41 -56.1 -0.385 19.61 21.62 03a59897o0223c
2459897.361085 16.567 0.019 857 16 c 0 2.12 8.69039 -8.38667 8048.29 7127.73 2.69 2.28 -55.8 -0.391 19.7 21.64 03a59897o0245c
2459898.841968 16.632 0.02 808 16 c 0 1.59 8.69039 -8.38667 7907.25 1237.14 3.01 2.91 29.5 -0.384 19.66 21.48 01a59898o0345c
2459898.853142 16.629 0.019 810 15 c 0 1.86 8.69039 -8.38667 7929.45 1279.17 2.96 2.91 45.1 -0.392 19.63 21.43 01a59898o0369c
2459898.857776 16.608 0.02 826 17 c 0 1.29 8.69039 -8.38667 7871.88 1202.32 2.93 2.87 33.6 -0.393 19.64 21.46 01a59898o0379c
2459898.868979 16.607 0.02 826 16 c 0 1.62 8.69039 -8.38667 7853.75 1320.88 2.83 2.75 65.5 -0.407 19.65 21.4 01a59898o0403c
2459901.332196 16.625 0.021 813 17 c 0 2.49 8.69039 -8.38667 8111.75 7050.59 2.67 2.2 -56.8 -0.39 19.49 21.29 03a59901o0173c
2459901.335356 16.675 0.025 776 19 c 0 1.69 8.69039 -8.38667 8128.32 7090.26 2.67 2.2 -53.3 -0.392 19.39 21.18 03a59901o0180c
2459901.34259 16.597 0.026 834 22 c 0 0.92 8.69039 -8.38667 8068.67 7012.87 2.62 2.2 -54.5 -0.393 19.3 21.09 03a59901o0196c
2459901.352613 16.668 0.026 781 20 c 0 1.36 8.69039 -8.38667 8043.91 7129.19 2.65 2.25 -57.8 -0.393 19.28 21.07 03a59901o0218c
2459902.878328 16.752 0.022 723 16 c 0 1.69 8.69039 -8.38667 7914.08 1243.78 2.92 2.8 72.6 -0.394 19.59 21.3 01a59902o0419c
2459902.90486 16.7 0.021 758 16 c 0 1.61 8.69039 -8.38667 7936.1 1288.57 2.88 2.8 87.7 -0.407 19.54 21.23 01a59902o0474c
2459902.918406 16.717 0.022 747 17 c 0 1.46 8.69039 -8.38667 7879.78 1214.77 3.27 3.07 52.1 -0.327 19.39 21.19 01a59902o0502c
2459905.315408 16.787 0.044 700 31 c 0 1.13 8.69039 -8.38667 6184.45 7094.41 2.65 2.32 -53.3 -0.386 18.65 20.51 03a59905o0131c
2459905.319461 16.873 0.033 647 21 c 0 1.45 8.69039 -8.38667 6200.86 7134.3 2.66 2.27 -55.0 -0.385 19.07 20.93 03a59905o0140c
2459905.326287 16.786 0.039 701 28 c 0 1.2 8.69039 -8.38667 6140.97 7056.05 2.73 2.38 -55.5 -0.379 19.33 21.26 03a59905o0155c
2459906.801625 16.865 0.023 652 15 c 0 1.48 8.69039 -8.38667 6061.94 3285.99 3.04 2.92 29.4 -0.324 19.67 21.55 01a59906o0258c
2459906.8044 16.9 0.023 631 15 c 0 1.45 8.69039 -8.38667 6081.76 3324.55 3.18 3.07 27.0 -0.327 19.56 21.53 01a59906o0264c
2459906.814222 16.901 0.021 630 14 c 0 1.96 8.69039 -8.38667 6025.48 3247.63 3.09 2.94 38.5 -0.322 19.64 21.53 01a59906o0285c
2459906.824517 16.8 0.022 692 15 c 0 1.29 8.69039 -8.38667 6007.28 3365.32 3.11 2.92 44.3 -0.321 19.65 21.53 01a59906o0307c
2459927.565327 16.989 0.025 581 15 c 0 2.27 8.69039 -8.38667 1911.96 4839.41 2.57 2.23 61.5 -0.385 19.49 21.55 04a59927o0106c
2459927.56893 17.031 0.028 559 16 c 0 1.53 8.69039 -8.38667 1931.63 4875.94 2.6 2.34 74.5 -0.386 19.47 21.55 04a59927o0114c
2459927.57404 17.037 0.029 556 16 c 0 1.66 8.69039 -8.38667 1874.24 4796.33 2.64 2.36 67.1 -0.378 19.44 21.53 04a59927o0125c
2459927.586043 16.977 0.139 588 82 c 0 0.3 8.69039 -8.38667 1855.51 4908.38 2.64 2.31 62.7 -0.386 19.46 21.51 04a59927o0151c
2459928.770115 17.016 0.026 567 15 c 0 2.24 8.69039 -8.38667 4371.32 5436.49 2.44 2.33 42.1 -0.422 19.52 21.2 02a59928o0185c
2459928.77419 16.991 0.029 580 17 c 0 1.56 8.69039 -8.38667 4352.33 5397.81 2.43 2.31 42.6 -0.426 19.52 21.2 02a59928o0194c
2459928.787455 17.047 0.029 551 16 c 0 1.78 8.69039 -8.38667 4408.89 5473.0 2.42 2.3 57.0 -0.419 19.55 21.18 02a59928o0223c
2459928.794724 17.058 0.028 546 15 c 0 2.02 8.69039 -8.38667 4429.26 5357.35 2.42 2.29 56.7 -0.416 19.55 21.15 02a59928o0239c
2459931.537635 17.112 0.039 519 20 c 0 1.37 8.69039 -8.38667 1812.08 2916.18 3.04 2.54 54.3 -0.374 19.01 20.55 04a59931o0041c
2459931.540795 17.108 0.038 521 20 c 0 1.42 8.69039 -8.38667 1832.9 2952.69 3.08 2.53 53.0 -0.371 19.15 20.95 04a59931o0048c
2459931.546202 17.072 0.037 538 20 c 0 1.4 8.69039 -8.38667 1775.9 2870.28 3.36 2.65 43.3 -0.366 19.24 21.36 04a59931o0060c
2459931.561104 17.016 0.027 567 16 c 0 2.55 8.69039 -8.38667 1758.57 2975.8 3.04 2.5 48.4 -0.372 19.37 21.51 04a59931o0093c
2459964.306228 17.009 0.062 571 36 c 0 1.19 8.69039 -8.38667 5048.96 5889.13 2.62 2.42 -29.7 -0.364 18.46 20.78 03a59964o0078c
