###MJD          m      dm   uJy   duJy F err chi/N     RA       Dec        x        y     maj  min   phi  apfit mag5sig Sky   Obs
59725.158480  14.786  0.007  4422   30 o  0   8.98   8.69039  -8.38667   368.68  1625.92 2.24 2.04 -43.0 -0.433 19.19 20.09 03a59725o0984o
59725.165683  14.775  0.007  4465   30 o  0  10.31   8.69039  -8.38667   348.91  1584.87 2.21 2.03 -42.3 -0.443 19.15 20.00 03a59725o0998o
59725.182602  14.796  0.012  4381   52 o  0   2.50   8.69039  -8.38667   405.64  1664.96 2.15 1.98 -52.6 -0.436 18.04 17.76 03a59725o1033o
59732.586776  15.751  0.013  1818   23 c  0   2.24   8.69039  -8.38667  5975.11  1273.11 2.80 2.56  14.0 -0.392 19.08 20.59 02a59732o0752c
59732.595272  15.696  0.011  1912   22 c  0   2.73   8.69039  -8.38667  5991.33  1311.63 2.43 2.35  -3.7 -0.410 19.28 20.65 02a59732o0769c
59732.609249  15.707  0.013  1893   25 c  0   1.60   8.69039  -8.38667  5936.90  1232.66 2.57 2.41  25.9 -0.400 18.92 20.10 02a59732o0799c
59732.613363  15.718  0.017  1873   32 c  0   1.37   8.69039  -8.38667  5916.45  1348.79 2.57 2.42  25.5 -0.394 18.43 19.48 02a59732o0808c
59736.585011  15.568  0.011  2153   23 c  0   2.07   8.69039  -8.38667  5974.02  1271.99 2.46 2.35  36.0 -0.408 19.27 20.67 02a59736o0747c
59736.601626  15.540  0.011  2208   24 c  0   2.29   8.69039  -8.38667  5990.88  1310.16 2.46 2.35  50.3 -0.405 19.27 20.64 02a59736o0783c
59736.604413  15.529  0.010  2230   22 c  0   2.08   8.69039  -8.38667  5930.95  1231.67 2.52 2.32  51.5 -0.399 19.22 20.54 02a59736o0789c
59736.614955  15.579  0.018  2129   39 c  0   1.22   8.69039  -8.38667  5911.74  1347.69 2.50 2.34  35.7 -0.390 18.12 19.10 02a59736o0812c
59737.155348  14.867  0.007  4103   30 o  0   9.08   8.69039  -8.38667  6149.58  1488.17 2.37 2.08 -48.4 -0.433 19.33 20.46 03a59737o0971o
59737.173887  14.861  0.008  4126   31 o  0   6.73   8.69039  -8.38667  6131.06  1450.32 2.33 2.16 -48.1 -0.441 19.07 19.89 03a59737o1007o
59737.185404  14.882  0.015  4046   59 o  0   1.43   8.69039  -8.38667  6187.30  1529.34 2.35 2.15 -50.2 -0.452 17.92 17.67 03a59737o1030o
59744.583906  14.578  0.009  5355   48 o  0   2.56   8.69039  -8.38667 10081.52  4976.26 2.79 2.29  11.2 -0.444 18.26 18.62 02a59744o0739o
59744.595868  14.517  0.009  5667   50 o  0   1.53   8.69039  -8.38667 10098.65  5014.37 2.57 2.26  10.4 -0.427 18.37 18.74 02a59744o0765o
59744.606480  14.563  0.008  5430   46 o  0   1.94   8.69039  -8.38667 10041.15  4936.41 2.82 2.43   8.7 -0.414 18.32 18.75 02a59744o0788o
59744.610141  14.538  0.008  5557   47 o  0   2.17   8.69039  -8.38667 10021.09  5052.95 2.81 2.45   2.9 -0.422 18.23 18.65 02a59744o0796o
59746.592362  14.489  0.009  5811   50 o  0   3.44   8.69039  -8.38667   578.86  7633.56 3.07 2.75 -47.9 -0.425 18.55 19.25 01a59746o0764o
59746.596507  14.520  0.009  5650   49 o  0   2.54   8.69039  -8.38667   559.84  7595.43 3.26 2.87 -43.5 -0.401 18.51 19.27 01a59746o0773o
59746.603434  14.494  0.008  5787   46 o  0   4.04   8.69039  -8.38667   622.23  7673.65 2.95 2.70 -45.9 -0.429 18.61 19.30 01a59746o0788o
59746.615947  14.496  0.019  5778  111 o  0   1.77   8.69039  -8.38667   642.75  7554.67 3.19 2.91 -50.7 -0.403 18.02 18.35 01a59746o0815o
59753.583625  14.482  0.005  5853   32 o  0  14.86   8.69039  -8.38667  8345.47  8938.07 2.10 2.08   7.2 -0.446 19.30 20.11 02a59753o0724o
59753.586763  14.464  0.006  5951   35 o  0  13.39   8.69039  -8.38667  8365.28  8977.22 2.16 2.12   5.0 -0.439 19.28 20.10 02a59753o0730o
59753.596618  14.463  0.005  5952   32 o  0  23.67   8.69039  -8.38667  8306.44  8898.76 2.16 2.11  34.2 -0.443 19.31 20.09 02a59753o0750o
59753.602264  14.454  0.005  6003   32 o  0  10.51   8.69039  -8.38667  8287.95  9015.36 2.20 2.07 -58.8 -0.442 19.31 20.03 02a59753o0762o
59754.587807  14.434  0.006  6112   37 o  0   9.44   8.69039  -8.38667   180.74  1800.63 2.82 2.62 -57.3 -0.609 19.18 20.41 01a59754o0747o
59754.592515  14.483  0.006  5844   35 o  0   7.28   8.69039  -8.38667 10390.09  1644.97 2.92 2.62 -49.9 -0.513 19.14 20.35 01a59754o0756o
59754.600392  14.475  0.006  5889   33 o  0   9.45   8.69039  -8.38667 10371.33  1606.53 3.00 2.67 -54.1 -0.489 19.14 20.32 01a59754o0773o
59754.601773  14.464  0.006  5948   36 o  0   8.94   8.69039  -8.38667   161.41  1761.01 2.84 2.63 -54.0 -0.603 19.18 20.39 01a59754o0776o
59754.610550  14.455  0.006  5996   38 o  0   6.85   8.69039  -8.38667 10431.50  1679.75 2.84 2.59 -54.6 -0.530 18.96 19.89 01a59754o0795o
59754.611930  14.427  0.006  6153   36 o  0  14.00   8.69039  -8.38667   221.93  1838.54 2.70 2.52 -50.4 -0.631 18.96 19.82 01a59754o0798o
59754.618322  14.481  0.009  5857   54 o  0   3.31   8.69039  -8.38667 10452.83  1556.42 3.00 2.64 -54.0 -0.507 18.12 18.38 01a59754o0811o
59754.619704  14.467  0.011  5934   68 o  0   2.85   8.69039  -8.38667   240.83  1720.46 2.85 2.58 -49.3 -0.630 18.02 18.15 01a59754o0814o
59766.590861  14.630  0.006  5103   30 o  0   5.23   8.69039  -8.38667  6276.92  5321.72 2.72 2.65 -11.0 -0.464 19.38 20.81 01a59766o0756o
59766.612784  14.646  0.008  5030   40 o  0   3.40   8.69039  -8.38667  6261.80  5279.72 2.80 2.72 -10.0 -0.462 18.59 19.53 01a59766o0803o
59766.615975  14.631  0.010  5099   48 o  0   1.57   8.69039  -8.38667  6321.47  5355.96 2.79 2.71 -29.8 -0.465 18.48 19.24 01a59766o0810o
59766.620294  14.640  0.011  5059   53 o  0   1.75   8.69039  -8.38667  6338.67  5238.40 2.87 2.68  26.6 -0.454 18.03 18.33 01a59766o0819o
59768.588545  15.091  0.007  3340   24 c  0   3.54   8.69039  -8.38667  8036.51  3114.36 2.54 2.33  34.0 -0.400 19.60 21.31 02a59768o0730c
59768.606734  15.087  0.008  3350   26 c  0   2.91   8.69039  -8.38667  8055.51  3152.88 2.45 2.36  38.8 -0.403 19.43 21.03 02a59768o0770c
59768.615824  15.089  0.010  3346   35 c  0   2.31   8.69039  -8.38667  7996.96  3074.05 2.51 2.39  26.5 -0.394 18.74 19.88 02a59768o0790c
59769.115302  14.702  0.006  4776   31 o  0   4.04   8.69039  -8.38667  8578.37  3804.63 3.03 2.30   2.2 -0.414 19.24 20.72 03a59769o0775o
59769.125503  14.684  0.007  4859   33 o  0   2.35   8.69039  -8.38667  8555.64  3768.18 4.71 2.60   3.6 -0.382 18.99 20.82 03a59769o0796o
59769.140316  14.707  0.006  4754   30 o  0   3.83   8.69039  -8.38667  8613.39  3849.95 3.17 2.29  -0.2 -0.430 19.29 20.86 03a59769o0827o
59769.145212  14.698  0.007  4794   33 o  0   3.59   8.69039  -8.38667  8630.46  3734.90 3.71 2.34   0.5 -0.399 19.21 20.86 03a59769o0836o
59770.586490  14.703  0.006  4775   30 o  0   3.40   8.69039  -8.38667  5994.67  1446.48 3.18 2.95  14.0 -0.414 19.25 20.81 01a59770o0748o
59770.606603  14.714  0.006  4726   30 o  0   3.74   8.69039  -8.38667  5974.11  1401.82 3.06 2.87   3.5 -0.430 19.26 20.75 01a59770o0792o
59770.610782  14.711  0.007  4737   32 o  0   2.81   8.69039  -8.38667  6034.19  1478.90 3.22 2.94   8.4 -0.423 19.16 20.57 01a59770o0801o
59770.620222  14.734  0.009  4640   41 o  0   1.48   8.69039  -8.38667  6050.12  1356.67 3.49 2.98   5.6 -0.411 18.30 18.97 01a59770o0821o
59772.562711  14.678  0.007  4883   33 o  0   8.39   8.69039  -8.38667  4375.03  7170.03 2.31 1.80  28.3 -0.418 18.95 19.37 02a59772o0688o
59772.565876  14.700  0.007  4786   33 o  0   7.59   8.69039  -8.38667  4393.94  7208.79 2.46 1.93  29.3 -0.408 18.93 19.40 02a59772o0695o
59772.572219  14.666  0.006  4938   32 o  0   4.12   8.69039  -8.38667  4337.19  7131.18 2.29 1.85  24.4 -0.424 18.98 19.45 02a59772o0709o
59772.585408  14.688  0.006  4838   30 o  0  12.12   8.69039  -8.38667  4316.64  7247.08 2.33 1.87  25.3 -0.420 19.08 19.62 02a59772o0738o
59773.092369  14.685  0.008  4854   38 o  0   3.09   8.69039  -8.38667  8589.47  3806.16 2.51 2.33  13.2 -0.450 18.69 19.21 03a59773o0758o
59773.095561  14.675  0.007  4896   33 o  0   4.77   8.69039  -8.38667  8570.10  3768.09 2.80 2.46   3.4 -0.426 18.60 19.21 03a59773o0765o
59773.100515  14.689  0.010  4835   46 o  0   1.28   8.69039  -8.38667  8625.62  3847.29 3.80 2.50   1.7 -0.380 18.47 19.23 03a59773o0776o
59773.107298  14.678  0.008  4882   38 o  0   3.49   8.69039  -8.38667  8647.71  3732.18 2.53 2.30   2.8 -0.440 18.74 19.26 03a59773o0791o
59774.532452  14.748  0.010  4581   44 o  0   1.58   8.69039  -8.38667  5990.52  1455.09 3.11 3.03 -12.0 -0.440 18.33 19.02 01a59774o0629o
59774.538699  14.764  0.009  4511   40 o  0   1.88   8.69039  -8.38667  5973.04  1415.21 3.18 2.99  18.1 -0.430 18.36 19.08 01a59774o0641o
59774.542355  14.749  0.009  4574   42 o  0   1.54   8.69039  -8.38667  6030.78  1491.08 3.36 3.13  -4.9 -0.421 18.33 19.09 01a59774o0649o
59774.552855  14.750  0.009  4570   42 o  0   1.76   8.69039  -8.38667  6049.75  1372.06 3.11 2.95  -2.2 -0.440 18.43 19.15 01a59774o0672o
59775.988814  14.671  0.053  4914  261 o  0   1.12   8.69039  -8.38667  8770.93  9611.31 2.87 2.32 -42.2 -0.404 16.47 16.09 03a59776o0629o
59775.992026  14.759  0.015  4531   67 o  0   1.80   8.69039  -8.38667  8751.39  9572.60 2.72 2.22 -45.1 -0.397 17.73 17.69 03a59776o0636o
59775.997926  14.803  0.013  4354   54 o  0   3.07   8.69039  -8.38667  8809.42  9651.60 2.71 2.13 -41.7 -0.405 18.07 17.99 03a59776o0649o
59776.016458  14.762  0.009  4519   43 o  0   4.33   8.69039  -8.38667  8827.79  9534.24 2.63 2.08 -43.7 -0.408 18.46 18.53 03a59776o0687o
59777.008780  14.747  0.013  4583   60 o  0   1.67   8.69039  -8.38667  8774.55  9608.65 2.79 2.57 -30.0 -0.395 17.97 17.96 03a59777o0696o
59777.011520  14.797  0.012  4379   54 o  0   1.58   8.69039  -8.38667  8753.93  9570.09 2.74 2.44 -40.7 -0.397 18.02 17.96 03a59777o0702o
59777.025992  14.781  0.012  4442   55 o  0   1.93   8.69039  -8.38667  8804.73  9650.19 2.70 2.26 -43.6 -0.399 18.17 18.06 03a59777o0734o
59777.031868  14.804  0.011  4351   49 o  0   2.45   8.69039  -8.38667  8826.85  9533.44 2.56 2.29 -42.2 -0.397 18.19 18.12 03a59777o0747o
59781.107687  14.961  0.007  3765   28 o  0   5.39   8.69039  -8.38667  8752.89  9629.38 2.33 2.20 -39.0 -0.426 19.34 20.35 03a59781o0791o
59781.110563  14.955  0.007  3785   26 o  0  10.39   8.69039  -8.38667  8733.79  9590.53 2.34 2.15 -41.1 -0.418 19.35 20.36 03a59781o0797o
59781.116066  14.972  0.007  3725   27 o  0  11.55   8.69039  -8.38667  8789.44  9671.11 2.35 2.10 -37.3 -0.434 19.38 20.38 03a59781o0809o
59781.132862  14.957  0.008  3776   29 o  0   4.17   8.69039  -8.38667  1652.58   942.06 2.18 1.99 -32.7 -0.442 19.32 20.30 03a59781o0845o
59783.314636  14.945  0.007  3819   28 o  0  10.85   8.69039  -8.38667  2237.75  1662.81 2.36 2.00  41.7 -0.423 19.46 20.94 04a59783o0778o
59783.319684  14.952  0.007  3794   27 o  0  12.41   8.69039  -8.38667  2220.00  1621.37 2.42 1.96  47.6 -0.409 19.48 20.92 04a59783o0789o
59783.323448  14.933  0.007  3862   26 o  0  12.76   8.69039  -8.38667  2280.59  1699.24 2.38 1.94  47.9 -0.409 19.46 20.90 04a59783o0797o
59783.334597  14.943  0.007  3826   28 o  0   8.12   8.69039  -8.38667  2304.63  1581.56 2.32 1.89  47.1 -0.415 19.46 20.90 04a59783o0819o
59784.569932  15.314  0.008  2719   23 c  0   4.56   8.69039  -8.38667  4152.04  3300.51 2.56 2.34  31.4 -0.414 19.54 21.15 02a59784o0716c
59784.573097  15.314  0.008  2720   22 c  0   3.59   8.69039  -8.38667  4170.79  3338.71 2.62 2.39  32.0 -0.408 19.52 21.15 02a59784o0723c
59784.578548  15.292  0.008  2775   22 c  0   4.51   8.69039  -8.38667  4112.18  3261.64 2.53 2.29  35.8 -0.420 19.55 21.16 02a59784o0735c
59784.597137  15.300  0.008  2755   21 c  0   6.89   8.69039  -8.38667  4092.25  3376.07 2.59 2.34  30.5 -0.414 19.53 21.16 02a59784o0776c
59785.064784  15.323  0.008  2697   20 c  0   8.88   8.69039  -8.38667  4334.09  5362.82 2.81 2.33   3.6 -0.373 19.72 21.76 03a59785o0743c
59785.067595  15.310  0.008  2728   20 c  0  11.89   8.69039  -8.38667  4314.76  5324.70 2.54 2.32   4.1 -0.384 19.78 21.79 03a59785o0749c
59785.074410  15.330  0.008  2678   21 c  0   7.75   8.69039  -8.38667  4368.78  5405.41 2.89 2.33   2.8 -0.369 19.73 21.77 03a59785o0764c
59785.104754  15.297  0.008  2761   23 c  0   6.32   8.69039  -8.38667  4380.97  5295.03 2.30 2.24  17.4 -0.403 19.86 21.82 03a59785o0824c
59786.569386  15.028  0.008  3538   27 o  0   3.75   8.69039  -8.38667  8687.92  5658.77 2.90 2.83 -27.5 -0.453 19.35 20.82 01a59786o0724o
59786.572577  15.028  0.008  3538   28 o  0   2.43   8.69039  -8.38667  8668.35  5620.12 2.98 2.87 -32.1 -0.449 19.36 20.85 01a59786o0731o
59786.577131  15.055  0.008  3453   28 o  0   1.96   8.69039  -8.38667  8728.41  5694.69 3.02 2.94 -24.9 -0.444 19.29 20.83 01a59786o0741o
59786.590646  15.036  0.008  3513   27 o  0   2.38   8.69039  -8.38667  8748.46  5576.30 3.06 3.03 -75.2 -0.439 19.31 20.85 01a59786o0770o
59787.382191  15.036  0.007  3512   26 o  0  10.22   8.69039  -8.38667  2069.89  8777.31 2.51 1.93 -84.9 -0.386 19.49 20.90 04a59787o0809o
59787.385888  15.040  0.007  3499   26 o  0  12.95   8.69039  -8.38667  2090.84  8812.28 2.59 1.98 -84.4 -0.379 19.51 20.98 04a59787o0817o
59787.392653  15.021  0.007  3562   25 o  0  11.13   8.69039  -8.38667  2037.15  8727.15 2.51 1.94 -85.2 -0.386 19.51 20.95 04a59787o0831o
59788.557745  15.439  0.009  2424   22 c  0   6.02   8.69039  -8.38667 10192.34  6911.73 2.53 2.48  55.6 -0.416 19.66 21.23 02a59788o0691c
59788.560459  15.435  0.009  2433   23 c  0   5.93   8.69039  -8.38667 10212.38  6950.91 2.54 2.51  73.2 -0.423 19.64 21.22 02a59788o0697c
59788.563623  15.430  0.009  2444   22 c  0   4.91   8.69039  -8.38667 10152.85  6872.28 2.54 2.50  32.5 -0.421 19.64 21.22 02a59788o0704c
59788.569957  15.405  0.009  2501   23 c  0   5.62   8.69039  -8.38667 10132.90  6989.29 2.54 2.48  42.2 -0.419 19.67 21.25 02a59788o0718c
59791.370612  15.480  0.010  2334   23 c  0   4.11   8.69039  -8.38667  2066.33  8779.19 2.80 2.22 -87.6 -0.356 19.63 21.53 04a59791o0814c
59791.373769  15.471  0.009  2352   21 c  0   4.79   8.69039  -8.38667  2087.14  8814.84 2.69 2.17 -85.4 -0.365 19.64 21.58 04a59791o0821c
59791.402219  15.488  0.009  2316   20 c  0   6.00   8.69039  -8.38667  2044.45  8706.53 2.85 2.30 -84.7 -0.342 19.54 21.47 04a59791o0881c
59791.408175  15.486  0.009  2321   21 c  0   5.39   8.69039  -8.38667  2025.08  8818.92 2.91 2.33 -85.5 -0.340 19.59 21.47 04a59791o0894c
59791.440586  15.512  0.014  2266   31 c  0   1.61   8.69039  -8.38667  2072.89  8734.58 2.85 2.22 -84.7 -0.321 18.74 19.63 04a59791o0961c
59792.594101  15.563  0.009  2162   20 c  0   5.49   8.69039  -8.38667   383.10  3650.79 2.41 2.39 -41.4 -0.407 19.56 21.13 02a59792o0715c
59792.596874  15.531  0.009  2227   21 c  0   5.15   8.69039  -8.38667   363.82  3611.58 2.41 2.37 -60.0 -0.410 19.52 21.13 02a59792o0721c
59792.620395  15.509  0.010  2272   22 c  0   3.31   8.69039  -8.38667   421.76  3690.83 2.39 2.35  16.7 -0.411 19.45 20.91 02a59792o0772c
59792.624797  15.533  0.010  2222   22 c  0   3.59   8.69039  -8.38667   441.25  3575.26 2.38 2.36  89.6 -0.404 19.14 20.35 02a59792o0781c
59794.602825  15.240  0.009  2910   25 o  0   3.53   8.69039  -8.38667  1694.09  2999.54 2.75 2.56 -44.9 -0.504 19.37 20.82 01a59794o0338o
59794.607451  15.229  0.009  2939   25 o  0   4.12   8.69039  -8.38667  1715.67  3038.81 2.87 2.61 -46.3 -0.491 19.39 20.83 01a59794o0348o
59794.615028  15.234  0.010  2926   29 o  0   2.37   8.69039  -8.38667  1656.33  2963.15 2.85 2.65 -44.5 -0.496 19.35 20.77 01a59794o0364o
59794.622832  15.237  0.010  2918   30 o  0   2.28   8.69039  -8.38667  1641.56  3080.71 2.81 2.61 -44.7 -0.509 19.15 20.22 01a59794o0380o
59796.605585  15.437  0.009  2428   22 c  0   8.73   8.69039  -8.38667   661.78  9492.53 2.36 2.18 -42.0 -0.466 19.64 21.34 02a59796o0380c
59796.611988  15.434  0.009  2435   22 c  0   7.57   8.69039  -8.38667   642.89  9456.07 2.41 2.24 -48.7 -0.457 19.61 21.33 02a59796o0394c
59796.624590  15.445  0.011  2409   26 c  0   6.00   8.69039  -8.38667   695.04  9531.73 2.34 2.15 -46.9 -0.467 19.34 20.65 02a59796o0421c
59796.627881  15.417  0.013  2474   32 c  0   4.40   8.69039  -8.38667   719.67  9415.88 2.36 2.21 -45.0 -0.477 19.00 20.04 02a59796o0428c
59797.093820  15.440  0.008  2420   20 c  0   4.91   8.69039  -8.38667  5999.95  1267.16 2.33 2.21 -26.3 -0.419 19.89 21.85 03a59797o0666c
59797.098103  15.461  0.009  2375   21 c  0   5.12   8.69039  -8.38667  6016.24  1307.28 2.30 2.18 -30.3 -0.424 19.89 21.85 03a59797o0674c
59797.103745  15.470  0.009  2356   22 c  0   4.18   8.69039  -8.38667  5957.37  1229.41 2.33 2.20 -27.5 -0.421 19.78 21.71 03a59797o0686c
59797.113820  15.444  0.010  2412   23 c  0   6.17   8.69039  -8.38667  5930.72  1347.63 2.35 2.22 -21.9 -0.419 19.56 21.50 03a59797o0707c
59797.184656  15.483  0.011  2326   26 c  0   3.15   8.69039  -8.38667  5954.04  1296.96 2.45 2.31 -17.8 -0.401 18.93 19.70 03a59797o0855c
59799.259673  15.149  0.012  3165   38 o  0   0.96   8.69039  -8.38667  2577.04  7478.75 3.34 2.97 -86.5 -0.377 18.69 20.03 04a59799o0590o
59799.262402  15.161  0.012  3131   38 o  0   1.68   8.69039  -8.38667  2558.28  7438.59 3.37 2.96 -85.7 -0.374 18.76 20.04 04a59799o0596o
59799.278384  15.151  0.010  3159   32 o  0   1.77   8.69039  -8.38667  2622.16  7513.96 3.20 2.81 -86.3 -0.333 18.76 20.11 04a59799o0631o
59799.283924  15.167  0.009  3112   29 o  0   2.61   8.69039  -8.38667  2643.50  7397.19 2.83 2.42 -84.7 -0.342 18.93 20.14 04a59799o0643o
59800.525737  15.200  0.009  3021   28 o  0   4.07   8.69039  -8.38667  9908.97  1067.18 2.36 1.78 -64.4 -0.478 19.19 20.01 02a59800o0618o
59800.527561  15.183  0.009  3068   27 o  0   4.07   8.69039  -8.38667  9926.41  1106.61 2.30 1.76 -64.2 -0.489 19.17 20.03 02a59800o0622o
59800.530315  15.168  0.009  3111   29 o  0   2.73   8.69039  -8.38667  9867.72  1028.91 2.38 1.83 -63.5 -0.486 19.18 20.05 02a59800o0628o
59800.547915  15.098  0.008  3319   26 o  0   8.08   8.69039  -8.38667  9847.88  1148.72 2.22 1.64 -65.1 -0.597 19.35 20.34 02a59800o0665o
59801.005675  15.189  0.009  3051   27 o  0   4.19   8.69039  -8.38667   442.48  5447.75 2.33 2.11 -63.7 -0.401 18.96 19.53 03a59801o0638o
59801.009367  15.175  0.009  3090   28 o  0   3.80   8.69039  -8.38667   424.21  5408.23 2.22 2.03 -62.5 -0.406 19.01 19.54 03a59801o0645o
59801.015827  15.193  0.009  3041   29 o  0   3.67   8.69039  -8.38667   478.90  5488.44 2.27 2.06 -57.5 -0.404 19.00 19.54 03a59801o0657o
59801.025621  15.174  0.009  3094   29 o  0   2.65   8.69039  -8.38667   498.24  5373.90 2.35 2.16 -30.3 -0.406 18.94 19.57 03a59801o0676o
59801.282822  15.201  0.014  3018   41 o  0   2.71   8.69039  -8.38667  6214.14  3410.74 2.06 1.92 -18.2 -0.421 18.18 18.60 04a59801o0695o
59801.285540  15.192  0.011  3042   34 o  0   5.16   8.69039  -8.38667  6195.54  3372.01 2.01 1.83 -25.1 -0.450 18.38 18.67 04a59801o0701o
59801.313520  15.239  0.027  2914   79 o  0   1.89   8.69039  -8.38667  6272.00  3444.81 1.99 1.79 -36.5 -0.444 17.28 17.29 04a59801o0757o
59801.317701  15.159  0.016  3135   52 o  0   2.28   8.69039  -8.38667  6293.67  3328.10 1.99 1.77 -30.7 -0.455 17.79 17.94 04a59801o0766o
59802.179026  15.171  0.014  3103   43 o  0   1.24   8.69039  -8.38667  6205.49  3414.76 2.33 2.15 -17.7 -0.377 18.01 18.60 04a59802o0473o
59802.182182  15.177  0.014  3084   42 o  0   1.69   8.69039  -8.38667  6185.78  3376.00 2.26 2.14 -21.5 -0.396 18.18 18.62 04a59802o0480o
59802.188268  15.188  0.013  3053   40 o  0   1.59   8.69039  -8.38667  6242.41  3454.57 2.13 1.93 -21.8 -0.402 18.03 18.35 04a59802o0491o
59802.208251  15.133  0.023  3213   73 o  0   1.06   8.69039  -8.38667  6258.69  3337.45 2.18 2.01 -25.6 -0.412 17.35 17.37 04a59802o0534o
59802.507559  15.275  0.049  2818  139 o  0   1.10   8.69039  -8.38667  8562.63  3731.41 3.32 3.20   0.8 -0.413 16.70 16.88 01a59802o0607o
59802.530821  15.283  0.044  2797  122 o  0   1.06   8.69039  -8.38667  8543.99  3685.37 3.46 3.23 -16.9 -0.423 16.96 17.22 01a59802o0656o
59802.532641  15.283  0.042  2797  117 o  0   1.17   8.69039  -8.38667  8603.62  3759.99 3.53 3.39 -21.7 -0.399 16.93 17.22 01a59802o0660o
59802.539857  15.309  0.061  2731  167 o  0   0.75   8.69039  -8.38667  8624.32  3642.90 3.40 3.22  -8.0 -0.416 16.77 17.04 01a59802o0675o
59803.215305  15.227  0.043  2945  127 o  0   1.61   8.69039  -8.38667  6190.48  3377.41 2.28 2.07 -18.8 -0.399 16.68 16.42 04a59803o0572o
59808.561479  15.273  0.009  2823   25 o  0   6.68   8.69039  -8.38667  2629.20  9389.49 1.98 1.91  21.8 -0.465 19.24 19.95 02a59808o0646o
59808.566724  15.270  0.010  2831   27 o  0   3.49   8.69039  -8.38667  2613.22  9357.86 1.93 1.92 -88.0 -0.465 19.25 19.94 02a59808o0657o
59808.602066  15.289  0.010  2783   28 o  0   3.53   8.69039  -8.38667  2666.69  9435.00 1.99 1.91 -66.7 -0.465 19.18 19.85 02a59808o0732o
59808.626498  15.292  0.009  2774   26 o  0   5.99   8.69039  -8.38667  2689.10  9319.75 1.98 1.95 -39.8 -0.458 19.01 19.48 02a59808o0785o
59810.474689  15.326  0.010  2689   26 o  0   2.18   8.69039  -8.38667  8957.97  9558.08 3.35 2.94  42.3 -0.408 19.18 20.55 01a59810o0544o
59810.481066  15.351  0.011  2628   29 o  0   1.65   8.69039  -8.38667  8937.54  9518.08 3.52 3.09  39.1 -0.388 19.12 20.56 01a59810o0558o
59810.486688  15.337  0.011  2661   29 o  0   1.66   8.69039  -8.38667  8999.35  9593.87 3.38 2.98  35.9 -0.404 19.18 20.58 01a59810o0570o
59810.491721  15.350  0.010  2630   26 o  0   2.31   8.69039  -8.38667  9018.78  9474.28 3.54 3.04  37.6 -0.388 19.15 20.56 01a59810o0581o
59812.542378  15.366  0.011  2591   28 o  0   1.72   8.69039  -8.38667  4479.60  7346.18 3.31 3.05  29.6 -0.396 19.06 20.71 02a59812o0679o
59812.547760  15.371  0.010  2580   25 o  0   2.81   8.69039  -8.38667  4464.66  7308.98 2.77 2.30  32.6 -0.400 19.35 20.77 02a59812o0690o
59812.583052  15.368  0.009  2587   23 o  0   3.40   8.69039  -8.38667  4521.74  7393.09 2.95 2.44  33.6 -0.399 19.27 20.70 02a59812o0766o
59812.586304  15.381  0.009  2556   24 o  0   3.91   8.69039  -8.38667  4547.52  7281.60 2.87 2.30  34.9 -0.395 19.37 20.71 02a59812o0773o
59813.048213  15.383  0.009  2551   24 o  0  10.37   8.69039  -8.38667  8187.86  8970.20 2.53 2.05 -45.2 -0.416 19.57 20.87 03a59813o0637o
59813.051370  15.370  0.009  2582   24 o  0   9.99   8.69039  -8.38667  8204.31  9010.07 2.54 2.05 -44.0 -0.415 19.55 20.84 03a59813o0644o
59813.084325  15.364  0.009  2596   24 o  0   4.77   8.69039  -8.38667  8135.85  8936.04 2.47 2.08 -42.8 -0.416 19.54 20.87 03a59813o0715o
59813.089788  15.397  0.011  2519   27 o  0   7.13   8.69039  -8.38667  8109.88  9053.33 3.26 2.53 -44.7 -0.402 19.32 20.87 03a59813o0727o
59814.511432  15.483  0.012  2326   27 o  0   1.55   8.69039  -8.38667  8965.22  9542.75 3.90 3.39  39.7 -0.361 19.09 20.68 01a59814o0629o
59814.513252  15.479  0.012  2336   28 o  0   1.48   8.69039  -8.38667  8943.52  9503.06 3.56 3.12  36.4 -0.386 19.16 20.67 01a59814o0633o
59814.518783  15.506  0.012  2278   28 o  0   1.24   8.69039  -8.38667  9003.83  9577.90 3.80 3.33  37.8 -0.369 19.08 20.66 01a59814o0645o
59814.554477  15.478  0.011  2337   26 o  0   1.93   8.69039  -8.38667  9024.02  9451.75 3.55 3.04  37.3 -0.388 19.18 20.69 01a59814o0720o
59818.494723  15.593  0.011  2102   24 o  0   1.54   8.69039  -8.38667  4358.77  5443.99 2.94 2.75  27.7 -0.432 19.34 20.82 01a59818o0553o
59818.498877  15.595  0.011  2100   22 o  0   2.30   8.69039  -8.38667  4339.62  5405.35 2.90 2.77  24.9 -0.436 19.34 20.83 01a59818o0562o
59818.501614  15.599  0.012  2092   26 o  0   1.25   8.69039  -8.38667  4398.49  5480.41 3.00 2.79  32.7 -0.422 19.31 20.81 01a59818o0568o
59818.523587  15.601  0.011  2088   22 o  0   2.19   8.69039  -8.38667  6115.30  5198.55 3.01 2.77  33.9 -0.421 19.30 20.77 01a59818o0615o
59819.163791  15.787  0.012  1759   21 c  0   2.81   8.69039  -8.38667   396.89  3692.56 2.50 1.91  41.6 -0.376 19.66 21.46 04a59819o0446c
59819.184067  15.844  0.011  1668   19 c  0   6.30   8.69039  -8.38667   374.08  3652.13 2.47 1.90  47.4 -0.378 19.73 21.58 04a59819o0490c
59819.210269  15.816  0.011  1712   19 c  0   4.07   8.69039  -8.38667   438.63  3727.80 2.45 1.89  48.1 -0.381 19.73 21.65 04a59819o0547c
59819.219774  15.829  0.011  1693   19 c  0   6.63   8.69039  -8.38667   460.26  3608.96 2.45 1.88  48.8 -0.386 19.74 21.67 04a59819o0567c
59820.505894  15.760  0.011  1804   20 c  0   3.01   8.69039  -8.38667  6419.41  9019.04 2.62 2.38  34.3 -0.406 19.58 21.36 02a59820o0616c
59820.509067  15.794  0.012  1748   21 c  0   2.52   8.69039  -8.38667  6438.32  9059.67 2.65 2.42  35.3 -0.400 19.57 21.35 02a59820o0623c
59820.519161  15.800  0.011  1738   18 c  0   2.99   8.69039  -8.38667  4191.69  1577.55 2.47 2.31  65.3 -0.412 19.53 21.34 02a59820o0644c
59820.544605  15.764  0.011  1797   19 c  0   2.70   8.69039  -8.38667  4212.05  1462.37 2.45 2.28  60.3 -0.421 19.53 21.33 02a59820o0696c
59822.532900  15.561  0.011  2166   25 o  0   1.24   8.69039  -8.38667  6171.76  5120.59 3.25 2.95  40.4 -0.404 19.26 20.81 01a59822o0678o
59822.537036  15.574  0.011  2141   24 o  0   1.86   8.69039  -8.38667  6193.80  5159.31 3.12 2.81  39.4 -0.417 19.31 20.80 01a59822o0687o
59822.564383  15.557  0.012  2173   27 o  0   1.10   8.69039  -8.38667  6137.34  5086.49 3.32 3.01  43.9 -0.400 19.18 20.70 01a59822o0746o
59822.592748  15.538  0.012  2212   26 o  0   1.60   8.69039  -8.38667  6125.57  5207.58 3.35 3.06  46.5 -0.398 19.13 20.60 01a59822o0807o
59823.296722  15.765  0.012  1796   21 c  0   9.33   8.69039  -8.38667 10227.45  6921.37 2.88 2.12 -13.4 -0.429 19.72 21.60 04a59823o0539c
59823.299884  15.775  0.011  1778   20 c  0   8.98   8.69039  -8.38667 10248.00  6957.78 2.85 2.12 -15.5 -0.430 19.73 21.59 04a59823o0546c
59823.326459  15.797  0.011  1743   19 c  0  11.84   8.69039  -8.38667 10197.48  6858.51 2.79 2.21 -13.5 -0.418 19.70 21.45 04a59823o0604c
59823.329622  15.888  0.015  1602   24 c  0  13.64   8.69039  -8.38667    58.18  6901.47 2.57 2.09  73.1 -0.382 19.68 21.47 04a59823o0611c
59823.332784  15.777  0.013  1776   23 c  0   4.68   8.69039  -8.38667 10179.04  6970.13 2.82 2.21 -21.9 -0.421 19.66 21.41 04a59823o0618c
59823.333234  15.847  0.016  1665   27 c  0   4.39   8.69039  -8.38667    78.35  6936.96 2.63 2.09  72.6 -0.370 19.65 21.46 04a59823o0619c
59824.555115  15.846  0.010  1666   17 c  0   4.42   8.69039  -8.38667  4163.84  1546.43 2.48 2.29  58.4 -0.417 19.57 21.37 02a59824o0728c
59824.589402  15.838  0.011  1678   19 c  0   1.81   8.69039  -8.38667  4141.00  1508.71 2.47 2.35  66.7 -0.420 19.59 21.47 02a59824o0803c
59824.617898  15.851  0.011  1658   19 c  0   2.42   8.69039  -8.38667  4200.70  1588.51 2.46 2.36  75.0 -0.417 19.55 21.37 02a59824o0865c
59824.980941  15.575  0.010  2139   22 o  0   1.93   8.69039  -8.38667  2442.14  7337.01 2.65 2.42 -53.5 -0.394 19.56 21.20 03a59825o0097o
59824.982781  15.602  0.010  2085   22 o  0   2.06   8.69039  -8.38667  2422.97  7298.07 2.60 2.41 -54.5 -0.395 19.57 21.18 03a59825o0101o
59824.985935  15.611  0.010  2069   21 o  0   2.98   8.69039  -8.38667  2478.75  7377.18 2.45 2.29 -49.8 -0.398 19.64 21.20 03a59825o0108o
59825.004106  15.608  0.011  2074   22 o  0   2.71   8.69039  -8.38667  2496.86  7267.44 2.47 2.26 -45.5 -0.400 19.59 21.10 03a59825o0148o
59826.458276  15.650  0.011  1995   22 o  0   2.39   8.69039  -8.38667  4655.24  9323.03 2.99 2.85  27.9 -0.427 19.30 20.82 01a59826o0531o
59826.460099  15.680  0.011  1942   22 o  0   1.90   8.69039  -8.38667  4635.43  9284.11 2.99 2.82  38.3 -0.427 19.29 20.81 01a59826o0535o
59826.483232  15.639  0.013  2015   26 o  0   1.23   8.69039  -8.38667  4697.88  9353.76 2.98 2.79  36.6 -0.439 19.31 20.76 01a59826o0584o
59826.487332  15.651  0.012  1993   24 o  0   2.00   8.69039  -8.38667  4716.12  9235.20 2.94 2.71  37.1 -0.438 19.31 20.74 01a59826o0593o
59828.946141  15.727  0.012  1859   21 o  0   3.78   8.69039  -8.38667  2447.17  7337.18 2.20 2.00 -63.0 -0.402 19.13 19.76 03a59829o0505o
59828.951643  15.716  0.013  1877   24 o  0   1.83   8.69039  -8.38667  2425.68  7299.14 2.29 2.04 -58.2 -0.394 19.10 19.74 03a59829o0517o
59828.955712  15.722  0.013  1867   24 o  0   2.55   8.69039  -8.38667  2481.19  7378.51 2.26 2.05 -58.0 -0.397 19.12 19.78 03a59829o0526o
59828.961147  15.698  0.013  1909   25 o  0   2.92   8.69039  -8.38667  2501.47  7263.80 2.24 2.05 -54.1 -0.400 19.13 19.80 03a59829o0538o
59829.124062  15.793  0.021  1748   37 o  0   1.23   8.69039  -8.38667   699.52  9526.24 3.59 2.94  84.7 -0.279 18.52 19.46 04a59829o0328o
59830.390432  15.821  0.020  1704   34 o  0   1.23   8.69039  -8.38667  4646.44  9333.60 3.21 2.92  44.8 -0.416 18.47 19.11 01a59830o0348o
59830.393624  15.767  0.020  1792   36 o  0   1.13   8.69039  -8.38667  4628.17  9293.30 3.22 3.01  41.5 -0.423 18.47 19.13 01a59830o0355o
59830.416751  15.834  0.021  1684   36 o  0   1.10   8.69039  -8.38667  4692.50  9367.01 3.96 3.34   5.0 -0.367 18.33 19.22 01a59830o0404o
59830.420858  15.594  0.107  2102  225 o  0   0.33   8.69039  -8.38667  4713.09  9249.30 3.16 2.99  31.3 -0.422 18.52 19.25 01a59830o0413o
59831.010202  15.769  0.019  1788   34 o  0   2.05   8.69039  -8.38667  8004.32  3159.91 2.07 1.94 -45.4 -0.487 18.53 18.56 03a59831o0624o
59831.015900  15.809  0.021  1724   36 o  0   2.00   8.69039  -8.38667  8021.12  3201.37 2.12 2.06 -21.2 -0.491 18.48 18.59 03a59831o0632o
59831.049676  15.772  0.019  1784   34 o  0   1.70   8.69039  -8.38667  7950.06  3124.60 2.24 2.00 -52.2 -0.450 18.44 18.56 03a59831o0701o
59831.052706  15.789  0.021  1755   38 o  0   1.07   8.69039  -8.38667  7924.58  3240.04 2.37 2.11 -50.1 -0.443 18.37 18.55 03a59831o0707o
59836.567524  15.753  0.016  1815   29 o  0   2.61   8.69039  -8.38667  2327.27  3579.32 2.44 1.93  34.8 -0.443 18.89 19.39 02a59836o0556o
59836.570967  15.750  0.016  1819   28 o  0   2.26   8.69039  -8.38667  2308.54  3540.54 2.40 1.94  35.2 -0.442 18.89 19.38 02a59836o0563o
59836.576422  15.766  0.015  1794   27 o  0   2.37   8.69039  -8.38667  2367.36  3618.66 2.50 1.99  33.8 -0.433 18.86 19.36 02a59836o0574o
59836.587292  15.722  0.014  1867   25 o  0   3.73   8.69039  -8.38667  2388.31  3503.24 2.56 2.04  35.7 -0.428 18.78 19.30 02a59836o0596o
59836.998423  15.734  0.015  1847   28 o  0   2.22   8.69039  -8.38667  4260.68  7119.38 2.27 2.02 -52.7 -0.404 18.83 19.32 03a59837o0616o
59837.003897  15.755  0.017  1812   30 o  0   1.74   8.69039  -8.38667  4276.55  7160.05 2.30 2.00 -47.1 -0.397 18.77 19.22 03a59837o0628o
59837.007050  15.742  0.018  1834   34 o  0   1.43   8.69039  -8.38667  4218.54  7081.39 2.29 1.97 -49.3 -0.400 18.61 19.04 03a59837o0635o
59837.017478  15.801  0.017  1736   29 o  0   2.37   8.69039  -8.38667  4191.85  7197.98 2.29 2.02 -51.2 -0.398 18.69 19.17 03a59837o0658o
59838.478215  15.788  0.012  1758   22 o  0   2.42   8.69039  -8.38667  1453.86  5044.04 2.10 2.03 -46.4 -0.462 19.48 20.34 01a59838o0572o
59838.481015  15.776  0.013  1776   23 o  0   2.10   8.69039  -8.38667  1474.83  5083.47 2.19 2.11 -50.6 -0.458 19.43 20.33 01a59838o0578o
59838.486436  15.790  0.012  1754   20 o  0   2.18   8.69039  -8.38667  1416.43  5005.94 2.16 2.08 -49.3 -0.451 19.44 20.32 01a59838o0589o
59838.521718  15.800  0.013  1738   22 o  0   1.38   8.69039  -8.38667  1405.19  5124.81 2.22 2.16 -59.2 -0.443 19.38 20.25 01a59838o0664o
59839.234339  15.551  0.178  2185  388 o  0   1.48   8.69039  -8.38667  7962.39  1208.63 3.27 2.82 -22.0 -0.378 15.68 17.16 04a59839o0565o
59839.269954  15.865  0.140  1637  228 o  0   1.05   8.69039  -8.38667  7998.83  1213.15 2.72 2.11 -24.5 -0.386 16.50 17.30 04a59839o0643o
59839.273113  15.836  0.116  1681  194 o  0   1.37   8.69039  -8.38667  7940.70  1132.51 2.66 2.17 -24.9 -0.385 16.28 17.10 04a59839o0650o
59839.278524  15.527  0.151  2234  337 o  0   0.95   8.69039  -8.38667  7921.95  1245.31 2.77 2.21 -23.6 -0.379 15.89 16.58 04a59839o0662o
59840.469684  15.832  0.013  1687   22 o  0   4.48   8.69039  -8.38667  2323.23  3575.99 2.31 1.98  30.0 -0.445 19.40 20.60 02a59840o0433o
59840.472866  15.840  0.013  1676   21 o  0   2.14   8.69039  -8.38667  2304.10  3537.43 2.39 2.06  33.5 -0.444 19.39 20.60 02a59840o0440o
59840.478289  15.834  0.014  1685   23 o  0   2.58   8.69039  -8.38667  2361.71  3615.58 2.37 2.02  33.2 -0.443 19.34 20.59 02a59840o0452o
59840.488558  15.808  0.011  1725   20 o  0   7.48   8.69039  -8.38667  2383.72  3501.94 2.33 1.91  34.6 -0.449 19.44 20.58 02a59840o0474o
59842.420470  16.122  0.016  1292   20 c  0   2.31   8.69039  -8.38667   639.60  1692.06 3.08 2.79  47.1 -0.327 19.37 21.35 01a59842o0457c
59842.422318  16.123  0.017  1290   22 c  0   1.70   8.69039  -8.38667   619.94  1653.08 3.08 2.79  49.3 -0.333 19.39 21.36 01a59842o0461c
59842.425087  16.103  0.015  1315   20 c  0   2.39   8.69039  -8.38667   679.85  1732.20 3.13 2.82  38.3 -0.326 19.38 21.38 01a59842o0467c
59842.430172  16.115  0.015  1300   20 c  0   1.97   8.69039  -8.38667   698.32  1614.29 3.12 2.82  49.0 -0.324 19.38 21.39 01a59842o0478c
59843.157752  15.873  0.013  1625   22 o  0   2.71   8.69039  -8.38667  4520.13  7378.31 2.41 2.03 -76.4 -0.417 19.37 20.94 04a59843o0285o
59843.160513  15.895  0.013  1592   21 o  0   3.40   8.69039  -8.38667  4502.50  7339.23 2.22 1.87 -83.3 -0.403 19.53 20.97 04a59843o0291o
59843.165993  15.914  0.012  1564   18 o  0   5.99   8.69039  -8.38667  4562.12  7416.37 2.26 1.85 -84.2 -0.410 19.48 20.99 04a59843o0303o
59843.175820  15.897  0.013  1589   20 o  0   6.66   8.69039  -8.38667  4585.78  7297.82 2.30 1.98 -82.5 -0.407 19.48 21.01 04a59843o0324o
59844.412873  15.903  0.014  1581   22 o  0   2.26   8.69039  -8.38667  6310.26  7067.56 2.43 1.93  32.0 -0.433 19.44 20.60 02a59844o0452o
59844.414681  15.916  0.013  1562   20 o  0   5.57   8.69039  -8.38667  6329.81  7105.56 2.48 1.97  31.7 -0.434 19.44 20.61 02a59844o0456o
59844.436509  15.916  0.014  1562   22 o  0   3.23   8.69039  -8.38667  6274.70  7030.20 2.51 1.96  31.0 -0.429 19.44 20.53 02a59844o0502o
59844.441933  15.888  0.015  1603   24 o  0   1.74   8.69039  -8.38667  6256.00  7146.77 2.47 1.95  32.5 -0.434 19.46 20.51 02a59844o0514o
59846.506352 -16.471  0.691  -937  648 c  0   1.26   8.69039  -8.38667  9946.21  9017.19 3.03 2.98  36.6 -0.464 15.13 16.96 01a59846o0637c
59846.546535  16.125  0.113  1288  146 c  0   1.19   8.69039  -8.38667  9910.33  8983.07 3.01 2.99  75.3 -0.472 16.70 18.44 01a59846o0722c
59846.553028  15.792  0.078  1750  137 c  0   1.11   8.69039  -8.38667  9893.92  9103.20 3.04 2.99 -74.2 -0.485 16.76 18.47 01a59846o0735c
59848.416892  15.828  0.014  1694   23 o  0   1.47   8.69039  -8.38667  6309.55  7067.34 2.35 1.99  31.7 -0.435 19.43 20.56 02a59848o0459o
59848.418706  15.819  0.012  1708   21 o  0   2.12   8.69039  -8.38667  6329.21  7107.08 2.36 1.93  30.6 -0.434 19.49 20.55 02a59848o0463o
59848.421869  15.833  0.013  1686   22 o  0   1.89   8.69039  -8.38667  6271.28  7029.77 2.52 2.20  28.7 -0.433 19.32 20.54 02a59848o0470o
59848.442546  15.815  0.014  1714   24 o  0   1.46   8.69039  -8.38667  6254.08  7148.29 2.35 1.98  32.2 -0.438 19.44 20.50 02a59848o0513o
59849.032812  16.017  0.014  1424   20 c  0   1.30   8.69039  -8.38667 10045.33  7006.18 2.47 2.22 -51.8 -0.373 19.76 21.57 03a59849o0661c
59849.035966  16.035  0.012  1400   17 c  0   2.38   8.69039  -8.38667 10063.94  7045.20 2.47 2.15 -58.0 -0.379 19.78 21.54 03a59849o0668c
59849.041879  16.028  0.012  1409   17 c  0   2.53   8.69039  -8.38667 10007.91  6964.97 2.41 2.16 -54.7 -0.380 19.75 21.52 03a59849o0681c
59849.065702  16.060  0.013  1368   18 c  0   1.72   8.69039  -8.38667  9988.51  7077.19 2.45 2.13 -56.8 -0.376 19.72 21.50 03a59849o0730c
59850.407075  16.138  0.014  1273   18 c  0   1.02   8.69039  -8.38667  6926.51  1925.07 2.98 2.86  26.6 -0.380 19.70 21.52 01a59850o0438c
59850.408921  16.084  0.012  1338   16 c  0   2.10   8.69039  -8.38667  6908.97  1887.47 2.93 2.79  21.8 -0.388 19.70 21.53 01a59850o0442c
59850.413618  16.128  0.013  1285   17 c  0   1.67   8.69039  -8.38667  6965.30  1962.30 2.94 2.80  25.5 -0.382 19.71 21.55 01a59850o0452c
59850.418740  16.105  0.013  1312   17 c  0   1.79   8.69039  -8.38667  6985.12  1844.15 2.90 2.79  37.6 -0.396 19.74 21.53 01a59850o0463c
59851.151885  15.867  0.011  1633   19 o  0   9.77   8.69039  -8.38667  4176.52  1568.54 2.02 1.88  45.3 -0.450 19.57 21.00 04a59851o0396o
59851.154586  15.855  0.012  1653   21 o  0   7.33   8.69039  -8.38667  4159.14  1528.86 1.93 1.86  36.1 -0.421 19.57 20.98 04a59851o0402o
59851.160024  15.868  0.015  1632   24 o  0   4.54   8.69039  -8.38667  4220.77  1606.08 1.87 1.80  16.0 -0.421 19.58 20.97 04a59851o0414o
59851.182232  15.884  0.015  1609   24 o  0   5.48   8.69039  -8.38667  4253.91  1486.23 1.78 1.76  -8.3 -0.429 19.57 20.94 04a59851o0462o
59852.908521  16.130  0.013  1283   17 c  0   3.24   8.69039  -8.38667   371.24  3501.34 2.32 2.17 -55.0 -0.382 19.75 21.46 03a59853o0390c
59852.910323  16.105  0.013  1312   18 c  0   3.62   8.69039  -8.38667 10522.97  3732.43 2.39 2.13 -55.9 -0.363 19.73 21.46 03a59853o0394c
59852.912127  16.095  0.013  1324   17 c  0   3.84   8.69039  -8.38667   350.28  3461.95 2.37 2.16 -58.5 -0.384 19.72 21.46 03a59853o0398c
59852.913480  16.057  0.013  1371   18 c  0   2.98   8.69039  -8.38667 10503.22  3694.04 2.43 2.24 -56.9 -0.377 19.73 21.46 03a59853o0401c
59852.922970  16.135  0.014  1277   18 c  0   2.28   8.69039  -8.38667   403.84  3543.08 2.44 2.22 -56.6 -0.384 19.73 21.44 03a59853o0422c
59852.932561  16.153  0.013  1255   16 c  0   4.11   8.69039  -8.38667   424.20  3429.12 2.38 2.18 -58.3 -0.385 19.71 21.45 03a59853o0443c
59854.484804  16.245  0.014  1153   16 c  0   1.69   8.69039  -8.38667  3661.04  8819.10 3.17 2.93  67.6 -0.325 19.59 21.34 01a59854o0610c
59854.494681  16.217  0.015  1184   18 c  0   1.30   8.69039  -8.38667  3679.95  8858.85 3.13 2.92  70.5 -0.326 19.57 21.29 01a59854o0631c
59854.522912  16.193  0.014  1210   17 c  0   1.29   8.69039  -8.38667  3625.10  8783.73 3.19 3.01  66.1 -0.322 19.51 21.21 01a59854o0691c
59854.532524  16.191  0.015  1212   18 c  0   1.53   8.69039  -8.38667  3606.88  8901.29 3.58 3.11  62.1 -0.274 19.40 21.14 01a59854o0711c
59855.230281  15.984  0.014  1466   21 o  0   5.19   8.69039  -8.38667  6459.73  9015.53 2.43 1.99 -66.8 -0.401 19.34 20.54 04a59855o0564o
59855.233364  15.947  0.015  1518   23 o  0   3.74   8.69039  -8.38667  6479.24  9052.18 2.39 1.99 -66.7 -0.415 19.37 20.54 04a59855o0570o
59855.268304  15.816  0.014  1712   25 o  0   7.29   8.69039  -8.38667  6430.07  8951.55 2.41 1.94 -69.2 -0.427 19.46 20.74 04a59855o0646o
59855.296581  16.010  0.015  1432   22 o  0   3.73   8.69039  -8.38667  6411.20  9052.52 2.55 2.05 -74.8 -0.403 19.35 20.63 04a59855o0707o
59855.873376  16.037  0.095  1397  132 o  0   1.34   8.69039  -8.38667   534.79  9328.58 2.58 2.26 -51.7 -0.438 16.18 16.64 03a59856o0306o
59855.875656  15.966  0.077  1491  115 o  0   0.76   8.69039  -8.38667   516.33  9288.94 2.56 2.31 -49.8 -0.446 16.89 17.44 03a59856o0311o
59855.894026  16.020  0.036  1419   51 o  0   1.02   8.69039  -8.38667   570.92  9371.25 2.68 2.35 -43.1 -0.431 17.87 18.42 03a59856o0349o
59855.899024  16.050  0.036  1380   49 o  0   1.50   8.69039  -8.38667   592.22  9255.46 2.76 2.38 -47.2 -0.418 18.09 18.78 03a59856o0360o
59856.868922  16.023  0.020  1415   28 o  0   1.90   8.69039  -8.38667   528.41  9330.20 2.64 2.38 -55.5 -0.428 19.06 19.81 03a59857o0310o
59856.870732  16.096  0.021  1324   27 o  0   2.10   8.69039  -8.38667   509.64  9291.35 2.66 2.33 -46.9 -0.418 19.09 19.84 03a59857o0314o
59856.874799  16.016  0.017  1424   25 o  0   3.07   8.69039  -8.38667   566.41  9371.02 2.67 2.33 -51.0 -0.430 19.08 19.85 03a59857o0323o
59856.880240  16.032  0.018  1403   25 o  0   2.30   8.69039  -8.38667   588.95  9254.59 2.60 2.27 -58.0 -0.420 19.09 19.87 03a59857o0335o
59858.109872  15.939  0.021  1529   32 o  0   1.38   8.69039  -8.38667  2464.13  5541.70 2.42 2.11  80.7 -0.389 18.49 18.96 04a59858o0257o
59858.112575  15.969  0.021  1488   31 o  0   1.36   8.69039  -8.38667  2445.54  5501.95 2.27 1.94  80.3 -0.387 18.56 18.97 04a59858o0263o
59858.133077  15.935  0.018  1534   28 o  0   2.09   8.69039  -8.38667  2515.30  5577.08 2.31 1.95  80.6 -0.384 18.54 18.85 04a59858o0306o
59858.151221  15.966  0.021  1491   32 o  0   0.99   8.69039  -8.38667  2546.39  5457.85 2.34 2.13  89.4 -0.380 18.52 19.05 04a59858o0345o
59858.436355  15.917  0.015  1560   23 o  0   1.41   8.69039  -8.38667  9635.88  3180.36 2.52 2.33 -57.8 -0.429 18.95 19.49 01a59858o0356o
59858.439587  15.941  0.016  1526   24 o  0   1.39   8.69039  -8.38667  9656.90  3219.93 2.48 2.29 -60.1 -0.429 18.97 19.50 01a59858o0363o
59858.467158  15.957  0.018  1504   27 o  0   1.32   8.69039  -8.38667  9601.74  3144.70 2.37 2.22 -61.0 -0.445 18.86 19.23 01a59858o0419o
59858.475337  15.968  0.021  1488   31 o  0   1.24   8.69039  -8.38667  9583.00  3263.47 2.34 2.20 -66.5 -0.444 18.74 19.09 01a59858o0436o
59864.413231  16.105  0.024  1312   31 o  0   1.55   8.69039  -8.38667   267.31  1706.94 1.86 1.76 -60.8 -0.489 18.57 19.04 02a59864o0474o
59864.416399  16.018  0.018  1422   26 o  0   3.15   8.69039  -8.38667   248.59  1667.96 1.88 1.77 -57.6 -0.493 18.83 19.35 02a59864o0481o
59864.422286  16.090  0.018  1331   24 o  0   2.27   8.69039  -8.38667   308.28  1747.11 1.88 1.76 -61.7 -0.489 18.81 19.35 02a59864o0494o
59864.425914  16.092  0.022  1328   30 o  0   1.96   8.69039  -8.38667 10478.54  1727.05 2.04 1.61 -60.9 -0.507 18.83 19.34 02a59864o0502o
59864.429080  16.077  0.019  1346   26 o  0   2.88   8.69039  -8.38667 10460.40  1689.06 2.01 1.59 -61.2 -0.549 18.84 19.33 02a59864o0509o
59864.432245  16.038  0.020  1396   28 o  0   1.35   8.69039  -8.38667   329.09  1631.05 1.89 1.77 -56.2 -0.490 18.84 19.36 02a59864o0516o
59864.434956  16.032  0.065  1403   91 o  0   0.90   8.69039  -8.38667 10519.06  1766.81 2.08 1.62 -61.8 -0.525 18.77 19.35 02a59864o0522o
59866.424983  16.125  0.022  1288   28 o  0   1.15   8.69039  -8.38667  6492.21  7250.22 2.53 2.37  49.8 -0.380 18.86 19.66 01a59866o0441o
59866.428217  16.129  0.022  1283   28 o  0   1.57   8.69039  -8.38667  6513.05  7289.28 2.45 2.29  48.2 -0.388 18.42 19.20 01a59866o0448o
59866.433762  16.167  0.021  1239   26 o  0   1.34   8.69039  -8.38667  6455.37  7212.45 2.50 2.36  53.7 -0.379 18.84 19.44 01a59866o0460o
59866.444152  16.178  0.063  1227   77 o  0   0.74   8.69039  -8.38667  6437.19  7329.10 2.45 2.32  47.0 -0.379 17.20 17.36 01a59866o0482o
59868.401903  16.197  0.018  1205   22 o  0   2.47   8.69039  -8.38667  6298.40  5336.36 2.64 1.95  37.0 -0.432 19.28 20.19 02a59868o0453o
59868.405066  16.197  0.017  1206   20 o  0   4.21   8.69039  -8.38667  6279.56  5298.08 2.65 1.95  37.0 -0.433 19.28 20.20 02a59868o0460o
59868.410952  16.200  0.018  1202   22 o  0   3.00   8.69039  -8.38667  6338.08  5376.93 2.64 1.96  37.0 -0.430 19.27 20.25 02a59868o0473o
59868.425080  16.189  0.017  1214   21 o  0   2.70   8.69039  -8.38667  6361.53  5262.69 2.59 1.96  38.2 -0.433 19.34 20.33 02a59868o0503o
59870.389047  16.122  0.013  1291   17 o  0   2.08   8.69039  -8.38667  6503.96  7249.36 2.34 2.27  29.3 -0.406 19.57 20.60 01a59870o0365o
59870.391858  16.075  0.015  1349   20 o  0   1.50   8.69039  -8.38667  6524.37  7288.43 2.34 2.30  14.5 -0.407 19.59 20.60 01a59870o0371o
59870.396977  16.128  0.013  1285   17 o  0   2.66   8.69039  -8.38667  6467.48  7212.44 2.34 2.27  44.9 -0.405 19.57 20.63 01a59870o0382o
59870.431382  16.108  0.016  1308   20 o  0   1.62   8.69039  -8.38667  6450.42  7331.28 2.42 2.31  55.9 -0.401 19.54 20.57 01a59870o0455o
59871.183751  16.342  0.018  1055   19 c  0   2.33   8.69039  -8.38667  8286.80  6989.80 2.89 2.53 -28.1 -0.373 19.39 21.30 04a59871o0440c
59871.189257  16.250  0.016  1148   18 c  0   2.93   8.69039  -8.38667  8306.90  7024.76 2.96 2.52 -24.2 -0.372 19.40 21.27 04a59871o0452c
59871.219793  16.235  0.015  1164   18 c  0   3.00   8.69039  -8.38667  8255.48  6927.99 2.63 2.25 -30.8 -0.398 19.49 21.22 04a59871o0518c
59871.222944  16.268  0.017  1129   19 c  0   2.33   8.69039  -8.38667  8236.57  7042.30 2.69 2.28 -27.9 -0.402 19.45 21.24 04a59871o0525c
59872.381529  16.281  0.016  1116   18 c  0   2.18   8.69039  -8.38667  6294.36  5333.53 2.63 2.32  34.0 -0.405 19.59 21.32 02a59872o0418c
59872.416148  16.255  0.016  1143   18 c  0   1.56   8.69039  -8.38667  6271.25  5295.10 2.56 2.36  40.3 -0.406 19.60 21.31 02a59872o0493c
59872.419312  16.243  0.016  1155   19 c  0   1.73   8.69039  -8.38667  6331.05  5373.85 2.59 2.37  40.7 -0.401 19.61 21.33 02a59872o0500c
59872.429256  16.280  0.015  1117   17 c  0   1.49   8.69039  -8.38667  6353.06  5258.64 2.60 2.36  44.4 -0.399 19.57 21.34 02a59872o0522c
59872.886744  16.096  0.018  1323   24 o  0   1.22   8.69039  -8.38667  6068.64  3217.14 3.15 2.90 -46.9 -0.425 19.26 21.19 03a59873o0326o
59872.889924  16.086  0.017  1335   23 o  0   1.81   8.69039  -8.38667  6084.94  3256.09 2.90 2.72 -51.1 -0.407 19.22 21.10 03a59873o0333o
59872.895793  16.112  0.016  1303   21 o  0   1.59   8.69039  -8.38667  6025.60  3177.37 2.92 2.70 -45.4 -0.406 19.29 21.18 03a59873o0346o
59872.930818  16.160  0.044  1248   55 o  0   0.58   8.69039  -8.38667  5993.55  3298.91 3.79 3.51 -51.4 -0.392 18.76 20.84 03a59873o0421o
59874.444512  16.139  0.014  1271   18 o  0   1.74   8.69039  -8.38667  4144.10  3383.40 2.59 2.44  34.8 -0.393 19.52 20.84 01a59874o0376o
59874.450060  16.155  0.015  1253   18 o  0   1.37   8.69039  -8.38667  4163.98  3421.97 2.43 2.27  45.2 -0.412 19.59 20.83 01a59874o0388o
59874.452838  16.162  0.015  1245   19 o  0   1.77   8.69039  -8.38667  4106.45  3344.84 2.59 2.43  37.1 -0.398 19.50 20.79 01a59874o0394o
59874.463477  16.143  0.015  1267   19 o  0   2.08   8.69039  -8.38667  4090.31  3462.15 2.48 2.34  45.8 -0.405 19.50 20.71 01a59874o0417o
59875.162385  16.313  0.015  1084   17 c  0   3.12   8.69039  -8.38667  6344.96  7088.74 2.29 2.03 -40.0 -0.399 19.64 21.45 04a59875o0390c
59875.166524  16.324  0.016  1073   17 c  0   2.69   8.69039  -8.38667  6364.46  7123.10 2.30 2.03 -37.1 -0.399 19.63 21.45 04a59875o0399c
59875.191816  16.320  0.014  1077   15 c  0   4.17   8.69039  -8.38667  6315.51  7026.72 2.26 2.04 -56.0 -0.401 19.61 21.38 04a59875o0453c
59875.197314  16.320  0.017  1076   18 c  0   2.50   8.69039  -8.38667  6296.82  7138.49 2.20 1.95 -50.5 -0.405 19.63 21.39 04a59875o0465c
59876.383612  16.410  0.017   991   16 c  0   2.07   8.69039  -8.38667  6082.50  1455.44 2.77 2.61 -88.4 -0.406 19.47 21.35 02a59876o0384c
59876.386793  16.347  0.016  1050   17 c  0   2.07   8.69039  -8.38667  6064.24  1421.43 2.64 2.49 -87.1 -0.406 19.49 21.35 02a59876o0391c
59876.392677  16.376  0.016  1022   17 c  0   1.90   8.69039  -8.38667  6122.86  1497.92 2.57 2.42  88.8 -0.408 19.51 21.36 02a59876o0404c
59876.402809  16.344  0.018  1052   19 c  0   1.44   8.69039  -8.38667  6142.79  1382.82 2.64 2.49 -78.9 -0.410 19.54 21.37 02a59876o0426c
59876.881173  16.172  0.017  1234   20 o  0   2.15   8.69039  -8.38667  6064.34  3221.15 2.27 2.03 -54.9 -0.426 19.46 20.79 03a59877o0310o
59876.884790  16.225  0.015  1175   18 o  0   2.30   8.69039  -8.38667  6081.19  3261.30 2.43 2.13 -50.7 -0.411 19.39 20.76 03a59877o0318o
59876.890254  16.188  0.016  1216   20 o  0   1.54   8.69039  -8.38667  6023.29  3183.61 2.37 2.15 -50.1 -0.429 19.41 20.79 03a59877o0330o
59876.925219  16.270  0.033  1127   37 o  0   1.30   8.69039  -8.38667  5992.66  3301.42 2.29 2.02 -53.0 -0.418 18.37 19.65 03a59877o0406o
59878.365872  16.290  0.019  1107   21 o  0   1.33   8.69039  -8.38667  4126.90  3391.33 3.14 2.63   3.5 -0.363 19.27 20.59 01a59878o0387o
59878.369108  16.289  0.019  1108   21 o  0   1.49   8.69039  -8.38667  4146.30  3429.84 3.39 2.90   3.6 -0.361 19.19 20.59 01a59878o0394o
59878.374653  16.301  0.018  1095   20 o  0   1.22   8.69039  -8.38667  4089.94  3353.05 2.97 2.63  14.5 -0.381 19.28 20.57 01a59878o0406o
59878.387265  16.264  0.019  1134   21 o  0   1.11   8.69039  -8.38667  4073.14  3470.31 2.98 2.63  10.8 -0.377 19.31 20.60 01a59878o0433o
59879.130473  16.374  0.017  1024   18 c  0   1.58   8.69039  -8.38667  6332.17  7109.39 2.25 2.05 -30.9 -0.396 19.62 21.49 04a59879o0311c
59879.163823  16.429  0.017   974   16 c  0   3.06   8.69039  -8.38667  6368.70  7117.18 2.30 2.05 -32.2 -0.401 19.65 21.57 04a59879o0384c
59879.166979  16.407  0.016   993   16 c  0   2.28   8.69039  -8.38667  6311.80  7037.54 2.34 2.10 -36.5 -0.394 19.65 21.57 04a59879o0391c
59879.172384  16.413  0.016   988   16 c  0   3.64   8.69039  -8.38667  6293.57  7149.01 2.40 2.08 -49.5 -0.395 19.64 21.56 04a59879o0403c
59880.425995  16.408  0.017   992   17 c  0   1.36   8.69039  -8.38667  6079.31  1459.10 2.48 2.33 -81.8 -0.406 19.52 21.22 02a59880o0241c
59880.429608  16.453  0.017   953   17 c  0   1.72   8.69039  -8.38667  6060.52  1420.22 2.52 2.35 -83.4 -0.399 19.49 21.20 02a59880o0249c
59880.435934  16.448  0.019   957   18 c  0   1.23   8.69039  -8.38667  6118.21  1499.40 2.63 2.46 -77.6 -0.399 19.44 21.17 02a59880o0263c
59880.460519  16.494  0.020   917   18 c  0   1.60   8.69039  -8.38667  6142.16  1384.34 2.55 2.39 -79.3 -0.399 19.42 21.12 02a59880o0278c
59880.747398  16.322  0.024  1075   26 o  0   0.89   8.69039  -8.38667  9307.83  5077.38 2.50 2.04 -59.7 -0.384 18.93 19.71 03a59881o0012o
59880.749650  16.333  0.023  1063   24 o  0   1.15   8.69039  -8.38667  9289.82  5038.05 2.57 2.12 -58.7 -0.374 19.12 20.17 03a59881o0017o
59880.750101  16.345  0.019  1052   20 o  0   2.22   8.69039  -8.38667  9346.25  5116.22 2.58 2.12 -60.3 -0.372 19.14 20.22 03a59881o0018o
59880.750551  16.347  0.019  1050   20 o  0   2.46   8.69039  -8.38667  9368.54  5000.45 2.61 2.13 -62.2 -0.377 19.13 20.25 03a59881o0019o
59880.751002  16.228  0.020  1172   24 o  0   1.50   8.69039  -8.38667  9328.26  5057.81 2.62 2.13 -63.5 -0.480 19.18 20.28 03a59881o0020o
59880.751903  16.327  0.021  1070   22 o  0   1.80   8.69039  -8.38667  4179.23  1471.94 2.41 2.23 -53.6 -0.396 19.15 20.34 03a59881o0022o
59880.753708  16.308  0.019  1088   21 o  0   1.94   8.69039  -8.38667  4160.82  1432.24 2.38 2.19 -54.4 -0.400 19.20 20.41 03a59881o0026o
59880.756871  16.360  0.018  1038   19 o  0   1.89   8.69039  -8.38667  4217.04  1510.95 2.45 2.24 -69.2 -0.399 19.21 20.52 03a59881o0033o
59880.762277  16.308  0.024  1088   26 o  0   1.45   8.69039  -8.38667  4238.47  1394.02 2.33 2.15 -61.2 -0.403 18.91 20.06 03a59881o0045o
59882.364100  16.323  0.019  1073   20 o  0   1.32   8.69039  -8.38667 10193.07  6972.27 2.66 2.42 -54.7 -0.438 19.56 20.78 01a59882o0343o
59882.367333  16.299  0.018  1097   20 o  0   1.38   8.69039  -8.38667 10214.03  7012.21 2.57 2.32 -53.0 -0.444 19.60 20.78 01a59882o0350o
59882.373338  16.279  0.018  1118   20 o  0   1.43   8.69039  -8.38667 10155.92  6934.30 2.67 2.41 -56.3 -0.444 19.55 20.80 01a59882o0363o
59882.383976  16.305  0.016  1091   18 o  0   2.24   8.69039  -8.38667 10137.58  7052.19 2.57 2.35 -56.6 -0.443 19.58 20.81 01a59882o0386o
59883.121857  16.189  0.021  1214   25 o  0   1.89   8.69039  -8.38667 10024.33  3049.23 3.28 2.10 -20.7 -0.368 19.27 20.60 04a59883o0294o
59883.125013  15.962  0.020  1497   30 o  0   2.53   8.69039  -8.38667 10045.03  3085.96 3.24 2.05 -22.8 -0.372 19.33 20.63 04a59883o0301o
59883.130423  16.106  0.020  1311   26 o  0   2.75   8.69039  -8.38667  9988.86  3003.59 3.23 2.07 -21.5 -0.379 19.32 20.67 04a59883o0313o
59883.140799  15.922  0.019  1553   30 o  0   3.15   8.69039  -8.38667  9972.66  3111.70 3.10 2.01 -21.9 -0.405 19.30 20.60 04a59883o0336o
59884.377618  16.256  0.018  1142   20 o  0   2.92   8.69039  -8.38667  6528.59  9216.45 2.30 2.02  44.1 -0.435 19.31 20.23 02a59884o0404o
59884.380784  16.250  0.020  1148   23 o  0   1.40   8.69039  -8.38667  6509.82  9180.00 2.28 2.01  47.5 -0.439 19.35 20.23 02a59884o0411o
59884.386207  16.230  0.020  1170   23 o  0   1.29   8.69039  -8.38667  6569.25  9260.84 2.27 2.06  49.8 -0.440 19.33 20.24 02a59884o0423o
59884.396824  16.243  0.018  1155   20 o  0   2.18   8.69039  -8.38667  6588.79  9142.32 2.28 2.01  45.8 -0.436 19.37 20.30 02a59884o0446o
59884.416399  16.278  0.018  1118   20 o  0   1.93   8.69039  -8.38667  6555.81  9203.43 2.36 2.08  47.8 -0.432 19.42 20.45 02a59884o0489o
59884.857146  16.260  0.023  1138   26 o  0   1.18   8.69039  -8.38667  6259.30  9023.46 2.76 2.31 -42.2 -0.385 18.95 19.79 03a59885o0245o
59886.348154  16.276  0.022  1121   25 o  0   1.43   8.69039  -8.38667 10192.46  6969.84 2.73 2.24 -52.1 -0.458 18.91 19.31 01a59886o0203o
59886.350924  16.354  0.025  1044   26 o  0   1.63   8.69039  -8.38667 10213.54  7009.27 2.74 2.24 -53.7 -0.453 18.97 19.34 01a59886o0209o
59886.371179  16.284  0.023  1113   26 o  0   1.73   8.69039  -8.38667 10155.83  6932.07 2.61 2.24 -55.0 -0.465 19.00 19.40 01a59886o0251o
59886.384654  16.325  0.030  1072   32 o  0   0.91   8.69039  -8.38667 10138.00  7050.97 2.78 2.42 -57.9 -0.454 18.86 19.31 01a59886o0280o
59891.169306  16.312  0.072  1084   78 o  0   2.63   8.69039  -8.38667 10293.50  8906.83 2.80 2.40   3.6 -0.390 17.64 17.24 04a59891o0333o
59892.427513  16.518  0.033   897   30 o  0   1.53   8.69039  -8.38667  8694.97  5730.06 2.55 2.21  33.6 -0.401 18.59 18.92 02a59892o0399o
59892.430682  16.536  0.035   883   31 o  0   1.65   8.69039  -8.38667  8675.49  5691.42 2.82 2.56  30.6 -0.399 18.43 18.90 02a59892o0406o
59892.451228  16.453  0.032   953   31 o  0   1.35   8.69039  -8.38667  8735.78  5769.00 2.53 2.31  34.1 -0.408 18.47 18.77 02a59892o0451o
59892.457562  16.481  0.039   928   36 o  0   1.36   8.69039  -8.38667  8756.89  5652.44 2.59 2.41  31.5 -0.409 18.42 18.74 02a59892o0465o
59892.940974  16.598  0.044   834   36 o  0   0.95   8.69039  -8.38667  8047.67  5116.72 2.81 2.39 -54.4 -0.386 18.40 18.94 03a59893o0429o
59892.958998  16.452  0.039   953   37 o  0   1.04   8.69039  -8.38667  8066.29  5151.29 2.77 2.46 -49.8 -0.403 18.37 18.90 03a59893o0468o
59892.963693  16.534  0.036   884   32 o  0   1.38   8.69039  -8.38667  8011.08  5072.08 2.81 2.45 -53.9 -0.394 18.31 18.86 03a59893o0477o
59892.973398  16.508  0.040   905   36 o  0   1.40   8.69039  -8.38667  7991.86  5185.03 2.86 2.47 -49.8 -0.385 18.29 18.77 03a59893o0497o
59894.314597  16.524  0.021   892   19 o  0   3.04   8.69039  -8.38667  9869.72  1128.99 2.51 2.08 -55.4 -0.428 19.22 19.90 01a59894o0288o
59894.317828  16.510  0.026   904   23 o  0   1.67   8.69039  -8.38667  9889.58  1168.57 2.49 2.09 -54.5 -0.428 19.22 19.90 01a59894o0295o
59894.324315  16.525  0.025   891   23 o  0   1.66   8.69039  -8.38667  9831.92  1090.16 2.54 2.16 -53.3 -0.419 19.14 19.88 01a59894o0309o
59894.335409  16.513  0.026   901   23 o  0   1.48   8.69039  -8.38667  9812.84  1209.66 2.65 2.24 -54.2 -0.415 19.16 19.89 01a59894o0333o
59896.407085  16.410  0.024   991   24 o  0   1.29   8.69039  -8.38667  8702.42  5727.72 2.39 2.19  39.8 -0.419 19.11 19.93 02a59896o0311o
59896.434003  16.115  0.017  1300   22 o  0  10.09   8.69039  -8.38667  8686.64  5690.32 2.50 2.24  33.6 -0.409 18.97 19.76 02a59896o0325o
59896.435828  16.451  0.029   954   27 o  0   1.15   8.69039  -8.38667  8744.39  5767.27 2.57 2.35  32.5 -0.403 18.96 19.74 02a59896o0329o
59896.438997  16.432  0.025   971   24 o  0   1.51   8.69039  -8.38667  8764.96  5650.87 2.46 2.26  35.1 -0.404 18.97 19.71 02a59896o0336o
59896.842552  16.554  0.022   868   19 c  0   1.32   8.69039  -8.38667  8115.34  7049.91 2.74 2.36 -55.2 -0.388 19.67 21.59 03a59897o0204c
59896.845271  16.589  0.021   840   17 c  0   1.92   8.69039  -8.38667  8132.26  7089.15 2.89 2.45 -56.8 -0.386 19.61 21.60 03a59897o0210c
59896.851153  16.558  0.019   864   17 c  0   1.65   8.69039  -8.38667  8073.58  7010.92 2.94 2.41 -56.1 -0.385 19.61 21.62 03a59897o0223c
59896.861085  16.567  0.019   857   16 c  0   2.12   8.69039  -8.38667  8048.29  7127.73 2.69 2.28 -55.8 -0.391 19.70 21.64 03a59897o0245c
59898.341968  16.632  0.020   808   16 c  0   1.59   8.69039  -8.38667  7907.25  1237.14 3.01 2.91  29.5 -0.384 19.66 21.48 01a59898o0345c
59898.353142  16.629  0.019   810   15 c  0   1.86   8.69039  -8.38667  7929.45  1279.17 2.96 2.91  45.1 -0.392 19.63 21.43 01a59898o0369c
59898.357776  16.608  0.020   826   17 c  0   1.29   8.69039  -8.38667  7871.88  1202.32 2.93 2.87  33.6 -0.393 19.64 21.46 01a59898o0379c
59898.368979  16.607  0.020   826   16 c  0   1.62   8.69039  -8.38667  7853.75  1320.88 2.83 2.75  65.5 -0.407 19.65 21.40 01a59898o0403c
59899.101742  16.511  0.019   903   17 o  0   1.80   8.69039  -8.38667  4299.19  5249.09 2.02 1.84 -67.3 -0.410 19.48 20.90 04a59899o0223o
59899.104530  16.551  0.019   870   16 o  0   2.21   8.69039  -8.38667  4319.49  5285.28 2.08 1.92 -63.4 -0.408 19.41 20.90 04a59899o0229o
59899.110872  16.526  0.021   890   19 o  0   2.11   8.69039  -8.38667  4264.20  5202.23 1.94 1.81 -61.2 -0.409 19.46 20.89 04a59899o0243o
59899.125754  16.501  0.016   911   15 o  0   3.52   8.69039  -8.38667  4249.27  5307.03 2.01 1.86 -57.5 -0.400 19.44 20.85 04a59899o0276o
59900.392611  16.569  0.024   856   20 o  0   1.67   8.69039  -8.38667  8800.23  7667.67 2.42 2.11  37.6 -0.426 19.37 20.43 02a59900o0313o
59900.460745  16.558  0.026   865   23 o  0   1.93   8.69039  -8.38667  8835.97  7708.18 2.72 2.41  32.3 -0.401 19.02 20.09 02a59900o0335o
59900.486588  16.551  0.035   870   31 o  0   0.99   8.69039  -8.38667  8854.49  7592.58 2.98 2.45  27.6 -0.376 18.75 19.74 02a59900o0340o
59900.832196  16.625  0.021   813   17 c  0   2.49   8.69039  -8.38667  8111.75  7050.59 2.67 2.20 -56.8 -0.390 19.49 21.29 03a59901o0173c
59900.835356  16.675  0.025   776   19 c  0   1.69   8.69039  -8.38667  8128.32  7090.26 2.67 2.20 -53.3 -0.392 19.39 21.18 03a59901o0180c
59900.842590  16.597  0.026   834   22 c  0   0.92   8.69039  -8.38667  8068.67  7012.87 2.62 2.20 -54.5 -0.393 19.30 21.09 03a59901o0196c
59900.852613  16.668  0.026   781   20 c  0   1.36   8.69039  -8.38667  8043.91  7129.19 2.65 2.25 -57.8 -0.393 19.28 21.07 03a59901o0218c
59902.378328  16.752  0.022   723   16 c  0   1.69   8.69039  -8.38667  7914.08  1243.78 2.92 2.80  72.6 -0.394 19.59 21.30 01a59902o0419c
59902.404860  16.700  0.021   758   16 c  0   1.61   8.69039  -8.38667  7936.10  1288.57 2.88 2.80  87.7 -0.407 19.54 21.23 01a59902o0474c
59902.418406  16.717  0.022   747   17 c  0   1.46   8.69039  -8.38667  7879.78  1214.77 3.27 3.07  52.1 -0.327 19.39 21.19 01a59902o0502c
59903.087645  16.643  0.020   799   16 o  0   2.88   8.69039  -8.38667  4300.33  5252.99 2.17 2.05 -45.0 -0.400 19.26 20.71 04a59903o0187o
59903.090799  16.609  0.023   825   19 o  0   1.78   8.69039  -8.38667  4321.44  5287.90 2.15 2.05 -57.3 -0.403 19.27 20.71 04a59903o0194o
59903.098042  16.580  0.020   848   17 o  0   2.36   8.69039  -8.38667  4266.69  5203.56 2.24 2.08 -63.5 -0.400 19.22 20.71 04a59903o0210o
59903.107963  16.612  0.023   822   19 o  0   1.77   8.69039  -8.38667  4249.01  5312.87 2.14 2.00 -73.4 -0.400 19.31 20.69 04a59903o0232o
59904.815408  16.787  0.044   700   31 c  0   1.13   8.69039  -8.38667  6184.45  7094.41 2.65 2.32 -53.3 -0.386 18.65 20.51 03a59905o0131c
59904.819461  16.873  0.033   647   21 c  0   1.45   8.69039  -8.38667  6200.86  7134.30 2.66 2.27 -55.0 -0.385 19.07 20.93 03a59905o0140c
59904.826287  16.786  0.039   701   28 c  0   1.20   8.69039  -8.38667  6140.97  7056.05 2.73 2.38 -55.5 -0.379 19.33 21.26 03a59905o0155c
59906.301625  16.865  0.023   652   15 c  0   1.48   8.69039  -8.38667  6061.94  3285.99 3.04 2.92  29.4 -0.324 19.67 21.55 01a59906o0258c
59906.304400  16.900  0.023   631   15 c  0   1.45   8.69039  -8.38667  6081.76  3324.55 3.18 3.07  27.0 -0.327 19.56 21.53 01a59906o0264c
59906.314222  16.901  0.021   630   14 c  0   1.96   8.69039  -8.38667  6025.48  3247.63 3.09 2.94  38.5 -0.322 19.64 21.53 01a59906o0285c
59906.324517  16.800  0.022   692   15 c  0   1.29   8.69039  -8.38667  6007.28  3365.32 3.11 2.92  44.3 -0.321 19.65 21.53 01a59906o0307c
59907.071166  16.618  0.024   818   20 o  0   2.25   8.69039  -8.38667  4513.70  9128.90 2.78 2.30 -73.3 -0.373 19.23 20.60 04a59907o0145o
59907.074790  16.724  0.030   742   22 o  0   2.42   8.69039  -8.38667  4534.44  9163.53 2.79 2.23 -75.5 -0.377 18.94 20.23 04a59907o0153o
59907.082011  16.764  0.045   715   32 o  0   1.66   8.69039  -8.38667  4478.45  9079.94 2.73 2.14 -71.6 -0.395 18.41 19.71 04a59907o0169o
59907.091932  16.992  0.401   580  233 o  0   0.71   8.69039  -8.38667  4463.85  9189.17 2.71 2.16 -73.5 -0.383 18.02 19.34 04a59907o0191o
59908.302476  16.563  0.023   860   20 o  0   1.20   8.69039  -8.38667  8604.99  3782.46 2.54 2.18 -65.3 -0.420 19.33 20.60 02a59908o0265o
59908.305641  16.547  0.025   873   21 o  0   1.18   8.69039  -8.38667  8586.03  3743.89 2.64 2.29 -66.5 -0.407 19.31 20.60 02a59908o0272o
59908.311975  16.502  0.020   911   19 o  0   1.96   8.69039  -8.38667  8645.01  3823.03 2.74 2.36 -66.2 -0.411 19.28 20.63 02a59908o0286o
59908.321773  16.574  0.022   852   19 o  0   1.72   8.69039  -8.38667  8664.23  3705.63 2.72 2.32 -67.8 -0.407 19.29 20.66 02a59908o0307o
59909.138171  16.614  0.025   821   20 o  0   1.13   8.69039  -8.38667  1252.55  5481.01 2.39 1.98  74.5 -0.398 19.30 20.59 04a59909o0279o
59909.173581  16.602  0.024   830   20 o  0   1.44   8.69039  -8.38667  1271.31  5517.90 2.34 1.98  80.0 -0.387 19.24 20.51 04a59909o0351o
59909.174031  16.589  0.023   840   20 o  0   2.47   8.69039  -8.38667  1212.85  5440.82 2.33 1.96  79.7 -0.390 19.26 20.50 04a59909o0352o
59909.174481  16.628  0.023   811   18 o  0   1.36   8.69039  -8.38667  1193.04  5557.06 2.28 1.92  82.7 -0.399 19.26 20.50 04a59909o0353o
59909.174931  16.615  0.023   820   19 o  0   1.76   8.69039  -8.38667  1231.93  5498.77 2.28 1.96  78.8 -0.397 19.21 20.47 04a59909o0354o
59911.065400  16.664  0.028   784   22 o  0   1.43   8.69039  -8.38667  4516.94  9120.53 2.86 2.51 -75.9 -0.383 19.17 20.69 04a59911o0127o
59911.068552  16.650  0.028   794   22 o  0   1.77   8.69039  -8.38667  4537.07  9158.09 2.90 2.51 -75.5 -0.380 19.18 20.69 04a59911o0134o
59911.075766  16.596  0.033   835   27 o  0   1.48   8.69039  -8.38667  4481.61  9074.69 3.08 2.67 -79.1 -0.356 18.32 19.88 04a59911o0150o
59911.085733  16.714  0.026   749   20 o  0   2.25   8.69039  -8.38667  4465.65  9183.71 3.05 2.44 -74.1 -0.371 19.17 20.60 04a59911o0172o
59912.792463  16.697  0.031   760   23 o  0   1.43   8.69039  -8.38667  9945.00  3142.32 2.66 2.08 -65.1 -0.372 19.00 19.85 03a59913o0074o
59912.796532  16.673  0.032   778   25 o  0   1.13   8.69039  -8.38667  9961.34  3182.11 2.65 2.12 -63.6 -0.367 18.99 19.89 03a59913o0083o
59912.801944  16.671  0.032   779   25 o  0   1.25   8.69039  -8.38667  9902.81  3104.29 2.73 2.26 -64.1 -0.379 18.96 19.91 03a59913o0095o
59912.811962  16.684  0.026   770   20 o  0   1.64   8.69039  -8.38667  9875.54  3221.28 2.60 2.09 -65.1 -0.373 19.00 19.90 03a59913o0117o
59919.095976  16.794  0.044   696   31 o  0   1.32   8.69039  -8.38667  4080.14  1341.39 2.29 2.18  20.9 -0.426 18.47 18.92 04a59919o0181o
59919.099584  16.848  0.048   662   32 o  0   1.04   8.69039  -8.38667  4099.42  1378.38 2.21 2.10  15.9 -0.437 18.49 18.91 04a59919o0189o
59919.105526  16.843  0.054   665   36 o  0   0.96   8.69039  -8.38667  4041.05  1297.54 2.25 2.15  14.1 -0.433 18.46 18.91 04a59919o0202o
59919.118147  16.844  0.046   664   30 o  0   1.47   8.69039  -8.38667  4021.18  1410.25 2.10 1.99 -14.6 -0.393 18.52 18.86 04a59919o0230o
59920.813408  16.724  0.044   742   32 o  0   1.51   8.69039  -8.38667 10108.51  8974.59 3.00 2.28 -55.2 -0.445 18.65 19.13 03a59921o0109o
59920.817014  16.663  0.044   785   35 o  0   1.49   8.69039  -8.38667 10126.50  9014.40 2.92 2.16 -55.5 -0.457 18.66 19.11 03a59921o0117o
59920.824249  16.681  0.045   772   35 o  0   1.26   8.69039  -8.38667 10068.85  8934.04 2.88 2.12 -56.5 -0.444 18.68 19.06 03a59921o0133o
59920.840956  16.668  0.040   781   32 o  0   1.74   8.69039  -8.38667 10046.43  9049.98 2.99 2.17 -55.0 -0.448 18.61 18.97 03a59921o0170o
59923.067562  16.810  0.109   686   75 o  0   0.47   8.69039  -8.38667  1914.87  4844.16 2.54 2.26  78.5 -0.408 19.00 20.26 04a59923o0115o
59923.071170  16.751  0.035   724   25 o  0   1.16   8.69039  -8.38667  1934.59  4880.41 2.47 2.17  76.8 -0.416 18.99 20.11 04a59923o0123o
59923.077032  16.770  0.029   711   21 o  0   1.40   8.69039  -8.38667  1877.57  4799.73 2.50 2.23  78.4 -0.404 18.92 19.99 04a59923o0136o
59923.090631  16.725  0.133   741   98 o  0   0.30   8.69039  -8.38667  1859.64  4909.38 2.56 2.25  83.8 -0.394 18.77 19.82 04a59923o0166o
59927.065327  16.989  0.025   581   15 c  0   2.27   8.69039  -8.38667  1911.96  4839.41 2.57 2.23  61.5 -0.385 19.49 21.55 04a59927o0106c
59927.068930  17.031  0.028   559   16 c  0   1.53   8.69039  -8.38667  1931.63  4875.94 2.60 2.34  74.5 -0.386 19.47 21.55 04a59927o0114c
59927.074040  17.037  0.029   556   16 c  0   1.66   8.69039  -8.38667  1874.24  4796.33 2.64 2.36  67.1 -0.378 19.44 21.53 04a59927o0125c
59927.086043  16.977  0.139   588   82 c  0   0.30   8.69039  -8.38667  1855.51  4908.38 2.64 2.31  62.7 -0.386 19.46 21.51 04a59927o0151c
59928.270115  17.016  0.026   567   15 c  0   2.24   8.69039  -8.38667  4371.32  5436.49 2.44 2.33  42.1 -0.422 19.52 21.20 02a59928o0185c
59928.274190  16.991  0.029   580   17 c  0   1.56   8.69039  -8.38667  4352.33  5397.81 2.43 2.31  42.6 -0.426 19.52 21.20 02a59928o0194c
59928.287455  17.047  0.029   551   16 c  0   1.78   8.69039  -8.38667  4408.89  5473.00 2.42 2.30  57.0 -0.419 19.55 21.18 02a59928o0223c
59928.294724  17.058  0.028   546   15 c  0   2.02   8.69039  -8.38667  4429.26  5357.35 2.42 2.29  56.7 -0.416 19.55 21.15 02a59928o0239c
59931.037635  17.112  0.039   519   20 c  0   1.37   8.69039  -8.38667  1812.08  2916.18 3.04 2.54  54.3 -0.374 19.01 20.55 04a59931o0041c
59931.040795  17.108  0.038   521   20 c  0   1.42   8.69039  -8.38667  1832.90  2952.69 3.08 2.53  53.0 -0.371 19.15 20.95 04a59931o0048c
59931.046202  17.072  0.037   538   20 c  0   1.40   8.69039  -8.38667  1775.90  2870.28 3.36 2.65  43.3 -0.366 19.24 21.36 04a59931o0060c
59931.061104  17.016  0.027   567   16 c  0   2.55   8.69039  -8.38667  1758.57  2975.80 3.04 2.50  48.4 -0.372 19.37 21.51 04a59931o0093c
59944.785365  17.049  0.137   550   75 o  0   1.10   8.69039  -8.38667  7857.06  7439.21 2.87 2.30 -56.9 -0.373 17.44 17.06 03a59945o0027o
59944.788150  17.200  0.117   479   56 o  0   1.15   8.69039  -8.38667  7877.16  7471.05 2.79 2.24 -56.5 -0.389 17.81 17.58 03a59945o0033o
59944.797359  16.975  0.055   589   32 o  0   1.41   8.69039  -8.38667  7820.45  7366.64 2.67 2.24 -57.7 -0.391 18.41 18.66 03a59945o0050o
59947.036052  16.976  0.146   588   86 o  0   1.29   8.69039  -8.38667  1711.63   938.12 3.14 2.35  47.3 -0.423 17.32 17.32 04a59947o0028o
59947.062778  16.941  0.061   607   37 o  0   1.07   8.69039  -8.38667  1666.78   894.61 2.98 2.22  42.2 -0.421 18.43 19.03 04a59947o0057o
59948.836037  16.960  0.056   597   34 o  0   1.26   8.69039  -8.38667  7900.48  7294.56 2.83 2.45 -54.4 -0.384 18.33 18.89 03a59949o0137o
59948.840179  16.998  0.059   576   34 o  0   0.97   8.69039  -8.38667  7921.84  7323.96 2.78 2.39 -51.0 -0.388 18.34 18.86 03a59949o0146o
59948.846077  17.058  0.082   546   45 o  0   0.72   8.69039  -8.38667  7870.79  7232.68 3.17 2.63 -49.1 -0.372 18.21 18.81 03a59949o0159o
59948.868902  16.985  0.076   583   44 o  0   0.98   8.69039  -8.38667  7866.92  7300.68 2.74 2.43 -45.8 -0.383 18.03 18.40 03a59949o0209o
59951.070641  16.746  0.411   727  299 o  0   1.25   8.69039  -8.38667  1704.03   934.23 2.40 2.10  47.9 -0.425 16.27 16.25 04a59951o0104o
59951.088695  15.262  0.436  2853 1244 o  0   1.45   8.69039  -8.38667  1714.94   975.31 2.24 2.13  55.8 -0.450 14.08 13.81 04a59951o0144o
59951.092297  17.467  1.607   374  601 o  0   1.27   8.69039  -8.38667  1653.83   898.33 2.98 2.16  45.0 -0.426 14.75 14.85 04a59951o0152o
59951.099976  18.665  8.015   124  996 o  0   1.03   8.69039  -8.38667  1629.96  1017.12 2.99 2.16  42.4 -0.432 15.17 15.10 04a59951o0169o
59960.209430  17.035  0.041   557   23 o  0   2.08   8.69039  -8.38667  8538.22  1848.25 1.94 1.85 -57.5 -0.461 18.78 19.18 02a59960o0031o
59960.212593  16.956  0.037   599   22 o  0   0.82   8.69039  -8.38667  8519.96  1810.96 1.97 1.81 -58.3 -0.451 19.10 19.75 02a59960o0038o
59960.237098  17.011  0.030   570   17 o  0   2.40   8.69039  -8.38667  8603.38  1773.24 2.03 1.76 -57.8 -0.468 19.36 20.37 02a59960o0092o
59963.806228  17.009  0.062   571   36 c  0   1.19   8.69039  -8.38667  5048.96  5889.13 2.62 2.42 -29.7 -0.364 18.46 20.78 03a59964o0078c
59964.209360  16.971  0.051   591   30 o  0   1.36   8.69039  -8.38667  8344.43  5685.97 2.45 2.09  37.1 -0.415 18.46 18.66 02a59964o0024o
