3370.92	4.73E-17
3373.439	5.50E-17
3375.959	-4.83E-17
3378.479	-8.67E-17
3381	-9.78E-17
3383.521	5.37E-18
3386.042	3.41E-17
3388.564	-2.29E-17
3391.086	6.26E-17
3393.609	-8.83E-17
3396.132	6.10E-17
3398.655	-9.52E-18
3401.179	3.70E-17
3403.703	-9.25E-17
3406.227	6.09E-17
3408.752	1.32E-17
3411.277	7.03E-17
3413.802	9.28E-17
3416.328	8.47E-17
3418.854	-2.06E-17
3421.381	6.97E-18
3423.908	-4.67E-17
3426.435	-2.56E-18
3428.963	6.04E-18
3431.491	8.01E-17
3434.019	-4.68E-18
3436.548	-1.78E-17
3439.077	6.99E-17
3441.607	-1.50E-17
3444.137	-8.45E-17
3446.667	6.53E-17
3449.198	-2.65E-17
3451.729	7.26E-17
3454.26	1.82E-17
3456.792	9.03E-17
3459.323	-5.78E-18
3461.856	7.72E-17
3464.389	1.41E-17
3466.922	1.12E-18
3469.455	4.88E-19
3471.989	7.32E-17
3474.523	-3.93E-18
3477.058	1.88E-17
3479.593	3.72E-18
3482.128	2.12E-17
3484.664	1.49E-17
3487.2	4.12E-17
3489.736	-3.58E-17
3492.273	1.95E-17
3494.81	-1.16E-17
3497.348	-1.56E-17
3499.886	-2.10E-17
3502.424	6.11E-17
3504.962	-3.47E-18
3507.501	-1.50E-17
3510.041	-9.53E-18
3512.58	7.59E-17
3515.12	8.03E-17
3517.661	3.63E-17
3520.201	-5.79E-17
3522.742	-2.83E-17
3525.284	3.14E-17
3527.826	7.56E-17
3530.368	3.30E-17
3532.91	1.96E-17
3535.453	-2.17E-17
3537.997	-2.59E-17
3540.54	-6.00E-17
3543.084	-1.60E-17
3545.628	1.84E-17
3548.173	5.34E-17
3550.718	-1.39E-17
3553.263	-1.90E-17
3555.809	4.60E-17
3558.355	5.24E-17
3560.902	3.70E-17
3563.448	9.37E-18
3565.996	6.22E-17
3568.543	6.49E-17
3571.091	3.48E-17
3573.639	-2.07E-17
3576.188	-4.33E-17
3578.737	-1.53E-18
3581.286	-9.74E-18
3583.835	5.67E-18
3586.385	-5.20E-17
3588.936	2.31E-17
3591.487	1.31E-17
3594.038	-3.97E-18
3596.589	-2.55E-17
3599.141	-1.80E-17
3601.693	4.91E-17
3604.245	1.28E-18
3606.798	3.69E-17
3609.351	-2.34E-17
3611.905	2.05E-17
3614.458	2.98E-18
3617.013	1.49E-17
3619.567	2.82E-17
3622.122	-3.46E-18
3624.677	4.86E-17
3627.233	1.42E-17
3629.789	1.64E-17
3632.345	4.88E-19
3634.902	1.04E-17
3637.459	2.46E-17
3640.016	9.69E-18
3642.574	1.17E-20
3645.132	4.00E-17
3647.691	3.90E-17
3650.249	1.90E-17
3652.808	-7.95E-18
3655.368	2.71E-17
3657.928	4.85E-17
3660.488	-6.20E-18
3663.048	-3.00E-17
3665.609	1.59E-17
3668.17	7.42E-18
3670.732	2.63E-17
3673.294	3.11E-17
3675.856	3.87E-17
3678.418	2.61E-18
3680.981	2.32E-17
3683.545	9.39E-18
3686.108	2.93E-17
3688.672	-1.15E-17
3691.237	1.09E-17
3693.801	1.12E-17
3696.366	-9.84E-18
3698.931	1.28E-17
3701.497	3.02E-17
3704.063	5.21E-17
3706.629	2.52E-17
3709.196	1.10E-17
3711.763	3.66E-17
3714.331	-3.63E-18
3716.898	-4.78E-18
3719.466	5.25E-17
3722.035	-9.46E-18
3724.604	3.02E-18
3727.173	7.15E-18
3729.742	2.29E-17
3732.312	-2.52E-17
3734.882	1.27E-17
3737.452	2.47E-18
3740.023	7.85E-18
3742.594	1.20E-17
3745.166	9.29E-18
3747.738	6.12E-17
3750.31	1.96E-17
3752.882	8.71E-18
3755.455	2.12E-18
3758.028	1.33E-17
3760.602	-6.38E-18
3763.176	-1.20E-17
3765.75	-1.78E-17
3768.324	2.43E-18
3770.899	3.54E-17
3773.475	-8.40E-18
3776.05	1.65E-18
3778.626	-8.72E-19
3781.202	2.50E-17
3783.779	2.83E-17
3786.356	3.16E-18
3788.933	2.78E-18
3791.51	1.15E-17
3794.088	5.47E-17
3796.667	-9.47E-18
3799.245	1.70E-17
3801.824	5.67E-18
3804.403	1.12E-17
3806.983	6.96E-18
3809.563	4.58E-17
3812.143	1.10E-18
3814.724	1.33E-17
3817.305	-4.42E-18
3819.886	9.63E-18
3822.468	1.02E-17
3825.05	1.36E-17
3827.632	2.99E-18
3830.214	1.30E-18
3832.797	-1.64E-18
3835.381	1.02E-17
3837.964	2.43E-17
3840.548	4.50E-17
3843.132	-7.34E-18
3845.717	6.06E-18
3848.302	1.59E-17
3850.887	1.56E-17
3853.473	7.15E-18
3856.059	-8.92E-20
3858.645	9.76E-18
3861.231	3.02E-18
3863.818	-1.26E-17
3866.406	1.55E-17
3868.993	1.34E-17
3871.581	1.43E-17
3874.169	1.44E-17
3876.758	5.21E-18
3879.347	-4.09E-18
3881.936	1.34E-17
3884.525	3.57E-18
3887.115	-6.37E-18
3889.706	8.40E-18
3892.296	3.51E-18
3894.887	1.26E-17
3897.478	1.46E-17
3900.07	3.77E-18
3902.661	2.44E-17
3905.254	2.41E-17
3907.846	1.26E-17
3910.439	2.23E-17
3913.032	1.06E-17
3915.625	4.36E-18
3918.219	1.75E-17
3920.813	3.38E-17
3923.408	3.66E-17
3926.003	4.09E-17
3928.598	3.59E-17
3931.193	2.31E-17
3933.789	2.52E-17
3936.385	9.43E-18
3938.981	1.33E-17
3941.578	1.57E-17
3944.175	1.16E-17
3946.772	2.87E-17
3949.37	1.65E-17
3951.968	2.85E-17
3954.567	1.54E-17
3957.165	9.37E-18
3959.764	1.10E-17
3962.364	3.13E-17
3964.963	1.77E-17
3967.563	1.96E-17
3970.163	3.13E-17
3972.764	3.02E-17
3975.365	2.28E-17
3977.966	1.87E-17
3980.568	8.60E-18
3983.17	1.72E-17
3985.772	1.49E-17
3988.374	1.80E-17
3990.977	1.76E-17
3993.58	1.33E-17
3996.184	3.09E-17
3998.788	2.23E-17
4001.392	1.51E-17
4003.996	1.65E-17
4006.601	5.58E-17
4009.206	1.62E-17
4011.812	1.63E-17
4014.417	1.63E-17
4017.023	1.64E-17
4019.629	1.64E-17
4022.236	1.65E-17
4024.843	1.65E-17
4027.45	1.66E-17
4030.058	1.68E-17
4032.666	1.69E-17
4035.274	1.13E-17
4037.883	7.33E-18
4040.492	7.26E-18
4043.101	3.57E-18
4045.71	1.90E-17
4048.32	5.04E-18
4050.93	1.73E-17
4053.541	2.03E-17
4056.152	4.78E-18
4058.763	7.53E-18
4061.374	1.11E-17
4063.986	1.51E-17
4066.598	6.27E-18
4069.21	2.10E-17
4071.823	9.99E-18
4074.436	2.71E-17
4077.049	9.18E-18
4079.663	1.52E-17
4082.277	7.80E-18
4084.891	9.87E-18
4087.505	1.91E-17
4090.12	1.03E-17
4092.736	6.32E-18
4095.351	8.82E-18
4097.967	1.66E-17
4100.583	1.24E-17
4103.199	1.92E-17
4105.816	6.35E-18
4108.433	1.31E-17
4111.05	8.96E-18
4113.668	1.22E-17
4116.286	1.72E-17
4118.904	4.02E-17
4121.523	2.12E-17
4124.142	2.31E-17
4126.761	1.34E-17
4129.38	6.73E-18
4132	8.66E-18
4134.62	1.80E-18
4137.241	1.49E-17
4139.861	1.08E-17
4142.482	2.31E-17
4145.104	2.10E-17
4147.726	1.85E-17
4150.348	1.43E-17
4152.97	3.28E-17
4155.592	2.89E-17
4158.215	2.69E-17
4160.838	3.60E-17
4163.462	1.13E-17
4166.086	1.84E-17
4168.71	2.17E-17
4171.334	2.51E-17
4173.959	2.04E-17
4176.584	2.32E-17
4179.209	2.31E-17
4181.835	2.94E-17
4184.461	2.44E-17
4187.087	3.30E-17
4189.714	7.49E-18
4192.341	3.85E-17
4194.968	1.73E-17
4197.595	1.90E-17
4200.223	3.33E-17
4202.851	2.32E-17
4205.479	1.01E-17
4208.108	1.88E-17
4210.737	1.72E-17
4213.366	1.73E-17
4215.996	1.74E-17
4218.626	1.76E-17
4221.256	1.77E-17
4223.887	1.78E-17
4226.518	1.79E-17
4229.148	1.80E-17
4231.78	1.82E-17
4234.412	1.83E-17
4237.043	1.84E-17
4239.676	1.85E-17
4242.309	1.86E-17
4244.941	1.87E-17
4247.574	1.89E-17
4250.208	1.90E-17
4252.842	1.91E-17
4255.476	1.92E-17
4258.11	1.93E-17
4260.745	1.95E-17
4263.38	1.96E-17
4266.015	1.97E-17
4268.651	1.98E-17
4271.287	2.65E-17
4273.923	2.40E-17
4276.559	3.27E-17
4279.196	1.39E-17
4281.833	2.46E-17
4284.47	2.80E-17
4287.108	3.05E-17
4289.746	2.51E-17
4292.384	3.60E-17
4295.023	2.07E-17
4297.662	1.65E-17
4300.301	1.99E-17
4302.94	3.29E-17
4305.58	3.17E-17
4308.22	1.79E-17
4310.86	3.22E-17
4313.501	2.65E-17
4316.142	1.64E-17
4318.783	3.24E-17
4321.424	2.01E-17
4324.066	2.93E-17
4326.708	1.90E-17
4329.351	2.33E-17
4331.993	3.22E-17
4334.636	3.19E-17
4337.279	2.78E-17
4339.923	3.04E-17
4342.567	1.54E-17
4345.211	7.54E-18
4347.855	2.49E-17
4350.5	2.22E-17
4353.145	1.95E-17
4355.79	2.04E-17
4358.436	2.12E-17
4361.082	2.56E-17
4363.728	6.88E-18
4366.375	1.61E-17
4369.021	2.81E-17
4371.668	2.51E-17
4374.315	2.99E-17
4376.963	7.26E-18
4379.611	1.69E-17
4382.259	1.73E-17
4384.907	9.28E-18
4387.556	1.95E-17
4390.205	2.15E-17
4392.854	7.53E-18
4395.504	3.07E-17
4398.154	1.38E-17
4400.804	1.84E-17
4403.455	9.36E-18
4406.105	1.38E-17
4408.756	1.68E-17
4411.408	1.94E-17
4414.06	2.31E-17
4416.711	9.59E-18
4419.364	1.14E-17
4422.016	2.04E-17
4424.669	1.65E-17
4427.322	1.31E-17
4429.975	2.25E-17
4432.629	2.18E-17
4435.283	2.02E-17
4437.937	1.91E-17
4440.591	1.81E-17
4443.246	2.50E-17
4445.901	1.44E-17
4448.557	1.84E-17
4451.212	1.81E-17
4453.868	2.43E-17
4456.524	2.25E-17
4459.181	1.92E-17
4461.837	2.10E-17
4464.494	2.08E-17
4467.152	2.03E-17
4469.809	1.97E-17
4472.467	1.92E-17
4475.125	1.87E-17
4477.784	1.82E-17
4480.442	1.77E-17
4483.101	1.71E-17
4485.761	1.94E-17
4488.42	2.15E-17
4491.08	1.53E-17
4493.74	2.15E-17
4496.4	3.71E-17
4499.061	1.78E-17
4501.722	1.79E-17
4504.383	2.55E-17
4507.045	2.04E-17
4509.707	1.98E-17
4512.369	1.19E-17
4515.031	2.98E-17
4517.693	3.17E-17
4520.356	1.87E-17
4523.02	2.31E-17
4525.683	1.86E-17
4528.347	1.62E-17
4531.011	2.19E-17
4533.675	1.52E-17
4536.339	2.37E-17
4539.004	2.29E-17
4541.669	2.34E-17
4544.335	1.73E-17
4547	2.40E-17
4549.667	2.22E-17
4552.333	1.49E-17
4554.999	2.47E-17
4557.666	2.22E-17
4560.333	2.53E-17
4563	2.05E-17
4565.667	2.74E-17
4568.335	3.11E-17
4571.003	2.18E-17
4573.672	2.45E-17
4576.341	2.26E-17
4579.01	2.47E-17
4581.679	2.65E-17
4584.348	1.85E-17
4587.018	2.71E-17
4589.688	2.90E-17
4592.358	1.68E-17
4595.029	3.15E-17
4597.7	2.47E-17
4600.371	1.70E-17
4603.042	2.52E-17
4605.714	1.54E-17
4608.386	4.65E-18
4611.058	1.12E-17
4613.73	1.92E-17
4616.403	2.10E-17
4619.076	2.02E-17
4621.75	2.18E-17
4624.423	2.52E-17
4627.097	2.01E-17
4629.771	2.70E-17
4632.445	2.32E-17
4635.12	2.69E-17
4637.795	1.90E-17
4640.47	1.86E-17
4643.146	1.99E-17
4645.821	1.99E-17
4648.497	1.92E-17
4651.173	2.44E-17
4653.85	1.49E-17
4656.526	2.33E-17
4659.204	1.72E-17
4661.881	1.30E-17
4664.559	2.82E-17
4667.236	2.86E-17
4669.914	1.01E-17
4672.593	1.55E-17
4675.271	1.74E-17
4677.95	1.65E-17
4680.629	2.19E-17
4683.309	2.38E-17
4685.988	1.63E-17
4688.668	1.59E-17
4691.349	2.07E-17
4694.029	1.26E-17
4696.71	3.35E-17
4699.391	3.02E-17
4702.072	1.95E-17
4704.753	1.70E-17
4707.435	2.49E-17
4710.117	2.15E-17
4712.8	2.55E-17
4715.482	1.94E-17
4718.165	2.07E-17
4720.848	2.46E-17
4723.532	3.01E-17
4726.215	3.67E-17
4728.899	2.31E-17
4731.583	2.27E-17
4734.268	3.01E-17
4736.952	1.93E-17
4739.637	3.00E-17
4742.322	3.18E-17
4745.008	2.03E-17
4747.693	1.83E-17
4750.379	2.96E-17
4753.065	3.20E-17
4755.752	2.66E-17
4758.439	2.96E-17
4761.126	3.42E-17
4763.813	2.20E-17
4766.5	3.84E-17
4769.188	2.55E-17
4771.876	3.54E-17
4774.564	2.83E-17
4777.253	2.78E-17
4779.942	3.95E-17
4782.631	3.74E-17
4785.32	2.56E-17
4788.01	2.71E-17
4790.7	2.97E-17
4793.39	3.61E-17
4796.08	3.39E-17
4798.771	1.97E-17
4801.461	3.89E-17
4804.153	3.66E-17
4806.844	3.43E-17
4809.536	4.66E-17
4812.228	3.31E-17
4814.919	3.70E-17
4817.612	4.14E-17
4820.305	4.16E-17
4822.998	3.89E-17
4825.69	3.60E-17
4828.384	3.91E-17
4831.078	4.23E-17
4833.771	3.63E-17
4836.466	4.74E-17
4839.16	4.27E-17
4841.854	3.48E-17
4844.55	3.93E-17
4847.245	4.95E-17
4849.94	3.45E-17
4852.636	4.29E-17
4855.332	4.80E-17
4858.028	4.47E-17
4860.724	5.45E-17
4863.421	4.65E-17
4866.118	3.78E-17
4868.815	5.49E-17
4871.512	4.10E-17
4874.21	4.22E-17
4876.908	4.70E-17
4879.606	5.16E-17
4882.305	4.21E-17
4885.003	4.22E-17
4887.702	5.25E-17
4890.401	5.00E-17
4893.101	5.34E-17
4895.8	5.32E-17
4898.5	4.81E-17
4901.2	4.98E-17
4903.901	3.80E-17
4906.601	4.40E-17
4909.302	4.59E-17
4912.003	4.39E-17
4914.705	5.43E-17
4917.406	4.63E-17
4920.108	4.72E-17
4922.81	5.67E-17
4925.513	4.30E-17
4928.215	4.70E-17
4930.918	5.26E-17
4933.621	5.17E-17
4936.325	3.98E-17
4939.028	3.87E-17
4941.732	4.25E-17
4944.436	4.07E-17
4947.14	4.64E-17
4949.845	3.76E-17
4952.55	4.39E-17
4955.255	4.74E-17
4957.96	3.85E-17
4960.666	3.63E-17
4963.371	4.37E-17
4966.077	4.25E-17
4968.784	3.21E-17
4971.49	3.89E-17
4974.197	3.30E-17
4976.904	5.05E-17
4979.611	4.15E-17
4982.318	4.34E-17
4985.026	4.00E-17
4987.734	5.15E-17
4990.442	4.07E-17
4993.15	4.63E-17
4995.859	3.51E-17
4998.568	3.64E-17
5001.277	5.09E-17
5003.987	2.77E-17
5006.696	3.65E-17
5009.406	4.35E-17
5012.116	2.89E-17
5014.827	4.50E-17
5017.537	3.10E-17
5020.248	3.00E-17
5022.959	3.33E-17
5025.67	3.70E-17
5028.382	2.57E-17
5031.094	3.35E-17
5033.806	3.66E-17
5036.518	3.99E-17
5039.23	4.01E-17
5041.943	3.31E-17
5044.656	3.63E-17
5047.369	4.30E-17
5050.083	2.44E-17
5052.796	3.82E-17
5055.51	3.39E-17
5058.224	3.67E-17
5060.938	3.93E-17
5063.653	2.91E-17
5066.368	2.47E-17
5069.083	3.62E-17
5071.798	3.65E-17
5074.514	3.01E-17
5077.229	4.12E-17
5079.946	3.61E-17
5082.662	2.31E-17
5085.378	3.89E-17
5088.095	3.39E-17
5090.812	4.13E-17
5093.529	3.00E-17
5096.247	3.68E-17
5098.964	3.71E-17
5101.682	2.73E-17
5104.4	3.02E-17
5107.119	3.45E-17
5109.837	5.12E-17
5112.556	4.73E-17
5115.275	5.24E-17
5117.994	3.86E-17
5120.713	6.51E-17
5123.433	4.54E-17
5126.153	3.82E-17
5128.874	3.95E-17
5131.594	4.29E-17
5134.314	4.63E-17
5137.035	4.62E-17
5139.756	4.24E-17
5142.478	4.37E-17
5145.199	2.85E-17
5147.921	4.20E-17
5150.643	3.74E-17
5153.365	5.10E-17
5156.087	3.80E-17
5158.81	3.84E-17
5161.533	4.21E-17
5164.256	4.42E-17
5166.979	4.45E-17
5169.703	3.62E-17
5172.427	4.15E-17
5175.151	3.91E-17
5177.875	4.64E-17
5180.6	3.83E-17
5183.324	4.62E-17
5186.049	4.04E-17
5188.774	4.97E-17
5191.5	4.95E-17
5194.226	4.80E-17
5196.951	5.31E-17
5199.677	5.27E-17
5202.404	4.36E-17
5205.13	5.87E-17
5207.857	3.37E-17
5210.584	4.29E-17
5213.311	5.65E-17
5216.039	5.93E-17
5218.766	5.58E-17
5221.494	5.98E-17
5224.222	6.28E-17
5226.95	5.25E-17
5229.679	5.69E-17
5232.408	4.52E-17
5235.136	4.08E-17
5237.866	5.68E-17
5240.595	5.15E-17
5243.325	4.56E-17
5246.055	5.36E-17
5248.785	4.03E-17
5251.515	4.98E-17
5254.245	4.11E-17
5256.976	5.61E-17
5259.707	5.02E-17
5262.438	5.36E-17
5265.169	5.40E-17
5267.901	5.43E-17
5270.633	5.47E-17
5273.365	5.51E-17
5276.097	5.54E-17
5278.83	5.58E-17
5281.562	5.62E-17
5284.295	5.33E-17
5287.028	5.22E-17
5289.762	3.57E-17
5292.495	4.69E-17
5295.229	4.62E-17
5297.963	5.00E-17
5300.697	3.32E-17
5303.432	3.85E-17
5306.166	3.70E-17
5308.901	3.66E-17
5311.636	4.39E-17
5314.371	4.15E-17
5317.107	3.26E-17
5319.842	3.77E-17
5322.579	3.31E-17
5325.314	2.95E-17
5328.051	2.59E-17
5330.788	3.86E-17
5333.524	4.22E-17
5336.261	5.86E-17
5338.999	4.18E-17
5341.736	2.50E-17
5344.474	3.35E-17
5347.211	4.25E-17
5349.949	4.25E-17
5352.687	4.10E-17
5355.426	3.61E-17
5358.165	3.12E-17
5360.904	3.27E-17
5363.643	4.18E-17
5366.382	2.96E-17
5369.122	2.87E-17
5371.861	4.55E-17
5374.602	3.47E-17
5377.341	4.36E-17
5380.082	2.54E-17
5382.822	2.83E-17
5385.563	2.93E-17
5388.304	2.59E-17
5391.045	3.65E-17
5393.787	3.54E-17
5396.528	3.38E-17
5399.271	4.08E-17
5402.012	3.35E-17
5404.755	3.57E-17
5407.497	3.19E-17
5410.24	4.23E-17
5412.983	3.85E-17
5415.726	3.06E-17
5418.469	4.83E-17
5421.212	3.76E-17
5423.957	4.35E-17
5426.7	3.66E-17
5429.444	3.59E-17
5432.188	3.59E-17
5434.933	4.31E-17
5437.678	4.03E-17
5440.423	3.91E-17
5443.168	4.98E-17
5445.914	3.71E-17
5448.659	4.52E-17
5451.405	4.74E-17
5454.151	4.22E-17
5456.897	4.43E-17
5459.643	4.85E-17
5462.39	4.67E-17
5465.137	5.47E-17
5467.884	4.91E-17
5470.631	3.81E-17
5473.378	4.66E-17
5476.125	4.99E-17
5478.874	4.54E-17
5481.622	4.59E-17
5484.37	2.93E-17
5487.118	4.36E-17
5489.867	4.37E-17
5492.616	3.91E-17
5495.365	4.85E-17
5498.114	4.95E-17
5500.863	4.15E-17
5503.613	4.01E-17
5506.363	5.14E-17
5509.113	3.14E-17
5511.863	5.76E-17
5514.613	4.96E-17
5517.364	4.23E-17
5520.115	4.70E-17
5522.866	4.36E-17
5525.617	4.50E-17
5528.368	4.08E-17
5531.12	4.20E-17
5533.872	4.10E-17
5536.624	3.91E-17
5539.376	4.87E-17
5542.128	5.30E-17
5544.881	5.09E-17
5547.634	4.25E-17
5550.387	4.98E-17
5553.14	5.49E-17
5555.893	4.42E-17
5558.646	5.22E-17
5561.4	5.80E-17
5564.154	6.24E-17
5566.909	3.89E-17
5569.663	4.57E-17
5572.417	6.00E-17
5575.172	5.73E-17
5577.927	5.47E-17
5580.682	7.51E-17
5583.438	3.23E-17
5586.193	5.95E-17
5588.949	6.01E-17
5591.705	5.55E-17
5594.461	5.70E-17
5597.217	5.59E-17
5599.974	5.78E-17
5602.73	5.40E-17
5605.487	6.10E-17
5608.244	5.52E-17
5611.001	5.44E-17
5613.759	5.02E-17
5616.517	4.51E-17
5619.274	6.82E-17
5622.033	6.71E-17
5624.791	5.67E-17
5627.549	6.65E-17
5630.308	5.23E-17
5633.066	6.36E-17
5635.826	5.81E-17
5638.585	7.14E-17
5641.344	6.13E-17
5644.104	5.19E-17
5646.863	6.04E-17
5649.624	5.14E-17
5652.383	6.77E-17
5655.144	6.29E-17
5657.904	5.84E-17
5660.665	5.59E-17
5663.426	6.24E-17
5666.187	5.58E-17
5668.948	6.13E-17
5671.709	5.78E-17
5674.471	5.85E-17
5677.233	5.62E-17
5679.995	7.22E-17
5682.757	6.19E-17
5685.52	5.55E-17
5688.282	6.32E-17
5691.045	5.97E-17
5693.808	5.19E-17
5696.571	6.96E-17
5699.334	4.96E-17
5702.098	5.66E-17
5704.861	6.04E-17
5707.625	5.51E-17
5710.389	5.28E-17
5713.154	5.14E-17
5715.918	6.09E-17
5718.683	5.15E-17
5721.447	5.12E-17
5724.212	5.04E-17
5726.978	6.37E-17
5729.743	6.13E-17
5732.508	5.60E-17
5735.274	5.28E-17
5738.04	5.94E-17
5740.806	6.70E-17
5743.572	5.31E-17
5746.338	7.03E-17
5749.105	4.14E-17
5751.872	6.31E-17
5754.639	6.11E-17
5757.406	5.95E-17
5760.173	7.11E-17
5762.941	6.66E-17
5765.708	6.65E-17
5768.477	6.85E-17
5771.245	6.77E-17
5774.013	6.75E-17
5776.781	6.04E-17
5779.55	7.32E-17
5782.318	6.61E-17
5785.087	6.97E-17
5787.856	6.87E-17
5790.626	7.40E-17
5793.396	6.65E-17
5796.165	7.25E-17
5798.935	8.29E-17
5801.705	7.86E-17
5804.475	7.34E-17
5807.246	6.99E-17
5810.016	8.67E-17
5812.787	8.06E-17
5815.558	7.23E-17
5818.329	7.69E-17
5821.1	8.43E-17
5823.872	8.13E-17
5826.643	6.83E-17
5829.415	8.93E-17
5832.187	8.12E-17
5834.959	7.01E-17
5837.731	8.99E-17
5840.504	4.94E-17
5843.276	9.02E-17
5846.049	7.78E-17
5848.822	8.07E-17
5851.595	7.45E-17
5854.369	7.68E-17
5857.142	6.71E-17
5859.916	6.49E-17
5862.69	6.28E-17
5865.464	5.94E-17
5868.238	6.12E-17
5871.013	5.67E-17
5873.787	6.02E-17
5876.562	6.42E-17
5879.336	5.58E-17
5882.112	4.49E-17
5884.887	5.52E-17
5887.663	9.79E-17
5890.438	6.73E-17
5893.214	6.23E-17
5895.99	3.36E-17
5898.766	6.64E-17
5901.542	4.40E-17
5904.318	6.44E-17
5907.095	4.23E-17
5909.872	5.16E-17
5912.649	5.58E-17
5915.426	5.71E-17
5918.203	5.64E-17
5920.98	6.16E-17
5923.758	6.46E-17
5926.536	6.30E-17
5929.314	6.05E-17
5932.092	6.09E-17
5934.871	5.68E-17
5937.649	6.00E-17
5940.428	6.14E-17
5943.207	6.05E-17
5945.985	6.11E-17
5948.764	5.58E-17
5951.543	4.76E-17
5954.323	5.51E-17
5957.103	5.49E-17
5959.882	6.00E-17
5962.663	5.41E-17
5965.443	6.07E-17
5968.223	5.21E-17
5971.003	6.22E-17
5973.784	6.16E-17
5976.565	6.35E-17
5979.346	4.48E-17
5982.127	5.32E-17
5984.908	4.47E-17
5987.689	6.26E-17
5990.471	4.90E-17
5993.253	4.64E-17
5996.035	5.17E-17
5998.817	5.35E-17
6001.599	5.40E-17
6004.381	4.32E-17
6007.164	4.40E-17
6009.947	4.58E-17
6012.729	3.94E-17
6015.513	4.45E-17
6018.296	4.82E-17
6021.08	5.35E-17
6023.863	4.61E-17
6026.646	4.34E-17
6029.431	4.82E-17
6032.214	4.82E-17
6034.999	3.39E-17
6037.783	4.16E-17
6040.567	3.51E-17
6043.352	4.48E-17
6046.137	4.11E-17
6048.922	3.99E-17
6051.707	4.60E-17
6054.492	3.04E-17
6057.278	3.54E-17
6060.063	3.59E-17
6062.849	2.40E-17
6065.635	3.48E-17
6068.421	2.77E-17
6071.208	3.17E-17
6073.994	3.06E-17
6076.78	3.51E-17
6079.567	3.58E-17
6082.354	2.61E-17
6085.141	2.97E-17
6087.928	3.81E-17
6090.715	2.93E-17
6093.503	3.38E-17
6096.291	3.18E-17
6099.078	3.26E-17
6101.866	2.72E-17
6104.654	3.44E-17
6107.443	2.52E-17
6110.231	4.04E-17
6113.02	3.16E-17
6115.809	3.20E-17
6118.597	3.99E-17
6121.386	4.20E-17
6124.175	2.96E-17
6126.965	4.49E-17
6129.754	4.73E-17
6132.544	3.83E-17
6135.333	4.67E-17
6138.124	4.90E-17
6140.914	4.61E-17
6143.704	4.72E-17
6146.494	4.74E-17
6149.285	5.37E-17
6152.076	5.04E-17
6154.867	5.28E-17
6157.657	4.83E-17
6160.449	4.61E-17
6163.24	4.79E-17
6166.031	4.74E-17
6168.823	5.49E-17
6171.615	5.29E-17
6174.407	6.15E-17
6177.199	6.24E-17
6179.991	5.33E-17
6182.783	5.05E-17
6185.576	5.78E-17
6188.368	5.24E-17
6191.161	5.66E-17
6193.954	5.80E-17
6196.747	5.91E-17
6199.541	5.41E-17
6202.334	5.43E-17
6205.127	5.03E-17
6207.921	6.47E-17
6210.715	5.95E-17
6213.509	5.03E-17
6216.303	5.98E-17
6219.097	5.72E-17
6221.892	5.20E-17
6224.686	5.78E-17
6227.481	7.38E-17
6230.275	5.34E-17
6233.07	5.50E-17
6235.866	6.23E-17
6238.661	5.55E-17
6241.457	5.75E-17
6244.252	6.61E-17
6247.048	4.70E-17
6249.843	5.36E-17
6252.64	6.50E-17
6255.436	5.15E-17
6258.232	6.03E-17
6261.028	5.91E-17
6263.825	5.24E-17
6266.622	6.44E-17
6269.418	4.70E-17
6272.215	4.77E-17
6275.013	5.43E-17
6277.81	5.25E-17
6280.607	5.89E-17
6283.405	6.38E-17
6286.203	6.30E-17
6289	4.52E-17
6291.798	5.30E-17
6294.596	6.04E-17
6297.395	7.10E-17
6300.193	4.90E-17
6302.992	3.71E-17
6305.79	6.90E-17
6308.589	7.41E-17
6311.388	4.68E-17
6314.187	6.13E-17
6316.986	5.28E-17
6319.786	5.32E-17
6322.585	5.84E-17
6325.385	4.27E-17
6328.185	5.61E-17
6330.984	5.31E-17
6333.785	5.84E-17
6336.584	4.07E-17
6339.385	5.05E-17
6342.186	5.20E-17
6344.986	4.89E-17
6347.787	5.08E-17
6350.587	4.62E-17
6353.389	4.19E-17
6356.19	3.75E-17
6358.991	5.14E-17
6361.792	4.44E-17
6364.594	5.23E-17
6367.396	4.05E-17
6370.198	4.30E-17
6373	3.08E-17
6375.802	2.76E-17
6378.604	4.54E-17
6381.406	4.21E-17
6384.208	3.58E-17
6387.011	3.44E-17
6389.814	4.26E-17
6392.617	4.12E-17
6395.42	4.42E-17
6398.223	3.30E-17
6401.026	3.78E-17
6403.83	3.58E-17
6406.633	3.96E-17
6409.437	3.98E-17
6412.241	3.98E-17
6415.044	3.59E-17
6417.849	3.76E-17
6420.653	4.31E-17
6423.457	4.81E-17
6426.262	5.14E-17
6429.066	4.32E-17
6431.871	4.74E-17
6434.676	4.95E-17
6437.481	4.85E-17
6440.286	4.76E-17
6443.091	4.02E-17
6445.896	4.44E-17
6448.702	5.12E-17
6451.508	4.87E-17
6454.313	4.14E-17
6457.119	4.81E-17
6459.925	4.40E-17
6462.731	3.29E-17
6465.538	3.88E-17
6468.344	3.76E-17
6471.15	3.65E-17
6473.957	4.90E-17
6476.764	4.08E-17
6479.571	4.58E-17
6482.378	4.67E-17
6485.185	5.20E-17
6487.992	4.64E-17
6490.8	4.82E-17
6493.607	5.17E-17
6496.415	5.49E-17
6499.223	5.79E-17
6502.03	5.97E-17
6504.838	5.40E-17
6507.646	6.04E-17
6510.455	5.02E-17
6513.263	6.24E-17
6516.072	6.34E-17
6518.88	5.45E-17
6521.689	6.09E-17
6524.498	5.71E-17
6527.307	5.86E-17
6530.116	5.72E-17
6532.925	6.06E-17
6535.735	6.01E-17
6538.544	6.21E-17
6541.354	6.92E-17
6544.164	6.75E-17
6546.973	5.66E-17
6549.783	6.73E-17
6552.593	6.51E-17
6555.404	5.70E-17
6558.214	6.46E-17
6561.024	6.53E-17
6563.835	6.70E-17
6566.646	6.18E-17
6569.457	6.16E-17
6572.268	6.08E-17
6575.079	6.89E-17
6577.89	5.94E-17
6580.701	6.88E-17
6583.512	6.04E-17
6586.324	6.40E-17
6589.135	7.49E-17
6591.947	7.17E-17
6594.759	6.63E-17
6597.571	7.10E-17
6600.383	6.41E-17
6603.195	7.82E-17
6606.008	6.30E-17
6608.82	6.59E-17
6611.633	7.46E-17
6614.445	6.47E-17
6617.258	7.17E-17
6620.071	6.53E-17
6622.884	7.12E-17
6625.697	6.59E-17
6628.511	6.95E-17
6631.324	6.13E-17
6634.138	6.71E-17
6636.951	6.68E-17
6639.765	7.06E-17
6642.579	6.67E-17
6645.393	6.67E-17
6648.207	6.06E-17
6651.021	6.49E-17
6653.835	6.29E-17
6656.649	5.89E-17
6659.464	6.14E-17
6662.279	5.73E-17
6665.093	7.18E-17
6667.908	6.13E-17
6670.723	6.04E-17
6673.539	5.74E-17
6676.354	6.54E-17
6679.169	6.18E-17
6681.984	5.55E-17
6684.8	5.73E-17
6687.615	5.83E-17
6690.431	4.88E-17
6693.247	6.59E-17
6696.063	5.94E-17
6698.879	6.31E-17
6701.695	6.08E-17
6704.511	5.06E-17
6707.328	6.23E-17
6710.145	5.20E-17
6712.961	6.84E-17
6715.778	5.26E-17
6718.595	5.86E-17
6721.412	5.91E-17
6724.229	5.33E-17
6727.045	6.29E-17
6729.863	5.26E-17
6732.68	5.07E-17
6735.498	5.89E-17
6738.315	5.35E-17
6741.133	5.23E-17
6743.951	5.42E-17
6746.769	5.69E-17
6749.587	5.69E-17
6752.405	5.80E-17
6755.223	4.56E-17
6758.042	6.15E-17
6760.86	5.17E-17
6763.678	5.11E-17
6766.497	4.62E-17
6769.315	6.93E-17
6772.134	5.61E-17
6774.954	5.39E-17
6777.772	5.57E-17
6780.592	6.41E-17
6783.411	6.20E-17
6786.23	5.32E-17
6789.05	6.19E-17
6791.869	5.64E-17
6794.689	5.43E-17
6797.509	5.95E-17
6800.329	6.71E-17
6803.148	5.68E-17
6805.969	6.08E-17
6808.789	6.06E-17
6811.609	5.69E-17
6814.429	5.35E-17
6817.25	5.82E-17
6820.07	5.07E-17
6822.891	5.12E-17
6825.712	5.05E-17
6828.533	6.40E-17
6831.354	6.61E-17
6834.175	4.94E-17
6836.996	4.94E-17
6839.817	6.54E-17
6842.639	4.75E-17
6845.46	6.21E-17
6848.282	6.67E-17
6851.104	5.79E-17
6853.925	5.96E-17
6856.747	5.20E-17
6859.569	5.95E-17
6862.391	5.22E-17
6865.213	5.01E-17
6868.036	4.23E-17
6870.858	5.36E-17
6873.68	4.60E-17
6876.503	4.49E-17
6879.325	4.00E-17
6882.148	4.93E-17
6884.971	5.00E-17
6887.794	4.69E-17
6890.617	5.03E-17
6893.44	4.42E-17
6896.263	4.01E-17
6899.086	5.12E-17
6901.91	5.48E-17
6904.733	7.37E-17
6907.557	7.73E-17
6910.381	8.03E-17
6913.205	6.78E-17
6916.028	6.46E-17
6918.852	6.38E-17
6921.676	6.09E-17
6924.5	5.80E-17
6927.325	6.02E-17
6930.149	5.21E-17
6932.974	4.43E-17
6935.798	5.61E-17
6938.623	5.72E-17
6941.447	5.11E-17
6944.272	4.04E-17
6947.097	4.31E-17
6949.922	4.52E-17
6952.747	4.44E-17
6955.572	4.13E-17
6958.397	4.45E-17
6961.223	4.83E-17
6964.048	5.14E-17
6966.874	4.76E-17
6969.699	4.28E-17
6972.525	4.29E-17
6975.351	4.38E-17
6978.176	4.94E-17
6981.002	4.49E-17
6983.829	5.13E-17
6986.655	5.13E-17
6989.481	5.00E-17
6992.307	4.09E-17
6995.133	4.35E-17
6997.96	3.31E-17
7000.787	4.56E-17
7003.613	4.77E-17
7006.44	4.07E-17
7009.267	4.53E-17
7012.094	5.37E-17
7014.92	4.67E-17
7017.748	4.05E-17
7020.575	4.26E-17
7023.402	4.19E-17
7026.229	3.82E-17
7029.057	4.48E-17
7031.884	4.41E-17
7034.712	5.19E-17
7037.54	4.69E-17
7040.367	4.60E-17
7043.195	4.73E-17
7046.023	3.93E-17
7048.851	4.26E-17
7051.679	3.83E-17
7054.507	3.37E-17
7057.335	4.42E-17
7060.164	2.90E-17
7062.992	4.53E-17
7065.821	3.83E-17
7068.649	4.10E-17
7071.478	3.78E-17
7074.307	3.20E-17
7077.136	4.47E-17
7079.965	4.51E-17
7082.793	4.17E-17
7085.623	3.65E-17
7088.452	4.16E-17
7091.281	4.01E-17
7094.11	4.10E-17
7096.94	3.01E-17
7099.769	3.68E-17
7102.599	2.83E-17
7105.428	4.15E-17
7108.258	3.33E-17
7111.088	3.60E-17
7113.918	3.84E-17
7116.748	4.09E-17
7119.578	3.31E-17
7122.408	3.38E-17
7125.238	3.45E-17
7128.068	3.66E-17
7130.898	4.24E-17
7133.729	4.50E-17
7136.56	3.01E-17
7139.39	3.92E-17
7142.221	3.47E-17
7145.051	3.26E-17
7147.882	3.39E-17
7150.713	3.94E-17
7153.544	4.67E-17
7156.375	4.68E-17
7159.206	3.13E-17
7162.037	4.58E-17
7164.868	3.08E-17
7167.7	3.56E-17
7170.531	3.42E-17
7173.362	2.81E-17
7176.194	3.84E-17
7179.026	3.70E-17
7181.857	4.03E-17
7184.689	2.62E-17
7187.521	4.20E-17
7190.353	3.40E-17
7193.185	3.17E-17
7196.017	2.92E-17
7198.849	3.18E-17
7201.681	3.17E-17
7204.513	3.11E-17
7207.346	3.14E-17
7210.178	3.07E-17
7213.011	3.00E-17
7215.843	3.29E-17
7218.676	3.20E-17
7221.508	3.01E-17
7224.341	3.73E-17
7227.174	3.46E-17
7230.007	2.86E-17
7232.84	2.40E-17
7235.673	2.64E-17
7238.506	3.71E-17
7241.339	2.58E-17
7244.172	4.03E-17
7247.006	3.76E-17
7249.839	4.54E-17
7252.672	1.46E-17
7255.506	1.34E-17
7258.339	1.67E-17
7261.173	4.45E-17
7264.007	3.84E-17
7266.841	2.20E-17
7269.674	1.82E-17
7272.508	3.08E-17
7275.342	3.75E-17
7278.176	3.40E-17
7281.011	3.34E-17
7283.845	3.49E-17
7286.679	3.25E-17
7289.513	4.19E-17
7292.348	3.66E-17
7295.182	3.71E-17
7298.017	3.69E-17
7300.851	4.17E-17
7303.686	3.11E-17
7306.521	2.43E-17
7309.355	3.29E-17
7312.19	4.56E-17
7315.025	3.29E-17
7317.86	3.68E-17
7320.695	2.02E-17
7323.53	2.43E-17
7326.365	2.35E-17
7329.2	2.32E-17
7332.036	2.71E-17
7334.871	4.60E-17
7337.706	4.72E-17
7340.542	2.80E-17
7343.377	4.24E-17
7346.213	1.97E-17
7349.048	3.42E-17
7351.884	3.02E-17
7354.72	3.64E-17
7357.556	4.80E-17
7360.392	2.94E-17
7363.228	2.87E-17
7366.063	3.53E-17
7368.899	4.23E-17
7371.735	4.54E-17
7374.572	3.42E-17
7377.408	4.34E-17
7380.244	2.98E-17
7383.081	4.14E-17
7385.917	3.18E-17
7388.753	3.91E-17
7391.59	3.93E-17
7394.426	4.04E-17
7397.263	3.27E-17
7400.1	2.58E-17
7402.937	3.63E-17
7405.773	3.87E-17
7408.61	4.66E-17
7411.447	3.34E-17
7414.284	3.73E-17
7417.121	4.03E-17
7419.958	4.29E-17
7422.795	4.75E-17
7425.632	3.81E-17
7428.47	4.56E-17
7431.307	2.95E-17
7434.144	6.10E-17
7436.981	4.05E-17
7439.819	5.23E-17
7442.657	3.99E-17
7445.494	4.14E-17
7448.332	3.41E-17
7451.169	3.63E-17
7454.007	3.83E-17
7456.845	3.07E-17
7459.683	3.98E-17
7462.521	3.22E-17
7465.358	4.51E-17
7468.197	2.47E-17
7471.035	4.55E-17
7473.873	2.91E-17
7476.711	2.27E-17
7479.549	3.48E-17
7482.387	4.34E-17
7485.226	3.22E-17
7488.064	3.29E-17
7490.902	3.89E-17
7493.741	2.95E-17
7496.579	3.92E-17
7499.418	3.91E-17
7502.256	4.20E-17
7505.095	3.81E-17
7507.934	4.54E-17
7510.772	3.99E-17
7513.611	4.39E-17
7516.45	2.50E-17
7519.289	3.21E-17
7522.128	5.03E-17
7524.967	3.43E-17
7527.806	3.60E-17
7530.645	4.23E-17
7533.484	3.57E-17
7536.323	5.05E-17
7539.163	4.17E-17
7542.001	3.58E-17
7544.841	3.74E-17
7547.68	4.09E-17
7550.52	3.64E-17
7553.359	3.83E-17
7556.199	4.58E-17
7559.038	4.53E-17
7561.878	4.71E-17
7564.717	3.04E-17
7567.557	3.86E-17
7570.397	3.72E-17
7573.236	3.05E-17
7576.076	5.97E-17
7578.916	3.67E-17
7581.756	3.81E-17
7584.596	4.31E-17
7587.436	4.16E-17
7590.276	3.36E-17
7593.116	3.08E-17
7595.956	2.52E-17
7598.796	1.69E-17
7601.636	8.66E-18
7604.477	1.12E-17
7607.317	1.95E-17
7610.157	8.03E-18
7612.998	2.30E-17
7615.838	2.49E-17
7618.678	2.66E-17
7621.519	2.69E-17
7624.359	2.20E-17
7627.2	3.66E-17
7630.041	2.01E-17
7632.881	2.93E-17
7635.722	3.16E-17
7638.563	3.48E-17
7641.403	2.98E-17
7644.244	4.12E-17
7647.085	4.71E-17
7649.926	4.08E-17
7652.767	3.95E-17
7655.607	5.54E-17
7658.449	4.59E-17
7661.29	4.90E-17
7664.13	4.23E-17
7666.972	4.88E-17
7669.813	5.15E-17
7672.654	6.09E-17
7675.495	6.40E-17
7678.336	6.71E-17
7681.178	5.50E-17
7684.019	5.72E-17
7686.86	5.54E-17
7689.702	6.09E-17
7692.543	4.84E-17
7695.384	5.13E-17
7698.226	5.87E-17
7701.067	5.26E-17
7703.909	4.67E-17
7706.75	5.77E-17
7709.592	6.28E-17
7712.434	5.62E-17
7715.275	6.58E-17
7718.117	4.28E-17
7720.959	7.32E-17
7723.801	4.58E-17
7726.643	5.18E-17
7729.484	5.62E-17
7732.326	4.80E-17
7735.168	5.79E-17
7738.01	4.56E-17
7740.852	3.93E-17
7743.694	3.96E-17
7746.536	4.62E-17
7749.378	4.14E-17
7752.22	5.15E-17
7755.062	7.82E-17
7757.905	4.72E-17
7760.747	4.86E-17
7763.589	6.30E-17
7766.431	5.67E-17
7769.273	4.84E-17
7772.116	5.17E-17
7774.958	5.13E-17
7777.801	3.88E-17
7780.643	5.42E-17
7783.485	4.87E-17
7786.328	4.13E-17
7789.17	4.75E-17
7792.013	6.46E-17
7794.855	3.72E-17
7797.698	5.78E-17
7800.541	5.69E-17
7803.383	5.73E-17
7806.226	4.87E-17
7809.068	5.49E-17
7811.911	5.16E-17
7814.754	4.29E-17
7817.597	4.27E-17
7820.439	6.50E-17
7823.282	5.70E-17
7826.125	5.37E-17
7828.968	4.81E-17
7831.811	3.45E-17
7834.653	4.15E-17
7837.497	5.78E-17
7840.339	4.42E-17
7843.182	4.83E-17
7846.025	6.99E-17
7848.868	4.43E-17
7851.711	5.09E-17
7854.555	4.48E-17
7857.397	4.87E-17
7860.241	4.96E-17
7863.084	6.08E-17
7865.927	6.22E-17
7868.77	6.42E-17
7871.613	5.81E-17
7874.457	4.00E-17
7877.3	4.81E-17
7880.143	6.04E-17
7882.986	4.83E-17
7885.83	5.60E-17
7888.673	4.03E-17
7891.516	2.97E-17
7894.359	3.00E-17
7897.203	2.43E-17
7900.046	3.33E-17
7902.89	3.18E-17
7905.733	5.39E-17
7908.577	3.35E-17
7911.42	4.99E-17
7914.264	5.21E-17
7917.107	2.62E-17
7919.951	3.10E-17
7922.794	2.87E-17
7925.638	2.08E-17
7928.481	2.96E-17
7931.325	1.18E-17
7934.168	2.50E-17
7937.012	2.05E-17
7939.856	1.59E-17
7942.7	3.62E-17
7945.543	1.83E-17
7948.387	3.05E-17
7951.23	1.45E-17
7954.074	1.53E-17
7956.918	2.74E-17
7959.762	2.22E-17
7962.605	3.39E-17
7965.449	1.35E-17
7968.293	1.62E-17
7971.137	1.15E-17
7973.981	3.48E-17
7976.825	2.68E-17
7979.668	1.68E-17
7982.512	9.26E-18
7985.356	1.39E-17
7988.2	1.66E-17
7991.044	3.61E-17
7993.888	1.69E-17
7996.732	3.24E-18
7999.576	1.66E-17
8002.42	3.12E-17
8005.264	3.13E-17
8008.108	2.33E-17
8010.952	3.73E-17
8013.796	3.77E-17
8016.64	2.78E-17
8019.484	4.29E-17
8022.328	1.75E-17
8025.172	2.14E-17
8028.016	2.43E-17
8030.86	2.11E-17
8033.704	4.27E-17
8036.548	2.65E-17
8039.393	2.57E-17
8042.236	3.06E-17
8045.081	4.36E-17
8047.925	3.21E-17
8050.769	4.87E-17
8053.613	3.42E-17
8056.457	3.66E-17
8059.301	4.05E-17
8062.146	3.88E-17
8064.99	3.64E-17
8067.834	3.40E-17
8069.188	3.28E-17
8070.678	3.16E-17
8071.93	3.05E-17
8074.671	2.82E-17
8077.414	3.96E-17
8080.156	3.37E-17
8082.899	3.11E-17
8085.642	3.21E-17
8088.385	3.89E-17
8091.128	5.01E-17
8093.872	5.25E-17
8096.616	4.04E-17
8099.36	3.74E-17
8102.104	4.66E-17
8104.849	3.61E-17
8107.594	5.43E-17
8110.339	3.76E-17
8113.084	5.32E-17
8115.83	5.05E-17
8118.575	3.84E-17
8121.321	4.20E-17
8124.067	4.51E-17
8126.813	5.60E-17
8129.56	3.59E-17
8132.307	4.67E-17
8135.054	5.19E-17
8137.801	4.77E-17
8140.548	5.57E-17
8143.296	4.54E-17
8146.043	4.71E-17
8148.792	4.77E-17
8151.54	4.08E-17
8154.289	3.81E-17
8157.037	4.57E-17
8159.786	5.20E-17
8162.535	4.84E-17
8165.284	4.72E-17
8168.034	4.33E-17
8170.784	5.67E-17
8173.534	4.48E-17
8176.284	4.19E-17
8179.034	4.82E-17
8181.785	4.41E-17
8184.535	5.27E-17
8187.286	5.33E-17
8190.037	5.13E-17
8192.789	3.76E-17
8195.54	3.20E-17
8198.292	4.43E-17
8201.044	5.59E-17
8203.796	5.18E-17
8206.548	5.15E-17
8209.301	5.47E-17
8212.054	5.15E-17
8214.807	4.95E-17
8217.56	4.86E-17
8220.313	4.32E-17
8223.066	4.06E-17
8225.82	4.42E-17
8228.574	5.54E-17
8231.328	3.82E-17
8234.082	4.27E-17
8236.837	4.08E-17
8239.592	2.38E-17
8242.347	3.16E-17
8245.102	4.47E-17
8247.856	5.34E-17
8250.612	4.02E-17
8253.367	4.51E-17
8256.123	3.87E-17
8258.879	4.25E-17
8261.635	6.49E-17
8264.392	4.58E-17
8267.148	5.11E-17
8269.904	4.58E-17
8272.661	4.59E-17
8275.419	3.92E-17
8278.176	5.04E-17
8280.933	3.75E-17
8283.69	3.05E-17
8286.448	5.81E-17
8289.206	6.25E-17
8291.965	5.66E-17
8294.723	4.77E-17
8297.481	5.02E-17
8300.239	4.09E-17
8302.998	5.92E-17
8305.758	3.10E-17
8308.517	4.16E-17
8311.275	1.85E-17
8314.035	2.35E-17
8316.795	3.13E-17
8319.555	4.32E-17
8322.314	3.39E-17
8325.075	4.75E-17
8327.835	4.12E-17
8330.596	4.25E-17
8333.356	3.64E-17
8336.117	3.72E-17
8338.878	5.25E-17
8341.639	4.42E-18
8344.4	1.23E-17
8347.161	2.02E-17
8349.923	2.81E-17
8352.685	3.60E-17
8355.447	3.39E-17
8358.209	4.28E-17
8360.971	5.18E-17
8363.733	6.08E-17
8366.496	5.61E-17
8369.259	4.64E-17
8372.021	6.50E-17
8374.784	2.91E-17
8377.548	2.23E-17
8380.312	2.58E-17
8383.074	5.97E-17
8385.838	5.42E-17
8388.602	4.54E-17
8391.366	3.65E-17
8394.13	3.57E-17
8396.895	5.01E-17
8399.658	4.67E-17
8402.423	4.32E-17
8405.188	3.98E-17
8407.952	3.63E-17
8410.718	3.29E-17
8413.482	3.09E-17
8416.248	2.97E-17
8419.013	2.86E-17
8421.778	2.74E-17
8424.544	2.63E-17
8427.31	2.51E-17
8430.076	2.40E-17
8432.842	2.28E-17
8435.608	2.17E-17
8438.375	2.05E-17
8441.142	1.94E-17
8443.908	2.04E-17
8446.675	2.39E-17
8449.441	4.48E-17
8452.209	3.19E-17
8454.976	1.38E-17
8457.743	3.71E-17
8460.511	3.17E-17
8463.278	3.75E-17
8466.046	3.68E-17
8468.813	5.19E-17
8471.582	3.90E-17
8474.35	3.83E-17
8477.118	4.52E-17
8479.887	2.45E-17
8482.655	3.09E-17
8485.424	2.21E-17
8488.192	3.38E-17
8490.961	3.80E-17
8493.73	2.69E-17
8496.499	1.50E-17
8499.269	1.12E-17
8502.038	3.53E-17
8504.808	2.78E-17
8507.577	2.23E-17
8510.347	3.27E-17
8513.117	3.63E-17
8515.887	1.01E-17
8518.657	1.05E-18
8521.427	7.77E-18
8524.197	1.30E-17
8526.968	1.52E-17
8529.738	3.37E-17
8532.509	2.12E-17
8535.28	1.72E-17
8538.051	1.82E-17
8540.822	1.51E-17
8543.594	3.02E-17
8546.364	5.19E-18
8549.136	3.04E-17
8551.907	4.20E-17
8554.679	3.20E-17
8557.451	4.86E-17
8560.223	2.29E-17
8562.995	4.07E-17
8565.767	3.92E-17
8568.539	2.21E-17
8571.312	2.04E-17
8574.084	2.01E-17
8576.856	2.00E-17
8579.629	1.05E-17
8582.401	3.32E-17
8585.175	3.03E-17
8587.947	2.62E-17
8590.721	1.53E-17
8593.493	1.66E-17
8596.267	2.86E-17
8599.04	2.93E-17
8601.813	3.27E-17
8604.587	1.99E-17
8607.361	1.58E-17
8610.135	1.07E-17
8612.908	8.76E-18
8615.683	2.61E-17
8618.456	3.85E-17
8621.23	2.43E-17
8624.005	2.62E-17
8626.779	2.81E-17
8629.554	3.00E-17
8632.328	3.19E-17
8635.103	3.37E-17
8637.878	3.77E-17
8640.652	3.25E-17
8643.428	2.73E-17
8646.202	2.21E-17
8648.978	1.68E-17
8651.753	1.06E-17
8654.528	5.39E-18
8657.304	1.84E-17
8660.079	4.98E-17
8662.854	4.15E-17
8665.63	2.71E-17
8668.406	5.14E-17
8671.182	2.54E-17
8673.958	1.84E-17
8676.733	1.24E-17
8679.51	1.27E-17
8682.286	1.30E-17
8685.063	1.33E-17
8687.839	1.36E-17
8690.615	1.77E-17
8693.392	2.55E-17
8696.168	2.93E-17
8698.945	1.67E-17
8701.722	2.82E-18
8704.499	5.18E-18
8707.275	2.44E-17
8710.053	3.79E-17
8712.83	1.57E-17
8715.607	-3.08E-18
8718.385	-6.08E-18
8721.162	-1.01E-17
8723.939	1.29E-17
8726.717	2.77E-17
8729.494	2.29E-17
8732.271	2.50E-17
8735.05	2.37E-17
8737.827	9.85E-18
8740.605	5.04E-18
8743.383	-6.07E-18
8746.161	1.69E-17
8748.939	6.61E-18
8751.718	1.25E-17
8754.496	1.89E-17
8757.274	6.23E-18
8760.053	2.97E-17
8762.831	3.06E-17
8765.609	3.15E-17
8768.388	3.24E-17
8771.167	3.33E-17
8773.945	3.41E-17
8776.725	3.50E-17
8779.503	3.59E-17
8782.282	3.68E-17
8785.062	3.77E-17
8787.84	3.86E-17
8790.619	3.95E-17
8793.398	4.04E-17
8796.178	-1.12E-17
8798.957	-2.82E-18
8801.736	2.38E-17
8804.516	3.39E-17
8807.296	3.77E-17
8810.075	1.92E-17
8812.854	-5.32E-19
8815.635	-1.42E-17
8818.414	1.04E-17
8821.194	2.28E-17
8823.974	-7.90E-18
8826.754	-2.74E-17
8829.534	2.77E-17
8832.314	2.77E-17
8835.094	2.77E-17
8837.874	2.76E-17
8840.654	2.76E-17
8843.435	2.76E-17
8846.215	4.10E-17
8848.996	3.44E-17
8851.776	4.00E-17
8854.557	4.86E-17
8857.337	3.97E-17
8860.118	5.14E-17
8862.898	5.64E-18
8865.68	-2.54E-18
8868.46	2.09E-17
8871.241	4.03E-18
8874.021	2.84E-17
8876.803	3.63E-17
8879.584	1.41E-17
8882.364	2.99E-17
8885.146	3.33E-17
8887.927	6.84E-17
8890.708	2.78E-17
8893.489	2.72E-17
8896.271	2.72E-17
8899.052	7.04E-17
8901.833	5.81E-18
8904.614	2.59E-18
8907.396	3.73E-17
8910.178	5.34E-17
8912.959	8.10E-17
8915.741	1.24E-16
8918.522	8.95E-17
8921.304	2.20E-17
8924.086	2.93E-17
8926.867	3.65E-17
8929.649	4.37E-17
8932.432	5.09E-17
8935.213	5.82E-17
8937.995	8.64E-17
8940.777	2.75E-17
8943.559	3.28E-17
8946.341	2.27E-17
8949.123	3.37E-17
8951.905	3.73E-17
8954.688	4.09E-17
8957.47	4.45E-17
8960.252	4.80E-17
8963.034	2.68E-17
8965.816	2.67E-17
8968.599	1.11E-16
8971.381	8.43E-17
8974.163	9.08E-18
8976.946	1.96E-17
8979.729	1.08E-17
8982.511	3.76E-17
8985.293	4.20E-17
8988.076	6.61E-17
8990.858	7.15E-17
8993.642	8.96E-17
8996.424	6.91E-17
8999.207	6.63E-17
9001.989	6.35E-17
9004.772	6.07E-17
9007.555	5.78E-17
9010.338	5.50E-17
9013.12	5.22E-17
9015.903	4.94E-17
9018.687	4.66E-17
9021.469	4.38E-17
9024.252	4.10E-17
9027.035	6.93E-17
9029.818	7.20E-17
9032.602	4.49E-17
9035.384	5.00E-17
9038.167	3.48E-17
9040.95	4.16E-17
9043.733	8.46E-17
9046.517	1.02E-16
9049.3	8.81E-17
9052.083	9.75E-17
9054.866	9.71E-17
9057.649	9.67E-17
9060.433	9.63E-17
9063.216	9.58E-17
9065.999	9.54E-17
9068.782	9.50E-17
9071.566	9.46E-17
9074.35	9.05E-17
9077.133	4.61E-17
9079.916	4.32E-17
9082.699	4.07E-17
9085.483	6.15E-17
9088.267	8.87E-17
9091.05	9.19E-17
9093.833	7.98E-17
9096.617	5.44E-17
9099.4	5.15E-17
9102.184	4.84E-17
9104.968	5.46E-17
9107.751	7.19E-17
9110.534	7.49E-17
9113.318	8.38E-17
9116.102	7.36E-17
9118.886	5.75E-17
9121.669	3.10E-17
9124.453	4.79E-17
9127.236	5.32E-17
9130.02	6.79E-17
9132.804	7.25E-17
9135.587	9.56E-17
9138.371	7.19E-17
9141.154	5.58E-17
9143.938	4.58E-17
9146.722	4.71E-17
9149.506	3.57E-17
9152.29	4.26E-17
9155.073	5.28E-17
9157.857	5.03E-17
9160.641	5.69E-17
9163.425	5.78E-17
9166.208	5.28E-17
9168.992	8.91E-17
9171.776	9.17E-17
9174.56	7.69E-17
9177.344	6.59E-17
9180.127	3.90E-17
9182.911	3.64E-17
9185.695	5.03E-17
9188.479	5.49E-17
9191.263	8.08E-17
9194.047	8.75E-17
9196.83	7.63E-17
9199.614	5.04E-17
9202.398	4.11E-17
9205.182	3.59E-17
9207.966	6.48E-17
9210.749	6.40E-17
9213.533	8.45E-17
9216.317	8.08E-17
9219.101	9.48E-17
9221.885	7.32E-17
9224.669	7.74E-17
9227.452	6.21E-17
9230.236	5.67E-17
9233.021	5.81E-17
9235.804	5.18E-17
9238.588	4.37E-17
9241.372	6.31E-17
9244.155	5.32E-17
9246.939	6.68E-17
9249.723	7.83E-17
9252.507	7.79E-17
9255.291	4.45E-17
9258.074	4.63E-17
9260.858	3.19E-17
9263.642	2.64E-17
9266.426	3.39E-17
9269.21	3.40E-17
9271.993	9.69E-17
9274.777	6.08E-17
9277.561	5.26E-17
9280.345	3.64E-17
9283.128	3.56E-17
9285.912	1.87E-17
9288.696	2.94E-17
9291.479	6.54E-17
9294.264	1.05E-16
9297.047	1.07E-16
9299.831	6.82E-17
9302.614	4.20E-17
9305.398	6.86E-17
9308.182	-2.84E-18
9310.965	6.70E-17
9313.749	2.57E-17
9316.532	2.57E-17
9319.316	2.57E-17
9322.1	2.57E-17
9324.884	-6.15E-17
9327.667	-9.69E-18
9330.45	2.57E-17
9333.234	2.57E-17
9336.018	2.57E-17
9338.801	7.29E-17
9341.585	1.57E-17
9344.368	-4.43E-19
9347.151	7.67E-18
9349.935	6.46E-18
9352.719	1.98E-17
9355.502	1.73E-17
9358.285	6.50E-17
9361.068	5.14E-17
9363.853	-1.09E-17
9366.636	-7.06E-18
9369.419	5.45E-18
9372.202	-1.51E-17
9374.985	6.28E-18
9377.769	5.17E-17
9380.552	-2.84E-17
9383.335	2.57E-17
9386.118	2.57E-17
9388.901	2.57E-17
9391.685	2.57E-17
9394.468	-1.79E-17
9397.251	-6.93E-18
9400.034	4.30E-17
9402.817	5.98E-17
9405.601	1.17E-17
9408.384	-1.39E-17
9411.167	3.33E-17
9413.95	-6.11E-17
9416.732	1.60E-19
9419.516	3.34E-17
9422.299	-3.36E-17
9425.082	2.68E-17
9427.864	2.58E-17
9430.647	2.58E-17
9433.431	-5.39E-17
9436.213	4.02E-17
9438.996	4.97E-17
9441.779	6.21E-17
9444.562	3.44E-17
9447.345	-2.55E-17
9450.127	-6.91E-17
9452.91	2.59E-17
9455.692	-4.31E-17
9458.476	4.77E-17
9461.258	5.71E-17
9464.04	2.69E-17
9466.823	-7.57E-17
9469.605	2.60E-17
9472.388	1.03E-18
9475.171	4.87E-17
9477.953	9.64E-17
9480.735	2.60E-17
9483.518	2.60E-17
9486.301	2.60E-17
9489.083	6.05E-18
9491.865	-3.96E-17
9494.647	-9.54E-18
9497.43	2.76E-18
9500.212	-1.80E-17
9502.994	3.58E-17
9505.776	-8.83E-18
9508.559	1.86E-18
9511.341	-2.80E-17
9514.122	-3.88E-18
9516.904	3.32E-17
9519.687	3.80E-17
9522.469	3.55E-18
9525.251	1.75E-17
9528.032	7.52E-18
9530.814	-7.50E-18
9533.597	1.20E-17
9536.378	2.06E-17
9539.16	1.38E-17
9541.941	2.15E-17
9544.724	3.55E-17
9547.505	1.47E-17
9550.287	-8.48E-19
9553.068	-7.67E-18
9555.85	-2.05E-18
9558.632	-6.80E-18
9561.413	-1.21E-17
9564.194	3.03E-17
9566.976	2.71E-17
9569.758	-1.32E-17
9572.539	-1.35E-17
9575.32	-1.54E-17
9578.102	-5.25E-18
9580.883	-2.38E-18
9583.664	1.79E-19
9586.445	-4.93E-19
9589.227	-2.00E-18
9592.008	-1.66E-18
9594.789	1.88E-18
9597.569	-1.75E-18
9600.351	-5.66E-18
9603.132	-4.44E-19
9605.913	-1.08E-17
9608.693	-1.73E-17