3481.802  -1.200004E-20
3484.245  4.861544E-20
3486.689  2.274209E-20
3489.134  2.677109E-20
3491.581  5.394490E-20
3494.029  -1.587891E-20
3496.479  1.419610E-20
3498.93  2.085506E-20
3501.383  9.848971E-21
3503.837  1.342150E-20
3506.292  2.809895E-20
3508.75  -9.624520E-21
3511.208  5.327566E-20
3513.668  3.359711E-20
3516.129  -4.307227E-21
3518.592  3.735642E-20
3521.056  8.030778E-21
3523.521  1.356656E-20
3525.989  6.506951E-21
3528.457  3.428625E-20
3530.927  2.324185E-20
3533.398  7.139288E-21
3535.871  -5.553202E-21
3538.345  2.308291E-20
3540.821  -1.465668E-20
3543.298  3.721767E-20
3545.776  2.882203E-20
3548.256  1.553187E-20
3550.737  3.457253E-21
3553.22  -2.659463E-21
3555.704  2.813316E-20
3558.189  -1.025770E-20
3560.676  3.344106E-20
3563.165  1.721361E-20
3565.654  -9.399284E-21
3568.145  2.776027E-20
3570.638  1.334956E-20
3573.132  -5.981242E-21
3575.627  5.806748E-22
3578.123  7.958844E-21
3580.621  6.989319E-21
3583.121  3.003965E-20
3585.622  -3.515717E-21
3588.124  1.892253E-20
3590.627  1.186323E-20
3593.132  1.667933E-20
3595.639  2.088070E-20
3598.146  1.682993E-20
3600.656  1.689324E-20
3603.166  1.674535E-20
3605.678  -4.161271E-21
3608.191  1.098849E-20
3610.705  1.381257E-20
3613.221  1.080642E-20
3615.739  3.612863E-20
3618.257  -3.328373E-21
3620.777  1.569192E-20
3623.299  1.418210E-20
3625.821  2.171095E-20
3628.345  1.284137E-20
3630.871  1.010121E-20
3633.398  3.018671E-20
3635.926  1.689261E-20
3638.455  4.255634E-20
3640.986  1.789494E-21
3643.518  2.007186E-20
3646.052  1.288534E-21
3648.586  2.143738E-20
3651.123  1.121315E-20
3653.66  1.447871E-20
3656.199  2.395458E-20
3658.739  2.317346E-20
3661.281  -1.501286E-21
3663.823  2.667742E-20
3666.367  9.097996E-21
3668.913  9.511093E-21
3671.46  1.597908E-20
3674.008  2.794676E-20
3676.557  1.272677E-20
3679.108  2.950018E-20
3681.66  5.524948E-21
3684.214  4.639327E-21
3686.768  2.234133E-23
3689.324  3.905044E-20
3691.882  -1.155351E-20
3694.44  2.346773E-20
3697.  4.711607E-21
3699.561  3.514649E-20
3702.124  2.555769E-20
3704.687  3.118989E-20
3707.253  2.247659E-20
3709.819  2.413134E-20
3712.387  3.647979E-20
3714.956  6.949030E-21
3717.526  1.410349E-20
3720.098  2.798745E-20
3722.67  1.175406E-20
3725.245  2.714379E-20
3727.82  1.977376E-20
3730.397  2.798143E-20
3732.975  6.764855E-21
3735.554  2.473078E-20
3738.135  3.322105E-20
3740.716  2.346070E-20
3743.299  1.800934E-20
3745.884  2.521369E-20
3748.469  2.232575E-20
3751.056  3.194428E-20
3753.645  2.623918E-20
3756.234  1.806994E-20
3758.824  1.903504E-21
3761.417  2.728712E-20
3764.01  3.129686E-20
3766.604  1.414658E-20
3769.2  2.061302E-20
3771.797  2.474727E-20
3774.395  3.051749E-20
3776.994  3.452625E-20
3779.595  4.102347E-20
3782.197  1.988165E-20
3784.8  1.355641E-20
3787.405  1.644874E-20
3790.01  1.845572E-20
3792.617  3.202664E-20
3795.225  2.869383E-20
3797.835  2.995128E-20
3800.445  2.830909E-20
3803.057  7.737483E-21
3805.67  2.370913E-20
3808.284  2.931725E-20
3810.9  2.803703E-20
3813.517  1.735259E-20
3816.135  1.749206E-20
3818.754  2.957203E-20
3821.374  1.589531E-20
3823.996  1.468357E-20
3826.619  2.638212E-20
3829.243  1.212046E-20
3831.868  1.600194E-20
3834.494  2.082273E-20
3837.122  2.311225E-20
3839.751  1.158241E-20
3842.381  2.064380E-20
3845.012  1.100951E-20
3847.645  2.017414E-20
3850.278  2.842645E-20
3852.913  1.851211E-20
3855.549  7.644327E-21
3858.187  2.663711E-20
3860.825  1.717630E-20
3863.465  1.527510E-20
3866.106  1.480738E-20
3868.748  2.546903E-20
3871.391  2.447822E-20
3874.035  2.143233E-20
3876.681  2.109571E-20
3879.328  2.728565E-20
3881.976  2.067247E-20
3884.625  1.836875E-20
3887.275  1.947299E-20
3889.927  3.133181E-20
3892.579  1.504938E-20
3895.233  2.935974E-20
3897.888  3.291269E-20
3900.544  1.987850E-20
3903.201  3.495332E-20
3905.86  1.423043E-20
3908.52  3.146887E-20
3911.18  1.914481E-20
3913.842  2.554724E-20
3916.505  2.283508E-20
3919.17  3.285689E-20
3921.835  3.126418E-20
3924.501  3.679171E-20
3927.169  2.934440E-20
3929.838  2.555377E-20
3932.508  2.679015E-20
3935.179  2.764785E-20
3937.852  1.623835E-20
3940.525  2.973845E-20
3943.2  2.976377E-20
3945.875  3.425948E-20
3948.552  2.442091E-20
3951.23  2.361723E-20
3953.909  2.197341E-20
3956.59  1.813603E-20
3959.271  1.629773E-20
3961.954  1.490133E-20
3964.637  2.479050E-20
3967.322  1.962611E-20
3970.008  1.138717E-20
3972.695  1.917030E-20
3975.383  2.368097E-20
3978.072  1.831157E-20
3980.763  1.940072E-20
3983.454  1.909205E-20
3986.147  2.190166E-20
3988.84  2.013940E-20
3991.535  1.573031E-20
3994.231  2.389336E-20
3996.928  1.144505E-20
3999.626  1.301188E-20
4002.325  1.234846E-20
4005.026  1.622830E-20
4007.727  2.171785E-20
4010.43  1.543107E-20
4013.134  2.071968E-20
4015.838  1.512551E-20
4018.544  1.563250E-20
4021.251  1.273548E-20
4023.959  2.128129E-20
4026.668  1.427389E-20
4029.378  2.052435E-20
4032.09  2.732238E-20
4034.802  1.247318E-20
4037.515  2.456683E-20
4040.23  2.288795E-20
4042.945  2.078148E-20
4045.662  2.118888E-20
4048.38  2.685807E-20
4051.099  2.860815E-20
4053.819  2.086140E-20
4056.54  2.279242E-20
4059.261  2.037518E-20
4061.985  2.330946E-20
4064.709  2.139769E-20
4067.434  2.938232E-20
4070.16  2.337928E-20
4072.888  2.808089E-20
4075.616  2.772734E-20
4078.345  2.418077E-20
4081.076  3.028894E-20
4083.808  3.517641E-20
4086.54  3.153564E-20
4089.274  2.947586E-20
4092.009  3.676611E-20
4094.744  3.256245E-20
4097.481  3.272200E-20
4100.219  4.440118E-20
4102.958  3.539581E-20
4105.698  3.666611E-20
4108.439  3.749089E-20
4111.181  3.691836E-20
4113.924  3.122985E-20
4116.668  3.580245E-20
4119.414  4.256353E-20
4122.16  4.080075E-20
4124.907  3.455769E-20
4127.655  4.391064E-20
4130.404  3.921360E-20
4133.155  4.486518E-20
4135.906  3.906164E-20
4138.658  3.573738E-20
4141.412  4.313297E-20
4144.166  4.283340E-20
4146.921  4.970711E-20
4149.678  4.585839E-20
4152.435  4.356253E-20
4155.194  4.237665E-20
4157.953  4.024420E-20
4160.713  4.084848E-20
4163.475  4.831591E-20
4166.238  3.913430E-20
4169.001  3.620624E-20
4171.766  4.184811E-20
4174.531  3.940559E-20
4177.297  3.650871E-20
4180.065  3.396949E-20
4182.833  3.837501E-20
4185.603  3.833070E-20
4188.374  4.384516E-20
4191.145  3.972458E-20
4193.917  3.997909E-20
4196.691  3.827935E-20
4199.465  4.286293E-20
4202.241  4.204297E-20
4205.017  3.541396E-20
4207.794  4.142474E-20
4210.573  3.123945E-20
4213.353  3.701095E-20
4216.133  3.862987E-20
4218.914  4.046754E-20
4221.696  4.266010E-20
4224.479  4.459719E-20
4227.264  4.398984E-20
4230.049  4.149413E-20
4232.835  3.938584E-20
4235.623  3.267464E-20
4238.411  3.846600E-20
4241.2  2.979647E-20
4243.99  3.210917E-20
4246.781  3.447521E-20
4249.573  4.274279E-20
4252.366  3.835284E-20
4255.16  3.340212E-20
4257.955  3.678062E-20
4260.75  3.632532E-20
4263.547  3.720359E-20
4266.345  3.324298E-20
4269.144  4.506351E-20
4271.943  3.794478E-20
4274.744  4.217660E-20
4277.545  3.749456E-20
4280.348  4.350140E-20
4283.151  3.534872E-20
4285.956  3.165925E-20
4288.761  3.346144E-20
4291.567  3.657782E-20
4294.374  3.151894E-20
4297.182  3.450906E-20
4299.991  3.855378E-20
4302.801  3.601213E-20
4305.612  3.399199E-20
4308.424  3.084128E-20
4311.237  3.787109E-20
4314.05  3.729505E-20
4316.865  3.948049E-20
4319.681  3.386407E-20
4322.497  3.332961E-20
4325.314  3.928650E-20
4328.133  2.991929E-20
4330.952  2.851682E-20
4333.772  3.141459E-20
4336.593  3.293744E-20
4339.415  2.972657E-20
4342.238  2.987986E-20
4345.062  3.083982E-20
4347.887  2.912821E-20
4350.712  4.111809E-20
4353.539  3.602547E-20
4356.366  2.930672E-20
4359.194  3.240922E-20
4362.023  3.010454E-20
4364.854  3.269377E-20
4367.685  3.608709E-20
4370.517  3.666823E-20
4373.35  2.938313E-20
4376.183  2.713759E-20
4379.018  3.378780E-20
4381.854  3.359660E-20
4384.689  3.517997E-20
4387.527  3.117052E-20
4390.365  3.079036E-20
4393.204  2.850996E-20
4396.044  3.242728E-20
4398.885  2.957029E-20
4401.727  3.814051E-20
4404.569  2.850275E-20
4407.413  3.098478E-20
4410.257  3.069254E-20
4413.102  3.124001E-20
4415.948  2.646897E-20
4418.795  3.057020E-20
4421.643  2.932249E-20
4424.492  2.843918E-20
4427.341  3.014000E-20
4430.192  2.873259E-20
4433.043  3.002964E-20
4435.896  3.066891E-20
4438.749  3.467180E-20
4441.603  2.937867E-20
4444.457  3.298447E-20
4447.312  3.234365E-20
4450.169  3.451111E-20
4453.026  2.971596E-20
4455.885  3.073574E-20
4458.744  2.741628E-20
4461.604  2.907064E-20
4464.464  2.781467E-20
4467.326  3.136741E-20
4470.188  3.200138E-20
4473.052  2.931755E-20
4475.916  2.812070E-20
4478.781  2.845934E-20
4481.646  2.797792E-20
4484.513  2.818940E-20
4487.381  3.038829E-20
4490.249  3.164695E-20
4493.119  3.349194E-20
4495.988  3.221946E-20
4498.859  2.852432E-20
4501.731  3.407140E-20
4504.604  3.332312E-20
4507.477  3.533700E-20
4510.351  3.698744E-20
4513.226  3.276450E-20
4516.102  3.215790E-20
4518.979  3.403443E-20
4521.856  3.167774E-20
4524.734  2.807852E-20
4527.613  3.098408E-20
4530.493  2.695330E-20
4533.374  3.224936E-20
4536.256  2.808598E-20
4539.138  2.682769E-20
4542.021  2.573454E-20
4544.905  3.050184E-20
4547.79  3.160191E-20
4550.676  2.899602E-20
4553.562  2.531485E-20
4556.45  2.737379E-20
4559.337  3.277521E-20
4562.227  2.565382E-20
4565.116  2.978984E-20
4568.007  2.771878E-20
4570.898  2.514128E-20
4573.79  2.265250E-20
4576.683  2.750882E-20
4579.577  2.560351E-20
4582.471  2.659596E-20
4585.366  2.282605E-20
4588.262  2.688859E-20
4591.159  2.617257E-20
4594.057  2.544346E-20
4596.955  2.614147E-20
4599.854  2.570088E-20
4602.754  2.511632E-20
4605.655  2.381935E-20
4608.557  2.326451E-20
4611.459  2.967401E-20
4614.362  2.637931E-20
4617.266  2.589362E-20
4620.171  2.404102E-20
4623.076  3.022356E-20
4625.982  2.601088E-20
4628.889  2.840030E-20
4631.797  3.058999E-20
4634.706  2.749932E-20
4637.615  2.741676E-20
4640.525  3.044173E-20
4643.436  3.347147E-20
4646.348  2.992977E-20
4649.26  3.373562E-20
4652.173  3.039571E-20
4655.087  2.827242E-20
4658.001  2.753405E-20
4660.917  3.342354E-20
4663.833  2.730227E-20
4666.75  3.074460E-20
4669.668  3.286352E-20
4672.586  3.276566E-20
4675.505  3.314305E-20
4678.425  3.189172E-20
4681.346  2.984907E-20
4684.268  2.780609E-20
4687.19  3.223364E-20
4690.113  3.113796E-20
4693.037  3.395235E-20
4695.961  3.119044E-20
4698.886  2.967249E-20
4701.812  3.476745E-20
4704.739  3.561518E-20
4707.666  3.286535E-20
4710.594  2.959292E-20
4713.523  3.653589E-20
4716.453  3.680651E-20
4719.383  3.711397E-20
4722.314  3.559861E-20
4725.246  3.505404E-20
4728.179  3.578392E-20
4731.112  3.855950E-20
4734.046  3.694338E-20
4736.98  3.794218E-20
4739.916  3.911680E-20
4742.852  4.153482E-20
4745.789  4.025142E-20
4748.727  4.028404E-20
4751.665  3.920678E-20
4754.604  4.230697E-20
4757.544  4.207537E-20
4760.484  3.976927E-20
4763.426  4.291855E-20
4766.368  3.765278E-20
4769.31  4.283511E-20
4772.253  4.716065E-20
4775.198  4.002295E-20
4778.142  4.281498E-20
4781.088  4.286147E-20
4784.034  4.454075E-20
4786.981  4.989955E-20
4789.928  4.381816E-20
4792.877  4.671408E-20
4795.826  4.541529E-20
4798.775  4.563473E-20
4801.726  4.414453E-20
4804.677  4.560132E-20
4807.629  4.771769E-20
4810.581  4.764866E-20
4813.534  4.965875E-20
4816.488  4.878695E-20
4819.443  5.052664E-20
4822.398  4.825017E-20
4825.354  4.961013E-20
4828.311  4.398965E-20
4831.268  4.594616E-20
4834.226  5.005008E-20
4837.185  4.933288E-20
4840.144  4.783080E-20
4843.104  4.806683E-20
4846.065  4.836739E-20
4849.026  5.073399E-20
4851.988  4.419787E-20
4854.951  4.134568E-20
4857.915  4.777296E-20
4860.878  4.785624E-20
4863.843  4.542584E-20
4866.809  4.742924E-20
4869.775  4.201452E-20
4872.742  4.780653E-20
4875.709  4.556347E-20
4878.677  4.523683E-20
4881.646  4.698014E-20
4884.616  4.407086E-20
4887.586  4.510698E-20
4890.557  4.906899E-20
4893.528  4.700029E-20
4896.5  4.709262E-20
4899.473  4.418355E-20
4902.446  4.864401E-20
4905.42  4.319672E-20
4908.396  4.607651E-20
4911.371  4.279391E-20
4914.347  4.390159E-20
4917.324  4.329145E-20
4920.301  3.885278E-20
4923.279  4.495678E-20
4926.258  4.612738E-20
4929.237  4.793679E-20
4932.217  4.021134E-20
4935.198  4.743250E-20
4938.179  4.122755E-20
4941.161  4.110565E-20
4944.143  3.999437E-20
4947.126  3.970151E-20
4950.11  3.977359E-20
4953.095  4.158657E-20
4956.08  4.193462E-20
4959.065  3.950263E-20
4962.052  4.545355E-20
4965.039  4.111849E-20
4968.026  4.012992E-20
4971.015  3.752416E-20
4974.004  4.052503E-20
4976.993  4.132137E-20
4979.983  4.056240E-20
4982.974  3.611158E-20
4985.966  3.650686E-20
4988.958  3.953530E-20
4991.95  4.042592E-20
4994.944  3.938569E-20
4997.937  3.920584E-20
5000.932  3.902586E-20
5003.927  3.884591E-20
5006.923  3.897659E-20
5009.919  3.766500E-20
5012.917  3.748490E-20
5015.914  3.317390E-20
5018.912  3.537000E-20
5021.911  3.456432E-20
5024.911  3.587624E-20
5027.911  3.146735E-20
5030.911  3.743147E-20
5033.913  3.407421E-20
5036.915  3.577909E-20
5039.917  3.193026E-20
5042.92  3.304579E-20
5045.924  3.844885E-20
5048.928  4.030159E-20
5051.933  3.543791E-20
5054.938  3.754350E-20
5057.944  4.036905E-20
5060.951  3.653222E-20
5063.958  3.867668E-20
5066.966  3.410142E-20
5069.975  3.740404E-20
5072.984  3.402791E-20
5075.994  3.177039E-20
5079.004  3.497102E-20
5082.015  3.702938E-20
5085.026  4.071895E-20
5088.038  3.549785E-20
5091.051  3.318162E-20
5094.064  2.889036E-20
5097.078  3.084690E-20
5100.092  3.682883E-20
5103.107  3.262702E-20
5106.123  3.696593E-20
5109.139  3.840437E-20
5112.156  3.672987E-20
5115.173  3.738640E-20
5118.191  3.602162E-20
5121.209  3.474754E-20
5124.229  3.614507E-20
5127.248  3.279264E-20
5130.268  3.635090E-20
5133.289  3.269949E-20
5136.31  3.279211E-20
5139.332  3.532079E-20
5142.354  3.386119E-20
5145.377  3.374129E-20
5148.401  3.620459E-20
5151.425  3.459605E-20
5154.45  3.634351E-20
5157.475  3.426966E-20
5160.501  3.481730E-20
5163.527  3.815779E-20
5166.555  3.898445E-20
5169.582  3.510494E-20
5172.61  3.555409E-20
5175.639  3.563250E-20
5178.668  3.485600E-20
5181.698  3.784695E-20
5184.728  3.412239E-20
5187.759  4.133939E-20
5190.791  3.730428E-20
5193.822  3.600394E-20
5196.855  3.740558E-20
5199.888  3.673087E-20
5202.921  3.472697E-20
5205.956  3.664297E-20
5208.991  4.023458E-20
5212.026  3.881902E-20
5215.062  3.695884E-20
5218.098  3.867030E-20
5221.135  3.908079E-20
5224.172  3.362523E-20
5227.21  3.487783E-20
5230.249  3.484419E-20
5233.288  3.700611E-20
5236.328  3.841369E-20
5239.368  3.617218E-20
5242.408  3.372034E-20
5245.449  3.492647E-20
5248.491  3.576131E-20
5251.533  3.147046E-20
5254.576  3.323562E-20
5257.62  3.458050E-20
5260.664  4.167769E-20
5263.708  3.914325E-20
5266.753  3.940099E-20
5269.798  4.243251E-20
5272.844  4.265947E-20
5275.891  4.192874E-20
5278.938  3.620618E-20
5281.985  3.222698E-20
5285.033  3.204451E-20
5288.082  3.784092E-20
5291.131  2.966883E-20
5294.181  3.471537E-20
5297.23  3.390435E-20
5300.281  3.216387E-20
5303.333  3.204858E-20
5306.384  3.674893E-20
5309.437  3.272973E-20
5312.489  3.588725E-20
5315.542  3.606072E-20
5318.596  3.054931E-20
5321.65  3.599450E-20
5324.705  3.089742E-20
5327.76  3.271386E-20
5330.816  3.674111E-20
5333.873  3.375582E-20
5336.929  3.489287E-20
5339.986  3.466714E-20
5343.044  3.560199E-20
5346.103  4.037736E-20
5349.161  3.580362E-20
5352.221  3.577986E-20
5355.28  3.574353E-20
5358.341  3.331246E-20
5361.401  3.622701E-20
5364.463  3.580826E-20
5367.524  3.535399E-20
5370.587  3.761056E-20
5373.649  3.686091E-20
5376.713  3.588191E-20
5379.776  3.948333E-20
5382.841  3.950603E-20
5385.905  3.564714E-20
5388.971  3.681843E-20
5392.037  3.612027E-20
5395.103  3.707383E-20
5398.169  3.676420E-20
5401.236  4.032014E-20
5404.304  3.695015E-20
5407.372  3.869111E-20
5410.441  3.923452E-20
5413.51  3.765556E-20
5416.58  3.438306E-20
5419.649  3.546873E-20
5422.72  3.926060E-20
5425.791  3.726271E-20
5428.863  4.087792E-20
5431.935  3.689347E-20
5435.007  4.074481E-20
5438.08  3.971184E-20
5441.153  3.705967E-20
5444.228  4.074831E-20
5447.302  4.040328E-20
5450.376  4.129825E-20
5453.452  3.795685E-20
5456.527  4.054051E-20
5459.604  4.250577E-20
5462.68  4.174297E-20
5465.757  4.205114E-20
5468.835  4.256881E-20
5471.913  3.963568E-20
5474.992  4.029135E-20
5478.071  3.976119E-20
5481.15  4.318977E-20
5484.23  4.245410E-20
5487.311  4.654116E-20
5490.392  3.973134E-20
5493.473  3.846398E-20
5496.555  4.344623E-20
5499.637  4.421070E-20
5502.719  4.488639E-20
5505.803  4.263776E-20
5508.886  4.069007E-20
5511.97  4.114269E-20
5515.055  4.748988E-20
5518.14  4.738344E-20
5521.225  4.758216E-20
5524.311  4.925177E-20
5527.397  4.377864E-20
5530.484  4.415091E-20
5533.571  4.628927E-20
5536.659  4.854603E-20
5539.747  4.650871E-20
5542.835  4.905472E-20
5545.924  4.523887E-20
5549.014  4.931147E-20
5552.104  4.409643E-20
5555.194  4.597655E-20
5558.285  4.918508E-20
5561.375  5.059557E-20
5564.467  3.942510E-20
5567.559  4.243283E-20
5570.652  4.344966E-20
5573.745  4.446664E-20
5576.838  4.548345E-20
5579.932  5.146487E-20
5583.026  4.857711E-20
5586.121  5.301491E-20
5589.216  5.425308E-20
5592.312  4.968694E-20
5595.407  4.671663E-20
5598.503  4.793857E-20
5601.601  4.978970E-20
5604.698  4.181349E-20
5607.795  4.451044E-20
5610.894  4.588517E-20
5613.992  4.706934E-20
5617.091  4.290463E-20
5620.19  4.789923E-20
5623.29  4.884173E-20
5626.39  4.968299E-20
5629.491  4.982698E-20
5632.592  4.852937E-20
5635.693  4.281887E-20
5638.795  4.724471E-20
5641.897  4.755072E-20
5645.  4.721534E-20
5648.104  4.663149E-20
5651.207  4.211073E-20
5654.311  4.721801E-20
5657.415  4.872082E-20
5660.52  5.029341E-20
5663.625  4.781483E-20
5666.731  4.839826E-20
5669.837  4.799496E-20
5672.943  4.716458E-20
5676.05  4.832133E-20
5679.157  5.184003E-20
5682.265  4.970842E-20
5685.373  4.578294E-20
5688.481  4.852491E-20
5691.59  4.313616E-20
5694.7  4.854897E-20
5697.81  4.967899E-20
5700.919  5.021266E-20
5704.03  5.026168E-20
5707.141  5.053009E-20
5710.252  4.889395E-20
5713.364  4.810831E-20
5716.476  5.034178E-20
5719.588  5.330145E-20
5722.701  4.877077E-20
5725.814  4.793849E-20
5728.928  4.854042E-20
5732.042  4.796922E-20
5735.157  4.570460E-20
5738.271  4.892644E-20
5741.387  5.120541E-20
5744.502  4.999335E-20
5747.619  4.726068E-20
5750.735  4.805689E-20
5753.852  4.956068E-20
5756.969  5.029940E-20
5760.086  5.284373E-20
5763.205  4.921287E-20
5766.323  5.196624E-20
5769.441  4.976365E-20
5772.561  5.173057E-20
5775.68  4.913382E-20
5778.8  5.044283E-20
5781.92  5.267731E-20
5785.041  4.760708E-20
5788.162  4.776362E-20
5791.284  5.043267E-20
5794.405  4.971737E-20
5797.527  5.036299E-20
5800.65  5.273181E-20
5803.773  5.107243E-20
5806.896  5.102352E-20
5810.02  5.170426E-20
5813.144  4.829129E-20
5816.269  5.500763E-20
5819.393  5.161006E-20
5822.519  5.307346E-20
5825.644  5.436618E-20
5828.77  5.360179E-20
5831.896  5.005330E-20
5835.023  5.089053E-20
5838.15  5.368137E-20
5841.277  5.326624E-20
5844.405  5.269782E-20
5847.533  5.306197E-20
5850.662  5.460152E-20
5853.791  5.021760E-20
5856.92  5.377332E-20
5860.05  5.264242E-20
5863.18  5.280318E-20
5866.31  4.871538E-20
5869.44  4.853253E-20
5872.572  4.824235E-20
5875.703  4.965625E-20
5878.835  4.935744E-20
5881.967  4.689750E-20
5885.1  5.109384E-20
5888.232  5.528822E-20
5891.366  5.948587E-20
5894.499  4.899315E-20
5897.633  5.728971E-20
5900.768  4.870874E-20
5903.902  4.945810E-20
5907.037  4.438023E-20
5910.172  4.918430E-20
5913.308  4.526382E-20
5916.444  4.677160E-20
5919.581  4.212516E-20
5922.717  4.979374E-20
5925.854  4.496605E-20
5928.992  4.489016E-20
5932.13  4.459774E-20
5935.268  4.901830E-20
5938.406  4.662312E-20
5941.545  4.581505E-20
5944.685  4.507421E-20
5947.824  4.297965E-20
5950.964  4.569035E-20
5954.104  4.305962E-20
5957.245  4.576934E-20
5960.386  4.255566E-20
5963.527  4.643383E-20
5966.668  4.165036E-20
5969.811  4.403338E-20
5972.953  4.260547E-20
5976.095  3.884240E-20
5979.238  4.202580E-20
5982.381  4.337566E-20
5985.525  4.140305E-20
5988.669  4.587394E-20
5991.813  4.645299E-20
5994.958  4.234798E-20
5998.103  4.326433E-20
6001.249  3.774986E-20
6004.394  3.918016E-20
6007.54  4.404613E-20
6010.687  4.151717E-20
6013.833  3.971238E-20
6016.98  3.795530E-20
6020.127  4.736818E-20
6023.275  4.096585E-20
6026.423  4.577062E-20
6029.571  4.054018E-20
6032.72  4.147512E-20
6035.869  4.169932E-20
6039.018  4.192353E-20
6042.168  4.214781E-20
6045.318  4.256998E-20
6048.468  4.215004E-20
6051.619  4.172990E-20
6054.77  4.130983E-20
6057.921  4.088976E-20
6061.072  4.046969E-20
6064.224  4.004942E-20
6067.376  3.962922E-20
6070.529  4.362535E-20
6073.682  3.930087E-20
6076.835  3.906789E-20
6079.988  4.164738E-20
6083.142  4.365981E-20
6086.296  4.293128E-20
6089.451  4.068586E-20
6092.605  3.908457E-20
6095.76  4.219857E-20
6098.916  4.218687E-20
6102.071  3.825839E-20
6105.228  4.505493E-20
6108.384  3.979164E-20
6111.541  4.099995E-20
6114.697  4.122862E-20
6117.854  4.171302E-20
6121.012  4.160324E-20
6124.17  3.964365E-20
6127.328  4.314823E-20
6130.487  3.810294E-20
6133.646  4.109119E-20
6136.805  4.055086E-20
6139.964  3.651005E-20
6143.124  4.002018E-20
6146.284  4.027657E-20
6149.444  3.701246E-20
6152.605  4.114870E-20
6155.766  4.064154E-20
6158.927  3.789663E-20
6162.089  3.845848E-20
6165.25  3.902016E-20
6168.413  3.958219E-20
6171.575  4.014404E-20
6174.738  4.070598E-20
6177.901  4.126801E-20
6181.064  3.848333E-20
6184.228  3.929632E-20
6187.392  4.647097E-20
6190.556  4.333732E-20
6193.721  4.451717E-20
6196.886  4.634517E-20
6200.051  4.044802E-20
6203.216  4.006202E-20
6206.382  4.300715E-20
6209.548  4.318281E-20
6212.715  4.244259E-20
6215.881  4.215947E-20
6219.048  4.143480E-20
6222.215  4.071515E-20
6225.383  3.912382E-20
6228.551  3.522983E-20
6231.719  3.702691E-20
6234.887  4.188405E-20
6238.056  3.913864E-20
6241.225  4.170709E-20
6244.394  3.650687E-20
6247.564  4.089209E-20
6250.734  3.711878E-20
6253.904  4.101724E-20
6257.074  3.571723E-20
6260.245  4.019851E-20
6263.416  3.766022E-20
6266.587  3.519644E-20
6269.759  3.284551E-20
6272.931  3.498502E-20
6276.103  3.805023E-20
6279.275  3.665972E-20
6282.448  3.375432E-20
6285.621  3.384242E-20
6288.794  3.609197E-20
6291.968  3.766042E-20
6295.142  3.197401E-20
6298.316  4.039663E-20
6301.49  3.157756E-20
6304.665  3.950449E-20
6307.84  3.626071E-20
6311.015  4.225328E-20
6314.19  3.651675E-20
6317.366  3.382110E-20
6320.542  3.592125E-20
6323.719  3.970339E-20
6326.896  3.680507E-20
6330.072  3.167203E-20
6333.25  3.338162E-20
6336.427  3.713229E-20
6339.604  3.500152E-20
6342.783  3.639240E-20
6345.961  3.558436E-20
6349.14  3.388674E-20
6352.318  3.313029E-20
6355.498  3.936224E-20
6358.677  3.784043E-20
6361.856  3.191926E-20
6365.037  3.497450E-20
6368.217  3.914980E-20
6371.397  3.791700E-20
6374.578  3.529436E-20
6377.759  3.687987E-20
6380.94  3.620357E-20
6384.122  3.450361E-20
6387.303  3.635484E-20
6390.485  3.433915E-20
6393.668  3.667165E-20
6396.851  3.725157E-20
6400.033  4.047562E-20
6403.216  3.554610E-20
6406.4  3.855663E-20
6409.583  3.597457E-20
6412.767  3.963217E-20
6415.952  3.614866E-20
6419.136  3.783082E-20
6422.321  3.493378E-20
6425.506  3.370065E-20
6428.691  3.810509E-20
6431.876  3.876172E-20
6435.062  3.369611E-20
6438.248  4.060178E-20
6441.435  3.556909E-20
6444.621  4.031679E-20
6447.808  4.095853E-20
6450.995  3.642348E-20
6454.182  3.765304E-20
6457.37  3.902700E-20
6460.558  3.856686E-20
6463.746  3.706079E-20
6466.934  3.701159E-20
6470.123  3.524466E-20
6473.312  3.728136E-20
6476.5  3.103726E-20
6479.69  3.276590E-20
6482.879  3.632442E-20
6486.069  3.343047E-20
6489.26  3.261606E-20
6492.45  3.638829E-20
6495.641  3.628993E-20
6498.832  3.325221E-20
6502.022  2.711531E-20
6505.214  3.208023E-20
6508.406  3.131962E-20
6511.598  3.197646E-20
6514.79  3.321352E-20
6517.982  2.971559E-20
6521.175  3.074845E-20
6524.368  2.809169E-20
6527.561  3.167704E-20
6530.754  3.504414E-20
6533.948  3.125200E-20
6537.142  3.308757E-20
6540.336  3.104912E-20
6543.53  3.048465E-20
6546.725  3.206118E-20
6549.92  2.836806E-20
6553.115  3.336121E-20
6556.311  2.714307E-20
6559.506  3.186582E-20
6562.702  3.713777E-20
6565.898  3.388375E-20
6569.094  3.487738E-20
6572.291  3.606044E-20
6575.488  3.412442E-20
6578.685  3.423203E-20
6581.882  3.350207E-20
6585.08  3.367284E-20
6588.277  3.458776E-20
6591.476  3.553502E-20
6594.674  3.404285E-20
6597.873  3.505660E-20
6601.071  3.351919E-20
6604.27  3.179122E-20
6607.469  3.162262E-20
6610.669  3.559753E-20
6613.869  3.433117E-20
6617.069  3.838997E-20
6620.269  3.863922E-20
6623.469  3.474347E-20
6626.67  3.647246E-20
6629.871  3.689040E-20
6633.072  3.389380E-20
6636.273  3.697517E-20
6639.475  3.389901E-20
6642.677  3.682200E-20
6645.879  3.615638E-20
6649.082  3.341210E-20
6652.284  3.281220E-20
6655.487  3.504239E-20
6658.69  3.774070E-20
6661.893  3.744397E-20
6665.097  3.859969E-20
6668.3  3.813124E-20
6671.504  3.163144E-20
6674.708  3.655219E-20
6677.913  3.685090E-20
6681.118  3.744789E-20
6684.323  3.632654E-20
6687.528  3.932429E-20
6690.733  3.635373E-20
6693.939  3.823237E-20
6697.145  3.696740E-20
6700.351  3.791428E-20
6703.557  3.767559E-20
6706.764  3.887918E-20
6709.97  4.183874E-20
6713.177  3.833519E-20
6716.384  3.993755E-20
6719.592  3.966213E-20
6722.8  3.917837E-20
6726.007  4.191713E-20
6729.216  4.085708E-20
6732.424  4.692620E-20
6735.632  4.597398E-20
6738.841  4.502148E-20
6742.05  4.406898E-20
6745.26  4.311619E-20
6748.469  4.216354E-20
6751.679  3.732682E-20
6754.889  4.279436E-20
6758.099  3.380102E-20
6761.309  4.291204E-20
6764.52  3.783816E-20
6767.73  3.805385E-20
6770.942  3.826967E-20
6774.153  3.848542E-20
6777.365  3.872396E-20
6780.576  3.586206E-20
6783.788  4.492299E-20
6787.  4.092889E-20
6790.213  3.770745E-20
6793.425  3.994857E-20
6796.638  4.326817E-20
6799.851  4.080139E-20
6803.064  4.017954E-20
6806.278  4.034225E-20
6809.492  3.748554E-20
6812.706  3.692869E-20
6815.92  4.126748E-20
6819.134  3.819906E-20
6822.349  3.924040E-20
6825.563  3.808708E-20
6828.779  4.234147E-20
6831.994  3.937773E-20
6835.209  4.160218E-20
6838.425  4.447447E-20
6841.641  4.376912E-20
6844.857  4.253394E-20
6848.074  4.273683E-20
6851.29  3.993351E-20
6854.507  3.955712E-20
6857.724  3.759177E-20
6860.941  3.861359E-20
6864.159  3.887308E-20
6867.376  3.549121E-20
6870.594  3.321706E-20
6873.812  3.500403E-20
6877.03  3.495741E-20
6880.249  3.868098E-20
6883.468  3.747330E-20
6886.687  3.365334E-20
6889.906  3.857113E-20
6893.125  3.351329E-20
6896.345  3.850624E-20
6899.564  4.549446E-20
6902.785  5.073152E-20
6906.005  4.313565E-20
6909.225  4.329951E-20
6912.446  4.726150E-20
6915.667  4.016739E-20
6918.888  4.201345E-20
6922.109  4.230682E-20
6925.331  4.374306E-20
6928.552  4.064871E-20
6931.774  4.127644E-20
6934.996  4.031675E-20
6938.219  3.986080E-20
6941.441  3.939660E-20
6944.664  4.289439E-20
6947.887  4.021213E-20
6951.11  4.421373E-20
6954.333  3.900373E-20
6957.557  4.151769E-20
6960.781  4.144503E-20
6964.005  4.137237E-20
6967.229  4.129971E-20
6970.454  4.122702E-20
6973.678  4.115436E-20
6976.903  4.108168E-20
6980.128  3.738401E-20
6983.354  4.137736E-20
6986.579  3.739371E-20
6989.805  3.965851E-20
6993.031  3.582492E-20
6996.257  3.994890E-20
6999.483  3.780313E-20
7002.71  3.999258E-20
7005.937  3.737414E-20
7009.164  4.187252E-20
7012.391  3.670860E-20
7015.618  3.929623E-20
7018.846  3.631206E-20
7022.073  3.700373E-20
7025.301  4.042263E-20
7028.529  3.795484E-20
7031.758  4.292503E-20
7034.986  3.827144E-20
7038.215  3.962292E-20
7041.444  3.696615E-20
7044.673  3.370614E-20
7047.903  3.349784E-20
7051.133  3.873391E-20
7054.362  3.715275E-20
7057.592  3.461109E-20
7060.823  4.226488E-20
7064.053  3.588317E-20
7067.284  3.729264E-20
7070.515  3.697453E-20
7073.746  3.634944E-20
7076.977  3.937691E-20
7080.208  3.717295E-20
7083.44  3.370075E-20
7086.672  3.433147E-20
7089.904  3.436529E-20
7093.136  3.659427E-20
7096.369  3.365906E-20
7099.602  3.435995E-20
7102.834  3.664168E-20
7106.068  2.972949E-20
7109.301  3.486120E-20
7112.535  3.598630E-20
7115.768  3.313307E-20
7119.002  3.453277E-20
7122.236  3.016177E-20
7125.471  3.551351E-20
7128.705  3.112935E-20
7131.94  3.688088E-20
7135.175  3.144482E-20
7138.41  3.359604E-20
7141.645  3.120693E-20
7144.881  3.513725E-20
7148.116  3.703282E-20
7151.353  3.703512E-20
7154.588  3.620963E-20
7157.825  3.284665E-20
7161.062  3.717243E-20
7164.298  3.282273E-20
7167.535  3.030921E-20
7170.772  3.117309E-20
7174.01  2.996451E-20
7177.247  3.084037E-20
7180.485  3.078015E-20
7183.723  3.289019E-20
7186.961  2.992338E-20
7190.199  2.958581E-20
7193.438  2.764484E-20
7196.677  2.820643E-20
7199.916  2.861441E-20
7203.155  2.902234E-20
7206.394  2.943033E-20
7209.633  2.983826E-20
7212.873  3.252610E-20
7216.113  3.182977E-20
7219.354  3.018640E-20
7222.594  3.311862E-20
7225.834  3.311645E-20
7229.075  3.126982E-20
7232.316  2.942347E-20
7235.557  2.757683E-20
7238.798  2.573048E-20
7242.04  2.827331E-20
7245.282  2.277789E-20
7248.523  2.354565E-20
7251.766  2.694478E-20
7255.008  2.904382E-20
7258.25  3.395925E-20
7261.494  2.517126E-20
7264.736  2.768874E-20
7267.979  2.568953E-20
7271.223  2.865312E-20
7274.466  3.079813E-20
7277.71  2.919966E-20
7280.954  3.392356E-20
7284.198  3.245235E-20
7287.442  3.106921E-20
7290.687  3.245019E-20
7293.932  2.857875E-20
7297.177  2.974918E-20
7300.422  2.858066E-20
7303.667  2.538389E-20
7306.913  3.138962E-20
7310.158  3.201555E-20
7313.404  3.346166E-20
7316.65  2.695645E-20
7319.896  3.338153E-20
7323.143  2.767316E-20
7326.39  3.411070E-20
7329.637  3.140415E-20
7332.884  3.026192E-20
7336.131  2.847442E-20
7339.379  3.350872E-20
7342.626  3.287739E-20
7345.875  2.863208E-20
7349.123  3.435677E-20
7352.371  3.388963E-20
7355.619  3.800172E-20
7358.868  3.285198E-20
7362.117  3.175881E-20
7365.366  3.373765E-20
7368.615  3.453024E-20
7371.865  3.471577E-20
7375.114  3.027525E-20
7378.364  3.087842E-20
7381.614  3.264743E-20
7384.865  2.313511E-20
7388.115  3.003230E-20
7391.366  2.816575E-20
7394.617  2.728395E-20
7397.868  2.802132E-20
7401.119  3.300850E-20
7404.37  3.217828E-20
7407.622  2.806150E-20
7410.874  3.009037E-20
7414.126  3.374049E-20
7417.378  2.842522E-20
7420.63  2.908883E-20
7423.883  3.414130E-20
7427.136  3.099799E-20
7430.389  3.005146E-20
7433.643  3.031942E-20
7436.896  3.279691E-20
7440.149  3.051650E-20
7443.403  3.103800E-20
7446.657  3.222994E-20
7449.912  3.609257E-20
7453.166  3.059968E-20
7456.421  3.348280E-20
7459.676  2.540562E-20
7462.931  3.050907E-20
7466.186  2.778038E-20
7469.441  3.018361E-20
7472.697  2.854029E-20
7475.953  2.962619E-20
7479.209  3.072529E-20
7482.465  2.801405E-20
7485.721  2.803650E-20
7488.978  3.088584E-20
7492.235  3.477186E-20
7495.492  3.207846E-20
7498.749  3.181788E-20
7502.006  2.931103E-20
7505.264  3.142981E-20
7508.522  3.124406E-20
7511.78  3.321017E-20
7515.038  3.310638E-20
7518.297  3.258514E-20
7521.555  3.558810E-20
7524.814  2.648664E-20
7528.073  3.692481E-20
7531.333  3.081868E-20
7534.592  2.917899E-20
7537.852  3.398170E-20
7541.111  3.100649E-20
7544.371  2.848463E-20
7547.631  3.094161E-20
7550.892  2.865046E-20
7554.152  3.261487E-20
7557.413  2.857744E-20
7560.674  3.637944E-20
7563.936  3.369039E-20
7567.197  3.300853E-20
7570.458  2.608281E-20
7573.72  2.912857E-20
7576.982  3.329727E-20
7580.245  2.753680E-20
7583.507  2.942459E-20
7586.77  3.005638E-20
7590.033  2.501357E-20
7593.295  2.089139E-20
7596.559  1.450370E-20
7599.822  1.640497E-20
7603.086  7.356036E-21
7606.35  1.151892E-20
7609.614  1.881885E-20
7612.878  2.458045E-20
7616.143  2.135096E-20
7619.407  1.780515E-20
7622.672  1.854825E-20
7625.937  1.784317E-20
7629.202  2.318921E-20
7632.468  1.600201E-20
7635.733  2.133972E-20
7639.  1.973670E-20
7642.266  2.212850E-20
7645.532  2.111942E-20
7648.798  2.690618E-20
7652.065  2.572372E-20
7655.332  3.054176E-20
7658.599  3.049986E-20
7661.866  2.773986E-20
7665.134  2.717755E-20
7668.401  2.743346E-20
7671.669  2.551242E-20
7674.938  2.897279E-20
7678.206  2.866666E-20
7681.474  3.396691E-20
7684.743  3.129674E-20
7688.012  3.263487E-20
7691.281  3.555258E-20
7694.55  3.476663E-20
7697.82  3.516217E-20
7701.09  4.153925E-20
7704.359  4.442517E-20
7707.63  4.047877E-20
7710.9  3.955456E-20
7714.171  4.226143E-20
7717.441  4.516204E-20
7720.712  3.806625E-20
7723.984  4.764768E-20
7727.255  4.040614E-20
7730.527  3.415200E-20
7733.798  2.984866E-20
7737.071  4.076519E-20
7740.343  4.098466E-20
7743.615  3.926829E-20
7746.888  3.513201E-20
7750.161  3.295325E-20
7753.434  3.000011E-20
7756.707  3.589639E-20
7759.98  3.310650E-20
7763.254  3.425881E-20
7766.528  3.052144E-20
7769.802  2.488546E-20
7773.077  2.915625E-20
7776.351  2.764210E-20
7779.626  2.543586E-20
7782.901  3.127348E-20
7786.176  2.801500E-20
7789.452  3.115297E-20
7792.727  3.557462E-20
7796.003  2.996747E-20
7799.279  2.919687E-20
7802.555  3.182935E-20
7805.832  2.140996E-20
7809.108  2.100124E-20
7812.385  2.124370E-20
7815.662  2.148619E-20
7818.939  2.554178E-20
7822.217  2.634296E-20
7825.495  2.053338E-20
7828.772  2.771301E-20
7832.05  2.979726E-20
7835.329  2.743780E-20
7838.607  2.202777E-20
7841.886  1.727120E-20
7845.165  2.143195E-20
7848.444  2.124799E-20
7851.724  1.458292E-20
7855.003  1.742245E-20
7858.283  2.548695E-20
7861.563  2.339108E-20
7864.844  2.747466E-20
7868.124  1.763051E-20
7871.405  3.346167E-21
7874.686  2.909401E-21
7877.967  2.562930E-20
7881.248  2.075356E-20
7884.53  2.073140E-20
7887.812  1.674597E-20
7891.094  1.890704E-20
7894.375  1.478651E-20
7897.658  1.807689E-20
7900.941  5.898624E-21
7904.224  8.143864E-22
7907.507  3.325177E-21
7910.79  8.918546E-21
7914.074  1.121714E-20
7917.357  1.533284E-20
7920.641  1.655501E-20
7923.925  1.646794E-20
7927.21  1.464591E-20
7930.495  1.509229E-20
7933.779  1.786070E-20
7937.064  2.278458E-20
7940.35  2.287803E-20
7943.635  1.716810E-20
7946.921  1.937532E-20
7950.207  1.728211E-20
7953.493  1.425007E-20
7956.779  1.111788E-20
7960.066  9.866866E-21
7963.353  1.126975E-20
7966.64  2.068967E-20
7969.927  3.074951E-20
7973.215  2.040260E-20
7976.502  2.743209E-20
7979.791  2.499359E-20
7983.079  3.523127E-20
7986.367  3.009900E-20
7989.656  2.712334E-20
7992.944  2.521455E-20
7996.233  2.125167E-20
7999.523  1.501747E-20
8002.813  2.054904E-20
8006.102  2.280311E-20
8009.392  1.825975E-20
8012.683  1.958874E-20
8015.973  1.659667E-20
8019.264  2.741112E-20
8022.554  2.312443E-20
8025.846  2.485883E-20
8029.137  1.985557E-20
8032.429  2.390994E-20
8035.72  2.798579E-20
8039.012  2.399235E-20
8042.305  2.861202E-20
8045.597  3.012993E-20
8048.89  2.722314E-20
8052.183  2.509718E-20
8055.476  2.729823E-20
8058.77  2.369402E-20
8062.063  3.129028E-20
8065.357  2.134181E-20
8068.651  2.904680E-20
8071.945  2.497977E-20
8075.24  3.195931E-20
8078.535  2.408644E-20
8081.83  2.557152E-20
8085.125  3.116723E-20
8088.42  2.493574E-20
8091.716  1.968679E-20
8095.012  2.924853E-20
8098.309  3.272352E-20
8101.605  3.028686E-20
8104.902  3.083733E-20
8108.199  3.045442E-20
8111.496  3.619805E-20
8114.793  3.080974E-20
8118.091  3.312588E-20
8121.389  3.040306E-20
8124.687  2.768064E-20
8127.985  2.495823E-20
8131.284  4.245344E-20
8134.583  3.538776E-20
8137.882  3.415616E-20
8141.181  3.375727E-20
8144.48  3.282792E-20
8147.78  3.362627E-20
8151.081  3.060823E-20
8154.38  3.627149E-20
8157.681  3.300735E-20
8160.982  3.635683E-20
8164.283  3.373123E-20
8167.584  3.426518E-20
8170.886  3.607086E-20
8174.188  3.119414E-20
8177.489  3.679157E-20
8180.792  3.108742E-20
8184.094  3.154128E-20
8187.396  3.017169E-20
8190.7  2.984463E-20
8194.003  3.336500E-20
8197.307  3.760491E-20
8200.609  3.462460E-20
8203.914  3.513822E-20
8207.218  3.891391E-20
8210.522  3.624309E-20
8213.827  4.133496E-20
8217.132  3.612291E-20
8220.437  3.193341E-20
8223.742  3.449857E-20
8227.048  2.907331E-20
8230.354  2.697332E-20
8233.66  3.408373E-20
8236.967  3.675852E-20
8240.273  2.616310E-20
8243.58  3.406859E-20
8246.888  3.051603E-20
8250.194  3.135999E-20
8253.503  3.795190E-20
8256.811  3.319214E-20
8260.118  2.796494E-20
8263.427  3.149548E-20
8266.735  3.647667E-20
8270.045  3.787478E-20
8273.354  4.547405E-20
8276.663  3.076353E-20
8279.973  2.936117E-20
8283.283  4.596304E-20
8286.593  3.768355E-20
8289.903  4.113565E-20
8293.214  2.182013E-20
8296.525  3.761774E-20
8299.837  3.721990E-20
8303.148  3.469355E-20
8306.46  3.922053E-20
8309.771  3.850989E-20
8313.084  2.822886E-20
8316.396  3.119764E-20
8319.709  2.623372E-20
8323.022  3.265137E-20
8326.336  3.610113E-20
8329.649  3.359769E-20
8332.963  3.029407E-20
8336.277  3.065659E-20
8339.592  3.101911E-20
8342.906  3.138163E-20
8346.222  3.174426E-20
8349.536  3.210678E-20
8352.852  2.791311E-20
8356.168  1.998869E-20
8359.483  2.798807E-20
8362.8  2.648836E-20
8366.116  2.349305E-20
8369.433  3.559639E-20
8372.75  3.449530E-20
8376.067  3.848601E-20
8379.385  3.024787E-20
8382.703  3.099070E-20
8386.021  1.738485E-20
8389.339  1.661587E-20
8392.658  1.820910E-20
8395.977  2.437666E-20
8399.296  2.660968E-20
8402.615  2.246150E-20
8405.936  2.952426E-20
8409.255  2.863913E-20
8412.575  3.279158E-20
8415.896  1.963647E-20
8419.217  3.766828E-20
8422.538  4.394101E-20
8425.859  3.673703E-20
8429.181  3.298408E-20
8432.503  3.582216E-20
8435.825  3.691307E-20
8439.147  3.523006E-20
8442.47  2.099608E-20
8445.793  2.508971E-20
8449.116  2.498171E-20
8452.44  2.341545E-20
8455.764  2.454399E-20
8459.088  3.206668E-20
8462.413  3.705003E-20
8465.737  3.180283E-20
8469.063  2.128631E-20
8472.388  1.511610E-20
8475.713  2.399676E-20
8479.039  1.752012E-20
8482.365  1.535751E-20
8485.691  1.682859E-20
8489.019  1.578319E-20
8492.345  1.190668E-20
8495.673  2.264110E-20
8499.  2.172144E-20
8502.328  2.336937E-20
8505.656  1.540002E-20
8508.984  2.221104E-20
8512.313  1.290334E-20
8515.643  1.323534E-20
8518.972  1.654011E-20
8522.301  1.348031E-20
8525.631  1.331692E-20
8528.961  1.736251E-20
8532.291  1.670062E-20
8535.622  9.186497E-21
8538.953  2.051090E-20
8542.284  1.670127E-20
8545.616  1.994654E-20
8548.948  1.211000E-20
8552.28  1.137253E-20
8555.612  1.326000E-20
8558.945  1.679181E-20
8562.278  2.104127E-20
8565.612  7.930471E-21
8568.945  1.597613E-20
8572.279  1.482732E-20
8575.614  1.022035E-20
8578.948  1.161606E-20
8582.283  1.078990E-20
8585.618  8.775644E-21
8588.954  1.439075E-20
8592.29  1.361037E-20
8595.626  1.177312E-20
8598.962  1.057032E-20
8602.299  1.198499E-20
8605.636  2.148167E-20
8608.974  1.617614E-20
8612.311  1.759225E-20
8615.648  2.046560E-20
8618.987  1.209071E-20
8622.325  7.767320E-21
8625.664  1.069625E-20
8629.003  5.630438E-21
8632.343  1.603607E-20
8635.683  1.737547E-20
8639.022  9.926274E-21
8642.363  2.246267E-20
8645.703  1.165085E-20
8649.045  8.083511E-21
8652.386  1.653782E-20
8655.728  3.806548E-21
8659.069  1.134516E-20
8662.411  1.737183E-20
8665.754  1.583082E-20
8669.097  6.000140E-21
8672.44  8.247955E-21
8675.783  1.766890E-20
8679.128  1.224422E-20
8682.472  1.107945E-20
8685.816  1.365364E-20
8689.161  9.067055E-21
8692.506  1.308458E-20
8695.852  1.323676E-20
8699.197  9.726690E-21
8702.543  1.221904E-20
8705.89  1.394275E-20
8709.236  1.344329E-20
8712.583  1.419135E-20
8715.931  1.619931E-20
8719.278  1.429129E-20
8722.626  1.362972E-20
8725.975  2.478942E-20
8729.323  1.740525E-20
8732.672  1.485770E-20
8736.021  1.526726E-20
8739.371  1.826980E-20
8742.721  2.187397E-20
8746.07  1.531694E-20
8749.421  2.168415E-20
8752.772  1.886341E-20
8756.123  1.425574E-20
8759.475  2.292141E-20
8762.827  2.501641E-20
8766.18  1.036641E-20
8769.532  7.574149E-21
8772.885  1.324888E-20
8776.238  1.734586E-20
8779.592  2.446327E-20
8782.945  2.714094E-20
8786.3  1.859218E-20
8789.654  1.764498E-20
8793.009  1.279515E-20
8796.364  1.952161E-20
8799.72  1.283990E-20
8803.076  1.596666E-20
8806.432  1.743304E-20
8809.789  1.799126E-20
8813.146  1.501822E-20
8816.503  1.538189E-20
8819.86  2.865222E-20
8823.219  2.487967E-20
8826.577  2.229737E-20
8829.936  2.337715E-20
8833.295  2.046831E-20
8836.654  1.188983E-20
8840.014  2.244931E-20
8843.374  1.672540E-20
8846.734  2.637890E-20
8850.095  2.027472E-20
8853.456  1.814025E-20
8856.817  1.714439E-20
8860.179  3.047175E-20
8863.541  1.687233E-20
8866.903  1.983782E-20
8870.267  3.467951E-21
8873.63  2.593324E-20
8876.993  3.554279E-20
8880.357  1.814542E-20
8883.722  3.498427E-20
8887.086  3.297870E-20
8890.451  9.161304E-21
8893.816  1.796758E-20
8897.182  3.716397E-20
8900.548  2.837975E-20
8903.914  2.947346E-20
8907.281  3.130137E-20
8910.648  2.918660E-20
8914.016  2.370231E-20
8917.384  2.323224E-20
8920.752  4.082421E-20
8924.12  5.116815E-20
8927.489  4.309251E-20
8930.858  4.728189E-20
8934.229  3.518753E-20
8937.599  2.184499E-20
8940.969  3.356542E-20
8944.339  3.213280E-20
8947.711  2.781221E-20
8951.082  4.798074E-20
8954.454  4.361408E-20
8957.826  3.692169E-20
8961.198  2.944311E-20
8964.571  1.541646E-20
8967.945  3.569503E-20
8971.318  2.900463E-20
8974.692  2.654281E-20
8978.067  2.537882E-20
8981.442  2.410977E-20
8984.817  1.269474E-20
8988.193  1.423749E-20
8991.569  1.421297E-20
8994.945  6.537100E-21
8998.322  1.348630E-20
9001.699  1.456275E-20
9005.077  1.805725E-20
9008.454  2.402752E-20
9011.833  1.417864E-20
9015.212  1.761077E-20
9018.591  3.082219E-20
9021.97  3.011789E-20
9025.35  2.844975E-20
9028.729  1.830952E-20
9032.11  3.011845E-20
9035.491  3.776386E-20
9038.873  3.756637E-20
9042.255  1.728580E-20
9045.637  4.375583E-20
9049.02  2.049524E-20
9052.402  3.724398E-20
9055.785  3.243732E-20
9059.169  3.373992E-20
9062.553  2.294113E-20
9065.938  2.485414E-20
9069.322  2.093160E-20
9072.708  9.704203E-21
9076.094  1.660035E-20
9079.479  2.667107E-20
9082.866  3.121236E-20
