3501  -3.1439e-17
3503.7  1.4731e-18
3506.4  1.4199e-17
3509.2  -8.7475e-18
3511.9  2.3573e-17
3514.6  8.4701e-18
3517.4  -1.3863e-17
3520.1  -5.1608e-17
3522.8  1.7255e-17
3525.6  3.9622e-17
3528.3  3.6545e-17
3531  -7.1592e-18
3533.8  4.9237e-17
3536.5  8.0993e-17
3539.2  3.4922e-17
3542  -2.7338e-17
3544.7  -1.0175e-17
3547.4  -7.1339e-18
3550.2  2.9118e-17
3552.9  -5.7158e-18
3555.6  -4.4629e-18
3558.4  8.7721e-18
3561.1  -2.3781e-17
3563.8  -1.9834e-17
3566.5  2.2644e-17
3569.3  -4.6599e-19
3572  1.0485e-17
3574.7  -1.7444e-17
3577.5  -1.7415e-17
3580.2  3.1823e-18
3582.9  -6.9533e-18
3585.7  3.6777e-18
3588.4  4.8616e-17
3591.1  -4.0609e-18
3593.9  -3.7783e-17
3596.6  -3.8803e-17
3599.3  -1.9426e-17
3602.1  2.0317e-17
3604.8  7.9864e-18
3607.5  -1.5815e-17
3610.3  4.3164e-18
3613  1.445e-17
3615.7  1.2053e-17
3618.5  -3.7663e-18
3621.2  -2.1186e-17
3623.9  -1.3442e-17
3626.7  -1.669e-17
3629.4  9.3834e-18
3632.1  3.9842e-17
3634.9  -1.5936e-17
3637.6  -2.9645e-17
3640.3  -1.5229e-17
3643.1  -1.0618e-17
3645.8  3.7668e-17
3648.5  4.074e-17
3651.2  1.9112e-17
3654  1.0531e-17
3656.7  2.2775e-17
3659.4  1.0445e-17
3662.2  2.1881e-17
3664.9  3.0341e-17
3667.6  2.8797e-17
3670.4  4.5517e-17
3673.1  -7.6594e-18
3675.8  -3.5942e-18
3678.6  1.2348e-17
3681.3  2.1069e-17
3684  6.9666e-18
3686.8  1.3291e-17
3689.5  1.8115e-17
3692.2  7.5832e-18
3695  5.7036e-19
3697.7  -3.2214e-19
3700.4  1.224e-17
3703.2  7.6837e-18
3705.9  -3.8867e-20
3708.6  6.0761e-18
3711.4  1.5448e-17
3714.1  -7.9643e-18
3716.8  6.4341e-18
3719.6  2.4584e-17
3722.3  -1.2219e-18
3725  -1.5128e-19
3727.8  -6.1934e-18
3730.5  -1.2981e-17
3733.2  3.7294e-18
3736  1.4e-17
3738.7  -5.5861e-18
3741.4  -1.0763e-17
3744.1  1.3581e-17
3746.9  -2.5473e-17
3749.6  -2.3305e-17
3752.3  3.3951e-18
3755.1  -2.5317e-18
3757.8  6.1428e-19
3760.5  2.043e-17
3763.3  3.9642e-17
3766  8.6718e-18
3768.7  1.5283e-17
3771.5  1.7233e-17
3774.2  9.3349e-18
3776.9  -1.8719e-18
3779.7  3.4524e-18
3782.4  6.9113e-19
3785.1  1.1628e-17
3787.9  3.0297e-19
3790.6  1.4963e-17
3793.3  1.3624e-17
3796.1  7.3587e-18
3798.8  1.1301e-17
3801.5  3.4316e-18
3804.3  -4.9963e-18
3807  -8.9399e-19
3809.7  2.3514e-18
3812.5  2.0277e-17
3815.2  1.4961e-17
3817.9  2.9888e-19
3820.7  -1.1216e-17
3823.4  -4.2979e-18
3826.1  3.0872e-18
3828.8  1.4681e-17
3831.6  2.94e-17
3834.3  2.1085e-17
3837  0
3839.8  5.4083e-18
3842.5  1.0007e-18
3845.2  -5.5513e-19
3848  7.7672e-18
3850.7  1.7541e-17
3853.4  -4.4404e-18
3856.2  1.2224e-18
3858.9  1.2977e-17
3861.6  6.0828e-18
3864.4  -2.0557e-18
3867.1  2.3604e-18
3869.8  3.6929e-18
3872.6  1.465e-17
3875.3  -3.3036e-19
3878  5.0982e-18
3880.8  1.2261e-17
3883.5  8.235e-19
3886.2  1.7296e-18
3889  1.6522e-17
3891.7  1.0276e-17
3894.4  2.0941e-17
3897.2  5.9534e-18
3899.9  -1.3379e-17
3902.6  -1.8698e-17
3905.4  -9.4029e-18
3908.1  3.1941e-18
3910.8  2.9723e-17
3913.6  3.1967e-17
3916.3  3.8347e-17
3919  4.2832e-17
3921.7  2.0317e-17
3924.5  8.1973e-18
3927.2  1.0159e-17
3929.9  1.1982e-17
3932.7  9.8876e-18
3935.4  7.33e-18
3938.1  1.6569e-18
3940.9  5.5235e-18
3943.6  4.5154e-18
3946.3  5.3405e-18
3949.1  1.2264e-17
3951.8  1.8395e-17
3954.5  9.4992e-18
3957.3  6.3948e-18
3960  1.1828e-17
3962.7  6.1234e-18
3965.5  2.8925e-18
3968.2  7.2853e-19
3970.9  8.0579e-18
3973.7  1.3251e-17
3976.4  1.1974e-17
3979.1  1.004e-17
3981.9  4.7152e-18
3984.6  7.6928e-19
3987.3  -1.1104e-18
3990.1  1.3889e-17
3992.8  1.7526e-17
3995.5  1.9076e-17
3998.3  6.7072e-18
4001  3.4281e-18
4003.7  6.4493e-18
4006.4  6.4341e-18
4009.2  8.1225e-18
4011.9  3.9163e-18
4014.6  -7.3953e-18
4017.4  -2.2456e-18
4020.1  6.2361e-18
4022.8  1.1608e-17
4025.6  1.2712e-17
4028.3  1.0179e-17
4031  1.929e-18
4033.8  6.3871e-18
4036.5  1.4069e-17
4039.2  3.307e-18
4042  7.5485e-18
4044.7  1.2869e-17
4047.4  8.921e-18
4050.2  1.0221e-17
4052.9  7.4724e-18
4055.6  1.5728e-17
4058.4  1.799e-17
4061.1  1.3841e-17
4063.8  1.6929e-17
4066.6  1.705e-17
4069.3  1.2802e-17
4072  1.2873e-17
4074.8  6.0829e-18
4077.5  7.3547e-18
4080.2  5.3816e-18
4083  1.4654e-18
4085.7  -8.6597e-19
4088.4  7.8613e-18
4091.2  7.3749e-18
4093.9  2.7927e-18
4096.6  5.6125e-20
4099.3  1.1315e-17
4102.1  7.6225e-18
4104.8  5.1278e-18
4107.5  1.6548e-17
4110.3  2.22e-18
4113  -5.4456e-18
4115.7  4.1544e-18
4118.5  1.368e-17
4121.2  1.1114e-17
4123.9  -4.0725e-18
4126.7  -4.7278e-18
4129.4  1.4478e-17
4132.1  4.4143e-18
4134.9  5.4863e-18
4137.6  1.0322e-17
4140.3  1.3974e-17
4143.1  2.0742e-17
4145.8  1.1962e-17
4148.5  1.1699e-17
4151.3  1.6601e-17
4154  1.467e-17
4156.7  1.134e-17
4159.5  1.7188e-17
4162.2  1.5571e-17
4164.9  9.6237e-18
4167.7  6.991e-18
4170.4  -4.5696e-19
4173.1  2.0578e-18
4175.9  1.6272e-17
4178.6  1.4136e-17
4181.3  8.6309e-18
4184  1.6049e-17
4186.8  2.0743e-18
4189.5  7.4306e-18
4192.2  4.8693e-18
4195  1.2126e-17
4197.7  1.2688e-17
4200.4  6.3434e-18
4203.2  1.0149e-17
4205.9  6.2322e-18
4208.6  4.9862e-18
4211.4  8.0681e-18
4214.1  1.1127e-17
4216.8  4.8515e-18
4219.6  7.9778e-18
4222.3  1.7188e-17
4225  1.467e-17
4227.8  1.3638e-17
4230.5  1.3564e-17
4233.2  5.2164e-18
4236  1.2248e-17
4238.7  1.607e-17
4241.4  1.4296e-17
4244.2  1.5621e-17
4246.9  1.5335e-17
4249.6  1.8352e-17
4252.4  1.8519e-17
4255.1  1.2772e-17
4257.8  6.3667e-18
4260.6  7.7691e-18
4263.3  1.1403e-17
4266  1.3559e-17
4268.7  1.7756e-17
4271.5  1.8684e-17
4274.2  1.7234e-17
4276.9  1.5053e-17
4279.7  8.5424e-18
4282.4  9.0582e-18
4285.1  5.2184e-18
4287.9  1.0763e-17
4290.6  6.4649e-18
4293.3  1.1261e-17
4296.1  1.7548e-17
4298.8  1.3447e-17
4301.5  1.4049e-17
4304.3  1.7248e-17
4307  5.4323e-18
4309.7  1.4136e-17
4312.5  1.8502e-17
4315.2  1.5125e-17
4317.9  1.2291e-17
4320.7  9.5155e-18
4323.4  9.6888e-18
4326.1  7.2324e-18
4328.9  1.2503e-17
4331.6  9.4977e-18
4334.3  7.5458e-18
4337.1  1.1923e-17
4339.8  2.0387e-17
4342.5  1.1382e-17
4345.3  9.2414e-18
4348  8.423e-18
4350.7  -1.0329e-19
4353.4  6.9188e-18
4356.2  6.6142e-18
4358.9  1.4326e-17
4361.6  6.4316e-18
4364.4  7.179e-18
4367.1  -4.0766e-19
4369.8  7.4152e-18
4372.6  1.4207e-17
4375.3  9.8621e-18
4378  2.5498e-18
4380.8  4.8683e-18
4383.5  9.5892e-18
4386.2  3.8074e-18
4389  8.8759e-18
4391.7  1.1576e-17
4394.4  9.3007e-18
4397.2  4.7529e-18
4399.9  9.6781e-18
4402.6  1.2955e-17
4405.4  8.2506e-18
4408.1  1.4914e-17
4410.8  1.1061e-17
4413.6  -4.9521e-18
4416.3  3.7504e-18
4419  1.0875e-17
4421.8  -2.7263e-18
4424.5  2.2678e-18
4427.2  8.7367e-18
4430  9.487e-18
4432.7  1.645e-17
4435.4  1.9538e-17
4438.2  1.4517e-17
4440.9  1.2003e-17
4443.6  1.4151e-17
4446.3  1.4974e-17
4449.1  1.2379e-17
4451.8  1.2524e-17
4454.5  5.806e-18
4457.3  1.4041e-18
4460  6.7366e-18
4462.7  4.8727e-18
4465.5  9.0225e-18
4468.2  1.4173e-17
4470.9  9.0487e-18
4473.7  2.0349e-18
4476.4  1.1714e-17
4479.1  2.3103e-17
4481.9  1.5743e-17
4484.6  1.5952e-17
4487.3  9.7209e-18
4490.1  1.2965e-17
4492.8  4.2425e-18
4495.5  7.6162e-18
4498.3  6.9339e-18
4501  1.7637e-18
4503.7  -2.0755e-18
4506.5  1.3709e-18
4509.2  1.0826e-17
4511.9  1.0462e-18
4514.7  1.842e-18
4517.4  3.4795e-18
4520.1  1.0678e-17
4522.9  9.8153e-18
4525.6  6.5455e-18
4528.3  5.4944e-18
4531  3.0604e-18
4533.8  8.2909e-18
4536.5  9.7068e-18
4539.2  8.1631e-18
4542  1.2487e-17
4544.7  1.3461e-17
4547.4  1.6601e-17
4550.2  1.3644e-17
4552.9  5.9333e-18
4555.6  9.5422e-18
4558.4  1.4387e-17
4561.1  8.7137e-18
4563.8  8.0652e-18
4566.6  1.5205e-17
4569.3  1.4634e-17
4572  1.2902e-17
4574.8  7.4999e-18
4577.5  5.6289e-18
4580.2  3.6749e-18
4583  8.5217e-18
4585.7  8.0624e-18
4588.4  1.0812e-17
4591.2  1.3503e-17
4593.9  1.5484e-17
4596.6  1.3967e-17
4599.4  7.7123e-18
4602.1  8.7135e-18
4604.8  1.6465e-18
4607.6  9.8272e-18
4610.3  1.0801e-17
4613  1.0808e-17
4615.8  9.8141e-18
4618.5  8.8324e-18
4621.2  7.626e-18
4623.9  8.3966e-18
4626.7  1.3542e-17
4629.4  1.2078e-17
4632.1  8.486e-18
4634.9  6.3139e-18
4637.6  7.376e-19
4640.3  1.0722e-17
4643.1  7.84e-18
4645.8  3.8622e-18
4648.5  1.0163e-17
4651.3  8.8538e-18
4654  8.1853e-18
4656.7  1.2977e-17
4659.5  1.5746e-17
4662.2  1.5137e-17
4664.9  1.1677e-17
4667.7  1.0058e-17
4670.4  7.7524e-18
4673.1  8.2362e-18
4675.9  8.9349e-18
4678.6  1.0698e-17
4681.3  1.2026e-17
4684.1  1.1031e-17
4686.8  1.4011e-17
4689.5  8.6269e-18
4692.3  3.0144e-18
4695  1.0911e-17
4697.7  1.0486e-17
4700.5  8.9477e-18
4703.2  8.9836e-18
4705.9  7.4501e-18
4708.6  9.4916e-18
4711.4  9.6281e-18
4714.1  1.2977e-17
4716.8  1.3505e-17
4719.6  9.6767e-18
4722.3  9.7124e-18
4725  5.6301e-18
4727.8  3.9354e-18
4730.5  1.1308e-17
4733.2  1.0805e-17
4736  9.6603e-18
4738.7  5.0642e-18
4741.4  3.8929e-18
4744.2  5.3812e-18
4746.9  1.057e-17
4749.6  5.6359e-18
4752.4  1.2738e-17
4755.1  8.5904e-18
4757.8  2.8777e-18
4760.6  8.5538e-18
4763.3  5.4849e-18
4766  9.944e-18
4768.8  1.9417e-17
4771.5  7.5361e-18
4774.2  1.1413e-17
4777  1.0501e-17
4779.7  6.5256e-18
4782.4  7.8879e-18
4785.2  1.0733e-17
4787.9  1.2722e-17
4790.6  7.2727e-18
4793.4  5.112e-18
4796.1  1.3897e-17
4798.8  1.3975e-17
4801.5  7.6472e-18
4804.3  6.9586e-18
4807  1.5002e-17
4809.7  1.4774e-17
4812.5  1.5408e-17
4815.2  1.8444e-17
4817.9  1.0379e-17
4820.7  8.0748e-18
4823.4  1.3308e-17
4826.1  1.1154e-17
4828.9  2.6993e-18
4831.6  1.1575e-17
4834.3  1.578e-17
4837.1  1.3145e-17
4839.8  8.2547e-18
4842.5  1.5611e-17
4845.3  1.6094e-17
4848  1.6815e-17
4850.7  2.7286e-17
4853.5  2.5467e-17
4856.2  1.6768e-17
4858.9  1.1232e-17
4861.7  1.8071e-17
4864.4  1.5863e-17
4867.1  2.7279e-18
4869.9  5.6296e-18
4872.6  1.2548e-17
4875.3  1.5183e-17
4878.1  1.633e-17
4880.8  1.4878e-17
4883.5  1.22e-17
4886.2  1.3684e-17
4889  1.4825e-17
4891.7  1.4413e-17
4894.4  1.7983e-17
4897.2  1.4316e-17
4899.9  9.4204e-18
4902.6  1.2064e-17
4905.4  1.0473e-17
4908.1  1.4404e-17
4910.8  1.8822e-17
4913.6  1.306e-17
4916.3  4.7305e-18
4919  9.8417e-18
4921.8  1.3862e-17
4924.5  1.3008e-17
4927.2  1.3062e-17
4930  6.0693e-18
4932.7  -3.7678e-18
4935.4  6.2355e-18
4938.2  1.1844e-17
4940.9  6.8719e-18
4943.6  1.9174e-18
4946.4  4.0592e-18
4949.1  9.5407e-18
4951.8  1.2472e-17
4954.6  9.5424e-18
4957.3  1.2526e-17
4960  1.3739e-17
4962.8  1.0867e-17
4965.5  1.3219e-17
4968.2  1.0613e-17
4970.9  1.1885e-17
4973.7  8.5043e-18
4976.4  5.6273e-18
4979.1  -3.8157e-18
4981.9  1.6923e-18
4984.6  5.6082e-18
4987.3  4.6056e-18
4990.1  3.6347e-18
4992.8  -2.6389e-18
4995.5  3.5709e-18
4998.3  1.7595e-18
5001  4.3954e-18
5003.7  9.932e-18
5006.5  3.8094e-18
5009.2  3.3214e-18
5011.9  2.5606e-18
5014.7  1.8469e-18
5017.4  1.0392e-17
5020.1  6.8482e-18
5022.9  7.5077e-18
5025.6  6.2558e-18
5028.3  1.2278e-17
5031.1  1.2262e-18
5033.8  4.4293e-18
5036.5  2.4719e-18
5039.3  4.4656e-18
5042  1.0876e-17
5044.7  5.3095e-19
5047.5  3.3734e-18
5050.2  9.9031e-18
5052.9  6.7779e-18
5055.6  8.0435e-18
5058.4  1.1115e-17
5061.1  1.4875e-17
5063.8  1.0926e-17
5066.6  4.2407e-18
5069.3  1.0897e-18
5072  6.2414e-18
5074.8  9.0582e-18
5077.5  1.067e-17
5080.2  1.6838e-18
5083  4.2826e-18
5085.7  8.7883e-18
5088.4  9.2841e-18
5091.2  7.7519e-18
5093.9  7.0189e-18
5096.6  7.8445e-18
5099.4  -1.0185e-18
5102.1  6.1717e-18
5104.8  5.1034e-18
5107.6  9.0842e-18
5110.3  1.6611e-17
5113  2.4512e-17
5115.8  1.3394e-17
5118.5  1.589e-17
5121.2  9.8432e-18
5124  6.9406e-19
5126.7  1.2638e-18
5129.4  4.0219e-18
5132.2  5.0698e-18
5134.9  4.5855e-18
5137.6  7.0474e-18
5140.4  1.9223e-18
5143.1  1.3566e-20
5145.8  1.3682e-18
5148.5  6.7968e-18
5151.3  5.2009e-18
5154  1.1208e-17
5156.7  6.6605e-18
5159.5  4.2974e-18
5162.2  1.9173e-18
5164.9  3.7357e-18
5167.7  7.7773e-18
5170.4  6.5823e-18
5173.1  1.1497e-17
5175.9  1.3351e-17
5178.6  9.0901e-18
5181.3  7.6468e-18
5184.1  9.9429e-18
5186.8  1.0759e-17
5189.5  7.772e-18
5192.3  1.0687e-17
5195  1.0938e-17
5197.7  6.9112e-18
5200.5  2.3045e-18
5203.2  3.3357e-18
5205.9  3.4632e-18
5208.7  8.4706e-18
5211.4  1.481e-17
5214.1  2.3847e-17
5216.9  2.8521e-17
5219.6  2.4913e-17
5222.3  1.751e-17
5225.1  6.7118e-18
5227.8  5.6673e-18
5230.5  3.2254e-18
5233.2  -3.2189e-18
5236  3.598e-18
5238.7  9.8255e-18
5241.4  6.5171e-18
5244.2  -3.1632e-18
5246.9  6.2837e-18
5249.6  1.5236e-17
5252.4  9.4205e-18
5255.1  9.6621e-18
5257.8  1.0689e-17
5260.6  1.1716e-17
5263.3  1.2743e-17
5266  1.377e-17
5268.8  1.4797e-17
5271.5  1.5824e-17
5274.2  1.6851e-17
5277  1.7878e-17
5279.7  1.7161e-17
5282.4  1.6055e-17
5285.2  1.0718e-17
5287.9  1.2664e-17
5290.6  8.7224e-18
5293.4  4.7152e-18
5296.1  1.1436e-17
5298.8  1.0865e-17
5301.6  8.4111e-18
5304.3  4.6564e-18
5307  1.5925e-18
5309.8  7.6498e-18
5312.5  1.6572e-17
5315.2  9.7912e-18
5317.9  5.9705e-18
5320.7  4.5578e-18
5323.4  5.4082e-18
5326.1  5.7588e-18
5328.9  6.7757e-18
5331.6  1.8989e-18
5334.3  5.885e-18
5337.1  3.2744e-18
5339.8  8.74e-18
5342.5  8.1422e-18
5345.3  6.4855e-18
5348  6.4171e-18
5350.7  5.018e-18
5353.5  -5.0225e-19
5356.2  4.6716e-18
5358.9  1.3473e-18
5361.7  7.9478e-18
5364.4  6.6343e-18
5367.1  4.9503e-19
5369.9  5.3787e-18
5372.6  3.1435e-18
5375.3  1.2906e-18
5378.1  -1.7568e-18
5380.8  -7.7819e-19
5383.5  3.6042e-18
5386.3  4.0249e-19
5389  9.0114e-18
5391.7  7.3145e-18
5394.5  -2.3583e-19
5397.2  6.1584e-18
5399.9  6.3576e-18
5402.7  1.2018e-17
5405.4  1.1535e-17
5408.1  6.8425e-18
5410.8  1.213e-17
5413.6  1.3493e-17
5416.3  9.9824e-18
5419  7.7381e-18
5421.8  4.4518e-18
5424.5  4.856e-18
5427.2  8.2954e-18
5430  1.5631e-17
5432.7  1.5868e-17
5435.4  1.1371e-17
5438.2  1.5622e-17
5440.9  7.5166e-18
5443.6  1.2012e-17
5446.4  1.6047e-17
5449.1  6.9018e-18
5451.8  1.5325e-17
5454.6  1.5204e-17
5457.3  5.2477e-18
5460  1.189e-17
5462.8  1.6506e-17
5465.5  1.3784e-17
5468.2  1.3255e-17
5471  9.4733e-18
5473.7  9.7732e-18
5476.4  1.0534e-17
5479.2  1.213e-17
5481.9  1.0843e-17
5484.6  1.3186e-17
5487.4  1.4297e-17
5490.1  6.4371e-18
5492.8  8.4345e-18
5495.5  2.2795e-18
5498.3  1.9294e-17
5501  1.9231e-17
5503.7  7.8996e-18
5506.5  1.1681e-17
5509.2  9.2817e-18
5511.9  5.1016e-18
5514.7  2.4349e-18
5517.4  7.4443e-18
5520.1  5.5461e-18
5522.9  1.0068e-17
5525.6  1.8612e-17
5528.3  4.2963e-18
5531.1  6.3594e-18
5533.8  1.3455e-17
5536.5  1.5454e-17
5539.3  1.0799e-17
5542  8.5593e-18
5544.7  8.9195e-18
5547.5  9.7932e-18
5550.2  1.1703e-17
5552.9  9.5903e-18
5555.7  1.1906e-17
5558.4  1.4517e-17
5561.1  5.9649e-18
5563.9  9.426e-18
5566.6  8.7261e-18
5569.3  8.0263e-18
5572.1  7.828e-18
5574.8  8.3784e-18
5577.5  8.9287e-18
5580.2  9.4791e-18
5583  1.003e-17
5585.7  1.058e-17
5588.4  1.113e-17
5591.2  1.2307e-17
5593.9  1.0735e-17
5596.6  4.3143e-18
5599.4  5.9405e-18
5602.1  7.8893e-18
5604.8  4.7853e-18
5607.6  1.1745e-17
5610.3  1.7371e-17
5613  5.1733e-18
5615.8  7.7694e-18
5618.5  3.5747e-18
5621.2  1.419e-17
5624  1.6463e-17
5626.7  6.7772e-18
5629.4  8.9194e-18
5632.2  8.6048e-18
5634.9  8.348e-18
5637.6  1.092e-17
5640.4  1.1074e-17
5643.1  8.353e-18
5645.8  9.8902e-18
5648.6  4.3735e-18
5651.3  7.4474e-18
5654  4.9594e-18
5656.8  4.7351e-18
5659.5  1.2391e-17
5662.2  9.0283e-18
5665  7.5605e-18
5667.7  1.1826e-17
5670.4  1.0128e-17
5673.1  7.3963e-18
5675.9  4.0254e-18
5678.6  7.1516e-18
5681.3  1.1328e-17
5684.1  9.3203e-18
5686.8  1.6368e-18
5689.5  2.5333e-18
5692.3  6.0405e-18
5695  6.1538e-18
5697.7  7.7667e-18
5700.5  4.7756e-18
5703.2  1.969e-18
5705.9  3.8941e-18
5708.7  6.4087e-18
5711.4  4.8442e-18
5714.1  3.8102e-18
5716.9  7.2516e-18
5719.6  5.9422e-18
5722.3  2.4951e-18
5725.1  6.3551e-18
5727.8  9.4694e-18
5730.5  1.0951e-17
5733.3  1.6836e-18
5736  5.6738e-18
5738.7  3.7679e-18
5741.5  6.6571e-18
5744.2  4.42e-18
5746.9  2.7898e-18
5749.7  6.2659e-18
5752.4  6.5035e-18
5755.1  7.3859e-18
5757.9  5.4146e-18
5760.6  2.2059e-18
5763.3  -3.2768e-18
5766  3.388e-18
5768.8  7.9236e-18
5771.5  5.9849e-18
5774.2  5.3053e-18
5777  2.7444e-18
5779.7  -1.9737e-19
5782.4  6.9969e-19
5785.2  6.8366e-18
5787.9  2.2911e-18
5790.6  4.5339e-18
5793.4  1.3431e-17
5796.1  9.6411e-18
5798.8  5.5081e-18
5801.6  1.2462e-17
5804.3  1.2912e-17
5807  5.1303e-18
5809.8  3.0895e-18
5812.5  4.7564e-18
5815.2  8.4703e-18
5818  7.3182e-18
5820.7  8.4372e-18
5823.4  7.0118e-18
5826.2  3.3308e-18
5828.9  5.8284e-18
5831.6  8.2758e-18
5834.4  1.0378e-17
5837.1  4.7303e-18
5839.8  4.0459e-18
5842.6  3.5901e-18
5845.3  6.2285e-18
5848  9.3686e-18
5850.7  3.8188e-18
5853.5  2.7899e-18
5856.2  3.9215e-18
5858.9  6.8955e-18
5861.7  1.163e-17
5864.4  8.3107e-18
5867.1  5.2966e-18
5869.9  3.6182e-18
5872.6  4.004e-18
5875.3  5.0288e-18
5878.1  8.5619e-18
5880.8  1.334e-17
5883.5  1.2828e-17
5886.3  1.2043e-17
5889  1.4683e-17
5891.7  2.6027e-18
5894.5  -5.9088e-18
5897.2  -4.8124e-18
5899.9  -3.1856e-18
5902.7  4.0715e-19
5905.4  7.2645e-18
5908.1  7.9982e-18
5910.9  2.631e-18
5913.6  4.3657e-18
5916.3  1.7872e-18
5919.1  3.5789e-18
5921.8  5.2326e-18
5924.5  1.6885e-18
5927.3  3.6257e-18
5930  3.2983e-18
5932.7  4.3013e-18
5935.4  2.2303e-18
5938.2  -8.0037e-19
5940.9  3.4668e-18
5943.6  3.3898e-18
5946.4  -1.1269e-18
5949.1  1.0535e-18
5951.8  1.8034e-18
5954.6  3.8401e-18
5957.3  2.8933e-18
5960  2.1859e-18
5962.8  2.9224e-18
5965.5  2.0735e-18
5968.2  -3.2742e-19
5971  1.3325e-18
5973.7  3.9861e-18
5976.4  2.5191e-18
5979.2  2.3623e-18
5981.9  1.0093e-18
5984.6  2.479e-19
5987.4  1.4638e-18
5990.1  3.6718e-18
5992.8  3.1788e-18
5995.6  1.7467e-18
5998.3  5.5249e-18
6001  5.0336e-18
6003.8  -4.9292e-20
6006.5  9.529e-19
6009.2  2.0461e-18
6012  -2.4898e-18
6014.7  2.5819e-19
6017.4  5.6361e-18
6020.1  3.3281e-18
6022.9  1.9356e-18
6025.6  5.5029e-18
6028.3  7.4901e-18
6031.1  4.8334e-18
6033.8  7.9748e-19
6036.5  -4.0722e-18
6039.3  1.2372e-18
6042  5.477e-18
6044.7  8.4772e-19
6047.5  -1.2445e-18
6050.2  3.173e-18
6052.9  2.4412e-18
6055.7  1.8359e-18
6058.4  -6.4713e-19
6061.1  4.7812e-18
6063.9  1.9843e-18
6066.6  -1.3254e-18
6069.3  -1.4107e-19
6072.1  2.343e-18
6074.8  9.9774e-19
6077.5  1.9628e-19
6080.3  4.7463e-18
6083  2.4073e-18
6085.7  2.0622e-18
6088.5  1.5022e-18
6091.2  4.4132e-19
6093.9  2.1122e-18
6096.7  2.0688e-18
6099.4  2.8758e-18
6102.1  -1.5543e-18
6104.9  1.3422e-18
6107.6  4.2511e-18
6110.3  3.3703e-18
6113  1.066e-18
6115.8  1.7928e-18
6118.5  3.168e-18
6121.2  6.885e-19
6124  1.9958e-18
6126.7  4.6528e-18
6129.4  1.3856e-19
6132.2  -2.5545e-18
6134.9  1.7929e-18
6137.6  -1.1931e-18
6140.4  -3.8637e-19
6143.1  5.6251e-18
6145.8  2.4078e-18
6148.6  -1.7966e-18
6151.3  1.9616e-18
6154  2.9364e-18
6156.8  3.9291e-18
6159.5  4.7842e-18
6162.2  -3.6047e-19
6165  2.3079e-18
6167.7  5.5872e-18
6170.4  3.8567e-18
6173.2  2.2681e-18
6175.9  4.143e-18
6178.6  3.3947e-18
6181.4  5.9171e-18
6184.1  5.2889e-18
6186.8  1.609e-18
6189.6  3.7066e-18
6192.3  3.1061e-18
6195  -1.8887e-19
6197.7  7.4925e-18
6200.5  3.1525e-18
6203.2  3.0259e-18
6205.9  3.8145e-18
6208.7  4.2186e-19
6211.4  2.7909e-18
6214.1  7.9316e-18
6216.9  4.8026e-18
6219.6  4.1719e-18
6222.3  5.4389e-18
6225.1  2.64e-18
6227.8  2.9198e-18
6230.5  5.9365e-18
6233.3  6.0812e-18
6236  8.2787e-18
6238.7  7.6419e-18
6241.5  9.132e-19
6244.2  1.0039e-18
6246.9  2.6491e-18
6249.7  6.341e-19
6252.4  6.6737e-18
6255.1  8.4396e-18
6257.9  9.7911e-19
6260.6  3.8956e-18
6263.3  5.8664e-18
6266.1  8.0651e-19
6268.8  3.8442e-19
6271.5  2.3452e-18
6274.3  1.8829e-18
6277  4.4393e-18
6279.7  5.8463e-19
6282.4  5.776e-18
6285.2  5.0581e-18
6287.9  5.6317e-18
6290.6  2.3324e-18
6293.4  2.7224e-18
6296.1  1.8391e-18
6298.8  4.9565e-18
6301.6  3.3958e-19
6304.3  3.7799e-18
6307  1.9866e-18
6309.8  1.159e-18
6312.5  1.4339e-18
6315.2  -9.2445e-19
6318  5.5161e-18
6320.7  6.2844e-18
6323.4  6.5018e-18
6326.2  5.8181e-18
6328.9  3.8813e-18
6331.6  4.2696e-18
6334.4  4.7845e-18
6337.1  2.7504e-18
6339.8  4.0792e-18
6342.6  3.0729e-18
6345.3  -1.2193e-18
6348  2.5729e-18
6350.8  4.8109e-18
6353.5  2.9572e-18
6356.2  1.0996e-19
6359  3.0201e-18
6361.7  4.2261e-18
6364.4  4.1719e-18
6367.2  6.3165e-18
6369.9  7.6145e-18
6372.6  9.0787e-18
6375.3  1.687e-18
6378.1  -2.1672e-18
6380.8  -1.3839e-18
6383.5  3.6558e-18
6386.3  6.371e-18
6389  2.7704e-18
6391.7  1.1729e-18
6394.5  2.33e-18
6397.2  1.2976e-18
6399.9  5.6523e-18
6402.7  4.4096e-19
6405.4  -1.3798e-18
6408.1  1.1442e-18
6410.9  4.2184e-18
6413.6  2.9241e-18
6416.3  -1.1313e-18
6419.1  5.0032e-18
6421.8  3.4184e-18
6424.5  5.2611e-19
6427.3  -4.2966e-19
6430  3.5168e-18
6432.7  4.8571e-18
6435.5  3.457e-18
6438.2  4.8013e-18
6440.9  3.729e-18
6443.7  2.027e-18
6446.4  2.6139e-18
6449.1  1.1075e-18
6451.9  3.7599e-18
6454.6  3.454e-18
6457.3  3.0743e-18
6460  4.5285e-18
6462.8  8.1518e-19
6465.5  2.9611e-18
6468.2  4.6603e-18
6471  -1.0055e-19
6473.7  -9.0926e-19
6476.4  8.8678e-19
6479.2  -3.4602e-19
6481.9  1.4844e-18
6484.6  3.6642e-18
6487.4  4.9861e-18
6490.1  6.8035e-18
6492.8  6.1582e-18
6495.6  8.7727e-18
6498.3  7.653e-18
6501  4.1942e-18
6503.8  8.2613e-19
6506.5  3.4496e-18
6509.2  1.1187e-18
6512  3.7488e-18
6514.7  9.4831e-18
6517.4  4.599e-18
6520.2  -1.4503e-18
6522.9  5.3999e-18
6525.6  1.0369e-17
6528.4  6.1181e-18
6531.1  3.4441e-18
6533.8  8.4024e-18
6536.6  5.206e-18
6539.3  5.9937e-19
6542  2.4743e-18
6544.8  6.4675e-18
6547.5  6.4945e-18
6550.2  6.1543e-18
6552.9  5.1995e-18
6555.7  1.1183e-17
6558.4  1.3486e-17
6561.1  8.7533e-18
6563.9  9.5463e-18
6566.6  4.0697e-18
6569.3  2.949e-18
6572.1  4.8679e-18
6574.8  4.3225e-18
6577.5  8.9434e-18
6580.3  9.5975e-18
6583  1.3136e-17
6585.7  1.3364e-17
6588.5  1.2748e-17
6591.2  1.358e-17
6593.9  1.5009e-17
6596.7  1.6659e-17
6599.4  1.8976e-17
6602.1  1.6086e-17
6604.9  1.62e-17
6607.6  1.5581e-17
6610.3  1.15e-17
6613.1  1.5304e-17
6615.8  1.3837e-17
6618.5  1.4623e-17
6621.3  1.5059e-17
6624  1.8861e-17
6626.7  1.9626e-17
6629.5  1.7795e-17
6632.2  1.3139e-17
6634.9  1.2071e-17
6637.6  1.2651e-17
6640.4  1.6628e-17
6643.1  1.5972e-17
6645.8  1.2576e-17
6648.6  1.462e-17
6651.3  1.4624e-17
6654  1.5921e-17
6656.8  1.5775e-17
6659.5  1.4358e-17
6662.2  1.4982e-17
6665  1.4256e-17
6667.7  1.2841e-17
6670.4  1.2537e-17
6673.2  1.3595e-17
6675.9  1.251e-17
6678.6  1.2825e-17
6681.4  1.31e-17
6684.1  1.0931e-17
6686.8  1.2495e-17
6689.6  1.2832e-17
6692.3  1.5118e-17
6695  1.288e-17
6697.8  1.18e-17
6700.5  1.0696e-17
6703.2  1.2133e-17
6706  1.3916e-17
6708.7  1.0304e-17
6711.4  3.8965e-18
6714.2  6.4865e-18
6716.9  1.0618e-17
6719.6  8.0323e-18
6722.4  4.5446e-18
6725.1  5.8678e-18
6727.8  9.5873e-18
6730.5  1.0559e-17
6733.3  9.9193e-18
6736  8.8409e-18
6738.7  6.9233e-18
6741.5  6.6857e-18
6744.2  6.6158e-18
6746.9  6.1111e-18
6749.7  2.9891e-18
6752.4  6.0454e-18
6755.1  8.9707e-18
6757.9  8.3545e-18
6760.6  4.8086e-18
6763.3  2.8743e-18
6766.1  1.3096e-18
6768.8  1.9162e-18
6771.5  5.5946e-18
6774.3  1.0552e-17
6777  6.8772e-18
6779.7  5.5245e-18
6782.5  6.0578e-18
6785.2  5.1252e-18
6787.9  2.818e-18
6790.7  2.1773e-18
6793.4  4.3633e-18
6796.1  7.8691e-18
6798.9  4.4112e-18
6801.6  2.6529e-18
6804.3  5.5126e-18
6807.1  3.1866e-18
6809.8  7.3909e-18
6812.5  3.0368e-18
6815.2  3.9652e-18
6818  5.7536e-18
6820.7  4.8197e-18
6823.4  6.7879e-18
6826.2  8.1454e-18
6828.9  7.1042e-18
6831.6  7.0382e-18
6834.4  5.3253e-18
6837.1  5.5064e-18
6839.8  4.3347e-18
6842.6  3.6081e-18
6845.3  9.3741e-18
6848  3.6018e-18
6850.8  4.1946e-18
6853.5  6.3788e-18
6856.2  8.4903e-18
6859  1.0025e-17
6861.7  6.9335e-18
6864.4  7.2715e-18
6867.2  3.4699e-18
6869.9  -2.1942e-18
6872.6  9.9946e-19
6875.4  1.9107e-18
6878.1  2.7103e-18
6880.8  4.8337e-19
6883.6  4.9679e-18
6886.3  4.3811e-18
6889  5.0934e-18
6891.8  5.4923e-18
6894.5  5.4642e-18
6897.2  5.436e-18
6899.9  5.4079e-18
6902.7  5.3798e-18
6905.4  5.3516e-18
6908.1  5.3235e-18
6910.9  5.2954e-18
6913.6  5.2672e-18
6916.3  5.2391e-18
6919.1  5.2109e-18
6921.8  4.9936e-18
6924.5  3.6542e-18
6927.3  5.2862e-18
6930  6.4775e-18
6932.7  1.8121e-18
6935.5  1.8524e-18
6938.2  1.1046e-18
6940.9  2.9508e-18
6943.7  4.9448e-18
6946.4  4.9781e-18
6949.1  5.0231e-18
6951.9  1.3805e-18
6954.6  -2.4768e-18
6957.3  -2.6942e-18
6960.1  2.8487e-18
6962.8  -2.5831e-18
6965.5  1.2991e-19
6968.3  3.3933e-18
6971  -1.0262e-19
6973.7  4.4626e-18
6976.5  1.4501e-18
6979.2  1.4716e-18
6981.9  -8.2131e-19
6984.6  -5.3101e-19
6987.4  2.7558e-18
6990.1  6.702e-19
6992.8  1.414e-18
6995.6  2.3555e-18
6998.3  3.4076e-19
7001  3.1562e-18
7003.8  3.5174e-18
7006.5  4.6015e-19
7009.2  9.4629e-19
7012  6.0431e-18
7014.7  5.2089e-19
7017.4  -4.5081e-18
7020.2  6.4679e-19
7022.9  3.8917e-18
7025.6  4.9212e-18
7028.4  3.2223e-18
7031.1  1.8378e-18
7033.8  -4.1817e-19
7036.6  8.8354e-19
7039.3  1.5231e-18
7042  6.6933e-18
7044.8  4.4425e-19
7047.5  7.056e-19
7050.2  3.3225e-18
7053  5.4451e-19
7055.7  3.0144e-18
7058.4  1.0572e-18
7061.2  -9.9713e-19
7063.9  -4.5663e-19
7066.6  3.9152e-18
7069.4  6.4803e-18
7072.1  3.0098e-18
7074.8  1.7649e-18
7077.5  4.3659e-18
7080.3  4.6853e-18
7083  3.0924e-18
7085.7  1.3824e-18
7088.5  1.0591e-18
7091.2  2.2012e-18
7093.9  7.2352e-18
7096.7  6.0134e-18
7099.4  3.2947e-18
7102.1  8.843e-19
7104.9  -2.1459e-18
7107.6  -1.8923e-19
7110.3  8.6351e-20
7113.1  1.6431e-18
7115.8  5.419e-18
7118.5  -2.2481e-19
7121.3  2.0182e-18
7124  2.432e-18
7126.7  1.1518e-18
7129.5  3.0143e-19
7132.2  1.6944e-18
7134.9  1.8032e-18
7137.7  1.7681e-18
7140.4  1.8182e-18
7143.1  1.6803e-18
7145.9  1.0469e-18
7148.6  1.9697e-18
7151.3  3.4106e-18
7154.1  2.2136e-18
7156.8  2.6215e-18
7159.5  2.4275e-18
7162.2  2.4086e-18
7165  2.179e-18
7167.7  3.6772e-19
7170.4  2.7859e-18
7173.2  4.1886e-18
7175.9  -5.5589e-19
7178.6  1.9806e-18
7181.4  3.9882e-18
7184.1  3.5503e-18
7186.8  2.4026e-18
7189.6  3.7932e-18
7192.3  3.8459e-18
7195  4.3759e-18
7197.8  5.0069e-18
7200.5  1.1945e-18
7203.2  -3.4715e-18
7206  -4.2921e-19
7208.7  1.8779e-18
7211.4  1.9561e-18
7214.2  1.9395e-19
7216.9  -1.6992e-18
7219.6  8.2836e-19
7222.4  3.133e-18
7225.1  1.2887e-18
7227.8  -2.0007e-18
7230.6  -6.0186e-19
7233.3  5.6439e-18
7236  7.2261e-18
7238.8  4.091e-18
7241.5  -2.3793e-18
7244.2  1.7207e-18
7246.9  1.8325e-18
7249.7  -2.3199e-19
7252.4  -8.1349e-19
7255.1  -2.1742e-18
7257.9  2.8108e-18
7260.6  6.261e-20
7263.3  4.9015e-18
7266.1  5.8711e-18
7268.8  3.0065e-18
7271.5  1.8696e-18
7274.3  2.9827e-18
7277  4.0342e-19
7279.7  8.7657e-19
7282.5  -3.4102e-18
7285.2  -3.0791e-18
7287.9  -4.774e-19
7290.7  3.0313e-18
7293.4  1.3455e-18
7296.1  2.2177e-18
7298.9  3.9753e-18
7301.6  7.4836e-18
7304.3  1.1775e-18
7307.1  2.5877e-18
7309.8  5.5009e-18
7312.5  4.5309e-18
7315.3  2.501e-18
7318  -3.6214e-19
7320.7  1.0076e-19
7323.5  -4.7482e-19
7326.2  2.5316e-18
7328.9  1.3842e-18
7331.7  3.809e-18
7334.4  7.3867e-18
7337.1  1.1581e-17
7339.8  9.4464e-18
7342.6  3.6643e-18
7345.3  -2.9189e-18
7348  -5.7459e-18
7350.8  -5.6344e-18
7353.5  -4.5346e-19
7356.2  1.7198e-19
7359  4.5739e-18
7361.7  6.8937e-18
7364.4  -1.1753e-19
7367.2  -4.6406e-18
7369.9  -3.4025e-18
7372.6  -1.9037e-18
7375.4  -3.6628e-19
7378.1  -2.1722e-18
7380.8  1.3615e-18
7383.6  1.1697e-18
7386.3  4.6759e-18
7389  3.8647e-18
7391.8  4.0318e-18
7394.5  6.2982e-18
7397.2  3.2857e-18
7400  4.849e-18
7402.7  4.9069e-18
7405.4  5.0559e-18
7408.2  -1.2969e-18
7410.9  -4.6685e-19
7413.6  2.6213e-18
7416.4  3.0305e-18
7419.1  3.4397e-18
7421.8  3.849e-18
7424.6  4.2583e-18
7427.3  5.128e-18
7430  5.1354e-18
7432.7  2.9244e-18
7435.5  1.5472e-18
7438.2  -3.0748e-18
7440.9  -3.9874e-18
7443.7  2.5688e-18
7446.4  2.2237e-18
7449.1  -6.5454e-19
7451.9  6.2509e-18
7454.6  3.1409e-18
7457.3  2.4603e-18
7460.1  5.267e-18
7462.8  3.8922e-18
7465.5  5.8168e-18
7468.3  6.9196e-18
7471  7.9e-18
7473.7  3.1097e-18
7476.5  4.6031e-18
7479.2  2.386e-18
7481.9  2.1894e-18
7484.7  4.8387e-18
7487.4  5.0243e-18
7490.1  7.6973e-19
7492.9  7.8591e-19
7495.6  3.063e-18
7498.3  3.1184e-18
7501.1  3.942e-18
7503.8  1.7743e-18
7506.5  4.5987e-18
7509.2  9.4616e-18
7512  4.2561e-18
7514.7  1.3168e-18
7517.4  5.0679e-18
7520.2  9.8197e-18
7522.9  8.1674e-18
7525.6  3.464e-18
7528.4  2.9676e-18
7531.1  3.6396e-18
7533.8  -2.2671e-18
7536.6  2.4883e-18
7539.3  1.718e-18
7542  6.3205e-19
7544.8  5.1462e-18
7547.5  6.5247e-18
7550.2  1.4728e-18
7553  -5.5623e-19
7555.7  3.0536e-18
7558.4  5.1853e-18
7561.2  5.8151e-18
7563.9  6.5984e-18
7566.6  8.9441e-18
7569.4  7.8176e-18
7572.1  5.6409e-18
7574.8  7.9861e-18
7577.6  7.4802e-18
7580.3  1.3633e-18
7583  -2.8924e-18
7585.8  9.7752e-19
7588.5  3.7813e-18
7591.2  9.3784e-19
7594  9.6364e-18
7596.7  6.6902e-18
7599.4  2.1918e-18
7602.1  1.1759e-18
7604.9  2.5995e-18
7607.6  6.7498e-18
7610.3  6.8631e-18
7613.1  3.6041e-18
7615.8  1.0897e-18
7618.5  2.1032e-18
7621.3  6.0181e-18
7624  6.7668e-18
7626.7  2.0307e-18
7629.5  -2.2935e-18
7632.2  2.0917e-18
7634.9  6.3528e-18
7637.7  3.8051e-18
7640.4  2.9302e-18
7643.1  4.6857e-18
7645.9  -6.4177e-19
7648.6  2.902e-18
7651.3  7.1595e-18
7654.1  4.9158e-18
7656.8  7.5818e-18
7659.5  8.0316e-18
7662.3  1.0493e-17
7665  7.5054e-18
7667.7  7.6681e-18
7670.5  6.5957e-18
7673.2  1.0863e-17
7675.9  1.0166e-17
7678.7  1.075e-17
7681.4  7.4402e-18
7684.1  9.2503e-18
7686.9  9.4772e-18
7689.6  1.1412e-17
7692.3  1.4472e-17
7695  1.075e-17
7697.8  8.5684e-18
7700.5  1.2577e-17
7703.2  2.1183e-17
7706  2.4653e-17
7708.7  1.968e-17
7711.4  1.937e-17
7714.2  1.8356e-17
7716.9  1.7003e-17
7719.6  1.0687e-17
7722.4  1.3668e-17
7725.1  1.7418e-17
7727.8  1.6641e-17
7730.6  1.9006e-17
7733.3  2.339e-17
7736  2.2504e-17
7738.8  1.9746e-17
7741.5  2.6765e-17
7744.2  2.2043e-17
7747  1.2198e-17
7749.7  5.021e-18
7752.4  1.0414e-17
7755.2  1.2338e-17
7757.9  1.1016e-17
7760.6  7.9722e-18
7763.4  6.1772e-18
7766.1  9.7194e-18
7768.8  1.2426e-17
7771.6  1.1428e-17
7774.3  8.2748e-18
7777  4.9628e-18
7779.7  2.696e-18
7782.5  7.0653e-18
7785.2  8.1658e-18
7787.9  1.0524e-17
7790.7  6.9668e-18
7793.4  5.0828e-18
7796.1  -3.853e-18
7798.9  -4.8488e-18
7801.6  1.6429e-18
7804.3  3.4605e-18
7807.1  -2.7442e-19
7809.8  1.3524e-18
7812.5  7.1528e-18
7815.3  1.4159e-17
7818  9.0152e-18
7820.7  7.1591e-18
7823.5  1.8159e-18
7826.2  -3.9655e-18
7828.9  2.0378e-18
7831.7  -7.4238e-19
7834.4  -1.168e-18
7837.1  5.3446e-18
7839.9  1.1078e-17
7842.6  7.429e-18
7845.3  8.8938e-18
7848.1  1.1731e-17
7850.8  1.6382e-17
7853.5  1.5967e-17
7856.3  5.5978e-19
7859  4.3279e-18
7861.7  1.0992e-17
7864.4  1.02e-17
7867.2  4.3177e-18
7869.9  7.2026e-18
7872.6  4.7352e-18
7875.4  6.9366e-18
7878.1  8.2292e-19
7880.8  5.4605e-18
7883.6  7.9646e-18
7886.3  4.4937e-18
7889  5.3619e-18
7891.8  4.1542e-18
7894.5  3.1049e-18
7897.2  5.3105e-19
7900  2.7342e-18
7902.7  9.0233e-18
7905.4  7.7427e-18
7908.2  5.2351e-18
7910.9  4.1096e-18
7913.6  2.9142e-18
7916.4  -5.806e-18
7919.1  -2.5792e-18
7921.8  1.4798e-18
7924.6  2.077e-19
7927.3  -3.6233e-18
7930  -4.0543e-18
7932.8  5.817e-18
7935.5  5.8007e-18
7938.2  5.7114e-18
7941  2.8957e-18
7943.7  3.4789e-18
7946.4  3.0029e-18
7949.1  1.4985e-18
7951.9  2.2542e-18
7954.6  2.9309e-18
7957.3  9.3038e-18
7960.1  7.0001e-18
7962.8  5.6776e-18
7965.5  9.1542e-18
7968.3  4.8077e-18
7971  8.1239e-18
7973.7  1.2223e-17
7976.5  2.7089e-18
7979.2  9.1234e-19
7981.9  1.415e-18
7984.7  2.1809e-18
7987.4  7.5755e-18
7990.1  5.9556e-18
7992.9  8.5951e-18
7995.6  -2.6085e-18
7998.3  -2.9093e-18
8001.1  4.0098e-19
8003.8  5.21e-18
8006.5  8.4365e-18
8009.3  7.1454e-18
8012  9.1621e-18
8014.7  7.3355e-18
8017.5  -3.4746e-19
8020.2  -3.5486e-18
8022.9  3.9169e-18
8025.7  7.5753e-18
8028.4  -1.4075e-18
8031.1  6.6836e-19
8033.9  -8.7069e-20
8036.6  1.1624e-18
8039.3  1.0521e-19
8042  3.0472e-19
8039.8  3.3345e-18
8042.4  3.0718e-18
8045.1  1.2107e-18
8047.8  4.7512e-18
8050.4  6.6323e-18
8053.1  -2.4371e-18
8055.8  1.4102e-18
8058.4  -2.1075e-18
8061.1  -8.853e-19
8063.7  4.6174e-18
8066.4  1.6648e-18
8069.1  4.938e-18
8071.7  3.7424e-18
8074.4  6.1339e-19
8077.1  -2.0912e-18
8079.7  1.5373e-18
8082.4  5.5308e-18
8085.1  4.8734e-18
8087.7  9.2264e-18
8090.4  6.0313e-18
8093.1  -2.454e-19
8095.7  7.3633e-19
8098.4  1.2141e-18
8101.1  1.7006e-18
8103.7  6.7623e-18
8106.4  -1.3761e-18
8109.1  1.8833e-18
8111.7  2.2193e-18
8114.4  1.6876e-18
8117.1  2.1969e-18
8119.7  3.3566e-18
8122.4  7.4874e-19
8125.1  6.0359e-18
8127.7  3.8319e-18
8130.4  7.3991e-18
8133.1  1.1578e-17
8135.7  1.3652e-18
8138.4  6.8321e-18
8141.1  2.8443e-18
8143.7  5.6634e-18
8146.4  5.1157e-18
8149  7.4663e-18
8151.7  9.453e-18
8154.4  6.8209e-18
8157  -1.7101e-19
8159.7  6.8457e-18
8162.4  4.866e-18
8165  4.5816e-18
8167.7  9.1699e-18
8170.4  1.0961e-17
8173  1.048e-17
8175.7  7.6374e-18
8178.4  9.2403e-18
8181  4.1346e-18
8183.7  2.4271e-18
8186.4  1.1816e-17
8189  1.856e-17
8191.7  1.9525e-17
8194.4  1.5817e-17
8197  1.7165e-17
8199.7  1.8104e-17
8202.4  1.277e-17
8205  1.0413e-17
8207.7  8.8493e-18
8210.4  1.3577e-17
8213  1.2677e-17
8215.7  9.5172e-18
8218.4  1.2125e-17
8221  9.5238e-18
8223.7  4.4652e-18
8226.4  4.2124e-18
8229  2.1092e-18
8231.7  6.9943e-18
8234.3  3.5249e-18
8237  7.6165e-18
8239.7  4.7888e-18
8242.3  3.8891e-18
8245  2.6291e-18
8247.7  3.1707e-18
8250.3  5.4116e-18
8253  3.208e-18
8255.7  2.3346e-18
8258.3  1.9613e-18
8261  -1.6547e-18
8263.7  -3.3496e-19
8266.3  -1.2846e-18
8269  3.584e-18
8271.7  2.6877e-18
8274.3  4.1941e-18
8277  7.1795e-18
8279.7  -1.8817e-18
8282.3  -4.7933e-18
8285  4.7096e-19
8287.7  -1.8568e-18
8290.3  -4.3749e-18
8293  5.2838e-19
8295.7  1.3186e-17
8298.3  1.1684e-17
8301  -4.0979e-19
8303.7  8.7816e-18
8306.3  3.1632e-18
8309  3.8057e-18
8311.6  2.1898e-18
8314.3  1.1152e-18
8317  3.4696e-18
8319.6  2.2855e-18
8322.3  5.7083e-18
8325  1.5091e-18
8327.6  2.3394e-18
8330.3  -9.378e-19
8333  3.707e-18
8335.6  4.5074e-18
8338.3  3.3544e-18
8341  -1.2661e-17
