3382.177  1.203238E-17
3384.698  -1.810127E-17
3387.219  -2.970221E-18
3389.74  3.920445E-17
3392.262  -2.950721E-17
3394.784  2.993357E-17
3397.307  8.760681E-18
3399.83  7.906384E-18
3402.354  -2.602752E-18
3404.877  2.370043E-17
3407.401  -2.480312E-18
3409.926  -6.419355E-18
3412.451  1.137303E-17
3414.976  -1.328823E-17
3417.502  1.753530E-17
3420.028  -2.174190E-18
3422.554  -2.645144E-17
3425.081  -4.766826E-17
3427.608  9.251830E-18
3430.135  -1.929396E-18
3432.664  -1.868176E-18
3435.192  -1.806995E-18
3437.72  3.463804E-17
3440.249  6.056454E-17
3442.779  -1.623449E-18
3445.308  -1.562292E-18
3447.838  -2.849654E-17
3450.369  -3.665066E-18
3452.9  -1.629655E-17
3455.431  -1.554282E-17
3457.962  -4.103661E-17
3460.494  -1.975450E-17
3463.027  1.462605E-17
3465.559  -3.858104E-17
3468.092  -4.989921E-18
3470.626  -2.376325E-17
3473.159  1.827683E-17
3475.694  -6.629849E-17
3478.228  8.529192E-18
3480.763  1.447915E-17
3483.298  -5.663010E-18
3485.834  1.722132E-17
3488.37  3.128737E-17
3490.906  -3.102305E-17
3493.443  -3.310688E-17
3495.98  6.007210E-18
3498.517  8.088440E-18
3501.055  -6.149105E-17
3503.593  -1.117819E-17
3506.132  6.624590E-17
3508.67  1.479936E-17
3511.209  2.947533E-17
3513.749  8.733843E-20
3516.289  3.372226E-17
3518.829  4.688366E-17
3521.37  -3.687490E-17
3523.911  -4.632828E-17
3526.452  3.531044E-17
3528.994  2.338377E-17
3531.536  -2.276604E-17
3534.079  2.897515E-17
3536.622  -2.601624E-17
3539.165  2.197994E-17
3541.708  3.138825E-17
3544.252  5.753170E-18
3546.797  1.111864E-17
3549.341  -1.586355E-18
3551.886  4.580533E-17
3554.432  -1.830111E-17
3556.978  1.361526E-17
3559.523  -1.821928E-17
3562.07  2.184080E-17
3564.617  -2.398020E-17
3567.164  -5.703515E-18
3569.711  5.960339E-18
3572.259  -4.949609E-18
3574.808  2.928776E-17
3577.356  2.117808E-18
3579.905  -1.328120E-17
3582.454  3.339894E-17
3585.004  1.293928E-19
3587.554  -4.155037E-18
3590.104  2.967260E-17
3592.655  -2.991585E-17
3595.206  2.498940E-17
3597.758  1.703418E-17
3600.31  1.031661E-18
3602.862  1.195301E-17
3605.414  -8.320308E-18
3607.967  -2.957386E-18
3610.52  2.680388E-17
3613.074  -1.272589E-17
3615.628  -2.057239E-18
3618.182  1.988727E-17
3620.737  -9.499874E-18
3623.292  -5.136594E-19
3625.847  1.375669E-17
3628.403  9.712360E-19
3630.959  -1.981818E-17
3633.515  5.124680E-17
3636.072  1.855881E-17
3638.629  4.558225E-17
3641.186  -6.291770E-18
3643.744  1.671162E-17
3646.302  -1.122220E-17
3648.861  3.464220E-18
3651.42  4.387466E-18
3653.979  -6.796078E-18
3656.539  -9.839602E-19
3659.098  4.507168E-18
3661.659  4.464462E-18
3664.219  8.300541E-18
3666.78  1.335638E-17
3669.342  -2.577800E-17
3671.903  1.156662E-17
3674.465  1.538602E-17
3677.028  6.760577E-18
3679.59  1.907714E-17
3682.153  -3.227003E-18
3684.717  3.265671E-17
3687.281  -2.064352E-17
3689.845  7.727651E-18
3692.409  4.703248E-18
3694.974  3.172005E-17
3697.539  1.638444E-17
3700.105  3.306700E-18
3702.67  3.719784E-17
3705.237  -3.481572E-18
3707.803  -9.550879E-18
3710.37  8.079721E-18
3712.937  -9.403960E-18
3715.505  -1.423512E-18
3718.073  -1.526254E-19
3720.641  9.157329E-18
3723.21  4.681099E-17
3725.779  -1.705031E-17
3728.348  -5.367540E-18
3730.918  -3.797293E-19
3733.488  5.326702E-19
3736.058  -5.592216E-18
3738.629  -9.635940E-18
3741.2  -3.267977E-18
3743.771  -2.082987E-17
3746.343  -3.842239E-19
3748.915  9.237385E-18
3751.487  2.855619E-17
3754.06  -6.474431E-18
3756.633  1.274348E-17
3759.207  2.150335E-17
3761.78  2.903662E-17
3764.354  -9.898330E-18
3766.929  -1.772498E-18
3769.504  3.841529E-18
3772.079  1.814655E-17
3774.654  -1.059893E-17
3777.23  1.512706E-17
3779.806  -3.344889E-18
3782.383  2.433034E-18
3784.959  -7.330595E-19
3787.537  1.687098E-17
3790.114  1.674834E-17
3792.692  -8.825678E-19
3795.27  1.566972E-17
3797.849  2.170029E-17
3800.428  8.730041E-18
3803.007  7.849544E-18
3805.586  3.307909E-19
3808.166  1.018524E-17
3810.747  1.258910E-17
3813.327  5.456185E-18
3815.908  1.656446E-17
3818.489  -2.846855E-18
3821.071  1.365826E-17
3823.653  -7.673242E-18
3826.235  8.677484E-18
3828.818  7.194207E-18
3831.401  -7.101762E-18
3833.984  1.952515E-17
3836.567  1.758616E-17
3839.151  4.506881E-18
3841.736  -5.596578E-18
3844.32  3.219065E-18
3846.905  2.888005E-18
3849.49  -1.389538E-17
3852.076  -1.134748E-18
3854.662  9.482258E-18
3857.248  -6.619357E-19
3859.835  1.800285E-18
3862.422  2.227964E-18
3865.009  -5.218460E-18
3867.597  1.677759E-17
3870.185  1.917707E-17
3872.773  -2.624759E-18
3875.362  1.544540E-17
3877.95  9.528667E-18
3880.54  1.245868E-17
3883.129  5.228914E-18
3885.719  2.925609E-18
3888.31  1.207880E-17
3890.9  1.985025E-18
3893.491  1.649919E-17
3896.083  8.370260E-18
3898.674  2.136328E-17
3901.266  2.597141E-17
3903.858  1.289408E-17
3906.451  1.854217E-17
3909.044  2.889792E-18
3911.637  7.080157E-18
3914.23  2.200848E-17
3916.824  2.179974E-17
3919.419  3.682372E-18
3922.013  1.290664E-17
3924.608  3.587364E-18
3927.203  5.218091E-18
3929.799  4.170189E-18
3932.395  1.212276E-17
3934.991  1.652875E-17
3937.588  1.971410E-17
3940.184  1.314303E-17
3942.782  1.089451E-17
3945.379  9.899954E-18
3947.977  1.247803E-17
3950.575  4.733390E-18
3953.174  2.258784E-17
3955.772  -9.924183E-20
3958.372  1.968400E-17
3960.971  1.943554E-18
3963.571  1.201297E-17
3966.171  9.665461E-18
3968.771  5.149967E-18
3971.372  3.978173E-18
3973.973  1.412105E-18
3976.575  5.442309E-18
3979.177  7.195036E-18
3981.779  -3.131232E-19
3984.381  1.917612E-17
3986.984  3.827859E-18
3989.587  -4.560869E-18
3992.19  -6.810421E-18
3994.794  1.889378E-17
3997.398  -1.376233E-18
4000.002  2.057801E-18
4002.607  -9.931350E-18
4005.212  5.293924E-18
4007.817  -3.534325E-18
4010.423  3.914428E-18
4013.029  1.185340E-17
4015.635  1.165653E-17
4018.241  1.016340E-17
4020.848  9.039474E-18
4023.456  -2.270090E-18
4026.063  2.749409E-18
4028.671  1.068478E-17
4031.279  6.668860E-18
4033.888  1.099131E-17
4036.497  5.461613E-18
4039.106  3.220432E-19
4041.715  1.534410E-18
4044.325  1.622553E-18
4046.935  2.470350E-19
4049.545  4.378641E-18
4052.156  -4.687767E-18
4054.767  4.002272E-18
4057.379  1.803741E-17
4059.99  1.176291E-17
4062.602  1.114223E-17
4065.215  5.536068E-18
4067.827  2.397260E-17
4070.44  5.485722E-18
4073.053  9.347560E-18
4075.667  9.497530E-18
4078.281  1.852596E-17
4080.895  1.492013E-17
4083.51  4.938205E-18
4086.125  1.852098E-17
4088.74  1.390708E-17
4091.355  1.126182E-17
4093.971  6.746312E-18
4096.587  2.474335E-17
4099.204  1.438073E-17
4101.82  8.422949E-18
4104.438  9.493142E-18
4107.055  7.880902E-18
4109.672  5.110367E-18
4112.291  2.136518E-17
4114.909  1.130845E-17
4117.527  1.732126E-17
4120.146  1.008263E-17
4122.766  1.261297E-17
4125.385  1.158854E-17
4128.005  1.494307E-17
4130.625  1.694610E-17
4133.246  2.901886E-17
4135.867  2.197656E-17
4138.488  2.577586E-17
4141.109  1.881712E-17
4143.731  2.296943E-17
4146.353  2.424187E-17
4148.975  1.996059E-17
4151.598  1.200846E-17
4154.221  2.072355E-17
4156.844  1.242875E-17
4159.468  3.265348E-17
4162.092  1.932078E-17
4164.716  1.589030E-17
4167.34  2.551360E-17
4169.965  2.611831E-17
4172.59  2.479618E-17
4175.216  1.186811E-17
4177.842  1.820415E-17
4180.468  2.480491E-17
4183.094  2.175581E-17
4185.721  3.105235E-17
4188.348  1.899033E-17
4190.975  2.264736E-17
4193.603  2.801192E-17
4196.23  1.750243E-17
4198.859  2.491891E-17
4201.487  1.444046E-17
4204.116  9.533549E-18
4206.745  1.441979E-17
4209.375  1.496520E-17
4212.004  1.614066E-17
4214.634  1.160501E-17
4217.265  1.296252E-17
4219.896  1.289896E-17
4222.526  2.130324E-17
4225.158  1.776954E-17
4227.79  2.043759E-17
4230.421  1.972778E-17
4233.053  2.328948E-17
4235.686  2.859897E-17
4238.319  1.928788E-17
4240.952  2.849869E-17
4243.585  2.306825E-17
4246.219  1.934657E-17
4248.853  2.245271E-17
4251.487  1.854718E-17
4254.122  2.893773E-17
4256.756  1.333975E-17
4259.392  2.413280E-17
4262.027  3.165026E-17
4264.663  1.559169E-17
4267.299  1.619458E-17
4269.936  2.613004E-17
4272.572  2.086495E-17
4275.209  2.631638E-17
4277.847  2.558121E-17
4280.484  2.193603E-17
4283.122  2.542942E-17
4285.76  2.902283E-17
4288.399  2.083730E-17
4291.038  2.698163E-17
4293.677  2.625429E-17
4296.316  2.264054E-17
4298.956  1.991467E-17
4301.596  1.811948E-17
4304.236  2.909281E-17
4306.876  2.561262E-17
4309.518  2.390066E-17
4312.159  1.881983E-17
4314.8  1.728621E-17
4317.442  1.947598E-17
4320.084  2.754905E-17
4322.727  2.221546E-17
4325.369  2.195676E-17
4328.012  1.829739E-17
4330.655  1.609024E-17
4333.299  1.635983E-17
4335.943  2.779747E-17
4338.587  1.103866E-17
4341.231  1.320320E-17
4343.876  2.568458E-17
4346.521  1.078574E-17
4349.167  1.242602E-17
4351.812  1.723430E-17
4354.458  2.155871E-17
4357.104  1.488405E-17
4359.75  1.331539E-17
4362.397  2.181558E-17
4365.044  1.480298E-17
4367.692  1.122932E-17
4370.339  1.206728E-17
4372.987  9.086958E-18
4375.636  1.225322E-17
4378.284  1.099028E-17
4380.933  9.318569E-18
4383.582  1.391503E-17
4386.231  1.273319E-17
4388.881  1.075355E-17
4391.531  1.524870E-17
4394.182  1.360985E-17
4396.832  1.997328E-17
4399.483  8.284574E-18
4402.134  1.035413E-17
4404.786  1.344179E-17
4407.437  1.109299E-17
4410.089  1.409051E-17
4412.742  1.200497E-17
4415.394  1.257033E-17
4418.047  1.108739E-17
4420.7  1.243504E-17
4423.354  1.210724E-17
4426.007  1.273969E-17
4428.662  2.252944E-17
4431.316  1.650555E-17
4433.971  1.467324E-17
4436.625  1.771322E-17
4439.281  7.451002E-18
4441.936  1.468878E-17
4444.592  1.444142E-17
4447.248  1.724409E-17
4449.904  1.594640E-17
4452.561  9.280281E-18
4455.218  1.391456E-17
4457.875  1.790468E-18
4460.532  2.128475E-17
4463.19  1.386199E-17
4465.848  1.503048E-17
4468.506  2.017682E-17
4471.165  1.723409E-17
4473.824  4.571741E-18
4476.483  1.404842E-17
4479.143  1.285989E-17
4481.802  1.616768E-17
4484.462  1.740823E-17
4487.123  1.026857E-17
4489.783  1.304641E-17
4492.444  1.431831E-17
4495.105  1.547905E-17
4497.767  6.247595E-18
4500.429  1.637377E-17
4503.091  1.515707E-17
4505.753  1.446514E-17
4508.416  1.150771E-17
4511.078  1.923036E-17
4513.742  1.190410E-17
4516.405  1.187979E-17
4519.068  1.919557E-17
4521.732  7.275988E-18
4524.397  5.992881E-18
4527.062  1.623481E-17
4529.726  8.295069E-18
4532.391  2.168312E-17
4535.057  1.036089E-17
4537.722  1.234453E-17
4540.388  1.395366E-17
4543.054  1.872741E-17
4545.721  2.227859E-17
4548.388  2.582976E-17
4551.055  2.057087E-17
4553.722  1.346944E-17
4556.39  1.643670E-17
4559.058  1.694995E-17
4561.726  1.902323E-17
4564.394  1.576029E-17
4567.063  1.536556E-17
4569.732  2.333689E-17
4572.401  2.500990E-17
4575.07  1.376887E-17
4577.74  1.506685E-17
4580.411  1.460260E-17
4583.081  1.737805E-17
4585.751  9.495554E-18
4588.422  2.406361E-17
4591.093  1.182759E-17
4593.765  9.371793E-18
4596.437  1.271281E-17
4599.109  1.145035E-17
4601.781  1.036401E-17
4604.454  1.239287E-17
4607.126  1.464070E-17
4609.799  1.262098E-17
4612.473  1.090414E-17
4615.146  1.736053E-17
4617.82  1.613205E-17
4620.495  1.136717E-17
4623.169  1.236486E-17
4625.844  1.481304E-17
4628.519  1.894270E-17
4631.194  1.345714E-17
4633.87  1.097674E-17
4636.545  1.655972E-17
4639.222  3.286352E-18
4641.898  2.000039E-17
4644.575  1.947553E-17
4647.251  1.918294E-17
4649.929  1.136814E-17
4652.606  1.345887E-17
4655.284  1.461453E-17
4657.961  1.798578E-17
4660.64  2.027793E-17
4663.318  1.809798E-17
4665.997  8.669313E-18
4668.676  1.707154E-17
4671.355  1.070408E-17
4674.035  9.906488E-18
4676.715  1.451470E-17
4679.395  1.201194E-17
4682.076  9.273620E-18
4684.756  1.542838E-17
4687.437  1.490842E-17
4690.118  1.491288E-17
4692.8  1.009269E-17
4695.481  1.263104E-17
4698.164  1.651164E-17
4700.846  1.250613E-17
4703.528  1.959115E-17
4706.211  2.012936E-17
4708.894  1.576180E-17
4711.578  1.618813E-17
4714.261  1.470660E-17
4716.945  1.702793E-17
4719.629  1.284817E-17
4722.313  1.254663E-17
4724.998  1.545713E-17
4727.683  2.044703E-17
4730.368  2.521422E-17
4733.054  2.147694E-17
4735.739  1.438366E-17
4738.425  2.322669E-17
4741.111  2.019032E-17
4743.798  1.764358E-17
4746.484  2.734258E-17
4749.171  2.193934E-17
4751.859  1.764932E-17
4754.546  1.393977E-17
4757.234  2.837447E-17
4759.922  2.721085E-17
4762.61  3.601177E-17
4765.299  1.898793E-17
4767.988  2.660965E-17
4770.677  3.029868E-17
4773.366  2.799476E-17
4776.056  3.348366E-17
4778.746  3.319960E-17
4781.436  3.099962E-17
4784.126  2.807967E-17
4786.817  2.986994E-17
4789.508  3.660466E-17
4792.199  2.758941E-17
4794.891  3.544723E-17
4797.582  2.678630E-17
4800.274  2.933290E-17
4802.966  4.134016E-17
4805.659  3.007881E-17
4808.352  3.441971E-17
4811.044  3.029005E-17
4813.738  3.562660E-17
4816.431  4.183211E-17
4819.125  3.405226E-17
4821.819  3.885767E-17
4824.513  3.288974E-17
4827.208  4.223103E-17
4829.902  3.077446E-17
4832.598  4.141729E-17
4835.293  3.054219E-17
4837.988  3.935054E-17
4840.684  3.530758E-17
4843.38  2.717658E-17
4846.077  3.988402E-17
4848.773  4.067729E-17
4851.47  3.736697E-17
4854.167  4.111472E-17
4856.864  3.263960E-17
4859.562  3.902560E-17
4862.26  3.392264E-17
4864.958  3.284833E-17
4867.656  3.751647E-17
4870.354  3.026340E-17
4873.053  2.343399E-17
4875.752  4.691109E-17
4878.452  4.331933E-17
4881.151  3.790426E-17
4883.851  3.408256E-17
4886.551  4.040761E-17
4889.251  4.205802E-17
4891.952  3.840940E-17
4894.653  3.961685E-17
4897.354  4.061709E-17
4900.055  4.565380E-17
4902.757  3.967304E-17
4905.459  4.135456E-17
4908.161  4.475793E-17
4910.863  3.894337E-17
4913.566  3.840611E-17
4916.269  2.921362E-17
4918.972  3.825007E-17
4921.675  4.431941E-17
4924.378  4.379343E-17
4927.083  3.311815E-17
4929.787  3.771073E-17
4932.491  3.512175E-17
4935.195  3.305356E-17
4937.9  3.645434E-17
4940.605  4.625228E-17
4943.311  3.829583E-17
4946.016  2.976162E-17
4948.722  3.227171E-17
4951.428  3.649607E-17
4954.134  3.439908E-17
4956.841  3.800388E-17
4959.547  4.603787E-17
4962.254  2.941808E-17
4964.962  4.169030E-17
4967.669  3.374432E-17
4970.377  3.719865E-17
4973.085  3.146874E-17
4975.793  3.795537E-17
4978.502  3.564615E-17
4981.21  2.864019E-17
4983.919  2.772159E-17
4986.629  3.550200E-17
4989.338  3.463468E-17
4992.048  3.472440E-17
4994.758  2.884753E-17
4997.468  3.056142E-17
5000.179  3.529838E-17
5002.889  2.522715E-17
5005.6  2.984382E-17
5008.312  4.047518E-17
5011.023  2.542399E-17
5013.734  3.185521E-17
5016.446  3.410068E-17
5019.158  3.454208E-17
5021.871  3.514772E-17
5024.583  3.570313E-17
5027.296  2.831400E-17
5030.009  3.196963E-17
5032.723  2.662882E-17
5035.436  2.856787E-17
5038.15  3.247614E-17
5040.864  2.592526E-17
5043.578  3.281831E-17
5046.293  2.706457E-17
5049.007  2.759404E-17
5051.723  2.489287E-17
5054.438  3.258140E-17
5057.153  2.592962E-17
5059.869  3.458488E-17
5062.585  2.889702E-17
5065.301  3.020037E-17
5068.018  2.184922E-17
5070.734  3.649873E-17
5073.451  1.578516E-17
5076.168  3.737275E-17
5078.886  3.244678E-17
5081.603  3.019329E-17
5084.321  2.555606E-17
5087.039  2.906921E-17
5089.757  1.972981E-17
5092.476  3.033752E-17
5095.195  2.811992E-17
5097.914  3.828929E-17
5100.633  3.165402E-17
5103.353  2.644852E-17
5106.072  2.923784E-17
5108.792  3.090453E-17
5111.512  2.960410E-17
5114.232  4.585036E-17
5116.953  3.505659E-17
5119.674  3.789267E-17
5122.395  3.668493E-17
5125.117  3.004804E-17
5127.838  3.215862E-17
5130.56  3.154586E-17
5133.282  2.532656E-17
5136.004  2.815403E-17
5138.727  3.146591E-17
5141.45  2.568115E-17
5144.172  2.282562E-17
5146.896  3.488456E-17
5149.619  2.996677E-17
5152.343  2.637393E-17
5155.066  3.393917E-17
5157.791  3.069254E-17
5160.515  3.289034E-17
5163.24  3.199151E-17
5165.964  3.502203E-17
5168.689  3.830702E-17
5171.415  3.306765E-17
5174.14  3.693087E-17
5176.866  2.709646E-17
5179.592  2.944641E-17
5182.318  3.111835E-17
5185.044  3.276447E-17
5187.771  3.077482E-17
5190.498  3.269205E-17
5193.225  2.760129E-17
5195.952  2.698456E-17
5198.68  3.086963E-17
5201.408  3.952780E-17
5204.136  2.534264E-17
5206.864  5.244467E-17
5209.592  4.091935E-17
5212.321  3.723175E-17
5215.05  4.285740E-17
5217.779  4.410374E-17
5220.508  4.101183E-17
5223.238  3.520126E-17
5225.967  3.590370E-17
5228.698  2.750580E-17
5231.428  4.010252E-17
5234.158  3.961798E-17
5236.889  4.037742E-17
5239.62  3.924238E-17
5242.351  3.684281E-17
5245.082  3.464817E-17
5247.814  3.969908E-17
5250.545  3.193729E-17
5253.278  4.328194E-17
5256.01  3.877761E-17
5258.742  4.636985E-17
5261.475  5.595899E-17
5264.208  4.853352E-17
5266.941  4.611444E-17
5269.674  3.869185E-17
5272.408  3.154467E-17
5275.142  3.268684E-17
5277.876  2.801888E-17
5280.61  2.833224E-17
5283.344  3.274526E-17
5286.079  2.830060E-17
5288.814  3.008540E-17
5291.549  4.099451E-17
5294.284  3.536706E-17
5297.02  3.512993E-17
5299.756  2.235637E-17
5302.492  2.986537E-17
5305.228  3.803846E-17
5307.964  4.083406E-17
5310.701  3.012614E-17
5313.438  2.713182E-17
5316.175  3.280734E-17
5318.912  2.880905E-17
5321.649  2.865140E-17
5324.387  2.691444E-17
5327.125  1.880651E-17
5329.863  1.813555E-17
5332.602  2.162272E-17
5335.34  2.367524E-17
5338.079  1.930675E-17
5340.818  2.833746E-17
5343.558  2.137618E-17
5346.297  2.867501E-17
5349.037  2.915842E-17
5351.776  3.290852E-17
5354.517  2.927930E-17
5357.257  3.170378E-17
5359.998  2.505517E-17
5362.738  2.492018E-17
5365.479  2.440762E-17
5368.22  2.852663E-17
5370.961  2.322605E-17
5373.703  2.631766E-17
5376.445  1.957692E-17
5379.187  3.314797E-17
5381.929  3.001883E-17
5384.671  2.030129E-17
5387.414  2.733843E-17
5390.157  2.936336E-17
5392.9  2.442228E-17
5395.644  3.017475E-17
5398.387  3.553217E-17
5401.13  2.554366E-17
5403.875  2.956897E-17
5406.619  2.707261E-17
5409.363  2.629601E-17
5412.107  2.945047E-17
5414.852  3.207022E-17
5417.597  2.710267E-17
5420.342  3.153653E-17
5423.088  3.278978E-17
5425.833  3.664294E-17
5428.579  3.273161E-17
5431.325  3.210558E-17
5434.071  3.113134E-17
5436.818  4.457318E-17
5439.564  3.656135E-17
5442.311  3.650425E-17
5445.058  2.080767E-17
5447.806  3.660327E-17
5450.553  3.458112E-17
5453.301  3.683884E-17
5456.048  3.686938E-17
5458.796  3.689985E-17
5461.545  2.654688E-17
5464.293  3.355712E-17
5467.042  3.092693E-17
5469.791  3.471960E-17
5472.54  2.499126E-17
5475.289  3.722450E-17
5478.039  3.392564E-17
5480.789  3.670938E-17
5483.539  3.291017E-17
5486.289  3.057609E-17
5489.039  3.557036E-17
5491.79  3.725641E-17
5494.54  3.067127E-17
5497.291  3.964485E-17
5500.042  4.076809E-17
5502.793  3.593249E-17
5505.545  3.657974E-17
5508.297  3.366611E-17
5511.049  3.396616E-17
5513.801  4.032217E-17
5516.553  3.558816E-17
5519.306  3.816332E-17
5522.059  2.720429E-17
5524.812  4.202049E-17
5527.565  3.646880E-17
5530.318  3.810263E-17
5533.072  3.662242E-17
5535.825  4.263932E-17
5538.58  3.413962E-17
5541.333  3.140325E-17
5544.088  4.325721E-17
5546.842  4.487437E-17
5549.597  4.487003E-17
5552.352  5.219606E-17
5555.107  4.120195E-17
5557.863  4.785186E-17
5560.618  3.937071E-17
5563.374  3.811969E-17
5566.13  4.904915E-17
5568.886  3.338211E-17
5571.643  4.269847E-17
5574.399  3.826171E-17
5577.156  4.798882E-17
5579.913  2.898818E-17
5582.67  5.510549E-17
5585.427  4.155841E-17
5588.185  4.751629E-17
5590.942  4.333947E-17
5593.7  5.390400E-17
5596.458  4.439904E-17
5599.217  4.977163E-17
5601.975  4.050576E-17
5604.734  4.247450E-17
5607.493  4.893575E-17
5610.252  4.008362E-17
5613.011  4.121418E-17
5615.771  4.207190E-17
5618.53  5.111116E-17
5621.29  4.281066E-17
5624.05  4.520257E-17
5626.811  5.666419E-17
5629.571  5.574211E-17
5632.332  4.746212E-17
5635.092  4.483532E-17
5637.854  5.334983E-17
5640.615  4.973777E-17
5643.376  5.199549E-17
5646.138  4.750375E-17
5648.899  4.435648E-17
5651.661  5.148945E-17
5654.423  4.105311E-17
5657.186  5.122274E-17
5659.948  4.857098E-17
5662.711  4.885846E-17
5665.474  4.222559E-17
5668.237  4.008207E-17
5671.  4.724542E-17
5673.764  4.573686E-17
5676.528  5.127893E-17
5679.292  3.997283E-17
5682.056  5.116685E-17
5684.82  4.271625E-17
5687.584  3.869236E-17
5690.349  4.295597E-17
5693.114  5.042359E-17
5695.879  3.825478E-17
5698.644  3.903865E-17
5701.409  4.617963E-17
5704.175  4.163405E-17
5706.94  4.598500E-17
5709.707  3.826414E-17
5712.473  4.732825E-17
5715.239  4.827417E-17
5718.005  4.687954E-17
5720.772  4.636905E-17
5723.539  4.430214E-17
5726.306  4.769025E-17
5729.073  5.259403E-17
5731.841  4.793169E-17
5734.608  4.724859E-17
5737.376  4.760560E-17
5740.144  5.200234E-17
5742.912  5.244120E-17
5745.681  5.394271E-17
5748.449  5.672062E-17
5751.218  5.367955E-17
5753.987  5.046169E-17
5756.756  4.649498E-17
5759.525  5.703668E-17
5762.294  5.512163E-17
5765.064  5.496568E-17
5767.834  5.509570E-17
5770.604  5.066674E-17
5773.374  5.929825E-17
5776.145  5.532102E-17
5778.915  5.747081E-17
5781.686  5.413983E-17
5784.457  5.647532E-17
5787.228  6.358843E-17
5789.999  5.840464E-17
5792.771  5.132678E-17
5795.542  5.717444E-17
5798.314  6.630180E-17
5801.086  6.151934E-17
5803.858  5.751301E-17
5806.63  5.092873E-17
5809.403  5.707605E-17
5812.176  6.167023E-17
5814.949  5.528542E-17
5817.722  5.379658E-17
5820.495  6.134128E-17
5823.268  5.790610E-17
5826.042  5.284233E-17
5828.815  6.449604E-17
5831.589  5.586370E-17
5834.364  5.807285E-17
5837.138  6.451396E-17
5839.913  5.515044E-17
5842.687  6.219856E-17
5845.462  5.922131E-17
5848.237  5.188926E-17
5851.012  5.525365E-17
5853.788  4.931562E-17
5856.563  4.896530E-17
5859.339  5.325764E-17
5862.115  5.422737E-17
5864.891  5.471115E-17
5867.667  5.040932E-17
5870.443  5.580653E-17
5873.22  5.301765E-17
5875.997  4.500972E-17
5878.773  5.144268E-17
5881.551  5.025024E-17
5884.328  5.334898E-17
5887.105  4.786772E-17
5889.883  4.567430E-17
5892.661  5.215008E-17
5895.439  5.400604E-17
5898.217  5.586200E-17
5900.995  5.771829E-17
5903.774  5.957490E-17
5906.552  5.934335E-17
5909.331  4.993321E-17
5912.11  4.771609E-17
5914.889  5.644083E-17
5917.668  4.679002E-17
5920.448  5.560980E-17
5923.228  5.698413E-17
5926.008  5.082448E-17
5928.788  5.181778E-17
5931.568  5.154112E-17
5934.348  4.863246E-17
5937.129  5.478461E-17
5939.91  5.090836E-17
5942.69  4.772771E-17
5945.471  5.338898E-17
5948.252  5.534065E-17
5951.034  5.421675E-17
5953.815  5.362795E-17
5956.597  5.303884E-17
5959.379  5.244983E-17
5962.161  5.186072E-17
5964.943  5.127172E-17
5967.726  5.496004E-17
5970.508  5.705676E-17
5973.291  4.386329E-17
5976.074  4.648577E-17
5978.857  4.848716E-17
5981.64  5.064744E-17
5984.423  4.538884E-17
5987.207  4.885483E-17
5989.991  4.569592E-17
5992.774  5.412368E-17
5995.559  4.889389E-17
5998.343  4.508855E-17
6001.127  4.946085E-17
6003.912  4.330131E-17
6006.696  5.629867E-17
6009.481  4.226588E-17
6012.266  3.596573E-17
6015.051  4.695369E-17
6017.836  4.427754E-17
6020.622  4.050057E-17
6023.408  5.030142E-17
6026.194  4.272016E-17
6028.979  4.669288E-17
6031.766  3.373081E-17
6034.552  3.770138E-17
6037.338  4.133911E-17
6040.125  3.746281E-17
6042.912  3.815216E-17
6045.699  3.803669E-17
6048.486  3.572109E-17
6051.273  2.804895E-17
6054.061  3.520042E-17
6056.849  4.137988E-17
6059.636  3.066056E-17
6062.424  3.626403E-17
6065.212  3.493936E-17
6068.  3.019542E-17
6070.789  2.342472E-17
6073.577  2.454561E-17
6076.366  4.031385E-17
6079.155  4.081853E-17
6081.944  2.918600E-17
6084.733  3.996181E-17
6087.522  3.028328E-17
6090.312  2.801646E-17
6093.102  3.259049E-17
6095.892  3.073219E-17
6098.682  2.531230E-17
6101.472  2.893261E-17
6104.262  3.872863E-17
6107.052  3.898278E-17
6109.843  2.380247E-17
6112.634  3.506002E-17
6115.425  3.887091E-17
6118.216  3.466697E-17
6121.007  4.009094E-17
6123.798  4.252424E-17
6126.59  4.294299E-17
6129.381  3.495155E-17
6132.173  3.947501E-17
6134.965  4.150659E-17
6137.757  4.197286E-17
6140.55  4.545944E-17
6143.342  4.739536E-17
6146.135  4.842552E-17
6148.928  3.682556E-17
6151.721  4.189746E-17
6154.514  3.868322E-17
6157.307  4.957306E-17
6160.1  4.712951E-17
6162.894  3.210477E-17
6165.688  3.585867E-17
6168.481  3.961125E-17
6171.275  4.336514E-17
6174.069  4.711903E-17
6176.863  4.000419E-17
6179.658  4.851780E-17
6182.453  5.173283E-17
6185.247  5.479044E-17
6188.042  4.673948E-17
6190.837  4.908268E-17
6193.632  4.694098E-17
6196.428  4.839155E-17
6199.223  5.489866E-17
6202.019  4.693320E-17
6204.814  4.785465E-17
6207.61  4.140726E-17
6210.407  5.585771E-17
6213.203  5.149598E-17
6215.999  4.939839E-17
6218.795  5.141787E-17
6221.592  4.099732E-17
6224.389  4.569551E-17
6227.186  4.785140E-17
6229.983  5.548791E-17
6232.78  5.112845E-17
6235.578  5.011892E-17
6238.375  5.492271E-17
6241.173  4.691288E-17
6243.971  4.095276E-17
6246.769  4.712207E-17
6249.567  4.901987E-17
6252.365  3.868384E-17
6255.164  4.651620E-17
6257.962  4.831391E-17
6260.761  4.180716E-17
6263.56  5.115657E-17
6266.359  4.316469E-17
6269.158  4.634460E-17
6271.957  4.091206E-17
6274.756  4.243770E-17
6277.556  4.271378E-17
6280.356  4.822098E-17
6283.156  3.940124E-17
6285.956  4.213476E-17
6288.756  4.731562E-17
6291.556  2.180596E-17
6294.356  2.852444E-17
6297.157  3.418058E-17
6299.958  2.447933E-17
6302.759  4.667896E-17
6305.56  3.396640E-17
6308.361  4.872995E-17
6311.162  3.729182E-17
6313.963  3.998226E-17
6316.765  4.771487E-17
6319.566  3.639873E-17
6322.369  3.584576E-17
6325.17  3.352204E-17
6327.973  4.014482E-17
6330.775  3.085049E-17
6333.577  3.990303E-17
6336.38  3.431127E-17
6339.182  3.806919E-17
6341.985  3.896759E-17
6344.788  3.088464E-17
6347.591  3.647310E-17
6350.395  3.492947E-17
6353.198  3.339731E-17
6356.001  2.837406E-17
6358.805  3.040525E-17
6361.608  3.314305E-17
6364.413  3.338143E-17
6367.216  4.069813E-17
6370.021  3.321778E-17
6372.825  3.752191E-17
6375.629  4.323957E-17
6378.434  2.891546E-17
6381.239  3.245745E-17
6384.043  3.444908E-17
6386.849  3.927015E-17
6389.654  2.430465E-17
6392.459  3.120181E-17
6395.264  3.146875E-17
6398.07  3.767901E-17
6400.875  3.253226E-17
6403.681  3.836407E-17
6406.487  4.263888E-17
6409.293  4.086860E-17
6412.099  3.948699E-17
6414.906  3.851218E-17
6417.712  3.372568E-17
6420.519  3.352389E-17
6423.325  3.853686E-17
6426.132  3.412493E-17
6428.939  3.666509E-17
6431.746  3.350217E-17
6434.554  3.758331E-17
6437.361  3.089216E-17
6440.168  3.081863E-17
6442.976  3.496301E-17
6445.784  3.616743E-17
6448.592  3.543683E-17
6451.4  3.126259E-17
6454.208  3.366359E-17
6457.016  4.084905E-17
6459.825  3.558633E-17
6462.633  3.600891E-17
6465.442  4.133507E-17
6468.25  3.813757E-17
6471.06  4.564474E-17
6473.869  4.163692E-17
6476.678  4.025831E-17
6479.487  4.527662E-17
6482.296  4.797135E-17
6485.106  4.900771E-17
6487.916  4.394854E-17
6490.726  4.778123E-17
6493.536  4.833786E-17
6496.346  4.559085E-17
6499.156  4.494205E-17
6501.966  4.127815E-17
6504.776  4.549296E-17
6507.587  3.791404E-17
6510.398  4.253128E-17
6513.208  4.522105E-17
6516.02  4.210347E-17
6518.831  4.637849E-17
6521.642  4.505780E-17
6524.453  3.148735E-17
6527.265  4.190067E-17
6530.076  3.218309E-17
6532.888  4.301119E-17
6535.7  3.595037E-17
6538.512  4.018532E-17
6541.324  3.315874E-17
6544.136  4.646468E-17
6546.948  4.593515E-17
6549.761  4.037732E-17
6552.573  3.713397E-17
6555.386  3.431321E-17
6558.199  3.397257E-17
6561.012  4.507710E-17
6563.825  3.655464E-17
6566.638  4.351085E-17
6569.451  3.635633E-17
6572.265  4.431327E-17
6575.078  3.981722E-17
6577.892  4.414530E-17
6580.706  4.411046E-17
6583.519  3.443825E-17
6586.333  3.852477E-17
6589.147  2.946995E-17
6591.961  4.236333E-17
6594.776  3.988468E-17
6597.59  4.453223E-17
6600.405  4.112240E-17
6603.22  4.397641E-17
6606.035  4.033818E-17
6608.85  4.231582E-17
6611.665  4.526138E-17
6614.48  4.506888E-17
6617.295  4.260836E-17
6620.11  3.706797E-17
6622.926  4.204228E-17
6625.742  4.259037E-17
6628.558  4.294543E-17
6631.374  3.876289E-17
6634.189  4.317338E-17
6637.005  4.360754E-17
6639.822  3.629211E-17
6642.638  3.788754E-17
6645.455  3.563438E-17
6648.271  3.388506E-17
6651.088  3.590458E-17
6653.905  4.156645E-17
6656.722  3.731024E-17
6659.539  3.970398E-17
6662.356  3.923271E-17
6665.173  3.786279E-17
6667.99  4.337540E-17
6670.808  3.710096E-17
6673.625  3.834838E-17
6676.443  3.784230E-17
6679.261  4.017134E-17
6682.079  4.021911E-17
6684.897  4.198175E-17
6687.715  4.272211E-17
6690.534  3.806240E-17
6693.352  3.991513E-17
6696.17  4.747990E-17
6698.989  3.700534E-17
6701.808  4.018523E-17
6704.626  3.354074E-17
6707.445  4.036986E-17
6710.265  4.302863E-17
6713.083  4.239185E-17
6715.903  4.446315E-17
6718.722  4.106167E-17
6721.542  3.891994E-17
6724.361  3.947287E-17
6727.181  3.818215E-17
6730.001  4.733995E-17
6732.821  3.167655E-17
6735.641  4.650318E-17
6738.461  3.349996E-17
6741.281  4.263748E-17
6744.102  3.733358E-17
6746.922  4.271562E-17
6749.743  3.607173E-17
6752.563  3.439139E-17
6755.384  4.024441E-17
6758.205  4.612975E-17
6761.026  4.867333E-17
6763.847  3.925128E-17
6766.668  4.291127E-17
6769.49  4.389099E-17
6772.311  4.181809E-17
6775.133  4.505539E-17
6777.954  4.259696E-17
6780.776  4.101796E-17
6783.598  4.784033E-17
6786.42  3.860759E-17
6789.242  4.612563E-17
6792.064  4.483043E-17
6794.886  3.978042E-17
6797.708  3.877254E-17
6800.531  4.005365E-17
6803.354  4.604150E-17
6806.176  4.165076E-17
6808.999  5.122304E-17
6811.822  4.693226E-17
6814.645  4.414442E-17
6817.468  4.280762E-17
6820.292  4.710382E-17
6823.115  5.302266E-17
6825.938  4.039125E-17
6828.761  3.805758E-17
6831.585  4.191273E-17
6834.409  3.724342E-17
6837.232  4.633597E-17
6840.056  3.960345E-17
6842.88  5.303768E-17
6845.705  4.417028E-17
6848.529  5.134009E-17
6851.353  4.521742E-17
6854.177  4.384658E-17
6857.002  4.418702E-17
6859.827  4.057023E-17
6862.651  5.235040E-17
6865.476  3.381779E-17
6868.301  3.257425E-17
6871.126  3.987754E-17
6873.951  4.062362E-17
6876.776  3.652671E-17
6879.601  4.247293E-17
6882.427  4.100974E-17
6885.252  3.613734E-17
6888.078  4.297846E-17
6890.903  3.414552E-17
6893.729  3.519287E-17
6896.555  4.111534E-17
6899.381  5.375682E-17
6902.207  5.320204E-17
6905.033  5.455621E-17
6907.859  4.262112E-17
6910.686  3.945028E-17
6913.512  3.634330E-17
6916.338  3.086362E-17
6919.165  3.243595E-17
6921.992  4.285529E-17
6924.819  4.816508E-17
6927.646  4.521613E-17
6930.473  3.361406E-17
6933.3  3.852520E-17
6936.127  3.540806E-17
6938.954  4.658189E-17
6941.782  3.132665E-17
6944.609  3.781965E-17
6947.437  3.443108E-17
6950.264  4.378247E-17
6953.092  4.905821E-17
6955.92  4.131313E-17
6958.748  3.950245E-17
6961.576  4.238934E-17
6964.404  4.739994E-17
6967.232  4.197331E-17
6970.06  3.716410E-17
6972.889  3.614077E-17
6975.717  4.672431E-17
6978.545  3.645621E-17
6981.374  4.259871E-17
6984.203  4.718596E-17
6987.032  3.442193E-17
6989.861  4.558688E-17
6992.689  4.187177E-17
6995.519  3.731492E-17
6998.348  3.976999E-17
7001.177  3.458556E-17
7004.006  3.645299E-17
7006.836  4.288604E-17
7009.666  3.572621E-17
7012.495  4.055128E-17
7015.325  4.330391E-17
7018.155  4.004832E-17
7020.984  3.519469E-17
7023.814  3.406276E-17
7026.645  3.436280E-17
7029.475  3.664812E-17
7032.305  4.555202E-17
7035.135  3.435422E-17
7037.965  3.824019E-17
7040.796  3.251640E-17
7043.626  3.685835E-17
7046.457  3.561340E-17
7049.288  3.103262E-17
7052.119  4.303124E-17
7054.95  3.877926E-17
7057.781  2.773373E-17
7060.612  3.683189E-17
7063.443  4.431856E-17
7066.274  3.004129E-17
7069.105  3.766109E-17
7071.937  3.604971E-17
7074.768  3.911064E-17
7077.6  3.714697E-17
7080.431  3.530829E-17
7083.263  2.841006E-17
7086.095  3.613890E-17
7088.927  3.311366E-17
7091.759  3.755636E-17
7094.591  3.630986E-17
7097.423  4.436695E-17
7100.255  3.976517E-17
7103.087  3.463116E-17
7105.92  3.600417E-17
7108.752  3.170736E-17
7111.585  4.216366E-17
7114.417  3.704828E-17
7117.25  2.949742E-17
7120.083  3.336481E-17
7122.916  3.864736E-17
7125.749  2.765383E-17
7128.582  4.234891E-17
7131.415  4.162033E-17
7134.248  3.459660E-17
7137.081  4.105029E-17
7139.915  4.018801E-17
7142.748  3.537814E-17
7145.581  3.451434E-17
7148.415  3.275676E-17
7151.249  3.665821E-17
7154.082  3.968870E-17
7156.916  3.319531E-17
7159.75  3.495984E-17
7162.583  3.435590E-17
7165.417  2.840018E-17
7168.252  3.609091E-17
7171.086  3.293260E-17
7173.92  2.470409E-17
7176.754  3.358921E-17
7179.589  3.514812E-17
7182.423  3.133292E-17
7185.258  3.464173E-17
7188.092  2.467150E-17
7190.927  3.585067E-17
7193.762  3.163367E-17
7196.597  3.276519E-17
7199.432  2.886203E-17
7202.267  3.829491E-17
7205.102  2.813355E-17
7207.937  3.135291E-17
7210.772  3.249307E-17
7213.607  3.267275E-17
7216.442  3.153509E-17
7219.278  3.172541E-17
7222.113  2.793675E-17
7224.949  2.637323E-17
7227.785  3.047362E-17
7230.62  3.199879E-17
7233.456  2.189130E-17
7236.292  1.953458E-17
7239.128  2.564680E-17
7241.964  3.458387E-17
7244.8  2.358596E-17
7247.636  3.563614E-17
7250.472  3.722413E-17
7253.309  2.111514E-17
7256.145  3.158536E-17
7258.981  3.353210E-17
7261.817  4.055279E-17
7264.654  2.338737E-17
7267.491  3.264382E-17
7270.327  1.982862E-17
7273.164  2.010711E-17
7276.001  3.277703E-17
7278.838  3.606420E-17
7281.675  2.578805E-17
7284.512  2.571164E-17
7287.349  3.256675E-17
7290.186  3.538829E-17
7293.023  3.874256E-17
7295.86  3.060483E-17
7298.698  3.531819E-17
7301.535  2.720181E-17
7304.373  3.230391E-17
7307.21  2.535935E-17
7310.047  2.407215E-17
7312.885  2.314133E-17
7315.723  2.651320E-17
7318.561  3.387654E-17
7321.398  1.504607E-17
7324.236  3.297934E-17
7327.074  4.145769E-17
7329.913  3.376174E-17
7332.75  4.000780E-17
7335.589  1.856848E-17
7338.427  3.221908E-17
7341.265  3.502846E-17
7344.104  3.474225E-17
7346.942  3.631219E-17
7349.78  3.152086E-17
7352.619  2.566671E-17
7355.458  3.580948E-17
7358.296  3.304081E-17
7361.135  3.327910E-17
7363.974  3.657123E-17
7366.812  3.069928E-17
7369.651  2.758772E-17
7372.491  2.993213E-17
7375.33  3.633443E-17
7378.168  2.878891E-17
7381.008  3.617593E-17
7383.847  3.255531E-17
7386.686  3.127691E-17
7389.525  2.996906E-17
7392.365  3.454861E-17
7395.204  2.389362E-17
7398.044  3.014513E-17
7400.883  3.639448E-17
7403.723  4.264706E-17
7406.563  3.094134E-17
7409.402  3.101526E-17
7412.242  3.227389E-17
7415.082  2.977242E-17
7417.922  3.187044E-17
7420.762  2.903032E-17
7423.602  2.959524E-17
7426.442  2.629390E-17
7429.282  3.053175E-17
7432.122  2.682306E-17
7434.962  2.772037E-17
7437.803  2.714291E-17
7440.643  3.775536E-17
7443.483  3.273085E-17
7446.324  3.040138E-17
7449.165  2.769811E-17
7452.005  3.065365E-17
7454.846  2.229257E-17
7457.687  2.884800E-17
7460.527  2.443387E-17
7463.368  2.583603E-17
7466.208  3.457930E-17
7469.049  2.736016E-17
7471.891  2.314017E-17
7474.731  2.769003E-17
7477.572  3.338993E-17
7480.414  3.024012E-17
7483.255  3.498917E-17
7486.096  3.193749E-17
7488.937  2.617969E-17
7491.778  3.078354E-17
7494.62  2.910180E-17
7497.461  2.877669E-17
7500.303  2.845141E-17
7503.144  2.812630E-17
7505.986  2.780109E-17
7508.827  3.215101E-17
7511.669  3.344131E-17
7514.511  2.662918E-17
7517.353  2.587653E-17
7520.194  2.845754E-17
7523.036  3.569215E-17
7525.878  2.710069E-17
7528.72  2.808737E-17
7531.562  2.899620E-17
7534.404  3.172077E-17
7537.246  2.805869E-17
7540.088  2.776921E-17
7542.93  2.941525E-17
7545.772  2.593237E-17
7548.615  2.909786E-17
7551.457  3.505754E-17
7554.299  2.683065E-17
7557.142  3.154364E-17
7559.984  2.821584E-17
7562.827  2.545731E-17
7565.669  3.097837E-17
7568.512  3.171093E-17
7571.354  3.142051E-17
7574.197  2.769199E-17
7577.04  2.775532E-17
7579.883  3.410792E-17
7582.726  2.654425E-17
7585.568  3.111763E-17
7588.412  2.692910E-17
7591.254  2.409264E-17
7594.097  2.021083E-17
7596.94  1.570817E-17
7599.784  1.371777E-17
7602.626  1.135924E-17
7605.47  1.181430E-17
7608.313  1.615928E-17
7611.156  1.767303E-17
7614.  2.071755E-17
7616.843  3.034200E-17
7619.686  2.785024E-17
7622.53  1.914705E-17
7625.373  1.563249E-17
7628.217  2.569362E-17
7631.06  2.050459E-17
7633.904  2.026945E-17
7636.748  2.487205E-17
7639.591  2.133466E-17
7642.435  1.554455E-17
7645.278  2.698963E-17
7648.122  2.839154E-17
7650.966  2.779365E-17
7653.81  3.689106E-17
7656.654  2.827305E-17
7659.498  2.926114E-17
7662.342  3.388350E-17
7665.186  3.175990E-17
7668.03  3.660895E-17
7670.874  3.493409E-17
7673.718  3.054951E-17
7676.562  3.361796E-17
7679.406  3.484498E-17
7682.25  3.293573E-17
7685.095  3.515243E-17
7687.939  3.104428E-17
7690.784  3.394442E-17
7693.628  3.104744E-17
7696.473  2.642793E-17
7699.317  2.817718E-17
7702.161  3.557422E-17
7705.006  3.135112E-17
7707.851  2.919671E-17
7710.695  2.899090E-17
7713.54  3.698311E-17
7716.384  2.737479E-17
7719.229  3.127689E-17
7722.074  3.580056E-17
7724.918  3.535622E-17
7727.763  3.409371E-17
7730.608  3.711326E-17
7733.453  3.745625E-17
7736.298  3.299212E-17
7739.143  2.932814E-17
7741.988  2.616018E-17
7744.833  3.521896E-17
7747.678  2.955762E-17
7750.523  3.612537E-17
7753.368  3.624000E-17
7756.213  3.015240E-17
7759.058  4.100237E-17
7761.903  4.412560E-17
7764.749  2.980035E-17
7767.594  3.578492E-17
7770.439  4.019365E-17
7773.285  3.517285E-17
7776.13  3.984474E-17
7778.975  3.017943E-17
7781.821  3.188993E-17
7784.666  2.598328E-17
7787.512  3.452737E-17
7790.357  4.127671E-17
7793.203  4.007872E-17
7796.048  3.238625E-17
7798.894  3.307565E-17
7801.739  2.962582E-17
7804.585  3.767621E-17
7807.431  3.229053E-17
7810.276  3.015743E-17
7813.122  3.182037E-17
7815.968  2.956129E-17
7818.813  3.899438E-17
7821.659  3.510268E-17
7824.505  3.293060E-17
7827.351  3.348883E-17
7830.197  2.698595E-17
7833.042  3.752218E-17
7835.888  3.772203E-17
7838.734  3.143884E-17
7841.581  2.450715E-17
7844.426  3.421595E-17
7847.272  3.536830E-17
7850.118  3.585147E-17
7852.964  2.079594E-17
7855.811  3.678090E-17
7858.657  3.373039E-17
7861.503  3.291350E-17
7864.349  3.680559E-17
7867.195  3.156710E-17
7870.042  2.597497E-17
7872.888  1.906263E-17
7875.734  2.973621E-17
7878.58  1.928431E-17
7881.426  2.006994E-17
7884.272  2.346103E-17
7887.119  2.460321E-17
7889.965  2.618839E-17
7892.812  2.547563E-17
7895.658  2.217699E-17
7898.504  1.010647E-17
7901.351  2.076855E-17
7904.197  2.225332E-17
7907.044  2.649640E-17
7909.89  2.746350E-17
7912.737  2.132816E-17
7915.583  1.642949E-17
7918.43  1.242681E-17
7921.276  1.853092E-17
7924.123  2.564017E-17
7926.97  1.232882E-17
7929.816  1.926485E-17
7932.663  1.226054E-17
7935.51  1.419120E-17
7938.356  1.892850E-17
7941.203  1.016843E-17
7944.05  1.209484E-17
7946.896  1.253165E-17
7949.743  6.284807E-18
7952.59  3.615767E-18
7955.437  8.484285E-18
7958.284  1.107055E-17
7961.13  1.487196E-17
7963.977  1.437219E-17
7966.824  1.691752E-17
7969.671  8.528540E-18
7972.518  1.031601E-17
7975.365  1.106695E-17
7978.211  1.485920E-17
7981.059  1.387768E-17
7983.905  1.049724E-17
7986.752  1.343384E-17
7989.6  1.010568E-17
7992.446  2.891116E-17
7995.293  1.733409E-17
7998.14  1.800937E-17
8000.987  1.858992E-17
8003.834  1.871323E-17
8006.682  1.455981E-17
8009.528  2.007480E-17
8012.375  1.762033E-17
8015.223  1.827219E-17
8018.07  2.069774E-17
8020.917  1.842073E-17
8023.764  1.714885E-17
8026.611  1.690025E-17
8029.458  1.919604E-17
8032.305  2.606774E-17
8035.152  2.379448E-17
8038.  2.211651E-17
8040.847  2.359445E-17
8043.694  1.936125E-17
8046.541  2.374253E-17
8049.388  3.020714E-17
8052.236  2.741085E-17
8055.083  3.069530E-17
8057.93  2.805329E-17
8060.777  2.511495E-17
8063.625  2.314500E-17
8066.472  3.189852E-17
8069.319  3.035393E-17
8072.167  2.631026E-17
8071.896  2.631352E-17
8074.638  2.865199E-17
8077.381  2.194353E-17
8080.124  3.145605E-17
8082.867  3.222572E-17
8085.61  2.354004E-17
8088.354  3.116864E-17
8091.098  3.954496E-17
8093.842  1.614303E-17
8096.586  2.728144E-17
8099.331  2.924601E-17
8102.076  3.407796E-17
8104.821  4.039956E-17
8107.566  2.056567E-17
8110.312  2.142507E-17
8113.057  3.542856E-17
8115.803  2.897014E-17
8118.549  2.423599E-17
8121.295  3.223719E-17
8124.042  3.281335E-17
8126.789  3.195320E-17
8129.536  2.174428E-17
8132.283  3.126872E-17
8135.03  3.437246E-17
8137.777  3.646542E-17
8140.525  3.120747E-17
8143.273  3.441018E-17
8146.021  3.349890E-17
8148.77  3.391542E-17
8151.519  2.690942E-17
8154.268  3.525722E-17
8157.017  3.614428E-17
8159.766  3.096573E-17
8162.516  4.623389E-17
8165.265  2.076434E-17
8168.015  3.408166E-17
8170.765  3.073197E-17
8173.516  3.593036E-17
8176.266  3.484918E-17
8179.017  3.647899E-17
8181.768  3.758787E-17
8184.519  4.746489E-17
8187.27  3.228320E-17
8190.021  3.499996E-17
8192.773  4.483099E-17
8195.525  3.287001E-17
8198.277  4.908453E-17
8201.029  4.351008E-17
8203.782  4.197018E-17
8206.535  4.185164E-17
8209.287  3.216504E-17
8212.041  3.460626E-17
8214.794  4.492949E-17
8217.548  4.018542E-17
8220.301  3.846948E-17
8223.055  3.502280E-17
8225.809  3.566491E-17
8228.563  3.630724E-17
8231.317  3.694935E-17
8234.072  3.188470E-17
8236.827  3.190219E-17
8239.582  3.034332E-17
8242.337  3.810874E-17
8245.092  3.530038E-17
8247.848  3.617706E-17
8250.604  3.140386E-17
8253.359  4.560589E-17
8256.115  4.123499E-17
8258.872  4.353709E-17
8261.628  3.779305E-17
8264.385  3.506348E-17
8267.142  2.064402E-17
8269.898  3.413603E-17
8272.655  3.564491E-17
8275.413  3.715432E-17
8278.17  2.905367E-17
8280.928  3.457890E-17
8283.686  4.147351E-17
8286.443  5.323745E-17
8289.202  4.740387E-17
8291.96  5.173764E-17
8294.719  6.506646E-17
8297.478  5.535679E-17
8300.236  5.007875E-17
8302.995  4.418081E-17
8305.754  3.740529E-17
8308.514  2.765674E-17
8311.273  3.368620E-17
8314.033  2.977457E-17
8316.793  3.423380E-17
8319.553  4.681120E-17
8322.313  3.750503E-17
8325.073  4.492595E-17
8327.834  3.258505E-17
8330.594  3.727806E-17
8333.355  4.197439E-17
8336.116  4.666906E-17
8338.877  5.136373E-17
8341.639  5.606006E-17
8344.399  6.075473E-17
8347.161  6.545106E-17
8349.923  3.034395E-17
8352.686  3.873855E-17
8355.447  4.417120E-17
8358.209  3.843007E-17
8360.972  4.741440E-17
8363.734  5.223426E-17
8366.497  3.386318E-17
8369.26  3.619272E-17
8372.022  2.863995E-17
8374.786  2.639348E-17
8377.549  2.268644E-17
8380.312  2.775514E-17
8383.076  1.725288E-17
8385.84  3.364016E-17
8388.604  2.503356E-17
8391.368  4.883785E-17
8394.132  2.534563E-17
8396.896  4.554572E-17
8399.66  3.140545E-17
8402.425  2.369304E-17
8405.189  2.096397E-17
8407.955  1.409177E-17
8410.72  2.038246E-17
8413.485  5.597518E-18
8416.25  1.286145E-17
8419.016  3.464462E-17
8421.781  2.190488E-17
8424.547  3.696433E-17
8427.313  4.202268E-17
8430.079  3.582375E-17
8432.845  2.766889E-17
8435.611  2.965592E-17
8438.378  5.036246E-17
8441.145  2.205266E-17
8443.911  3.837111E-17
8446.678  1.329573E-17
8449.444  1.740336E-17
8452.212  1.525858E-17
8454.979  1.843067E-17
8457.746  1.440450E-17
8460.514  2.078638E-17
8463.281  3.224069E-17
8466.049  3.920617E-17
8468.816  4.200260E-17
8471.584  9.083920E-18
8474.353  3.102953E-17
8477.121  2.576232E-17
8479.889  3.117732E-17
8482.657  1.769645E-17
8485.426  1.596109E-17
8488.194  1.906392E-17
8490.964  2.866417E-17
8493.732  8.388122E-18
8496.502  2.082353E-17
8499.271  2.005501E-17
8502.04  3.668038E-18
8504.81  6.480357E-18
8507.579  1.905299E-17
8510.349  3.559543E-17
8513.118  2.386158E-17
8515.889  1.383351E-17
8518.658  2.141713E-17
8521.429  1.930117E-17
8524.199  1.170289E-17
8526.969  2.474126E-17
8529.739  2.161008E-17
8532.51  2.509830E-17
8535.281  2.077185E-17
8538.052  1.513906E-17
8540.822  1.358860E-17
8543.594  1.415928E-17
8546.365  9.414508E-18
8549.136  2.190805E-17
8551.907  1.772627E-17
8554.679  2.334314E-17
8557.45  2.479812E-17
8560.222  1.912781E-17
8562.994  1.312245E-17
8565.766  8.550342E-18
8568.538  2.733612E-17
8571.31  2.645883E-17
8574.082  2.878453E-17
8576.854  1.710721E-17
8579.627  6.847571E-18
8582.399  1.346408E-17
8585.172  1.543803E-17
8587.944  1.253166E-17
8590.718  2.202159E-17
8593.49  1.558826E-17
8596.264  1.543318E-17
8599.037  2.769581E-17
8601.81  6.550882E-18
8604.583  1.439072E-17
8607.356  6.142501E-18
8610.13  -7.011754E-18
8612.903  9.043559E-18
8615.678  4.426550E-18
8618.451  1.421829E-17
8621.226  -1.580383E-18
8623.999  1.310198E-17
8626.773  2.765272E-17
8629.548  9.656627E-18
8632.321  -6.837201E-18
8635.096  8.453379E-18
8637.87  1.196361E-17
8640.646  4.942041E-18
8643.42  9.377474E-18
8646.194  1.294645E-17
8648.969  1.345603E-17
8651.744  -3.430022E-18
8654.52  -2.451726E-19
8657.294  7.193335E-18
8660.069  -9.722922E-18
8662.845  1.481530E-17
8665.62  6.709803E-18
8668.396  1.079743E-17
8671.171  4.563204E-19
8673.946  1.423846E-17
8676.723  3.172668E-18
8679.498  -3.365642E-18
8682.273  1.343437E-17
8685.05  3.307750E-18
8687.826  -9.335483E-18
8690.602  1.681110E-17
8693.378  1.590562E-17
8696.154  -1.010675E-18
8698.931  1.066777E-17
8701.707  9.912546E-18
8704.483  6.621467E-18
8707.26  5.197955E-18
8710.037  4.710906E-18
8712.813  2.428606E-18
8715.59  7.010124E-18
8718.367  1.516298E-20
8721.145  7.243025E-18
8723.921  -4.742073E-18
8726.698  7.957588E-19
8729.476  -2.637633E-18
8732.253  2.019852E-17
8735.03  1.205160E-17
8737.808  3.303417E-18
8740.585  6.116190E-18
8743.362  1.404159E-18
8746.14  7.886055E-19
8748.918  -4.730194E-18
8751.695  3.649878E-18
8754.474  9.282272E-18
8757.251  -2.862744E-19
8760.029  -9.858186E-18
8762.808  -1.443174E-17
8765.585  2.243805E-17
8768.363  1.061338E-17
8771.142  -3.882633E-18
8773.92  1.231423E-17
8776.698  4.797420E-17
8779.477  1.059486E-17
8782.255  3.363023E-17
8785.034  9.349332E-18
8787.812  -2.718361E-18
8790.591  4.595102E-18
8793.37  6.484354E-18
8796.148  1.146826E-17
8798.928  1.685848E-17
8801.707  1.285162E-17
8804.485  5.442987E-18
8807.265  1.605529E-17
8810.044  -3.651278E-19
8812.823  9.326326E-18
8815.603  1.476861E-17
8818.382  2.089594E-17
8821.161  2.333605E-17
8823.94  2.577617E-17
8826.72  2.821628E-17
8829.499  3.065639E-17
8832.279  3.309736E-17
8835.059  3.553747E-17
8837.838  3.797759E-17
8840.618  1.767805E-17
8843.397  -3.592987E-19
8846.178  3.202373E-17
8848.958  7.700290E-18
8851.737  1.809121E-17
8854.518  3.388909E-17
8857.298  2.335328E-17
8860.078  1.396455E-17
8862.858  3.617877E-17
8865.639  1.354173E-17
8868.419  2.488211E-17
8871.199  1.637626E-17
8873.979  2.035828E-17
8876.76  -9.704146E-20
8879.54  3.185415E-17
8882.32  3.134766E-17
8885.102  1.776957E-17
8887.882  3.006432E-17
8890.663  1.655216E-17
8893.443  1.263556E-17
8896.224  2.544177E-17
8899.005  1.075453E-17
8901.786  1.918675E-17
8904.566  1.177879E-17
8907.348  8.969121E-18
8910.129  8.042673E-18
8912.91  7.116225E-18
8915.69  6.190101E-18
8918.472  3.240035E-17
8921.253  2.911153E-17
8924.034  2.241639E-17
8926.815  2.567785E-17
8929.597  2.907596E-17
8932.378  3.118843E-17
8935.16  4.442005E-17
8937.941  2.780273E-17
8940.723  2.057453E-17
8943.504  1.598556E-17
8946.286  2.478656E-17
8949.067  2.455737E-17
8951.849  2.171162E-17
8954.631  3.478649E-17
8957.412  2.658874E-17
8960.194  4.739117E-17
8962.976  8.008971E-18
8965.758  1.495502E-17
8968.539  2.013002E-17
8971.321  1.789288E-17
8974.104  1.433612E-17
8976.885  2.411891E-17
8979.667  2.212979E-17
8982.449  -3.927443E-19
8985.231  1.275743E-17
8988.014  5.334034E-18
8990.796  2.916429E-17
8993.578  2.812085E-17
8996.36  2.707742E-17
8999.143  2.603398E-17
9001.925  2.499054E-17
9004.707  2.394711E-17
9007.489  2.290367E-17
9010.271  2.186023E-17
9013.054  2.302569E-17
9015.836  1.557268E-17
9018.619  7.728928E-18
9021.401  1.125340E-17
9024.184  2.914589E-17
9026.966  2.797255E-17
9029.749  2.679881E-17
9032.531  2.562547E-17
9035.314  2.445173E-17
9038.097  2.327839E-17
9040.879  2.210506E-17
9043.662  2.093131E-17
9046.444  1.806793E-17
9049.228  3.805503E-17
9052.011  5.415973E-17
9054.793  4.630545E-17
9057.576  4.300046E-17
9060.358  3.863660E-17
9063.142  3.656610E-17
9065.925  3.188654E-17
9068.708  3.158059E-17
9071.49  4.460465E-17
9074.273  4.424871E-17
9077.057  3.366513E-17
9079.84  2.577166E-17
9082.623  4.013470E-17
9085.405  4.926528E-17
9088.188  3.828884E-17
9090.972  4.331031E-17
9093.755  4.117303E-17
9096.538  3.683112E-17
9099.321  5.036098E-17
9102.104  2.971341E-17
9104.888  4.739546E-17
9107.671  4.223688E-17
9110.454  5.220056E-17
9113.237  5.567246E-17
9116.021  3.272034E-17
9118.804  3.358016E-17
9121.588  3.831791E-17
9124.371  3.722980E-17
9127.154  3.844025E-17
9129.938  4.248539E-17
9132.721  5.141942E-17
9135.505  3.587834E-17
9138.288  4.146979E-17
9141.071  4.414651E-17
9143.854  4.914645E-17
9146.639  1.668916E-17
9149.422  2.964896E-17
9152.205  3.005155E-17
9154.989  3.586928E-17
9157.772  4.465710E-17
9160.556  3.125285E-17
9163.34  4.445478E-17
9166.123  4.525770E-17
9168.906  2.305748E-17
9171.69  3.727740E-17
9174.474  3.139682E-17
9177.258  3.627870E-17
9180.041  2.734162E-17
9182.825  2.950032E-17
9185.608  3.635952E-17
9188.393  4.371187E-17
9191.176  2.994344E-17
9193.96  5.592610E-17
9196.743  3.574842E-17
9199.527  2.827369E-17
9202.311  3.392048E-17
9205.095  2.981168E-17
9207.878  3.850784E-17
9210.662  4.777338E-17
9213.446  5.062189E-17
9216.229  5.045615E-17
9219.014  4.424501E-17
9221.797  5.513814E-17
9224.581  3.131554E-17
9227.365  3.079832E-17
9230.148  3.286348E-17
9232.933  2.496661E-17
9235.716  5.160694E-17
9238.5  5.118684E-17
9241.284  4.812473E-17
9244.067  4.930332E-17
9246.852  3.100468E-17
9249.636  4.548965E-17
9252.42  2.626329E-17
9255.203  3.140949E-17
9257.987  2.356621E-17
9260.771  3.879632E-17
9263.555  1.826478E-17
9266.339  4.148435E-17
9269.123  2.784236E-17
9271.906  4.224119E-17
9274.69  4.314220E-17
9277.475  5.050156E-17
9280.259  3.537714E-17
9283.042  2.503613E-17
9285.826  3.598517E-17
9288.61  2.282678E-17
9291.395  1.760113E-17
9294.178  1.767588E-17
9296.962  1.775065E-17
9299.746  1.782541E-17
9302.53  1.781891E-17
9305.313  1.782235E-17
9308.098  -4.986059E-18
9310.882  1.782966E-17
9313.666  -9.905540E-18
9316.449  8.048269E-18
9319.233  5.635098E-17
9322.018  1.403278E-17
9324.802  2.836766E-17
9327.585  2.462106E-17
9330.369  9.919669E-18
9333.153  1.152466E-17
9335.938  3.656663E-17
9338.722  1.312743E-17
9341.505  2.518558E-17
9344.289  6.190338E-18
9347.073  2.127847E-17
9349.857  1.241611E-17
9352.641  5.149249E-18
9355.425  1.832517E-17
9358.209  1.010636E-17
9360.993  2.761720E-18
9363.776  -6.901873E-18
9366.561  6.990947E-18
9369.345  -7.985175E-18
9372.129  4.688024E-18
9374.912  4.287263E-18
9377.696  -4.885880E-17
9380.48  -3.048310E-17
9383.264  -2.255888E-17
9386.048  1.135321E-17
9388.832  -2.128763E-17
9391.616  -2.641447E-17
9394.399  -1.966197E-19
9397.184  1.812404E-17
9399.968  4.581426E-17
9402.751  1.359093E-17
9405.535  2.938248E-17
9408.319  -1.949330E-18
9411.103  4.808169E-17
9413.887  -6.040823E-18
9416.671  2.562857E-20
9419.454  3.171257E-17
9422.238  2.710182E-17
9425.022  1.105279E-17
9427.806  -2.825352E-17
9430.59  1.812646E-17
9433.374  -3.874343E-17
9436.157  -3.654034E-17
9438.941  1.806264E-17
9441.726  1.384037E-17
9444.509  9.619591E-18
9447.293  1.482200E-17
9450.076  -3.304222E-17
9452.86  3.519797E-18
9455.645  1.007795E-17
9458.428  -4.071894E-18
9461.212  4.430359E-17
9463.995  8.617176E-18
9466.779  9.486057E-18
9469.562  2.151459E-17
9472.347  -2.228501E-17
9475.13  8.587692E-18
9477.914  1.682960E-17
9480.697  -3.658096E-17
9483.481  2.216327E-17
9486.265  8.728737E-19
9489.049  3.133982E-17
9491.832  4.186722E-17
9494.616  2.604108E-17
9497.399  3.238203E-17
9500.184  1.991065E-17
9502.967  -3.788417E-18
9505.75  6.995127E-18
9508.534  3.304668E-17
9511.317  3.506937E-17
9514.102  3.769514E-17
9516.885  7.790427E-18
9519.668  -4.357802E-18
9522.452  1.759565E-17
9525.235  3.109879E-17
9528.019  -5.357871E-18
9530.803  6.621124E-18
9533.586  6.335702E-18
9536.369  1.973409E-17
9539.153  1.322020E-17
9541.937  2.455223E-17
9544.72  4.421549E-17
9547.504  -1.655071E-18
9550.287  8.191071E-18
9553.07  7.855480E-18
9555.854  -9.831175E-18
9558.638  -1.303060E-17
9561.421  -3.087626E-17
9564.204  -2.597236E-17
9566.987  5.482920E-18
9569.771  -4.439325E-19
9572.554  3.313318E-18
9575.338  -5.377987E-19
9578.121  3.125074E-18
9580.904  1.117851E-18
9583.688  -5.952918E-20
9586.471  -1.044329E-18
9589.254  -3.793806E-18
9592.037  -1.630026E-18
9594.82  -2.876976E-18
9597.604  -4.102569E-18
9600.387  -5.164046E-18
