3071.3  -1.5966e-17
3073.3  -1.6521e-17
3075.2  -9.6426e-18
3077.2  -9.769e-18
3079.1  -7.8911e-18
3081.1  -2.0043e-18
3083  5.6756e-18
3085  1.1007e-17
3086.9  1.3867e-17
3088.9  6.6817e-18
3090.9  6.2785e-18
3092.8  2.1807e-17
3094.8  -6.3698e-18
3096.7  4.0903e-18
3098.7  2.691e-17
3100.6  6.288e-18
3102.6  2.2626e-18
3104.6  8.3796e-19
3106.5  -7.3565e-18
3108.5  6.0669e-18
3110.4  9.9713e-18
3112.4  1.1495e-17
3114.4  1.9209e-19
3116.3  -3.5951e-18
3118.3  7.4198e-18
3120.3  4.7215e-18
3122.2  4.4129e-18
3124.2  -7.7159e-19
3126.2  4.9923e-18
3128.1  4.0723e-18
3130.1  8.9979e-18
3132.1  1.3338e-17
3134  -1.0029e-18
3136  1.1103e-17
3138  -4.6923e-18
3140  1.1899e-18
3141.9  9.9867e-18
3143.9  8.4529e-18
3145.9  -5.7562e-18
3147.8  -4.4411e-18
3149.8  8.6236e-18
3151.8  4.9979e-18
3153.8  1.4706e-17
3155.7  -5.1257e-18
3157.7  5.0233e-18
3159.7  7.1755e-18
3161.7  -4.663e-18
3163.6  1.6131e-18
3165.6  3.0796e-19
3167.6  1.7937e-18
3169.6  -3.2511e-18
3171.6  8.6922e-18
3173.5  8.9259e-19
3175.5  2.5102e-18
3177.5  1.7847e-18
3179.5  1.2457e-17
3181.5  -3.8136e-19
3183.4  -1.883e-18
3185.4  -7.0403e-18
3187.4  4.1274e-18
3189.4  8.2597e-19
3191.4  3.0002e-18
3193.4  7.1104e-18
3195.4  5.8491e-18
3197.3  5.3746e-18
3199.3  -3.2178e-19
3201.3  6.1838e-18
3203.3  2.4029e-18
3205.3  -2.4003e-18
3207.3  -3.2202e-18
3209.3  -1.5652e-18
3211.3  1.8548e-18
3213.3  -2.6319e-18
3215.3  3.4699e-18
3217.2  4.4213e-18
3219.2  5.0327e-18
3221.2  4.5608e-18
3223.2  1.1828e-18
3225.2  6.3128e-18
3227.2  6.6662e-18
3229.2  5.589e-18
3231.2  2.9642e-18
3233.2  2.001e-18
3235.2  -1.8908e-18
3237.2  9.5222e-19
3239.2  4.6656e-18
3241.2  6.2429e-18
3243.2  3.325e-18
3245.2  2.4419e-18
3247.2  4.1557e-18
3249.2  -1.4386e-18
3251.2  1.8519e-18
3253.2  6.0845e-18
3255.2  -2.9347e-18
3257.2  5.2482e-18
3259.2  8.1376e-18
3261.2  3.4144e-18
3263.2  8.2796e-18
3265.2  2.5858e-18
3267.2  2.6735e-18
3269.2  5.6841e-18
3271.2  4.5313e-18
3273.2  1.2638e-18
3275.2  5.7721e-18
3277.3  -9.484e-19
3279.3  3.288e-18
3281.3  9.2612e-19
3283.3  -1.9676e-18
3285.3  3.1791e-18
3287.3  3.3484e-18
3289.3  -8.1308e-19
3291.3  7.2176e-18
3293.3  -1.4667e-18
3295.3  9.5055e-18
3297.4  -1.4939e-18
3299.4  9.4529e-18
3301.4  -3.5458e-18
3303.4  4.1479e-18
3305.4  1.589e-18
3307.4  5.014e-18
3309.4  4.1073e-18
3311.5  8.7358e-19
3313.5  -1.5884e-18
3315.5  1.4311e-18
3317.5  5.1947e-18
3319.5  4.5816e-18
3321.6  3.4001e-19
3323.6  4.2422e-18
3325.6  5.8263e-18
3327.6  5.9645e-18
3329.6  1.8651e-18
3331.7  9.0428e-19
3333.7  3.7848e-18
3335.7  4.9606e-18
3337.7  6.289e-18
3339.7  2.559e-18
3341.8  2.2226e-18
3343.8  1.2936e-18
3345.8  3.0232e-19
3347.8  2.0653e-18
3349.9  2.0469e-18
3351.9  4.493e-18
3353.9  8.2275e-19
3356  2.9547e-18
3358  3.6011e-18
3360  1.3961e-18
3362  2.806e-18
3364.1  -1.5737e-18
3366.1  1.1022e-18
3368.1  6.3423e-18
3370.2  4.0416e-18
3372.2  -1.1383e-18
3374.2  2.2079e-18
3376.3  1.9308e-18
3378.3  6.0671e-18
3380.3  2.6686e-18
3382.4  2.8645e-18
3384.4  5.7944e-18
3386.4  2.1905e-18
3388.5  9.5626e-20
3390.5  1.8076e-18
3392.5  -3.2549e-18
3394.6  5.9501e-18
3396.6  1.445e-18
3398.6  5.9689e-18
3400.7  3.8111e-18
3402.7  2.8163e-18
3404.8  1.2761e-18
3406.8  3.4848e-18
3408.8  3.7911e-18
3410.9  1.8276e-18
3412.9  3.5805e-18
3415  3.877e-18
3417  2.9211e-18
3419  3.0682e-18
3421.1  4.023e-18
3423.1  3.3623e-18
3425.2  1.2229e-18
3427.2  2.5133e-18
3429.3  4.9952e-18
3431.3  2.7759e-18
3433.3  5.3319e-18
3435.4  3.3621e-18
3437.4  3.6781e-18
3439.5  7.9206e-19
3441.5  1.3943e-18
3443.6  3.3791e-18
3445.6  2.0218e-18
3447.7  1.1175e-18
3449.7  9.2969e-19
3451.8  1.9064e-18
3453.8  2.1018e-18
3455.9  4.3923e-19
3457.9  2.2305e-18
3460  1.5563e-18
3462  2.434e-19
3464.1  7.6017e-19
3466.1  3.2582e-19
3468.2  1.9e-18
3470.2  7.5545e-19
3472.3  1.4122e-18
3474.3  2.278e-18
3476.4  3.6493e-18
3478.5  3.6702e-18
3480.5  1.6832e-18
3482.6  5.0716e-18
3484.6  -2.1629e-18
3486.7  3.0737e-18
3488.7  7.6232e-19
3490.8  2.2824e-18
3492.9  2.0356e-18
3494.9  3.0805e-18
3497  2.2119e-18
3499  3.2611e-18
3501.1  4.3327e-18
3503.2  1.2427e-18
3505.2  2.5131e-18
3507.3  9.9528e-19
3509.3  8.6702e-19
3511.4  3.019e-18
3513.5  3.9806e-18
3515.5  3.8499e-18
3517.6  2.7109e-18
3519.7  3.6412e-18
3521.7  4.9108e-18
3523.8  4.175e-18
3525.8  3.4913e-18
3527.9  3.0942e-18
3530  3.5339e-18
3532  4.2268e-18
3534.1  8.7996e-19
3536.2  4.9054e-18
3538.2  4.5512e-18
3540.3  4.3741e-18
3542.4  5.1066e-18
3544.5  2.9883e-18
3546.5  2.8064e-18
3548.6  1.277e-18
3550.7  1.961e-18
3552.7  2.7538e-18
3554.8  3.9648e-18
3556.9  5.2536e-19
3558.9  2.5781e-18
3561  5.7921e-18
3563.1  3.3411e-18
3565.2  3.517e-18
3567.2  1.2676e-18
3569.3  2.9381e-18
3571.4  4.035e-18
3573.5  3.1336e-18
3575.5  3.1788e-18
3577.6  4.8735e-18
3579.7  3.6366e-18
3581.8  3.6499e-18
3583.8  3.4681e-18
3585.9  5.1886e-18
3588  1.9439e-18
3590.1  3.2608e-18
3592.2  5.0908e-18
3594.2  2.9385e-18
3596.3  1.9825e-18
3598.4  2.9127e-18
3600.5  1.979e-18
3602.6  3.8618e-18
3604.6  4.3907e-18
3606.7  4.7329e-18
3608.8  3.8669e-18
3610.9  3.8562e-18
3613  4.6948e-18
3615  6.4299e-18
3617.1  2.7697e-18
3619.2  3.7664e-18
3621.3  3.931e-18
3623.4  3.8732e-18
3625.5  5.3225e-18
3627.5  2.7073e-18
3629.6  3.9711e-18
3631.7  4.3945e-18
3633.8  1.1375e-18
3635.9  4.1343e-18
3638  3.4417e-18
3640.1  4.0856e-18
3642.2  2.1039e-18
3644.2  2.5513e-18
3646.3  2.2267e-18
3648.4  3.4819e-18
3650.5  5.4302e-18
3652.6  4.7022e-18
3654.7  4.8674e-18
3656.8  2.3223e-18
3658.9  6.1777e-18
3661  4.1488e-18
3663.1  5.4948e-18
3665.1  4.6973e-18
3667.2  5.0447e-18
3669.3  1.7209e-18
3671.4  3.6062e-18
3673.5  5.2012e-18
3675.6  4.2849e-18
3677.7  5.0199e-18
3679.8  4.2855e-18
3681.9  4.2599e-18
3684  5.1674e-18
3686.1  4.3283e-18
3688.2  4.0418e-18
3690.3  3.2113e-18
3692.4  3.0257e-18
3694.5  3.9244e-18
3696.6  6.6101e-18
3698.7  2.1244e-18
3700.8  1.6498e-18
3702.9  1.9468e-18
3705  2.0873e-18
3707.1  4.0558e-18
3709.2  4.693e-18
3711.3  3.8117e-18
3713.4  4.5114e-18
3715.5  4.5779e-18
3717.6  5.4521e-18
3719.7  3.2445e-18
3721.8  1.8663e-18
3723.9  3.5546e-18
3726  1.4607e-18
3728.1  3.6662e-18
3730.2  5.8576e-18
3732.3  4.7145e-18
3734.4  2.8125e-18
3736.5  4.7275e-18
3738.6  4.4926e-18
3740.7  4.535e-18
3742.8  2.1865e-18
3744.9  5.0789e-18
3747  3.006e-18
3749.1  2.5452e-18
3751.2  3.2299e-18
3753.3  1.3317e-18
3755.5  4.5806e-18
3757.6  2.6864e-18
3759.7  3.8049e-18
3761.8  2.6214e-18
3763.9  5.2123e-18
3766  4.5105e-18
3768.1  1.3748e-18
3770.2  3.8312e-18
3772.3  4.2491e-18
3774.4  4.9104e-18
3776.5  3.2613e-18
3778.7  1.9105e-18
3780.8  4.1137e-18
3782.9  2.7928e-18
3785  3.4108e-18
3787.1  2.9516e-18
3789.2  3.6389e-18
3791.3  3.7989e-18
3793.4  4.3156e-18
3795.6  5.3359e-18
3797.7  5.5796e-18
3799.8  4.8365e-18
3801.9  3.4533e-18
3804  5.5613e-18
3806.1  3.6986e-18
3808.2  5.9138e-18
3810.4  4.5574e-18
3812.5  5.0028e-18
3814.6  4.1132e-18
3816.7  4.7251e-18
3818.8  4.1255e-18
3821  4.4329e-18
3823.1  3.5411e-18
3825.2  5.3578e-18
3827.3  4.6091e-18
3829.4  3.148e-18
3831.5  3.4103e-18
3833.7  4.0613e-18
3835.8  5.0962e-18
3837.9  3.3238e-18
3840  5.2092e-18
3842.1  3.5809e-18
3844.3  4.0148e-18
3846.4  5.2001e-18
3848.5  3.4761e-18
3850.6  2.4435e-18
3852.8  4.2383e-18
3854.9  5.8964e-18
3857  4.818e-18
3859.1  4.1318e-18
3861.3  3.8523e-18
3863.4  5.5476e-18
3865.5  4.7835e-18
3867.6  5.3054e-18
3869.7  4.9529e-18
3871.9  3.757e-18
3874  6.2423e-18
3876.1  3.1555e-18
3878.3  4.9347e-18
3880.4  4.3317e-18
3882.5  4.0544e-18
3884.6  3.7412e-18
3886.8  5.5674e-18
3888.9  5.6273e-18
3891  3.7108e-18
3893.1  3.5145e-18
3895.3  5.2047e-18
3897.4  5.524e-18
3899.5  3.9012e-18
3901.7  3.4448e-18
3903.8  3.7127e-18
3905.9  4.4483e-18
3908.1  3.6569e-18
3910.2  4.2161e-18
3912.3  5.0144e-18
3914.4  6.0176e-18
3916.6  8.4938e-18
3918.7  1.6085e-17
3920.8  2.403e-17
3923  3.1902e-17
3925.1  2.9989e-17
3927.2  2.0238e-17
3929.4  8.2449e-18
3931.5  5.222e-18
3933.6  5.6148e-18
3935.8  2.7306e-18
3937.9  4.4821e-18
3940  4.6019e-18
3942.2  5.5381e-18
3944.3  5.7292e-18
3946.4  6.1237e-18
3948.6  6.126e-18
3950.7  4.9332e-18
3952.9  6.3445e-18
3955  5.0534e-18
3957.1  6.4866e-18
3959.3  5.7036e-18
3961.4  8.3271e-18
3963.5  6.2482e-18
3965.7  6.0128e-18
3967.8  4.7993e-18
3970  7.2171e-18
3972.1  6.0273e-18
3974.2  4.7558e-18
3976.4  4.4508e-18
3978.5  5.64e-18
3980.7  3.6116e-18
3982.8  4.6457e-18
3984.9  5.7098e-18
3987.1  3.8045e-18
3989.2  5.1976e-18
3991.4  2.9438e-18
3993.5  4.977e-18
3995.6  6.3684e-18
3997.8  3.7035e-18
3999.9  4.2541e-18
4002.1  3.3149e-18
4004.2  5.3338e-18
4006.4  3.0471e-18
4008.5  5.5318e-18
4010.6  4.9241e-18
4012.8  6.3654e-18
4014.9  5.4939e-18
4017.1  5.2246e-18
4019.2  4.8993e-18
4021.4  6.6268e-18
4023.5  6.2625e-18
4025.7  6.0338e-18
4027.8  6.2153e-18
4029.9  6.7047e-18
4032.1  6.934e-18
4034.2  6.0466e-18
4036.4  6.2736e-18
4038.5  7.5706e-18
4040.7  5.634e-18
4042.8  5.5322e-18
4045  4.3488e-18
4047.1  5.2643e-18
4049.3  5.3937e-18
4051.4  6.1774e-18
4053.6  4.3657e-18
4055.7  4.3228e-18
4057.9  3.7494e-18
4060  2.9747e-18
4062.2  3.3823e-18
4064.3  2.4823e-18
4066.5  3.9217e-18
4068.6  7.5999e-18
4070.8  5.9033e-18
4072.9  5.9174e-18
4075.1  7.6769e-18
4077.2  2.8157e-18
4079.4  4.5678e-18
4081.5  2.9206e-18
4083.7  3.4881e-18
4085.8  4.3133e-18
4088  4.2292e-18
4090.1  5.6662e-18
4092.3  7.7992e-18
4094.4  6.9527e-18
4096.6  4.2853e-18
4098.8  3.3135e-18
4100.9  3.1215e-18
4103.1  4.6886e-18
4105.2  3.214e-18
4107.4  2.4978e-18
4109.5  3.0764e-18
4111.7  1.8443e-18
4113.8  3.6178e-18
4116  2.7967e-18
4118.1  4.34e-18
4120.3  2.9752e-18
4122.5  2.9252e-18
4124.6  3.2863e-18
4126.8  4.9667e-18
4128.9  2.8073e-18
4131.1  4.5152e-18
4133.2  2.6667e-18
4135.4  3.6947e-18
4137.6  4.6894e-18
4139.7  4.1744e-18
4141.9  5.1512e-18
4144  5.3326e-18
4146.2  4.8018e-18
4148.3  5.4965e-18
4150.5  5.2546e-18
4152.7  6.044e-18
4154.8  6.5993e-18
4157  7.6676e-18
4159.1  6.4384e-18
4161.3  9.3095e-18
4163.5  8.0025e-18
4165.6  7.124e-18
4167.8  7.6995e-18
4169.9  7.7614e-18
4172.1  9.1056e-18
4174.3  9.8078e-18
4176.4  1.2023e-17
4178.6  1.1242e-17
4180.8  9.2304e-18
4182.9  7.2077e-18
4185.1  6.4965e-18
4187.2  6.2341e-18
4189.4  6.8905e-18
4191.6  5.0178e-18
4193.7  5.2143e-18
4195.9  6.7394e-18
4198.1  6.5356e-18
4200.2  5.8944e-18
4202.4  5.5551e-18
4204.6  5.6988e-18
4206.7  6.9869e-18
4208.9  6.1718e-18
4211  7.1627e-18
4213.2  7.1732e-18
4215.4  6.5698e-18
4217.5  7.2473e-18
4219.7  5.8967e-18
4221.9  7.3556e-18
4224  7.6751e-18
4226.2  6.394e-18
4228.4  5.4379e-18
4230.5  7.8486e-18
4232.7  8.903e-18
4234.9  9.0089e-18
4237  6.691e-18
4239.2  7.4126e-18
4241.4  8.1953e-18
4243.5  9.4799e-18
4245.7  7.9165e-18
4247.9  1.0202e-17
4250  9.9601e-18
4252.2  9.7157e-18
4254.4  1.1295e-17
4256.6  1.0038e-17
4258.7  1.0988e-17
4260.9  1.1737e-17
4263.1  1.1177e-17
4265.2  1.2016e-17
4267.4  1.2093e-17
4269.6  1.0895e-17
4271.7  1.2711e-17
4273.9  1.2832e-17
4276.1  1.2966e-17
4278.3  1.3122e-17
4280.4  1.061e-17
4282.6  1.2172e-17
4284.8  1.268e-17
4286.9  1.166e-17
4289.1  9.7896e-18
4291.3  1.0539e-17
4293.5  9.387e-18
4295.6  1.0363e-17
4297.8  1.2539e-17
4300  8.527e-18
4302.1  8.3728e-18
4304.3  8.2376e-18
4306.5  7.2363e-18
4308.7  7.3409e-18
4310.8  8.4756e-18
4313  9.9468e-18
4315.2  1.0052e-17
4317.4  1.1235e-17
4319.5  9.8813e-18
4321.7  5.3407e-18
4323.9  5.4586e-18
4326  4.8113e-18
4328.2  5.5231e-18
4330.4  5.3432e-18
4332.6  5.9146e-18
4334.7  5.5799e-18
4336.9  5.9909e-18
4339.1  4.965e-18
4341.3  5.3922e-18
4343.5  5.6485e-18
4345.6  5.4836e-18
4347.8  5.0671e-18
4350  4.3741e-18
4352.2  5.8221e-18
4354.3  5.9411e-18
4356.5  6.2631e-18
4358.7  4.8465e-18
4360.9  4.6071e-18
4363  6.3749e-18
4365.2  6.2326e-18
4367.4  5.4463e-18
4369.6  6.4089e-18
4371.7  7.4842e-18
4373.9  6.767e-18
4376.1  5.8868e-18
4378.3  7.5637e-18
4380.5  6.7213e-18
4382.6  8.5509e-18
4384.8  6.1022e-18
4387  6.8939e-18
4389.2  8.4626e-18
4391.4  5.9767e-18
4393.5  5.9923e-18
4395.7  7.0631e-18
4397.9  6.4654e-18
4400.1  6.9669e-18
4402.3  4.5483e-18
4404.4  5.5852e-18
4406.6  5.6798e-18
4408.8  5.6314e-18
4411  4.2698e-18
4413.2  4.7895e-18
4415.3  6.0843e-18
4417.5  4.3598e-18
4419.7  5.0499e-18
4421.9  4.3702e-18
4424.1  7.088e-18
4426.2  6.6873e-18
4428.4  6.4264e-18
4430.6  5.6285e-18
4432.8  7.1979e-18
4435  4.8868e-18
4437.1  6.0495e-18
4439.3  6.0522e-18
4441.5  6.812e-18
4443.7  7.3428e-18
4445.9  6.9549e-18
4448.1  6.3218e-18
4450.2  7.2378e-18
4452.4  7.1852e-18
4454.6  6.558e-18
4456.8  7.6854e-18
4459  8.4699e-18
4461.2  6.4258e-18
4463.3  5.6355e-18
4465.5  5.7664e-18
4467.7  7.1033e-18
4469.9  7.1013e-18
4472.1  5.243e-18
4474.3  8.7097e-18
4476.4  6.5069e-18
4478.6  5.5161e-18
4480.8  5.9711e-18
4483  5.7098e-18
4485.2  5.9095e-18
4487.4  6.8344e-18
4489.6  7.9705e-18
4491.7  6.7769e-18
4493.9  6.4665e-18
4496.1  7.7451e-18
4498.3  7.9255e-18
4500.5  7.335e-18
4502.7  7.7229e-18
4504.9  7.3675e-18
4507  7.7117e-18
4509.2  7.0519e-18
4511.4  7.6884e-18
4513.6  7.6208e-18
4515.8  6.8496e-18
4518  7.4048e-18
4520.2  8.1156e-18
4522.3  8.0388e-18
4524.5  7.9781e-18
4526.7  9.1897e-18
4528.9  9.1376e-18
4531.1  7.3537e-18
4533.3  9.7468e-18
4535.5  8.7724e-18
4537.7  8.2295e-18
4539.8  9.7212e-18
4542  8.0996e-18
4544.2  9.0989e-18
4546.4  8.102e-18
4548.6  8.1653e-18
4550.8  9.3383e-18
4553  9.3544e-18
4555.2  8.6961e-18
4557.4  7.9265e-18
4559.5  9.0786e-18
4561.7  7.1975e-18
4563.9  1.2244e-17
4566.1  1.3335e-17
4568.3  1.4467e-17
4570.5  1.2657e-17
4572.7  1.1067e-17
4574.9  7.3319e-18
4577.1  8.857e-18
4579.2  8.5707e-18
4581.4  8.2615e-18
4583.6  8.6106e-18
4585.8  8.9725e-18
4588  9.1635e-18
4590.2  6.8945e-18
4592.4  8.9584e-18
4594.6  7.35e-18
4596.8  7.7532e-18
4599  8.2054e-18
4601.1  6.9135e-18
4603.3  6.8902e-18
4605.5  7.95e-18
4607.7  6.8957e-18
4609.9  6.676e-18
4612.1  6.6219e-18
4614.3  7.2722e-18
4616.5  6.7836e-18
4618.7  8.5426e-18
4620.9  9.2026e-18
4623.1  7.8926e-18
4625.2  8.8349e-18
4627.4  8.742e-18
4629.6  7.5026e-18
4631.8  9.3856e-18
4634  7.4224e-18
4636.2  8.9898e-18
4638.4  7.5808e-18
4640.6  7.886e-18
4642.8  7.8599e-18
4645  8.9107e-18
4647.2  9.1978e-18
4649.4  1.054e-17
4651.6  1.1011e-17
4653.7  9.2876e-18
4655.9  7.3182e-18
4658.1  7.6994e-18
4660.3  9.6134e-18
4662.5  8.5378e-18
4664.7  9.762e-18
4666.9  9.5872e-18
4669.1  9.4945e-18
4671.3  1.058e-17
4673.5  9.4293e-18
4675.7  1.0518e-17
4677.9  1.0797e-17
4680.1  8.8228e-18
4682.3  8.7136e-18
4684.5  1.0302e-17
4686.6  9.4253e-18
4688.8  8.8613e-18
4691  1.0449e-17
4693.2  8.3661e-18
4695.4  1.0333e-17
4697.6  9.4796e-18
4699.8  8.1404e-18
4702  1.0767e-17
4704.2  1.086e-17
4706.4  9.4671e-18
4708.6  9.4594e-18
4710.8  8.5732e-18
4713  8.0645e-18
4715.2  9.1286e-18
4717.4  8.5646e-18
4719.6  9.6137e-18
4721.8  7.7271e-18
4724  8.2055e-18
4726.2  7.5837e-18
4728.3  7.0774e-18
4730.5  7.7873e-18
4732.7  8.8441e-18
4734.9  8.0182e-18
4737.1  8.1632e-18
4739.3  8.4328e-18
4741.5  6.8887e-18
4743.7  8.8128e-18
4745.9  7.9312e-18
4748.1  6.8256e-18
4750.3  8.0468e-18
4752.5  8.5318e-18
4754.7  8.6564e-18
4756.9  8.6505e-18
4759.1  9.6862e-18
4761.3  8.8281e-18
4763.5  9.3779e-18
4765.7  1.0477e-17
4767.9  9.2585e-18
4770.1  9.9481e-18
4772.3  1.1957e-17
4774.5  1.1805e-17
4776.7  1.2665e-17
4778.9  1.1148e-17
4781.1  1.1873e-17
4783.3  1.2969e-17
4785.5  1.3652e-17
4787.6  1.3353e-17
4789.8  1.3962e-17
4792  1.5231e-17
4794.2  1.3768e-17
4796.4  1.3906e-17
4798.6  1.5116e-17
4800.8  1.5164e-17
4803  1.7407e-17
4805.2  1.674e-17
4807.4  1.8288e-17
4809.6  1.7357e-17
4811.8  1.9691e-17
4814  1.8077e-17
4816.2  1.8014e-17
4818.4  1.6965e-17
4820.6  1.6915e-17
4822.8  2.0146e-17
4825  1.76e-17
4827.2  1.6965e-17
4829.4  1.7931e-17
4831.6  1.7152e-17
4833.8  1.5569e-17
4836  1.3821e-17
4838.2  1.4779e-17
4840.4  1.5829e-17
4842.6  1.4597e-17
4844.8  1.3674e-17
4847  1.2909e-17
4849.2  1.352e-17
4851.4  1.3484e-17
4853.6  1.2814e-17
4855.8  1.1408e-17
4858  1.1986e-17
4860.2  1.24e-17
4862.4  1.0677e-17
4864.6  1.1928e-17
4866.8  1.1034e-17
4869  1.2629e-17
4871.2  1.1453e-17
4873.4  1.1071e-17
4875.6  1.1474e-17
4877.8  1.3177e-17
4880  1.0085e-17
4882.2  1.008e-17
4884.4  1.2703e-17
4886.6  1.1188e-17
4888.8  1.1755e-17
4891  1.1298e-17
4893.2  9.7596e-18
4895.4  1.0226e-17
4897.6  1.0393e-17
4899.8  8.4819e-18
4902  8.5545e-18
4904.2  8.6398e-18
4906.4  8.9799e-18
4908.6  8.9516e-18
4910.8  8.9128e-18
4913  6.9136e-18
4915.2  7.1809e-18
4917.4  6.1123e-18
4919.6  7.4638e-18
4921.8  5.5503e-18
4924  6.4118e-18
4926.2  5.8e-18
4928.4  6.8278e-18
4930.6  6.7424e-18
4932.8  8.4908e-18
4935  5.7637e-18
4937.2  5.6566e-18
4939.4  5.2721e-18
4941.6  5.4614e-18
4943.8  5.3296e-18
4946  5.6991e-18
4948.2  5.1832e-18
4950.4  4.0814e-18
4952.6  5.7406e-18
4954.8  5.5062e-18
4957  6.841e-18
4959.2  5.5242e-18
4961.4  5.0678e-18
4963.6  5.3583e-18
4965.8  5.0854e-18
4968  3.2929e-18
4970.2  5.3775e-18
4972.4  4.5326e-18
4974.6  6.8241e-18
4976.8  5.53e-18
4979  6.6498e-18
4981.2  4.0353e-18
4983.4  5.4584e-18
4985.6  4.4666e-18
4987.8  4.7709e-18
4990  6.6894e-18
4992.2  5.2965e-18
4994.4  5.8988e-18
4996.6  3.8062e-18
4998.8  5.6487e-18
5001  3.5093e-18
5003.2  6.6268e-18
5005.4  5.7218e-18
5007.6  5.4249e-18
5009.8  6.5691e-18
5012  5.5957e-18
5014.2  6.1824e-18
5016.4  7.5134e-18
5018.6  4.4913e-18
5020.8  5.9537e-18
5023  5.4233e-18
5025.2  5.7041e-18
5027.4  6.2364e-18
5029.6  5.7153e-18
5031.8  5.8925e-18
5034  6.147e-18
5036.2  7.0546e-18
5038.4  6.5822e-18
5040.6  7.7041e-18
5042.8  7.7681e-18
5045  7.356e-18
5047.2  7.5978e-18
5049.4  6.3217e-18
5051.6  7.0972e-18
5053.8  7.1603e-18
5056  5.5932e-18
5058.2  5.2682e-18
5060.4  6.1741e-18
5062.6  5.5232e-18
5064.8  6.2877e-18
5067.1  7.2042e-18
5069.3  6.765e-18
5071.5  7.7672e-18
5073.7  7.141e-18
5075.9  6.652e-18
5078.1  6.3942e-18
5080.3  7.1009e-18
5082.5  6.4251e-18
5084.7  7.5259e-18
5086.9  5.2763e-18
5089.1  8.1425e-18
5091.3  6.8018e-18
5093.5  8.025e-18
5095.7  8.3484e-18
5097.9  6.2687e-18
5100.1  6.5754e-18
5102.3  6.2875e-18
5104.5  6.9109e-18
5106.7  6.2926e-18
5108.9  7.991e-18
5111.1  1.1808e-17
5113.3  1.7997e-17
5115.5  2.1505e-17
5117.7  1.9309e-17
5119.9  1.2004e-17
5122.1  6.0047e-18
5124.3  5.9366e-18
5126.5  5.9396e-18
5128.7  5.8727e-18
5130.9  5.1646e-18
5133.1  5.2762e-18
5135.3  6.7764e-18
5137.5  5.4412e-18
5139.7  4.9407e-18
5141.9  5.9415e-18
5144.1  6.419e-18
5146.3  6.9081e-18
5148.5  7.224e-18
5150.7  6.4536e-18
5152.9  7.3688e-18
5155.2  8.2352e-18
5157.4  8.3791e-18
5159.6  8.72e-18
5161.8  9.7863e-18
5164  9.39e-18
5166.2  9.8973e-18
5168.4  1.0069e-17
5170.6  9.3795e-18
5172.8  9.519e-18
5175  1.0707e-17
5177.2  1.0315e-17
5179.4  8.6109e-18
5181.6  8.3737e-18
5183.8  9.9854e-18
5186  9.6775e-18
5188.2  1.1075e-17
5190.4  9.2654e-18
5192.6  9.5217e-18
5194.8  1.0708e-17
5197  9.9482e-18
5199.2  7.8056e-18
5201.4  8.8292e-18
5203.6  9.7591e-18
5205.8  7.3439e-18
5208  6.9362e-18
5210.2  6.7122e-18
5212.4  8.9659e-18
5214.6  1.4708e-17
5216.8  2.2176e-17
5219  2.4841e-17
5221.2  1.9581e-17
5223.4  8.4838e-18
5225.7  3.7258e-18
5227.9  4.9092e-18
5230.1  4.3431e-18
5232.3  2.8124e-18
5234.5  3.6003e-18
5236.7  5.052e-18
5238.9  5.859e-18
5241.1  5.2404e-18
5243.3  5.6238e-18
5245.5  7.2686e-18
5247.7  6.7944e-18
5249.9  6.9537e-18
5252.1  5.7857e-18
5254.3  8.6009e-18
5256.5  7.8736e-18
5258.7  8.6161e-18
5260.9  1.1173e-17
5263.1  2.4519e-17
5265.3  4.2433e-17
5267.5  6.643e-17
5269.7  6.8625e-17
5271.9  4.952e-17
5274.1  2.2038e-17
5276.3  1.505e-17
5278.5  1.3758e-17
5280.7  1.3688e-17
5282.9  1.2333e-17
5285.1  1.2657e-17
5287.4  1.2677e-17
5289.6  1.325e-17
5291.8  1.2427e-17
5294  1.2377e-17
5296.2  1.1418e-17
5298.4  1.1209e-17
5300.6  9.122e-18
5302.8  9.0342e-18
5305  8.9733e-18
5307.2  7.8676e-18
5309.4  7.8572e-18
5311.6  9.9597e-18
5313.8  9.9393e-18
5316  8.0816e-18
5318.2  7.8687e-18
5320.4  7.0502e-18
5322.6  7.9727e-18
5324.8  6.3504e-18
5327  6.666e-18
5329.2  6.4188e-18
5331.4  6.1551e-18
5333.6  5.3961e-18
5335.8  5.6804e-18
5338  4.9558e-18
5340.2  4.6844e-18
5342.4  4.4276e-18
5344.7  4.0413e-18
5346.9  4.4664e-18
5349.1  3.7936e-18
5351.3  4.2347e-18
5353.5  3.0867e-18
5355.7  4.2426e-18
5357.9  3.2037e-18
5360.1  3.9948e-18
5362.3  4.6803e-18
5364.5  3.2761e-18
5366.7  2.7354e-18
5368.9  2.3404e-18
5371.1  1.8641e-18
5373.3  3.8317e-18
5375.5  2.9396e-18
5377.7  2.9417e-18
5379.9  3.2274e-18
5382.1  5.012e-18
5384.3  3.1796e-18
5386.5  4.864e-18
5388.7  3.4535e-18
5390.9  5.0889e-18
5393.1  5.2731e-18
5395.4  5.414e-18
5397.6  4.0914e-18
5399.8  4.5044e-18
5402  5.589e-18
5404.2  6.6801e-18
5406.4  6.685e-18
5408.6  5.947e-18
5410.8  5.9875e-18
5413  7.3554e-18
5415.2  7.8384e-18
5417.4  8.2368e-18
5419.6  6.1004e-18
5421.8  7.7194e-18
5424  6.531e-18
5426.2  9.1017e-18
5428.4  7.0927e-18
5430.6  8.894e-18
5432.8  9.2154e-18
5435  8.8962e-18
5437.2  9.4004e-18
5439.4  1.0307e-17
5441.6  1.0809e-17
5443.8  1.0964e-17
5446.1  1.2119e-17
5448.3  1.2361e-17
5450.5  1.0714e-17
5452.7  1.0129e-17
5454.9  1.0924e-17
5457.1  1.13e-17
5459.3  1.2874e-17
5461.5  1.1267e-17
5463.7  1.0242e-17
5465.9  9.9876e-18
5468.1  1.1679e-17
5470.3  1.0516e-17
5472.5  1.2701e-17
5474.7  1.0902e-17
5476.9  1.1636e-17
5479.1  1.1151e-17
5481.3  1.2481e-17
5483.5  1.1628e-17
5485.7  1.1339e-17
5487.9  1.2043e-17
5490.2  9.696e-18
5492.4  1.0743e-17
5494.6  1.1019e-17
5496.8  1.0527e-17
5499  1.1162e-17
5501.2  1.0954e-17
5503.4  1.1925e-17
5505.6  1.0777e-17
5507.8  9.1726e-18
5510  1.2302e-17
5512.2  9.8242e-18
5514.4  9.8945e-18
5516.6  9.392e-18
5518.8  1.1505e-17
5521  1.0826e-17
5523.2  1.1689e-17
5525.4  1.1186e-17
5527.6  9.9719e-18
5529.8  1.0892e-17
5532.1  1.2967e-17
5534.3  1.0647e-17
5536.5  1.2232e-17
5538.7  1.1036e-17
5540.9  1.1065e-17
5543.1  1.0729e-17
5545.3  1.2407e-17
5547.5  9.027e-18
5549.7  1.1168e-17
5551.9  1.0393e-17
5554.1  1.0198e-17
5556.3  1.0158e-17
5558.5  8.5302e-18
5560.7  8.6778e-18
5562.9  8.6366e-18
5565.1  9.7311e-18
5567.3  8.8681e-18
5569.5  9.2244e-18
5571.8  1.116e-17
5574  1.2111e-17
5576.2  9.7407e-18
5578.4  8.4995e-18
5580.6  6.495e-18
5582.8  8.606e-18
5585  1.0308e-17
5587.2  1.0075e-17
5589.4  9.3169e-18
5591.6  1.0904e-17
5593.8  1.1249e-17
5596  9.2208e-18
5598.2  1.0813e-17
5600.4  9.3778e-18
5602.6  1.1651e-17
5604.8  1.0117e-17
5607.1  1.0732e-17
5609.3  1.0213e-17
5611.5  9.5403e-18
5613.7  9.3951e-18
5615.9  1.0818e-17
5618.1  1.2001e-17
5620.3  9.1284e-18
5622.5  1.0045e-17
5624.7  8.6192e-18
5626.9  9.3638e-18
5629.1  8.3294e-18
5631.3  7.1069e-18
5633.5  9.8536e-18
5635.7  1.1085e-17
5637.9  1.2065e-17
5640.2  7.9524e-18
5642.4  7.961e-18
5644.6  7.4029e-18
5646.8  8.6218e-18
5649  8.9459e-18
5651.2  8.6222e-18
5653.4  8.7869e-18
5655.6  8.228e-18
5656.6  8.7931e-18
5657.7  8.6974e-18
5658.8  6.0991e-18
5660  9.0189e-18
5661.1  8.0993e-18
5662.3  6.506e-18
5663.4  6.1776e-18
5664.6  5.2033e-18
5665.7  7.8451e-18
5666.9  9.4013e-18
5668  7.244e-18
5669.2  7.5846e-18
5670.3  6.5089e-18
5671.5  6.3046e-18
5672.6  8.5541e-18
5673.7  9.9273e-18
5674.9  6.2397e-18
5676  7.7852e-18
5677.2  6.7067e-18
5678.3  8.6601e-18
5679.5  8.5935e-18
5680.6  6.9587e-18
5681.8  7.1656e-18
5682.9  8.9363e-18
5684.1  8.1665e-18
5685.2  8.5816e-18
5686.4  6.4211e-18
5687.5  4.5204e-18
5688.6  8.8727e-18
5689.8  7.0619e-18
5690.9  6.6219e-18
5692.1  7.039e-18
5693.2  9.4896e-18
5694.4  6.9401e-18
5695.5  7.8318e-18
5696.7  6.7944e-18
5697.8  6.6724e-18
5699  6.011e-18
5700.1  5.832e-18
5701.3  7.969e-18
5702.4  7.3418e-18
5703.6  7.6212e-18
5704.7  9.4539e-18
5705.9  8.3757e-18
5707  7.6897e-18
5708.1  7.0582e-18
5709.3  7.4034e-18
5710.4  8.1009e-18
5711.6  5.2798e-18
5712.7  7.8537e-18
5713.9  9.6689e-18
5715  5.838e-18
5716.2  9.5751e-18
5717.3  5.9607e-18
5718.5  8.1715e-18
5719.6  7.4499e-18
5720.8  5.053e-18
5721.9  5.951e-18
5723.1  7.4633e-18
5724.2  9.7333e-18
5725.4  6.6352e-18
5726.5  6.3911e-18
5727.7  7.0018e-18
5728.8  8.2519e-18
5730  6.4889e-18
5731.1  5.1078e-18
5732.3  3.8168e-18
5733.4  7.7777e-18
5734.6  6.3946e-18
5735.7  7.3898e-18
5736.8  5.0975e-18
5738  5.4578e-18
5739.1  3.8504e-18
5740.3  4.0744e-18
5741.4  5.4382e-18
5742.6  3.8523e-18
5743.7  3.4628e-18
5744.9  5.6992e-18
5746  5.1217e-18
5747.2  6.838e-18
5748.3  2.2249e-18
5749.5  5.8863e-18
5750.6  3.8356e-18
5751.8  4.2709e-18
5752.9  3.6623e-18
5754.1  3.9488e-18
5755.2  5.7691e-18
5756.4  5.6686e-18
5757.5  5.5947e-18
5758.7  6.024e-18
5759.8  3.151e-18
5761  5.1013e-18
5762.1  3.894e-18
5763.3  3.3901e-18
5764.4  4.3589e-18
5765.6  4.1267e-18
5766.7  3.5718e-18
5767.9  2.6512e-18
5769  4.2666e-18
5770.2  4.6404e-18
5771.3  2.7135e-18
5772.5  3.7819e-18
5773.6  5.0242e-18
5774.8  2.102e-18
5775.9  3.5817e-18
5777.1  5.195e-18
5778.2  3.2337e-18
5779.4  3.8214e-18
5780.5  4.4714e-18
5781.7  3.7926e-18
5782.8  3.6868e-18
5784  4.6834e-18
5785.1  4.8115e-18
5786.3  6.3617e-18
5787.4  5.5161e-18
5788.6  3.4617e-18
5789.7  7.2353e-18
5790.9  3.2055e-18
5792  3.9622e-18
5793.2  5.1967e-18
5794.3  3.2769e-18
5795.5  4.836e-18
5796.6  6.2211e-18
5797.8  5.8738e-18
5798.9  4.8587e-18
5800.1  5.1875e-18
5801.2  6.3211e-18
5802.4  4.1757e-18
5803.5  3.448e-18
5804.7  6.3942e-18
5805.8  4.5672e-18
5807  5.2475e-18
5808.1  6.7013e-18
5809.3  6.2015e-18
5810.4  6.6618e-18
5811.6  4.743e-18
5812.7  5.2334e-18
5813.9  6.0494e-18
5815  5.9699e-18
5816.2  6.543e-18
5817.3  7.0725e-18
5818.5  4.8226e-18
5819.6  6.5536e-18
5820.8  8.4304e-18
5821.9  6.1457e-18
5823.1  5.8582e-18
5824.2  7.0367e-18
5825.4  6.0616e-18
5826.6  4.981e-18
5827.7  4.6877e-18
5828.9  6.0966e-18
5830  5.0468e-18
5831.2  8.473e-18
5832.3  6.8365e-18
5833.5  6.203e-18
5834.6  7.5638e-18
5835.8  8.1945e-18
5836.9  6.1482e-18
5838.1  7.9488e-18
5839.2  6.7699e-18
5840.4  4.8545e-18
5841.5  6.7539e-18
5842.7  9.5452e-18
5843.8  7.8173e-18
5845  7.3783e-18
5846.1  6.2822e-18
5847.3  7.8115e-18
5848.4  8.6071e-18
5849.6  6.7893e-18
5850.7  5.8784e-18
5851.9  6.8822e-18
5853  6.9448e-18
5854.2  5.6834e-18
5855.4  7.2742e-18
5856.5  6.7664e-18
5857.7  4.2632e-18
5858.8  6.2633e-18
5860  6.9549e-18
5861.1  4.864e-18
5862.3  6.3773e-18
5863.4  5.6009e-18
5864.6  6.3804e-18
5865.7  6.347e-18
5866.9  4.537e-18
5868  7.3598e-18
5869.2  4.8277e-18
5870.3  5.8682e-18
5871.5  3.9911e-18
5872.6  6.0272e-18
5873.8  4.0972e-18
5875  4.4909e-18
5876.1  5.6219e-18
5877.3  5.9622e-18
5878.4  5.1415e-18
5879.6  4.1454e-18
5880.7  5.9525e-18
5881.9  4.539e-18
5883  6.6153e-18
5884.2  6.0733e-18
5885.3  4.71e-18
5886.5  3.6545e-18
5887.6  4.6244e-18
5888.8  5.6339e-18
5889.9  5.5922e-18
5891.1  7.112e-18
5892.3  2.8838e-18
5893.4  4.1133e-18
5894.6  2.2705e-18
5895.7  6.6586e-18
5896.9  2.552e-18
5898  2.9505e-18
5899.2  4.5681e-18
5900.3  2.6073e-18
5901.5  2.4444e-18
5902.6  2.7785e-18
5903.8  2.6425e-18
5905  3.6465e-18
5906.1  4.2402e-18
5907.3  3.4691e-18
5908.4  3.6674e-18
5909.6  2.3031e-18
5910.7  3.9209e-18
5911.9  3.4371e-18
5913  1.6309e-18
5914.2  2.3595e-18
5915.3  4.3825e-18
5916.5  4.4707e-18
5917.7  1.6671e-18
5918.8  2.5113e-18
5920  5.1341e-18
5921.1  2.6363e-18
5922.3  2.3923e-18
5923.4  2.7933e-18
5924.6  3.5627e-18
5925.7  2.6454e-18
5926.9  4.911e-18
5928  1.3397e-18
5929.2  2.6794e-18
5930.4  1.5775e-18
5931.5  2.8594e-18
5932.7  3.6336e-18
5933.8  1.7388e-18
5935  2.0093e-18
5936.1  2.9395e-18
5937.3  2.7985e-18
5938.4  3.6027e-18
5939.6  2.6332e-18
5940.8  2.6081e-18
5941.9  2.9985e-18
5943.1  3.4521e-18
5944.2  2.9445e-18
5945.4  4.8309e-18
5946.5  3.8114e-18
5947.7  3.8677e-18
5948.8  1.413e-18
5950  1.1271e-18
5951.2  4.7143e-18
5952.3  1.6563e-18
5953.5  2.2359e-18
5954.6  2.5776e-18
5955.8  4.1878e-18
5956.9  3.5379e-18
5958.1  1.839e-18
5959.2  2.4005e-18
5960.4  2.952e-18
5961.6  2.3759e-18
5962.7  1.6666e-18
5963.9  3.4455e-18
5965  3.3413e-18
5966.2  4.6879e-18
5967.3  1.2472e-18
5968.5  2.2364e-18
5969.7  2.1679e-18
5970.8  3.2401e-18
5972  3.8076e-18
5973.1  1.088e-18
5974.3  3.7982e-18
5975.4  3.038e-18
5976.6  1.4665e-18
5977.8  7.5424e-19
5978.9  7.4731e-19
5980.1  1.0298e-18
5981.2  2.4552e-18
5982.4  6.0166e-19
5983.5  2.1497e-18
5984.7  3.1887e-19
5985.9  3.2159e-18
5987  2.5724e-18
5988.2  2.6512e-18
5989.3  5.8422e-19
5990.5  2.9833e-18
5991.6  2.3962e-18
5992.8  2.3349e-18
5994  1.7569e-18
5995.1  2.0254e-18
5996.3  2.3286e-18
5997.4  2.0433e-18
5998.6  4.46e-19
5999.7  2.4449e-18
6000.9  4.0642e-18
6002.1  3.5389e-18
6003.2  2.4667e-18
6004.4  1.768e-18
6005.5  2.9093e-18
6006.7  2.3541e-18
6007.8  1.6066e-18
6009  2.8228e-18
6010.2  2.8941e-18
6011.3  3.4662e-18
6012.5  1.348e-18
6013.6  3.3513e-18
6014.8  3.7e-18
6015.9  2.8679e-18
6017.1  2.1198e-18
6018.3  1.3585e-18
6019.4  2.3164e-18
6020.6  7.0613e-19
6021.7  -2.909e-19
6022.9  2.4059e-18
6024.1  9.8092e-19
6025.2  2.4309e-18
6026.4  3.5926e-20
6027.5  1.5661e-18
6028.7  6.9302e-19
6029.8  1.6928e-18
6031  9.3779e-19
6032.2  2.6499e-18
6033.3  3.4179e-19
6034.5  8.4116e-19
6035.6  4.7515e-19
6036.8  9.1503e-19
6038  2.5003e-18
6039.1  5.6382e-19
6040.3  3.0755e-19
6041.4  1.4059e-18
6042.6  1.793e-18
6043.8  -4.6947e-19
6044.9  1.341e-18
6046.1  -2.9666e-20
6047.2  1.0252e-18
6048.4  6.6384e-19
6049.5  -1.8616e-18
6050.7  -1.3908e-18
6051.9  -5.0677e-19
6053  -1.4765e-19
6054.2  -1.2341e-19
6055.3  1.2516e-18
6056.5  1.0982e-18
6057.7  1.6929e-18
6058.8  2.1814e-18
6060  -1.0752e-18
6061.1  -8.7802e-20
6062.3  2.167e-18
6063.5  -9.1774e-19
6064.6  -9.8394e-19
6065.8  1.6372e-19
6066.9  6.5669e-19
6068.1  -1.3894e-19
6069.3  -5.1385e-19
6070.4  -1.3958e-18
6071.6  -4.1531e-19
6072.7  5.2724e-19
6073.9  1.0226e-18
6075.1  7.3486e-20
6076.2  1.9545e-19
6077.4  -6.1758e-19
6078.5  2.6089e-18
6079.7  1.5759e-18
6080.9  1.9555e-19
6082  2.1928e-18
6083.2  9.2217e-19
6084.3  7.073e-19
6085.5  -5.8932e-19
6086.7  6.8107e-19
6087.8  3.7452e-19
6089  5.2797e-19
6090.1  3.0493e-18
6091.3  3.4328e-19
6092.5  1.6603e-18
6093.6  1.5877e-18
6094.8  2.145e-18
6095.9  8.86e-19
6097.1  -3.1464e-19
6098.3  -1.3186e-19
6099.4  -6.0891e-19
6100.6  4.4348e-19
6101.8  8.1788e-19
6102.9  2.3692e-19
6104.1  2.0247e-18
6105.2  1.4172e-18
6106.4  -4.506e-19
6107.6  5.4479e-20
6108.7  -4.0576e-19
6109.9  1.3088e-18
6111  6.5955e-19
6112.2  1.4456e-18
6113.4  1.2461e-18
6114.5  -2.5999e-20
6115.7  8.1934e-19
6116.8  9.0732e-19
6118  -1.3406e-18
6119.2  2.3629e-18
6120.3  -1.2238e-19
6121.5  1.3638e-18
6122.7  1.7788e-18
6123.8  1.4108e-18
6125  6.9342e-19
6126.1  1.2696e-18
6127.3  2.2319e-18
6128.5  2.3307e-18
6129.6  1.4458e-18
6130.8  2.0147e-18
6132  1.161e-18
6133.1  1.133e-18
6134.3  1.1323e-19
6135.4  2.3579e-18
6136.6  8.199e-19
6137.8  -4.8762e-19
6138.9  9.8443e-19
6140.1  2.1868e-18
6141.2  6.9427e-19
6142.4  2.5729e-18
6143.6  1.7744e-18
6144.7  1.7706e-18
6145.9  1.4155e-18
6147.1  1.9218e-18
6148.2  2.9152e-18
6149.4  2.8014e-18
6150.5  4.7903e-19
6151.7  3.0316e-18
6152.9  2.4754e-18
6154  3.0943e-18
6155.2  2.4805e-18
6156.4  6.6627e-19
6157.5  2.9247e-18
6158.7  1.3217e-18
6159.8  2.3124e-18
6161  8.67e-19
6162.2  1.747e-18
6163.3  1.3986e-18
6164.5  1.3402e-18
6165.7  3.1939e-18
6166.8  2.7108e-18
6168  3.8602e-18
6169.2  2.7389e-18
6170.3  5.9064e-18
6171.5  3.4913e-18
6172.6  4.8579e-18
6173.8  3.228e-18
6175  5.2432e-18
6176.1  4.2319e-18
6177.3  5.2442e-18
6178.5  4.1612e-18
6179.6  4.1343e-18
6180.8  7.1261e-18
6181.9  6.2594e-18
6183.1  5.9375e-18
6184.3  4.94e-18
6185.4  6.5318e-18
6186.6  6.7537e-18
6187.8  5.6764e-18
6188.9  4.1271e-18
6190.1  3.1558e-18
6191.3  5.2431e-18
6192.4  5.3594e-18
6193.6  3.5415e-18
6194.7  3.8819e-18
6195.9  4.9671e-18
6197.1  5.351e-18
6198.2  4.7121e-18
6199.4  6.9221e-18
6200.6  6.4377e-18
6201.7  5.2057e-18
6202.9  5.6561e-18
6204.1  5.4954e-18
6205.2  6.0823e-18
6206.4  5.7767e-18
6207.6  4.1296e-18
6208.7  5.2386e-18
6209.9  5.5245e-18
6211  7.156e-18
6212.2  6.1117e-18
6213.4  6.9302e-18
6214.5  6.597e-18
6215.7  7.2856e-18
6216.9  7.5629e-18
6218  6.6324e-18
6219.2  7.1794e-18
6220.4  4.6405e-18
6221.5  4.9011e-18
6222.7  8.6963e-18
6223.9  5.167e-18
6225  5.9538e-18
6226.2  6.3085e-18
6227.4  5.1944e-18
6228.5  6.3955e-18
6229.7  4.7024e-18
6230.8  5.9129e-18
6232  5.3967e-18
6233.2  6.46e-18
6234.3  3.6116e-18
6235.5  4.3423e-18
6236.7  3.6994e-18
6237.8  5.5428e-18
6239  6.7685e-18
6240.2  5.5624e-18
6241.3  4.4235e-18
6242.5  4.9811e-18
6243.7  2.7884e-18
6244.8  5.3244e-18
6246  3.0996e-18
6247.2  5.5072e-18
6248.3  4.79e-18
6249.5  4.6146e-18
6250.7  3.9282e-18
6251.8  3.5865e-18
6253  2.6383e-18
6254.2  6.6401e-18
6255.3  5.427e-18
6256.5  2.5823e-18
6257.7  3.0227e-18
6258.8  1.1827e-18
6260  3.2876e-18
6261.2  3.2148e-18
6262.3  4.5423e-18
6263.5  4.0081e-18
6264.7  2.5521e-18
6265.8  3.213e-18
6267  3.3799e-18
6268.1  3.1286e-18
6269.3  4.2139e-18
6270.5  5.4913e-18
6271.6  3.3922e-18
6272.8  3.9741e-18
6274  2.9574e-18
6275.1  2.2555e-18
6276.3  3.2228e-18
6277.5  4.6533e-18
6278.6  3.3562e-18
6279.8  2.7271e-18
6281  4.2681e-18
6282.1  2.6742e-18
6283.3  5.1741e-18
6284.5  3.1824e-18
6285.6  5.4165e-18
6286.8  4.6351e-18
6288  1.0833e-18
6289.1  4.295e-18
6290.3  3.8257e-18
6291.5  2.4297e-18
6292.6  2.4055e-18
6293.8  2.638e-18
6295  6.9122e-18
6296.1  4.8107e-18
6297.3  5.5772e-18
6298.5  1.2988e-18
6299.7  1.999e-18
6300.8  5.3403e-18
6302  4.6342e-18
6303.2  3.5813e-18
6304.3  3.4847e-18
6305.5  7.1513e-18
6306.7  3.2155e-18
6307.8  2.3399e-18
6309  1.4638e-18
6310.2  2.0681e-18
6311.3  1.9893e-18
6312.5  2.7787e-18
6313.7  2.3097e-18
6314.8  1.7746e-18
6316  1.9833e-18
6317.2  1.5675e-18
6318.3  3.9216e-18
6319.5  3.9906e-18
6320.7  3.2955e-18
6321.8  3.6548e-18
6323  3.6676e-18
6324.2  4.1766e-18
6325.3  3.8893e-18
6326.5  2.5418e-18
6327.7  8.9894e-19
6328.8  4.4294e-18
6330  1.9474e-18
6331.2  3.4109e-18
6332.3  2.6317e-18
6333.5  3.0432e-18
6334.7  2.5894e-18
6335.9  3.8649e-18
6337  2.9896e-18
6338.2  2.7698e-18
6339.4  2.8033e-18
6340.5  2.0478e-18
6341.7  2.3221e-18
6342.9  2.6836e-18
6344  3.373e-18
6345.2  4.1098e-18
6346.4  2.5682e-18
6347.5  2.9349e-18
6348.7  3.5626e-18
6349.9  2.1692e-18
6351  2.0317e-18
6352.2  2.2273e-18
6353.4  1.5498e-18
6354.6  4.032e-18
6355.7  3.2031e-18
6356.9  2.0354e-18
6358.1  1.2055e-18
6359.2  1.6389e-18
6360.4  1.1067e-18
6361.6  -1.1301e-18
6362.7  3.5137e-18
6363.9  2.7678e-18
6365.1  1.52e-19
6366.2  2.0013e-18
6367.4  3.4731e-18
6368.6  1.7832e-18
6369.7  2.4471e-18
6370.9  2.4738e-18
6372.1  3.1312e-18
6373.3  1.9351e-18
6374.4  2.2621e-18
6375.6  2.9033e-18
6376.8  1.9702e-18
6377.9  1.5532e-18
6379.1  3.0823e-18
6380.3  2.8611e-18
6381.4  2.0144e-18
6382.6  2.9234e-18
6383.8  1.9221e-18
6385  2.2058e-18
6386.1  4.2187e-18
6387.3  1.2092e-18
6388.5  1.6682e-18
6389.6  3.1993e-18
6390.8  1.4541e-18
6392  2.7069e-18
6393.1  2.9521e-18
6394.3  4.4721e-18
6395.5  3.333e-18
6396.7  2.1049e-18
6397.8  2.6458e-18
6399  1.7252e-18
6400.2  2.2325e-18
6401.3  1.9236e-18
6402.5  2.8746e-18
6403.7  2.6774e-18
6404.8  3.3211e-18
6406  1.852e-18
6407.2  4.2745e-18
6408.4  1.7637e-18
6409.5  2.6549e-18
6410.7  2.4646e-18
6411.9  3.2844e-18
6413  2.8388e-18
6414.2  2.6731e-18
6415.4  3.7139e-18
6416.6  2.3287e-18
6417.7  3.7848e-18
6418.9  1.6003e-18
6420.1  2.3162e-18
6421.2  3.0925e-18
6422.4  2.6914e-18
6423.6  3.7392e-18
6424.7  3.4276e-18
6425.9  3.3673e-18
6427.1  2.1107e-18
6428.3  3.0038e-18
6429.4  2.5944e-18
6430.6  3.316e-18
6431.8  2.2639e-18
6432.9  3.2773e-18
6434.1  3.9476e-18
6435.3  2.7229e-18
6436.5  3.1631e-18
6437.6  3.4849e-18
6438.8  1.8266e-18
6440  2.4473e-18
6441.1  3.6385e-18
6442.3  4.3851e-18
6443.5  2.8727e-18
6444.7  3.6572e-18
6445.8  3.0725e-18
6447  4.2886e-18
6448.2  2.8269e-18
6449.3  3.3853e-18
6450.5  3.6623e-18
6451.7  4.8626e-18
6452.9  3.5532e-18
6454  5.4678e-18
6455.2  3.2583e-18
6456.4  3.6174e-18
6457.5  3.5662e-18
6458.7  3.5018e-18
6459.9  4.6326e-18
6461.1  1.9469e-18
6462.2  3.6671e-18
6463.4  3.2213e-18
6464.6  4.8969e-18
6465.8  4.7125e-18
6466.9  5.8479e-18
6468.1  5.5828e-18
6469.3  2.3743e-18
6470.4  4.6606e-18
6471.6  3.8678e-18
6472.8  3.7595e-18
6474  4.2065e-18
6475.1  3.7129e-18
6476.3  4.27e-18
6477.5  3.4105e-18
6478.6  4.2267e-18
6479.8  5.7568e-18
6481  4.6351e-18
6482.2  4.6077e-18
6483.3  3.1202e-18
6484.5  5.687e-18
6485.7  4.6092e-18
6486.9  3.8707e-18
6488  4.7152e-18
6489.2  5.1359e-18
6490.4  3.4291e-18
6491.5  5.4926e-18
6492.7  4.9139e-18
6493.9  5.1409e-18
6495.1  4.0026e-18
6496.2  6.5618e-18
6497.4  3.6176e-18
6498.6  3.6081e-18
6499.8  4.4031e-18
6500.9  4.037e-18
6502.1  4.1e-18
6503.3  3.8806e-18
6504.5  3.9239e-18
6505.6  3.1038e-18
6506.8  3.2006e-18
6508  2.527e-18
6509.1  5.0554e-18
6510.3  4.241e-18
6511.5  3.7794e-18
6512.7  3.2245e-18
6513.8  3.3931e-18
6515  3.6494e-18
6516.2  3.6208e-18
6517.4  2.1861e-18
6518.5  1.9018e-18
6519.7  2.8821e-18
6520.9  3.4226e-18
6522.1  3.6844e-18
6523.2  3.602e-18
6524.4  3.5853e-18
6525.6  3.4487e-18
6526.7  2.0655e-18
6527.9  6.1445e-18
6529.1  4.4761e-18
6530.3  4.3304e-18
6531.4  5.7522e-18
6532.6  3.5059e-18
6533.8  6.0832e-18
6535  6.3872e-18
6536.1  4.2834e-18
6537.3  3.8309e-18
6538.5  4.7754e-18
6539.7  4.8144e-18
6540.8  5.8602e-18
6542  6.3338e-18
6543.2  6.7365e-18
6544.4  6.5097e-18
6545.5  7.0958e-18
6546.7  7.2418e-18
6547.9  5.8202e-18
6549.1  6.1527e-18
6550.2  8.1047e-18
6551.4  7.2602e-18
6552.6  9.08e-18
6553.8  6.147e-18
6554.9  8.9207e-18
6556.1  7.9895e-18
6557.3  1.0505e-17
6558.5  1.0197e-17
6559.6  1.0329e-17
6560.8  9.1525e-18
6562  1.1511e-17
6563.2  8.9624e-18
6564.3  1.1059e-17
6565.5  1.2143e-17
6566.7  1.0386e-17
6567.9  1.0114e-17
6569  1.4555e-17
6570.2  1.3906e-17
6571.4  1.3083e-17
6572.6  1.2641e-17
6573.7  1.2782e-17
6574.9  1.2888e-17
6576.1  1.458e-17
6577.3  1.535e-17
6578.4  1.5101e-17
6579.6  1.5612e-17
6580.8  1.6014e-17
6582  1.8081e-17
6583.1  1.6854e-17
6584.3  1.9232e-17
6585.5  1.8856e-17
6586.7  2.0156e-17
6587.8  2.0448e-17
6589  2.0803e-17
6590.2  2.3566e-17
6591.4  2.4006e-17
6592.5  2.3188e-17
6593.7  2.4684e-17
6594.9  2.7351e-17
6596.1  2.7828e-17
6597.2  2.8538e-17
6598.4  2.7225e-17
6599.6  2.7411e-17
6600.8  2.7641e-17
6601.9  2.8378e-17
6603.1  2.8439e-17
6604.3  2.8287e-17
6605.5  2.7352e-17
6606.7  2.7002e-17
6607.8  2.7479e-17
6609  2.918e-17
6610.2  2.6655e-17
6611.4  2.7531e-17
6612.5  2.722e-17
6613.7  2.8058e-17
6614.9  2.7174e-17
6616.1  2.5921e-17
6617.2  2.6119e-17
6618.4  2.5714e-17
6619.6  2.4121e-17
6620.8  2.378e-17
6621.9  2.4451e-17
6623.1  2.6225e-17
6624.3  2.6704e-17
6625.5  2.6097e-17
6626.6  2.5737e-17
6627.8  2.4348e-17
6629  2.4297e-17
6630.2  2.4504e-17
6631.4  2.5049e-17
6632.5  2.3619e-17
6633.7  2.556e-17
6634.9  2.4687e-17
6636.1  2.3393e-17
6637.2  2.4198e-17
6638.4  2.595e-17
6639.6  2.4536e-17
6640.8  2.6272e-17
6641.9  2.6829e-17
6643.1  2.6846e-17
6644.3  3.0488e-17
6645.5  2.6585e-17
6646.7  2.8018e-17
6647.8  2.9406e-17
6649  2.7509e-17
6650.2  2.7867e-17
6651.4  2.823e-17
6652.5  2.7412e-17
6653.7  2.7816e-17
6654.9  2.6912e-17
6656.1  2.7761e-17
6657.3  2.6477e-17
6658.4  2.8296e-17
6659.6  2.8308e-17
6660.8  2.7146e-17
6662  2.7121e-17
6663.1  2.7292e-17
6664.3  2.7275e-17
6665.5  2.7461e-17
6666.7  2.6143e-17
6667.9  2.4869e-17
6669  2.7228e-17
6670.2  2.5082e-17
6671.4  2.5694e-17
6672.6  2.4835e-17
6673.7  2.5844e-17
6674.9  2.3519e-17
6676.1  2.3065e-17
6677.3  2.1146e-17
6678.5  2.332e-17
6679.6  2.2087e-17
6680.8  2.1872e-17
6682  2.1715e-17
6683.2  1.9595e-17
6684.3  1.9137e-17
6685.5  2.0019e-17
6686.7  1.8731e-17
6687.9  1.8083e-17
6689.1  2.069e-17
6690.2  1.732e-17
6691.4  1.9151e-17
6692.6  1.8098e-17
6693.8  1.7489e-17
6694.9  1.6028e-17
6696.1  1.5925e-17
6697.3  1.7308e-17
6698.5  1.7082e-17
6699.7  1.4731e-17
6700.8  1.6907e-17
6702  1.6063e-17
6703.2  1.5028e-17
6704.4  1.5304e-17
6705.6  1.3618e-17
6706.7  1.3395e-17
6707.9  1.477e-17
6709.1  1.578e-17
6710.3  1.6837e-17
6711.4  1.4811e-17
6712.6  1.3995e-17
6713.8  1.3019e-17
6715  1.4989e-17
6716.2  1.2784e-17
6717.3  1.1503e-17
6718.5  1.4822e-17
6719.7  1.3838e-17
6720.9  1.0975e-17
6722.1  1.3119e-17
6723.2  1.2014e-17
6724.4  1.1172e-17
6725.6  1.1924e-17
6726.8  1.1105e-17
6728  1.0764e-17
6729.1  1.1231e-17
6730.3  1.0194e-17
6731.5  9.421e-18
6732.7  9.4036e-18
6733.9  1.0032e-17
6735  1.0026e-17
6736.2  9.5623e-18
6737.4  1.0646e-17
6738.6  9.9666e-18
6739.8  1.1526e-17
6740.9  9.3145e-18
6742.1  8.1275e-18
6743.3  1.049e-17
6744.5  8.1401e-18
6745.7  8.8014e-18
6746.8  8.5814e-18
6748  7.0133e-18
6749.2  8.9782e-18
6750.4  7.8221e-18
6751.5  8.4833e-18
6752.7  7.4585e-18
6753.9  8.0873e-18
6755.1  8.1656e-18
6756.3  7.5785e-18
6757.4  6.0729e-18
6758.6  7.7043e-18
6759.8  8.2715e-18
6761  6.9648e-18
6762.2  6.1615e-18
6763.4  6.2075e-18
6764.5  8.0846e-18
6765.7  7.7511e-18
6766.9  7.1279e-18
6768.1  6.1382e-18
6769.3  7.1033e-18
6770.4  7.1243e-18
6771.6  7.8901e-18
6772.8  7.3928e-18
6774  5.8641e-18
6775.2  8.0478e-18
6776.3  7.1299e-18
6777.5  6.5483e-18
6778.7  6.487e-18
6779.9  8.5096e-18
6781.1  6.1867e-18
6782.2  7.1473e-18
6783.4  7.0804e-18
6784.6  7.2262e-18
6785.8  5.6122e-18
6787  6.6562e-18
6788.1  7.325e-18
6789.3  7.2742e-18
6790.5  7.2711e-18
6791.7  7.0223e-18
6792.9  6.8858e-18
6794  6.4385e-18
6795.2  6.5991e-18
6796.4  6.0417e-18
6797.6  6.7649e-18
6798.8  7.6188e-18
6800  6.641e-18
6801.1  6.6918e-18
6802.3  6.1205e-18
6803.5  5.74e-18
6804.7  7.4014e-18
6805.9  5.3429e-18
6807  6.6028e-18
6808.2  6.4738e-18
6809.4  7.7654e-18
6810.6  6.7643e-18
6811.8  5.4854e-18
6812.9  6.0348e-18
6814.1  6.4537e-18
6815.3  5.5e-18
6816.5  6.5413e-18
6817.7  6.3431e-18
6818.9  7.2967e-18
6820  6.82e-18
6821.2  6.0909e-18
6822.4  5.5119e-18
6823.6  5.2719e-18
6824.8  4.9344e-18
6825.9  4.3715e-18
6827.1  6.5826e-18
6828.3  5.4603e-18
6829.5  5.3991e-18
6830.7  4.6255e-18
6831.9  7.7767e-18
6833  7.7731e-18
6834.2  6.53e-18
6835.4  5.8182e-18
6836.6  2.8411e-18
6837.8  5.5143e-18
6838.9  5.6231e-18
6840.1  4.4116e-18
6841.3  6.9572e-18
6842.5  5.3388e-18
6843.7  3.9323e-18
6844.9  4.9459e-18
6846  4.5959e-18
6847.2  6.07e-18
6848.4  5.4511e-18
6849.6  4.6062e-18
6850.8  5.9962e-18
6852  5.479e-18
6853.1  4.0953e-18
6854.3  4.4029e-18
6855.5  5.7939e-18
6856.7  4.4045e-18
6857.9  3.5286e-18
6859  6.0116e-18
6860.2  4.4457e-18
6861.4  5.0572e-18
6862.6  4.3307e-18
6863.8  6.966e-18
6865  2.5988e-18
6866.1  2.2609e-18
6867.3  6.556e-18
6868.5  3.3015e-18
6869.7  3.5705e-18
6870.9  3.1394e-18
6872.1  4.1436e-18
6873.2  3.6284e-18
6874.4  4.5807e-18
6875.6  4.272e-18
6876.8  3.5358e-18
6878  4.2328e-18
6879.2  4.84e-18
6880.3  5.7732e-18
6881.5  4.731e-18
6882.7  4.3081e-18
6883.9  4.0814e-18
6885.1  3.5444e-18
6886.3  5.8414e-18
6887.4  3.7546e-18
6888.6  1.8267e-18
6889.8  4.6962e-18
6891  6.7057e-18
6892.2  4.2516e-18
6893.4  4.859e-18
6894.5  4.1133e-18
6895.7  3.4171e-18
6896.9  2.5015e-18
6898.1  4.2966e-18
6899.3  4.9148e-18
6900.5  8.4567e-18
6901.6  1.4917e-17
6902.8  2.3983e-17
6904  3.3654e-17
6905.2  4.4047e-17
6906.4  5.0651e-17
6907.6  5.1762e-17
6908.7  4.0417e-17
6909.9  3.1265e-17
6911.1  2.1467e-17
6912.3  1.2609e-17
6913.5  8.2354e-18
6914.7  4.0234e-18
6915.8  3.8976e-18
6917  3.8312e-18
6918.2  3.2694e-18
6919.4  3.7038e-18
6920.6  3.5407e-18
6921.8  2.8869e-18
6922.9  2.0518e-18
6924.1  2.3471e-18
6925.3  5.0435e-18
6926.5  3.1405e-18
6927.7  4.3482e-18
6928.9  6.7005e-18
6930.1  4.1546e-18
6931.2  4.2597e-18
6932.4  3.2076e-18
6933.6  4.4046e-18
6934.8  2.9512e-18
6936  2.2781e-18
6937.2  2.8978e-18
6938.3  2.6302e-18
6939.5  3.1086e-18
6940.7  2.8579e-18
6941.9  2.9321e-18
6943.1  2.2708e-18
6944.3  -2.7966e-19
6945.4  3.4217e-18
6946.6  1.6972e-18
6947.8  1.9179e-18
6949  3.703e-18
6950.2  2.4717e-18
6951.4  3.0541e-18
6952.6  2.8345e-18
6953.7  2.3601e-18
6954.9  1.0592e-18
6956.1  8.7117e-19
6957.3  2.6792e-18
6958.5  2.0348e-18
6959.7  2.4747e-18
6960.9  2.3536e-18
6962  3.1915e-18
6963.2  1.9482e-18
6964.4  1.8763e-18
6965.6  2.3974e-18
6966.8  1.7492e-18
6968  1.2204e-18
6969.1  2.8997e-18
6970.3  1.7044e-18
6971.5  6.1181e-19
6972.7  5.6858e-19
6973.9  4.0662e-18
6975.1  3.5879e-18
6976.3  2.7698e-18
6977.4  2.4493e-18
6978.6  2.742e-18
6979.8  2.4503e-18
6981  2.0678e-18
6982.2  3.5884e-18
6983.4  2.3461e-18
6984.6  2.0304e-18
6985.7  4.7301e-19
6986.9  1.7624e-18
6988.1  1.8264e-18
6989.3  1.7547e-18
6990.5  7.7522e-19
6991.7  2.0982e-18
6992.9  9.5076e-19
6994  1.6434e-18
6995.2  2.699e-18
6996.4  1.9105e-18
6997.6  1.9684e-18
6998.8  1.8978e-18
7000  2.4289e-18
7001.2  2.2009e-18
7002.3  2.609e-18
7003.5  2.1827e-18
7004.7  1.515e-18
7005.9  2.4003e-18
7007.1  1.7765e-18
7008.3  2.9923e-18
7009.5  2.4447e-18
7010.6  6.3553e-19
7011.8  2.9987e-18
7013  1.191e-18
7014.2  3.2637e-18
7015.4  3.0006e-19
7016.6  4.7756e-19
7017.8  6.3832e-19
7018.9  9.3481e-19
7020.1  1.363e-18
7021.3  2.0343e-18
7022.5  9.8774e-19
7023.7  1.5306e-18
7024.9  1.4e-18
7026.1  2.6302e-18
7027.3  2.158e-18
7028.4  2.4036e-18
7029.6  1.5135e-18
7030.8  1.8436e-18
7032  2.3299e-18
7033.2  2.4856e-18
7034.4  7.8364e-19
7035.6  1.4811e-18
7036.7  3.7852e-19
7037.9  2.2227e-18
7039.1  1.0959e-18
7040.3  1.8647e-18
7041.5  2.1204e-18
7042.7  1.3104e-18
7043.9  2.3119e-18
7045.1  2.4075e-18
7046.2  2.8273e-18
7047.4  2.1296e-18
7048.6  1.6935e-18
7049.8  2.3521e-18
7051  1.6161e-18
7052.2  2.4109e-18
7053.4  2.3057e-18
7054.5  1.0806e-18
7055.7  1.8004e-18
7056.9  1.2193e-18
7058.1  1.9579e-18
7059.3  1.3201e-18
7060.5  1.6833e-18
7061.7  2.3008e-18
7062.9  2.4173e-18
7064  3.3966e-18
7065.2  2.6499e-18
7066.4  4.3671e-18
7067.6  6.0489e-18
7068.8  5.0666e-18
7070  5.2286e-18
7071.2  4.4624e-18
7072.4  4.3445e-18
7073.5  2.1995e-18
7074.7  1.9317e-18
7075.9  2.7438e-18
7077.1  1.8518e-18
7078.3  2.6494e-18
7079.5  3.1541e-18
7080.7  2.7188e-18
7081.9  4.6571e-18
7083  4.6407e-18
7084.2  5.3188e-18
7085.4  4.3987e-18
7086.6  2.616e-18
7087.8  2.7747e-18
7089  2.1934e-18
7090.2  2.6491e-18
7091.4  1.926e-18
7092.5  1.7185e-18
7093.7  4.609e-19
7094.9  8.2578e-19
7096.1  1.224e-18
7097.3  1.4311e-18
7098.5  1.5013e-18
7099.7  1.1174e-18
7100.9  7.18e-19
7102  1.845e-18
7103.2  1.5499e-18
7104.4  1.9701e-18
7105.6  1.4411e-18
7106.8  9.4451e-19
7108  2.8518e-18
7109.2  2.2087e-18
7110.4  2.1029e-18
7111.6  2.2537e-18
7112.7  1.3845e-18
7113.9  1.7025e-18
7115.1  1.7917e-18
7116.3  6.4111e-19
7117.5  1.9957e-18
7118.7  1.7682e-18
7119.9  9.6123e-19
7121.1  1.2568e-18
7122.2  6.5044e-19
7123.4  2.1361e-18
7124.6  1.0728e-18
7125.8  7.7938e-19
7127  1.0197e-18
7128.2  1.4226e-18
7129.4  1.0637e-18
7130.6  1.4097e-18
7131.8  1.0707e-18
7132.9  1.2517e-18
7134.1  1.2648e-18
7135.3  1.7161e-18
7136.5  6.0932e-19
7137.7  1.6825e-18
7138.9  9.6564e-19
7140.1  5.924e-19
7141.3  -6.6198e-19
7142.5  1.0581e-18
7143.6  1.4475e-18
7144.8  1.5648e-18
7146  1.3543e-18
7147.2  1.6915e-18
7148.4  -1.0549e-19
7149.6  -3.2112e-21
7150.8  9.5674e-19
7152  2.8571e-20
7153.2  1.2587e-18
7154.3  1.8135e-18
7155.5  2.2651e-18
7156.7  7.8287e-19
7157.9  2.1716e-18
7159.1  6.1305e-19
7160.3  9.545e-19
7161.5  1.9292e-18
7162.7  2.4531e-18
7163.9  1.767e-18
7165  1.5979e-18
7166.2  7.432e-19
7167.4  8.2534e-19
7168.6  1.0842e-18
7169.8  2.2437e-18
7171  1.5104e-18
7172.2  2.5122e-18
7173.4  8.0357e-19
7174.6  1.3352e-18
7175.8  1.2442e-18
7176.9  3.0861e-18
7178.1  5.53e-19
7179.3  1.7423e-18
7180.5  7.0501e-19
7181.7  1.9788e-18
7182.9  1.4434e-18
7184.1  1.8476e-18
7185.3  -3.1659e-19
7186.5  -3.7558e-20
7187.6  2.1362e-18
7188.8  2.2829e-18
7190  1.2901e-18
7191.2  1.7869e-18
7192.4  8.6039e-19
7193.6  2.1712e-18
7194.8  6.8312e-19
7196  1.2941e-18
7197.2  4.7232e-19
7198.4  1.2253e-18
7199.5  1.7397e-18
7200.7  2.0289e-18
7201.9  2.1614e-18
7203.1  1.5455e-18
7204.3  1.8722e-18
7205.5  1.703e-18
7206.7  1.4674e-18
7207.9  1.1018e-18
7209.1  3.1692e-19
7210.3  9.3876e-19
7211.5  8.4774e-19
7212.6  1.4471e-18
7213.8  1.7366e-18
7215  1.2344e-18
7216.2  1.1735e-18
7217.4  1.4889e-18
7218.6  1.6026e-18
7219.8  2.5471e-18
7221  1.4302e-18
7222.2  6.0705e-19
7223.4  6.4843e-19
7224.5  1.0307e-18
7225.7  8.7913e-19
7226.9  1.7732e-18
7228.1  1.27e-18
7229.3  1.0956e-18
7230.5  1.0248e-19
7231.7  1.8777e-18
7232.9  9.0548e-19
7234.1  1.1961e-18
7235.3  7.38e-19
7236.5  2.4423e-18
7237.6  9.2384e-21
7238.8  3.8607e-18
7240  1.1363e-18
7241.2  -3.1405e-19
7242.4  7.5104e-19
7243.6  1.347e-18
7244.8  3.1759e-18
7246  2.9416e-18
7247.2  -3.125e-21
7248.4  1.7974e-19
7249.5  9.0207e-19
7250.7  1.3338e-18
7251.9  6.6101e-19
7253.1  1.7687e-18
7254.3  1.327e-18
7255.5  9.5671e-21
7256.7  1.1453e-18
7257.9  2.2032e-18
7259.1  1.755e-18
7260.3  6.3353e-19
7261.5  9.0344e-19
7262.7  2.5193e-18
7263.8  1.2002e-18
7265  5.5332e-19
7266.2  1.7697e-18
7267.4  1.129e-18
7268.6  3.3274e-19
7269.8  8.7646e-19
7271  2.4549e-18
7272.2  1.6994e-18
7273.4  2.2596e-18
7274.6  3.1985e-18
7275.8  4.2857e-18
7276.9  3.5491e-20
7278.1  1.3722e-18
7279.3  2.8272e-18
7280.5  1.3873e-18
7281.7  3.7241e-19
7282.9  2.1278e-19
7284.1  1.1641e-18
7285.3  8.9517e-19
7286.5  3.2435e-18
7287.7  2.3543e-18
7288.9  1.0006e-18
7290.1  1.2089e-18
7291.2  1.3765e-18
7292.4  2.5647e-18
7293.6  2.5307e-18
7294.8  1.9958e-18
7296  1.1933e-18
7297.2  1.3701e-18
7298.4  1.9044e-18
7299.6  1.3618e-18
7300.8  3.6804e-19
7302  1.0565e-18
7303.2  2.0482e-18
7304.4  2.6043e-18
7305.6  2.6183e-19
7306.7  1.8394e-18
7307.9  1.6897e-18
7309.1  8.8455e-19
7310.3  1.4775e-20
7311.5  1.9372e-18
7312.7  1.8289e-18
7313.9  6.2932e-19
7315.1  2.6148e-18
7316.3  6.6788e-19
7317.5  4.6253e-18
7318.7  3.6966e-18
7319.9  6.2316e-18
7321  1.1803e-18
7322.2  2.6518e-18
7323.4  1.2584e-18
7324.6  2.5198e-18
7325.8  2.5367e-19
7327  1.3545e-18
7328.2  -1.0752e-19
7329.4  7.175e-19
7330.6  3.539e-18
7331.8  1.0397e-18
7333  2.7258e-18
7334.2  1.0784e-18
7335.4  -1.2041e-18
7336.5  1.6637e-18
7337.7  1.1553e-18
7338.9  1.4217e-18
7340.1  2.028e-18
7341.3  2.5871e-18
7342.5  2.626e-18
7343.7  1.8055e-18
7344.9  2.3428e-19
7346.1  1.5041e-19
7347.3  2.2928e-18
7348.5  2.7332e-18
7349.7  1.6303e-18
7350.9  1.7064e-18
7352.1  2.4021e-18
7353.2  2.8337e-18
7354.4  1.7536e-18
7355.6  1.2637e-18
7356.8  1.3816e-18
7358  2.9544e-18
7359.2  2.3485e-18
7360.4  2.5484e-18
7361.6  1.6972e-18
7362.8  1.7613e-18
7364  1.6794e-18
7365.2  2.7175e-18
7366.4  2.5747e-18
7367.6  2.2948e-18
7368.8  2.5711e-18
7369.9  2.5844e-18
7371.1  2.7721e-18
7372.3  2.9014e-18
7373.5  2.4481e-18
7374.7  1.4943e-18
7375.9  2.7907e-18
7377.1  2.7077e-18
7378.3  1.9395e-18
7379.5  1.1455e-18
7380.7  3.008e-18
7381.9  1.4049e-18
7383.1  1.2205e-18
7384.3  2.7175e-18
7385.5  3.8062e-18
7386.7  3.3173e-18
7387.8  2.6899e-18
7389  2.4465e-18
7390.2  1.2059e-18
7391.4  1.7528e-18
7392.6  1.0692e-18
7393.8  1.5163e-18
7395  1.367e-18
7396.2  2.0336e-18
7397.4  3.6205e-18
7398.6  3.5811e-18
7399.8  2.5289e-18
7401  1.7433e-18
7402.2  2.2009e-18
7403.4  1.413e-18
7404.6  1.1088e-18
7405.8  5.0236e-19
7406.9  3.5552e-18
7408.1  1.7511e-18
7409.3  2.715e-18
7410.5  1.962e-18
7411.7  2.705e-18
7412.9  2.3519e-18
7414.1  1.9598e-18
7415.3  1.8385e-18
7416.5  1.7349e-18
7417.7  2.3648e-18
7418.9  3.1648e-18
7420.1  2.2561e-18
7421.3  1.4143e-18
7422.5  2.0842e-18
7423.7  2.3607e-18
7424.9  2.0543e-18
7426.1  1.9949e-18
7427.2  1.2062e-18
7428.4  1.7609e-18
7429.6  2.1788e-18
7430.8  2.207e-18
7432  1.8152e-18
7433.2  3.883e-19
7434.4  1.0527e-18
7435.6  1.688e-18
7436.8  1.8843e-18
7438  -4.2595e-19
7439.2  1.9631e-18
7440.4  1.9819e-18
7441.6  2.6449e-18
7442.8  5.9158e-19
7444  2.5193e-18
7445.2  3.6832e-19
7446.4  1.5382e-18
7447.5  1.9536e-18
7448.7  1.9437e-18
7449.9  3.6104e-19
7451.1  2.2029e-18
7452.3  2.345e-18
7453.5  1.4631e-18
7454.7  1.6467e-18
7455.9  1.2754e-18
7457.1  1.9219e-18
7458.3  4.0726e-19
7459.5  1.5335e-18
7460.7  1.761e-18
7461.9  7.9511e-19
7463.1  1.8028e-18
7464.3  2.1788e-18
7465.5  2.4273e-18
7466.7  3.0416e-18
7467.9  6.8116e-19
7469.1  1.7048e-18
7470.2  2.3403e-18
7471.4  2.2006e-18
7472.6  1.4512e-18
7473.8  2.1804e-18
7475  3.781e-18
7476.2  2.2313e-18
7477.4  1.5644e-18
7478.6  2.8868e-18
7479.8  3.484e-18
7481  8.0314e-19
7482.2  1.9229e-18
7483.4  2.0662e-18
7484.6  2.8183e-18
7485.8  3.2389e-18
7487  3.3402e-18
7488.2  2.31e-18
7489.4  2.8788e-18
7490.6  3.3516e-18
7491.8  3.003e-18
7492.9  2.8958e-18
7494.1  3.2125e-18
7495.3  2.416e-18
7496.5  3.4095e-18
7497.7  2.6553e-18
7498.9  3.4711e-18
7500.1  2.9384e-18
7501.3  2.7386e-18
7502.5  3.2316e-18
7503.7  2.532e-18
7504.9  4.864e-18
7506.1  3.0902e-18
7507.3  4.3726e-18
7508.5  4.4162e-18
7509.7  4.6649e-18
7510.9  5.1159e-18
7512.1  3.1886e-18
7513.3  2.8985e-18
7514.5  2.2086e-18
7515.7  4.2801e-18
7516.9  3.2887e-18
7518.1  2.1714e-18
7519.2  2.6315e-18
7520.4  3.1592e-18
7521.6  5.0283e-18
7522.8  1.9377e-18
7524  4.3199e-18
7525.2  5.4349e-18
7526.4  2.6734e-18
7527.6  3.773e-18
7528.8  2.7173e-18
7530  3.488e-18
7531.2  3.4287e-18
7532.4  2.2811e-18
7533.6  2.6982e-18
7534.8  3.961e-18
7536  2.4698e-18
7537.2  4.0102e-18
7538.4  3.6567e-18
7539.6  3.5686e-18
7540.8  2.8003e-18
7542  2.2829e-18
7543.2  3.6674e-18
7544.4  3.0179e-18
7545.6  2.4868e-18
7546.8  3.6437e-18
7547.9  2.986e-18
7549.1  3.6976e-18
7550.3  3.0996e-18
7551.5  5.0752e-18
7552.7  2.8728e-18
7553.9  5.0258e-18
7555.1  3.3639e-18
7556.3  4.8575e-18
7557.5  4.2462e-18
7558.7  2.6923e-18
7559.9  3.5338e-18
7561.1  2.9042e-18
7562.3  3.1749e-18
7563.5  3.7627e-18
7564.7  2.9918e-18
7565.9  3.473e-18
7567.1  3.7262e-18
7568.3  3.8159e-18
7569.5  4.1073e-18
7570.7  3.8273e-18
7571.9  4.4905e-18
7573.1  3.8288e-18
7574.3  4.3724e-18
7575.5  2.2991e-18
7576.7  3.4219e-18
7577.9  4.8079e-18
7579  3.6034e-18
7580.2  5.4647e-18
7581.4  4.8121e-18
7582.6  4.5927e-18
7583.8  4.3888e-18
7585  5.9013e-18
7586.2  5.6662e-18
7587.4  3.6661e-18
7588.6  5.4007e-18
7589.8  4.8195e-18
7591  5.4929e-18
7592.2  6.4113e-18
7593.4  7.0214e-18
7594.6  7.5321e-18
7595.8  8.782e-18
7597  6.1041e-18
7598.2  6.4755e-18
7599.4  6.7042e-18
7600.6  9.0207e-18
7601.8  5.9176e-18
7603  6.8062e-18
7604.2  8.0954e-18
7605.4  1.1143e-17
7606.6  6.0603e-18
7607.8  9.0807e-18
7609  5.5705e-18
7610.2  6.7052e-18
7611.4  5.1455e-18
7612.6  7.8377e-18
7613.8  8.011e-18
7614.9  6.7235e-18
7616.1  5.3766e-18
7617.3  8.7903e-18
7618.5  8.1052e-18
7619.7  7.8684e-18
7620.9  8.8899e-18
7622.1  1.0239e-17
7623.3  1.0735e-17
7624.5  9.2303e-18
7625.7  7.986e-18
7626.9  8.7287e-18
7628.1  6.986e-18
7629.3  9.9765e-18
7630.5  9.3176e-18
7631.7  1.0522e-17
7632.9  9.4232e-18
7634.1  1.2392e-17
7635.3  9.1092e-18
7636.5  8.7502e-18
7637.7  8.1438e-18
7638.9  1.0657e-17
7640.1  1.0899e-17
7641.3  1.1495e-17
7642.5  9.3374e-18
7643.7  1.159e-17
7644.9  1.0906e-17
7646.1  1.0677e-17
7647.3  1.081e-17
7648.5  1.1148e-17
7649.7  1.1287e-17
7650.9  1.0834e-17
7652.1  1.1217e-17
7653.3  1.0421e-17
7654.5  1.0244e-17
7655.7  1.1826e-17
7656.9  1.1607e-17
7658.1  7.0785e-18
7659.2  1.0376e-17
7660.4  9.6631e-18
7661.6  1.3196e-17
7662.8  1.0794e-17
7664  1.092e-17
7665.2  1.1091e-17
7666.4  1.0872e-17
7667.6  1.1854e-17
7668.8  1.1263e-17
7670  1.1538e-17
7671.2  1.078e-17
7672.4  1.1657e-17
7673.6  1.0515e-17
7674.8  1.1205e-17
7676  1.0761e-17
7677.2  1.2118e-17
7678.4  1.1769e-17
7679.6  1.0538e-17
7680.8  1.2553e-17
7682  1.2862e-17
7683.2  1.1743e-17
7684.4  1.1712e-17
7685.6  1.2345e-17
7686.8  1.2801e-17
7688  1.2182e-17
7689.2  1.1923e-17
7690.4  1.2433e-17
7691.6  1.2744e-17
7692.8  1.3393e-17
7694  1.2721e-17
7695.2  1.2651e-17
7696.4  1.4042e-17
7697.6  1.454e-17
7698.8  1.3894e-17
7700  1.4912e-17
7701.2  1.5215e-17
7702.4  1.5909e-17
7703.6  1.6472e-17
7704.8  1.6895e-17
7706  1.7514e-17
7707.2  1.7317e-17
7708.4  1.3499e-17
7709.6  1.6268e-17
7710.8  1.6268e-17
7712  1.4949e-17
7713.2  1.738e-17
7714.4  1.8466e-17
7715.5  1.5961e-17
7716.7  1.919e-17
7717.9  1.407e-17
7719.1  1.4037e-17
7720.3  1.7333e-17
7721.5  1.8095e-17
7722.7  1.4862e-17
7723.9  1.7907e-17
7725.1  1.6693e-17
7726.3  1.5735e-17
7727.5  1.7227e-17
7728.7  1.7884e-17
7729.9  1.5773e-17
7731.1  1.5501e-17
7732.3  1.427e-17
7733.5  1.442e-17
7734.7  1.4997e-17
7735.9  1.4185e-17
7737.1  1.3343e-17
7738.3  1.3434e-17
7739.5  1.3651e-17
7740.7  1.2212e-17
7741.9  1.3141e-17
7743.1  1.1225e-17
7744.3  1.1499e-17
7745.5  1.0432e-17
7746.7  8.2549e-18
7747.9  1.0888e-17
7749.1  9.8554e-18
7750.3  1.1041e-17
7751.5  8.1009e-18
7752.7  1.2968e-17
7753.9  6.0296e-18
7755.1  7.7263e-18
7756.3  9.0314e-18
7757.5  8.6779e-18
7758.7  8.2398e-18
7759.9  7.8298e-18
7761.1  8.8386e-18
7762.3  9.0265e-18
7763.5  6.852e-18
7764.7  7.9327e-18
7765.9  7.4297e-18
7767.1  7.3754e-18
7768.3  7.4727e-18
7769.5  6.6983e-18
7770.7  7.2587e-18
7771.9  6.8541e-18
7773.1  5.1839e-18
7774.3  6.818e-18
7775.5  4.3973e-18
7776.7  5.0507e-18
7777.9  4.7424e-18
7779.1  6.3996e-18
7780.3  4.4557e-18
7781.5  5.4298e-18
7782.7  4.404e-18
7783.9  4.9341e-18
7785.1  4.0954e-18
7786.3  5.0949e-18
7787.5  3.8206e-18
7788.7  2.9435e-18
7789.9  7.0138e-18
7791.1  4.781e-18
7792.3  1.5763e-18
7793.5  4.7227e-18
7794.7  6.8233e-18
7795.9  7.5179e-18
7797.1  4.0319e-18
7798.3  4.0041e-18
7799.5  4.1225e-18
7800.7  4.6779e-18
7801.9  3.2642e-18
7803.1  3.982e-18
7804.3  3.9336e-18
7805.5  5.4266e-18
7806.7  4.8793e-18
7807.9  4.6416e-18
7809.1  2.8597e-18
7810.3  2.4875e-18
7811.5  4.1072e-18
7812.7  6.1426e-18
7813.9  4.1789e-18
7815.1  2.653e-18
7816.3  5.6563e-18
7817.5  2.4885e-18
7818.7  2.7355e-18
7819.9  1.3022e-18
7821.1  2.329e-18
7822.3  2.9133e-18
7823.5  2.914e-18
7824.6  4.0799e-18
7825.8  4.7104e-18
7827  3.1331e-18
7828.2  4.0642e-18
7829.4  2.3445e-18
7830.6  3.5274e-18
7831.8  3.0595e-18
7833  3.4182e-18
7834.2  4.1498e-18
7835.4  3.9436e-18
7836.6  2.6049e-18
7837.8  2.5104e-18
7839  3.2028e-18
7840.2  4.9972e-18
7841.4  4.7282e-18
7842.6  3.2976e-18
7843.8  2.8334e-18
7845  2.3677e-18
7846.2  1.8506e-18
7847.4  3.5534e-19
7848.6  4.0931e-18
7849.8  4.7804e-18
7851  6.9041e-19
7852.2  5.556e-18
7853.4  4.0562e-18
7854.6  2.6137e-18
7855.8  6.4442e-18
7857  3.2276e-18
7858.2  5.576e-18
7859.4  4.0111e-18
7860.6  2.9919e-18
7861.8  1.9378e-18
7863  1.5956e-18
7864.2  3.0143e-18
7865.4  2.3247e-18
7866.6  3.9398e-18
7867.8  4.9128e-18
7869  2.6774e-18
7870.2  6.0284e-19
7871.4  1.0786e-18
7872.6  2.86e-18
7873.8  1.5132e-18
7875  2.1783e-18
7876.2  3.0974e-18
7877.4  1.093e-18
7878.6  4.0747e-18
7879.8  1.8096e-18
7881  3.834e-18
7882.2  3.8489e-18
7883.4  3.4652e-18
7884.6  3.1076e-18
7885.8  3.8067e-18
7887  3.1418e-18
7888.2  1.5975e-18
7889.4  1.1186e-18
7890.6  3.558e-18
7891.8  1.0101e-18
7893  1.4997e-18
7894.2  3.9121e-18
7895.4  3.1178e-18
7896.6  1.8369e-18
7897.8  1.2692e-18
7899  3.0597e-18
7900.2  3.5236e-18
7901.4  2.4784e-18
7902.6  2.3042e-18
7903.8  4.0274e-19
7905  3.9593e-18
7906.2  1.3106e-18
7907.4  1.9037e-18
7908.6  2.4936e-18
7909.8  3.1278e-18
7911  1.7204e-18
7912.2  9.4643e-19
7913.4  2.3017e-18
7914.6  1.6263e-18
7915.8  2.038e-18
7917  -2.2086e-19
7918.2  2.6302e-18
7919.5  3.8359e-18
7920.7  1.8879e-18
7921.9  3.2897e-18
7923.1  1.1052e-18
7924.3  3.2964e-18
7925.5  -2.4991e-19
7926.7  1.68e-18
7927.9  1.0901e-18
7929.1  1.5536e-18
7930.3  6.5993e-19
7931.5  5.6273e-19
7932.7  1.9785e-18
7933.9  1.1541e-18
7935.1  1.5652e-18
7936.3  5.6246e-19
7937.5  7.5851e-19
7938.7  1.7623e-18
7939.9  2.0294e-18
7941.1  1.8376e-18
7942.3  1.8649e-18
7943.5  1.4263e-18
7944.7  -1.0161e-19
7945.9  1.7133e-19
7947.1  7.9017e-19
7948.3  1.0702e-18
7949.5  -1.6566e-19
7950.7  2.652e-18
7951.9  3.0385e-19
7953.1  3.4581e-19
7954.3  8.9654e-19
7955.5  1.5655e-18
7956.7  1.8215e-18
7957.9  2.0186e-18
7959.1  2.4989e-19
7960.3  1.8835e-18
7961.5  4.2767e-19
7962.7  -7.9968e-19
7963.9  1.6034e-18
7965.1  2.4794e-18
7966.3  1.7852e-18
7967.5  4.7926e-18
7968.7  -1.0309e-19
7969.9  2.9895e-18
7971.1  1.633e-19
7972.3  1.1983e-18
7973.5  1.5585e-18
7974.7  -3.4501e-19
7975.9  1.0375e-18
7977.1  1.5175e-18
7978.3  -8.4161e-19
7979.5  1.3131e-19
7980.7  2.4355e-19
7981.9  1.556e-19
7983.1  1.6345e-18
7984.3  3.6387e-19
7985.5  5.4873e-19
7986.7  2.7013e-19
7987.9  2.7281e-18
7989.1  2.7624e-18
7990.3  4.2596e-18
7991.5  2.4486e-19
7992.7  4.9273e-19
7993.9  2.8675e-18
7995.1  -7.5853e-19
7996.3  3.4171e-18
7997.5  1.6936e-18
7998.7  1.4549e-18
7999.9  6.1141e-19
8001.1  6.7095e-19
8002.3  -2.2341e-19
8003.5  1.834e-19
8004.7  1.1952e-19
8005.9  -6.0646e-20
8007.1  2.4217e-18
8008.3  2.0461e-18
8009.5  5.1826e-19
8010.7  1.7237e-18
8011.9  1.9311e-18
8013.1  5.6692e-19
8014.3  1.5686e-18
8015.5  2.4109e-18
8016.7  2.3094e-18
8017.9  1.1022e-18
8019.1  1.4768e-18
8020.3  1.0686e-18
8021.5  1.3764e-18
8022.7  3.0183e-19
8023.9  1.1165e-19
8025.1  4.301e-19
8026.3  1.106e-19
8027.5  1.8269e-18
8028.7  -2.2603e-18
8029.9  1.5452e-18
8031.1  1.4274e-18
8032.3  3.4264e-19
8033.5  4.4127e-20
8034.7  1.4074e-20
8035.9  1.2547e-18
8037.1  1.2149e-18
8038.3  5.2796e-19
8039.5  1.4009e-18
8040.8  2.2544e-18
8042  1.6153e-18
8043.2  2.4139e-18
8044.4  1.6629e-18
8045.6  1.7662e-18
8046.8  2.6161e-18
8048  1.8988e-18
8049.2  6.4252e-19
8050.4  1.2734e-18
8051.6  1.3351e-18
8052.8  6.2153e-19
8054  2.4796e-18
8055.2  3.2224e-18
8056.4  1.8154e-18
8057.6  1.512e-18
8058.8  2.5562e-18
8060  9.6919e-19
8061.2  9.1024e-19
8062.4  1.0784e-18
8063.6  2.7176e-18
8064.8  1.2823e-18
8066  8.2402e-19
8067.2  2.0713e-18
8068.4  1.4167e-18
8069.6  3.1118e-18
8070.8  2.7869e-18
8072  2.7542e-18
8073.2  2.3614e-18
8074.4  1.4988e-18
8075.6  1.8925e-18
8076.8  2.3261e-18
8078  3.3184e-18
8079.2  2.5069e-18
8080.4  1.848e-18
8081.6  3.448e-18
8082.8  2.362e-18
8084  2.8787e-18
8085.2  3.0416e-18
8086.4  3.1074e-18
8087.6  2.9139e-18
8088.8  2.7404e-18
8090  2.4898e-18
8091.2  1.5605e-18
8092.4  1.9862e-18
8093.6  2.9198e-18
8094.8  2.355e-18
8096  3.1249e-18
8097.2  2.0127e-18
8098.4  2.8816e-18
8099.6  3.1771e-18
8100.8  2.745e-18
8102  1.8141e-18
8103.2  2.8654e-18
8104.4  1.7064e-18
8105.6  2.2673e-18
8106.8  1.0402e-18
8108  2.279e-18
8109.2  3.6812e-18
8110.5  3.2665e-18
8111.7  3.367e-18
8112.9  3.257e-18
8114.1  3.206e-18
8115.3  2.8297e-18
8116.5  2.4584e-18
8117.7  2.814e-18
8118.9  2.8489e-18
8120.1  2.2925e-18
8121.3  2.6166e-18
8122.5  3.4243e-18
8123.7  2.9721e-18
8124.9  3.1192e-18
8126.1  3.0627e-18
8127.3  2.3974e-18
8128.5  3.7189e-18
8129.7  3.4232e-18
8130.9  4.5679e-18
8132.1  3.2302e-18
8133.3  4.2262e-18
8134.5  2.63e-18
8135.7  5.9606e-18
8136.9  3.3716e-18
8138.1  3.5575e-18
8139.3  3.4741e-18
8140.5  5.6752e-18
8141.7  3.8489e-18
8142.9  3.6818e-18
8144.1  4.8842e-18
8145.3  5.3312e-18
8146.5  5.0291e-18
8147.7  4.7227e-18
8148.9  4.7245e-18
8150.1  5.0043e-18
8151.3  4.2085e-18
8152.5  6.1358e-18
8153.7  6.5475e-18
8154.9  6.5805e-18
8156.1  6.24e-18
8157.3  6.0173e-18
8158.5  6.6635e-18
8159.7  7.027e-18
8160.9  7.017e-18
8162.1  7.1635e-18
8163.3  7.0577e-18
8164.5  8.1059e-18
8165.7  7.4508e-18
8167  8.4388e-18
8168.2  8.0905e-18
8169.4  8.0272e-18
8170.6  8.5402e-18
8171.8  9.3346e-18
8173  9.1061e-18
8174.2  1.0952e-17
8175.4  1.0087e-17
8176.6  1.0326e-17
8177.8  1.117e-17
8179  1.2427e-17
8180.2  1.1891e-17
8181.4  1.186e-17
8182.6  1.1034e-17
8183.8  1.1759e-17
8185  1.2639e-17
8186.2  9.7808e-18
8187.4  1.2382e-17
8188.6  1.2109e-17
8189.8  1.385e-17
8191  1.2991e-17
8192.2  1.441e-17
8193.4  1.5346e-17
8194.6  1.4965e-17
8195.8  1.5731e-17
8197  1.7134e-17
8198.2  1.7292e-17
8199.4  1.7662e-17
8200.6  1.8503e-17
8201.8  1.7434e-17
8203  1.7752e-17
8204.2  1.756e-17
8205.4  1.5425e-17
8206.6  1.4788e-17
8207.8  1.402e-17
8209  1.3126e-17
8210.2  1.3223e-17
8211.4  1.1829e-17
8212.6  9.4918e-18
8213.8  8.3812e-18
8215  8.0567e-18
8216.2  8.4029e-18
8217.5  8.7748e-18
8218.7  6.7821e-18
8219.9  6.8333e-18
8221.1  5.5621e-18
8222.3  6.3048e-18
8223.5  6.0876e-18
8224.7  6.0294e-18
8225.9  6.0109e-18
8227.1  5.9468e-18
8228.3  4.4922e-18
8229.5  4.7119e-18
8230.7  4.161e-18
8231.9  5.238e-18
8233.1  4.7023e-18
8234.3  4.2429e-18
8235.5  4.2745e-18
8236.7  4.2789e-18
8237.9  5.4537e-18
8239.1  3.153e-18
8240.3  5.5137e-18
8241.5  5.0536e-18
8242.7  3.5169e-18
8243.9  4.5159e-18
8245.1  4.2952e-18
8246.3  3.1614e-18
8247.5  3.7799e-18
8248.7  4.0505e-18
8249.9  3.5933e-18
8251.1  3.3877e-18
8252.3  3.2671e-18
8253.5  3.269e-18
8254.7  3.3945e-18
8255.9  4.1222e-18
8257.1  3.6327e-18
8258.3  3.2381e-18
8259.5  3.5803e-18
8260.7  3.9951e-18
8262  3.0463e-18
8263.2  2.9401e-18
8264.4  2.4503e-18
8265.6  2.5475e-18
8266.8  2.6798e-18
8268  3.3497e-18
8269.2  4.5853e-18
8270.4  4.5047e-18
8271.6  2.4807e-18
8272.8  2.6363e-18
8274  2.701e-18
8275.2  4.5678e-18
8276.4  3.1485e-18
8277.6  2.9974e-18
8278.8  3.5861e-18
8280  4.0264e-18
8281.2  3.2078e-18
8282.4  7.2996e-18
8283.6  3.3411e-18
8284.8  1.6546e-20
8286  8.1155e-19
8287.2  1.1351e-18
8288.4  5.6243e-18
8289.6  2.4032e-18
8290.8  3.568e-18
8292  5.1168e-18
8293.2  1.1301e-19
8294.4  3.6763e-18
8295.6  3.4585e-18
8296.8  1.8448e-18
8298  -3.5392e-20
8299.2  3.1405e-18
8300.4  5.4264e-18
8301.6  1.8214e-18
8302.8  2.0009e-18
8304  3.1536e-18
8305.3  3.6338e-18
8306.5  1.9534e-18
8307.7  5.2397e-18
8308.9  3.1011e-18
8310.1  4.739e-18
8311.3  2.8513e-18
8312.5  4.556e-18
8313.7  3.3685e-18
8314.9  4.8118e-18
8316.1  2.9947e-18
8317.3  4.5176e-18
8318.5  3.0942e-18
8319.7  3.7154e-18
8320.9  2.5869e-18
8322.1  3.0993e-18
8323.3  2.6382e-18
8324.5  2.5048e-18
8325.7  3.333e-18
8326.9  3.2017e-18
8328.1  3.3893e-18
8329.3  2.4222e-18
8330.5  2.3895e-18
8331.7  3.4172e-18
8332.9  4.5745e-18
8334.1  2.3612e-18
8335.3  2.3295e-18
8336.5  3.7504e-18
8337.7  1.754e-18
8338.9  4.5162e-18
8340.1  3.6168e-18
8341.3  -2.4399e-18
8342.5  1.4775e-18
8343.7  5.1073e-18
8344.9  4.3479e-18
8346.2  1.0126e-18
8347.4  5.4624e-18
8348.6  -1.3041e-18
8349.8  4.4831e-18
8351  1.7432e-18
8352.2  1.7904e-18
8353.4  2.9763e-18
8354.6  3.0311e-18
8355.8  2.5599e-18
8357  6.1162e-18
8358.2  1.3699e-18
8359.4  1.5794e-18
8360.6  3.179e-18
8361.8  3.0757e-18
8363  2.8476e-18
8364.2  4.63e-18
8365.4  2.0732e-18
8366.6  1.8669e-18
8367.8  3.4917e-18
8369  1.6869e-18
8370.2  1.3298e-18
8371.4  3.1235e-18
8372.6  2.194e-18
8373.8  2.0366e-18
8375  3.0334e-18
8376.2  2.6898e-18
8377.4  2.8375e-18
8378.6  3.6452e-18
8379.8  1.2733e-18
8381  3.0537e-18
8382.2  1.9108e-18
8383.4  8.4521e-19
8384.7  2.3716e-18
8385.9  1.3496e-18
8387.1  2.4284e-18
8388.3  1.3347e-18
8389.5  2.2383e-18
8390.7  1.6895e-18
8391.9  2.3827e-18
8393.1  1.366e-18
8394.3  1.3349e-18
8395.5  4.7103e-18
8396.7  1.3555e-18
8397.9  4.2651e-18
8399.1  3.0804e-18
8400.3  7.3152e-19
8401.5  3.4609e-18
8402.7  7.3379e-20
8403.9  -8.8711e-19
8405.1  3.4289e-18
8406.3  1.811e-18
8407.5  1.3899e-18
8408.7  3.0942e-18
8409.9  2.1096e-18
8411.1  1.9929e-18
8412.3  4.7097e-18
8413.5  2.8485e-18
8414.7  6.3344e-19
8415.9  3.337e-18
8417.1  1.4458e-18
8418.3  2.8259e-18
8419.5  5.1248e-19
8420.7  2.253e-18
8421.9  2.2116e-18
8423.2  2.1866e-18
8424.4  2.2007e-18
8425.6  6.1091e-18
8426.8  1.5243e-18
8428  1.852e-18
8429.2  1.3287e-18
8430.4  1.4415e-18
8431.6  2.6261e-18
8432.8  5.2586e-18
8434  -3.0309e-19
8435.2  3.4546e-18
8436.4  5.9274e-19
8437.6  3.4992e-18
8438.8  2.7289e-18
8440  2.7406e-18
8441.2  2.1762e-18
8442.4  1.8914e-18
8443.6  2.0363e-18
8444.8  6.6761e-19
8446  7.2314e-19
8447.2  3.6117e-20
8448.4  1.2335e-18
8449.6  8.2672e-19
8450.8  1.9294e-18
8452  2.3465e-18
8453.2  4.5274e-18
8454.4  4.9297e-19
8455.6  1.9666e-19
8456.8  2.8261e-19
8458  -1.2252e-19
8459.2  2.4433e-18
8460.5  1.4051e-18
8461.7  -2.5034e-19
8462.9  2.6183e-18
8464.1  -4.8512e-19
8465.3  2.8419e-18
8466.5  3.2344e-18
8467.7  1.9642e-18
8468.9  -3.957e-19
8470.1  -4.3001e-19
8471.3  1.0945e-19
8472.5  2.9757e-18
8473.7  1.9464e-18
8474.9  8.9496e-19
8476.1  2.2782e-18
8477.3  1.9909e-18
8478.5  2.1873e-18
8479.7  2.1406e-18
8480.9  2.1771e-18
8482.1  1.0405e-18
8483.3  1.3258e-18
8484.5  1.4336e-18
8485.7  1.7771e-18
8486.9  8.4855e-19
8488.1  1.6088e-18
8489.3  8.1276e-19
8490.5  1.6407e-18
8491.7  2.1067e-18
8492.9  3.2126e-18
8494.1  2.7533e-18
8495.3  2.4978e-18
8496.5  1.7276e-18
8497.8  2.0365e-18
8499  3.5141e-19
8500.2  2.7385e-18
8501.4  1.1532e-18
8502.6  1.822e-18
8503.8  3.622e-18
8505  2.8956e-18
8506.2  1.0485e-18
8507.4  1.2899e-18
8508.6  8.1294e-19
8509.8  4.0737e-18
8511  6.7692e-19
8512.2  5.1873e-19
8513.4  1.3504e-18
8514.6  1.3823e-18
8515.8  1.908e-18
8517  2.1726e-19
8518.2  2.0125e-18
8519.4  1.674e-18
8520.6  5.6815e-19
8521.8  1.9566e-18
8523  1.3118e-18
8524.2  2.9833e-18
8525.4  2.2271e-18
8526.6  1.0695e-18
8527.8  1.3296e-18
8529  3.3191e-19
8530.2  2.2936e-18
8531.4  1.6689e-18
8532.6  1.0783e-18
8533.8  2.4044e-18
8535.1  -1.674e-19
8536.3  1.8414e-18
8537.5  1.85e-18
8538.7  1.7439e-18
8539.9  -3.4678e-19
8541.1  2.2662e-18
8542.3  2.9358e-18
8543.5  1.0463e-18
8544.7  2.2957e-18
8545.9  1.6265e-18
8547.1  1.5068e-18
8548.3  1.7742e-19
8549.5  2.5677e-18
8550.7  2.1575e-18
8551.9  2.0318e-21
8553.1  6.7742e-20
8554.3  1.7881e-18
8555.5  9.6453e-19
8556.7  7.2444e-19
8557.9  9.0694e-19
8559.1  7.2609e-19
8560.3  1.6325e-18
8561.5  1.1013e-18
8562.7  8.8417e-19
8563.9  9.9881e-19
8565.1  1.6146e-18
8566.3  1.425e-18
8567.5  1.8739e-19
8568.7  1.1888e-18
8569.9  1.5469e-18
8571.1  1.9194e-18
8572.4  1.7193e-18
8573.6  1.411e-18
8574.8  2.2174e-18
8576  8.2179e-19
8577.2  1.3514e-18
8578.4  1.0838e-18
8579.6  6.1569e-19
8580.8  3.3784e-19
8582  1.9801e-18
8583.2  1.6682e-18
8584.4  1.1894e-18
8585.6  1.5841e-18
8586.8  1.6787e-18
8588  2.246e-18
8589.2  8.1143e-19
8590.4  -2.2763e-19
8591.6  1.7566e-18
8592.8  1.6238e-18
8594  1.6118e-18
8595.2  1.1576e-18
8596.4  1.0776e-18
8597.6  -6.5253e-20
8598.8  1.2849e-18
8600  1.9691e-18
8601.2  7.3069e-19
8602.4  2.8043e-18
8603.6  2.9877e-19
8604.8  8.1396e-19
8606  1.7619e-18
8607.2  1.5413e-18
8608.4  1.5556e-18
8609.7  1.7977e-18
8610.9  7.5863e-19
8612.1  1.511e-18
8613.3  1.1676e-18
8614.5  1.528e-18
8615.7  7.2283e-19
8616.9  1.5838e-18
8618.1  8.8912e-19
8619.3  2.0082e-18
8620.5  2.2781e-19
8621.7  1.9309e-18
8622.9  -7.6262e-19
8624.1  9.1972e-19
8625.3  8.0924e-19
8626.5  9.2138e-19
8627.7  3.0333e-18
8628.9  2.6568e-18
8630.1  2.7527e-18
8631.3  2.2132e-18
8632.5  3.4891e-18
8633.7  3.2151e-18
8634.9  2.3254e-18
8636.1  2.9138e-18
8637.3  3.8683e-18
8638.5  4.6696e-19
8639.7  1.9064e-18
8640.9  8.5239e-19
8642.1  3.7296e-18
8643.3  1.9821e-18
8644.5  2.4384e-18
8645.7  2.5937e-18
8647  1.1973e-18
8648.2  3.1699e-18
8649.4  2.8472e-18
8650.6  3.3674e-18
8651.8  2.762e-18
8653  1.2511e-18
8654.2  3.4799e-18
8655.4  3.1965e-19
8656.6  1.3679e-18
8657.8  2.278e-18
8659  1.3285e-18
8660.2  3.0569e-18
8661.4  1.8557e-18
8662.6  2.7852e-18
8663.8  1.546e-18
8665  1.7842e-18
8666.2  2.9785e-18
8667.4  3.1282e-18
8668.6  7.4716e-19
8669.8  2.5114e-18
8671  1.2312e-18
8672.2  3.5833e-18
8673.4  1.9858e-18
8674.6  2.5069e-18
8675.8  2.4429e-18
8677  4.3039e-18
8678.2  2.4395e-18
8679.4  1.8204e-18
8680.6  2.4532e-18
8681.8  2.985e-18
8683  3.7916e-18
8684.2  1.3662e-18
8685.4  3.264e-18
8686.7  2.8341e-18
8687.9  2.8425e-18
8689.1  2.3807e-18
8690.3  2.2796e-18
8691.5  2.1819e-18
8692.7  2.265e-18
8693.9  1.4922e-18
8695.1  1.4523e-18
8696.3  2.0104e-18
8697.5  1.3951e-18
8698.7  2.546e-18
8699.9  4.5084e-19
8701.1  2.2127e-18
8702.3  1.8748e-18
8703.5  7.5547e-19
8704.7  2.3044e-18
8705.9  2.2286e-18
8707.1  1.6178e-18
8708.3  1.7735e-18
8709.5  2.1962e-18
8710.7  2.6876e-18
8711.9  2.6305e-18
8713.1  1.9098e-18
8714.3  1.5269e-18
8715.5  2.5908e-18
8716.7  1.9429e-18
8717.9  3.4703e-18
8719.1  2.0831e-18
8720.3  9.9319e-19
8721.5  1.066e-18
8722.7  2.4728e-18
8723.9  2.2401e-18
8725.1  1.8755e-18
8726.3  2.4256e-18
8727.6  1.2093e-18
8728.8  1.4124e-18
8730  1.3737e-18
8731.2  2.16e-18
8732.4  1.8294e-18
8733.6  2.2067e-18
8734.8  8.1349e-19
8736  1.2116e-18
8737.2  1.9555e-18
8738.4  5.4923e-19
8739.6  2.0072e-18
8740.8  2.5592e-18
8742  1.8715e-18
8743.2  1.9898e-18
8744.4  1.5891e-18
8745.6  2.6273e-18
8746.8  1.4895e-18
8748  1.8738e-18
8749.2  2.0505e-18
8750.4  1.1946e-18
8751.6  1.0493e-18
8752.8  2.047e-18
8754  1.8579e-18
8755.2  2.3286e-18
8756.4  2.733e-18
8757.6  3.746e-18
8758.8  2.7929e-18
8760  3.6414e-18
8761.2  1.6549e-18
8762.4  6.8414e-19
8763.6  -2.2682e-18
8764.8  1.2136e-18
8766  7.4856e-19
8767.2  8.83e-19
8768.4  1.6329e-18
8769.7  -1.4708e-18
8770.9  -1.5976e-18
8772.1  2.485e-18
8773.3  1.7978e-18
8774.5  -1.7306e-18
8775.7  -1.7737e-20
8776.9  3.6423e-18
8778.1  1.4873e-18
8779.3  -1.9017e-18
8780.5  1.8313e-18
8781.7  4.6155e-19
8782.9  8.4997e-19
8784.1  1.4696e-18
8785.3  1.4786e-18
8786.5  1.7585e-19
8787.7  1.6196e-18
8788.9  1.0751e-18
8790.1  7.9913e-19
8791.3  1.5467e-18
8792.5  -1.7231e-19
8793.7  2.7789e-18
8794.9  1.1278e-18
8796.1  1.3058e-18
8797.3  1.7134e-19
8798.5  5.7566e-19
8799.7  5.9539e-19
8800.9  6.1771e-19
8802.1  1.348e-18
8803.3  6.2171e-19
8804.5  1.2928e-18
8805.7  1.1734e-18
8806.9  1.9292e-18
8808.1  -1.8671e-19
8809.3  1.7673e-18
8810.5  1.981e-18
8811.7  8.4752e-19
8812.9  1.0106e-18
8814.2  1.3503e-18
8815.4  1.1974e-18
8816.6  8.9428e-19
8817.8  2.4964e-18
8819  1.6403e-18
8820.2  1.7405e-18
8821.4  -2.6655e-18
8822.6  -3.0425e-19
8823.8  1.8981e-18
8825  3.6101e-18
8826.2  5.7084e-18
8827.4  -2.114e-18
8828.6  -6.9647e-19
8829.8  2.6293e-18
8831  -3.0623e-18
8832.2  6.0348e-19
8833.4  1.0144e-18
8834.6  2.2628e-18
8835.8  1.7569e-18
8837  3.7557e-18
8838.2  2.0971e-18
8839.4  3.1501e-18
8840.6  1.6762e-18
8841.8  1.8932e-19
8843  2.543e-19
8844.2  1.9229e-18
8845.4  1.2613e-18
8846.6  4.3146e-19
8847.8  2.5013e-18
8849  2.211e-18
8850.2  1.2854e-18
8851.4  2.3328e-18
8852.6  1.3159e-18
8853.8  3.0237e-18
8855  2.0695e-18
8856.2  1.3946e-18
8857.4  1.2834e-18
8858.6  1.4375e-18
8859.8  -1.2581e-20
8861  1.0314e-18
8862.2  3.7741e-18
8863.5  2.376e-18
8864.7  -2.8843e-19
8865.9  1.4927e-18
8867.1  7.9517e-19
8868.3  1.2923e-18
8869.5  3.0275e-19
8870.7  3.4923e-18
8871.9  -1.3839e-18
8873.1  2.5308e-18
8874.3  1.6996e-18
8875.5  1.6993e-18
8876.7  2.1992e-18
8877.9  1.5063e-18
8879.1  2.1372e-18
8880.3  6.6903e-19
8881.5  3.7382e-18
8882.7  8.7437e-19
8883.9  -1.4185e-18
8885.1  1.0794e-18
8886.3  3.5789e-18
8887.5  7.8201e-18
8888.7  -5.8844e-19
8889.9  6.9514e-18
8891.1  3.7042e-18
8892.3  3.0102e-18
8893.5  3.5218e-18
8894.7  3.5671e-18
8895.9  4.0363e-18
8897.1  1.1045e-18
8898.3  3.4769e-18
8899.5  1.7687e-18
8900.7  1.1573e-18
8901.9  3.7579e-18
8903.1  1.0003e-18
8904.3  -8.625e-20
8905.5  2.559e-18
8906.7  2.5064e-18
8907.9  2.7563e-18
8909.1  3.3979e-18
8910.3  4.514e-18
8911.5  4.9294e-18
8912.7  4.7772e-18
8913.9  5.1472e-18
8915.1  7.3285e-18
8916.3  5.323e-18
8917.5  5.6717e-18
8918.8  6.0323e-18
8920  3.2059e-18
8921.2  9.4468e-18
8922.4  6.797e-18
8923.6  8.5677e-18
8924.8  6.1081e-18
8926  4.1486e-18
8927.2  3.9186e-18
8928.4  6.048e-18
8929.6  5.532e-18
8930.8  5.7178e-18
8932  5.3891e-18
8933.2  6.1705e-18
8934.4  4.7473e-18
8935.6  5.1613e-18
8936.8  6.3618e-18
8938  7.7266e-18
8939.2  6.6225e-18
8940.4  7.409e-18
8941.6  6.6322e-18
8942.8  6.7705e-18
8944  8.4847e-18
8945.2  7.3382e-18
8946.4  1.0557e-17
8947.6  7.7492e-18
8948.8  8.9792e-18
8950  9.2488e-18
8951.2  8.0835e-18
8952.4  8.0705e-18
8953.6  8.1795e-18
8954.8  1.3653e-17
8956  7.2473e-18
8957.2  9.121e-18
8958.4  8.6518e-18
8959.6  8.0552e-18
8960.8  8.8766e-18
8962  7.9899e-18
8963.2  8.3662e-18
8964.4  1.0481e-17
8965.6  1.0358e-17
8966.8  9.6688e-18
8968  1.0722e-17
8969.2  9.9397e-18
8970.4  1.0373e-17
8971.6  1.1724e-17
8972.8  1.1215e-17
8974  1.1129e-17
8975.2  1.0353e-17
8976.4  1.1131e-17
8977.6  1.1212e-17
8978.8  8.7826e-18
8980  8.4953e-18
8981.2  9.8813e-18
8982.4  9.3778e-18
8983.6  8.584e-18
8984.9  8.7088e-18
8986.1  9.8892e-18
8987.3  7.7219e-18
8988.5  7.3806e-18
8989.7  8.0658e-18
8990.9  7.4639e-18
8992.1  8.1891e-18
8993.3  8.4017e-18
8994.5  8.1462e-18
8995.7  6.8993e-18
8996.9  7.7452e-18
8998.1  6.6113e-18
8999.3  7.6678e-18
9000.5  7.8276e-18
9001.7  7.326e-18
9002.9  5.3773e-18
9004.1  5.9371e-18
9005.3  7.5977e-18
9006.5  5.5595e-18
9007.7  7.05e-18
9008.9  6.7603e-18
9010.1  7.0247e-18
9011.3  7.2036e-18
9012.5  7.5317e-18
9013.7  7.9076e-18
9014.9  6.7855e-18
9016.1  7.1286e-18
9017.3  7.0265e-18
9018.5  7.0072e-18
9019.7  6.784e-18
9020.9  7.9453e-18
9022.1  7.7436e-18
9023.3  6.4511e-18
9024.5  7.1822e-18
9025.7  6.0302e-18
9026.9  8.1149e-18
9028.1  6.9765e-18
9029.3  7.212e-18
9030.5  7.0136e-18
9031.7  8.0577e-18
9032.9  6.751e-18
9034.1  8.2103e-18
9035.3  7.9134e-18
9036.5  6.2645e-18
9037.7  8.7664e-18
9038.9  6.9385e-18
9040.1  8.1231e-18
9041.3  7.4586e-18
9042.5  8.4181e-18
9043.7  7.6693e-18
9044.9  6.9092e-18
9046.1  8.8727e-18
9047.3  6.3943e-18
9048.5  8.1828e-18
9049.7  8.4177e-18
9050.9  9.7377e-18
9052.1  9.178e-18
9053.3  8.3731e-18
9054.5  8.8706e-18
9055.7  8.5332e-18
9056.9  8.2481e-18
9058.1  8.3151e-18
9059.3  8.3582e-18
9060.5  7.6621e-18
9061.7  8.259e-18
9062.9  7.84e-18
9064.1  9.0337e-18
9065.3  9.1795e-18
9066.5  7.7918e-18
9067.7  8.9021e-18
9068.9  9.0236e-18
9070.1  8.066e-18
9071.3  8.8302e-18
9072.5  1.0107e-17
9073.7  8.4204e-18
9074.9  9.34e-18
9076.1  8.4349e-18
9077.3  9.1429e-18
9078.5  9.5724e-18
9079.7  8.7541e-18
9080.9  8.9205e-18
9082.2  1.1343e-17
9083.4  9.9879e-18
9084.6  1.101e-17
9085.8  8.4358e-18
9087  1.0481e-17
9088.2  1.1439e-17
9089.4  1.0636e-17
9090.6  8e-18
9091.8  9.9292e-18
9093  9.4087e-18
9094.2  1.0943e-17
9095.4  1.0165e-17
9096.6  1.1029e-17
9097.8  1.2513e-17
9099  1.0943e-17
9100.2  1.2647e-17
9101.4  1.0132e-17
9102.6  1.2182e-17
9103.8  1.228e-17
9105  1.2861e-17
9106.2  1.2632e-17
9107.4  1.4521e-17
9108.6  1.2636e-17
9109.8  1.2886e-17
9111  1.2275e-17
9112.2  1.299e-17
9113.4  1.2964e-17
9114.6  1.2897e-17
9115.8  1.3713e-17
9117  1.3187e-17
9118.2  1.2499e-17
9119.4  1.2457e-17
9120.6  1.2621e-17
9121.8  1.2645e-17
9123  1.3571e-17
9124.2  1.2607e-17
9125.4  1.4309e-17
9126.6  1.4893e-17
9127.8  1.4096e-17
9129  1.454e-17
9130.2  1.4999e-17
9131.4  1.5341e-17
9132.6  1.4436e-17
9133.8  1.6575e-17
9135  1.6255e-17
9136.2  1.6813e-17
9137.4  1.7238e-17
9138.6  1.5039e-17
9139.8  1.5926e-17
9141  1.5951e-17
9142.2  1.4845e-17
9143.4  1.5285e-17
9144.6  1.5147e-17
9145.8  1.3652e-17
9147  1.2462e-17
9148.2  1.2822e-17
9149.4  1.2919e-17
9150.6  1.2127e-17
9151.8  1.1833e-17
9153  9.2472e-18
9154.2  1.0894e-17
9155.4  1.2054e-17
9156.6  9.7503e-18
9157.8  9.8632e-18
9159  9.8362e-18
9160.2  8.8834e-18
9161.4  1.001e-17
9162.6  9.0613e-18
9163.8  1.0367e-17
9165  9.4903e-18
9166.2  9.6145e-18
9167.4  1.0301e-17
9168.6  9.9236e-18
9169.8  9.2794e-18
9171  1.0623e-17
9172.2  9.9996e-18
9173.4  9.8494e-18
9174.6  8.6124e-18
9175.8  7.8749e-18
9177  9.3111e-18
9178.2  7.898e-18
9179.4  9.0526e-18
9180.6  9.0552e-18
9181.8  8.1068e-18
9183  8.434e-18
9184.2  8.5447e-18
9185.4  8.0176e-18
9186.6  8.1937e-18
9187.8  8.9215e-18
9189  8.1844e-18
9190.2  8.0693e-18
9191.4  8.6295e-18
9192.6  7.4392e-18
9193.8  7.7534e-18
9195  6.7082e-18
9196.2  6.9256e-18
9197.4  7.2404e-18
9198.6  7.3703e-18
9199.8  6.9892e-18
9201  6.5155e-18
9202.2  7.5595e-18
9203.4  6.8099e-18
9204.6  6.7348e-18
9205.8  6.7935e-18
9207  8.1049e-18
9208.2  6.6561e-18
9209.4  7.1633e-18
9210.6  7.1552e-18
9211.8  7.1532e-18
9213  6.8141e-18
9214.2  6.5064e-18
9215.4  7.7148e-18
9216.6  5.6402e-18
9217.8  5.7093e-18
9219  5.355e-18
9220.2  5.2865e-18
9221.4  5.5544e-18
9222.6  5.7992e-18
9223.8  6.1144e-18
9225  5.9368e-18
9226.2  4.4199e-18
9227.4  5.0514e-18
9228.6  4.9036e-18
9229.8  6.0632e-18
9231  4.8095e-18
9232.2  5.4016e-18
9233.4  5.1915e-18
9234.6  4.5317e-18
9235.8  5.194e-18
9237  5.4047e-18
9238.2  4.9048e-18
9239.4  3.9129e-18
9240.6  4.9868e-18
9241.8  4.6298e-18
9243  4.8945e-18
9244.2  4.6142e-18
9245.4  3.9974e-18
9246.6  5.6555e-18
9247.8  5.0359e-18
9249  4.5693e-18
9250.2  4.2101e-18
9251.4  3.8328e-18
9252.6  4.2694e-18
9253.8  4.1565e-18
9255  3.9136e-18
9256.2  4.5892e-18
9257.4  4.3988e-18
9258.6  4.6186e-18
9259.8  4.6452e-18
9261  5.4831e-18
9262.2  4.0156e-18
9263.4  5.2511e-18
9264.6  4.0914e-18
9265.8  3.4447e-18
9266.9  3.4365e-18
9268.1  4.0628e-18
9269.3  4.272e-18
9270.5  4.0086e-18
9271.7  3.4013e-18
9272.9  5.2077e-18
9274.1  4.7784e-18
9275.3  4.7116e-18
9276.5  4.1368e-18
9277.7  4.4563e-18
9278.9  3.6155e-18
9280.1  3.4457e-18
9281.3  2.9744e-18
9282.5  3.6134e-18
9283.7  4.2294e-18
9284.9  4.2032e-18
9286.1  2.6893e-18
9287.3  4.5226e-18
9288.5  5.152e-18
9289.7  4.5727e-18
9290.9  2.7123e-18
9292.1  3.7629e-18
9293.3  4.5975e-18
9294.5  3.5262e-18
9295.7  3.456e-18
9296.9  3.7128e-18
9298.1  3.4803e-18
9299.3  4.294e-18
9300.5  4.1973e-18
9301.7  2.7956e-18
9302.9  4.2335e-18
9304.1  1.722e-19
9305.3  -1.3113e-18
9306.5  4.6184e-18
9307.7  5.7921e-18
9308.9  3.9778e-18
9310.1  1.37e-18
9311.3  -1.768e-18
9312.5  4.7969e-19
9313.7  5.84e-19
9314.9  2.8131e-18
9316.1  4.689e-18
9317.3  3.798e-18
9318.5  3.7176e-18
9319.7  2.2703e-18
9320.9  2.5995e-18
9322.1  -5.0257e-19
9323.3  5.689e-18
9324.5  9.8428e-19
9325.7  -1.1714e-18
9326.9  8.697e-19
9328.1  2.1789e-18
9329.3  3.3177e-18
9330.5  1.5649e-18
9331.7  2.2044e-18
9332.9  9.2257e-20
9334.1  2.7975e-18
9335.3  5.6009e-18
9336.5  4.0682e-18
9337.7  4.1314e-18
9338.9  1.9704e-18
9340.1  8.6731e-19
9341.3  3.8213e-18
9342.5  3.8289e-18
9343.7  1.9089e-19
9344.9  3.7323e-19
9346.1  3.636e-18
9347.3  2.2762e-18
9348.5  2.6267e-18
9349.7  1.7486e-18
9350.9  -2.0669e-19
9352.1  1.7484e-18
9353.3  2.8685e-18
9354.4  2.2523e-18
9355.6  2.6956e-18
9356.8  2.0106e-18
9358  6.0074e-19
9359.2  3.0244e-18
9360.4  1.0411e-18
9361.6  2.0771e-18
9362.8  3.2282e-19
9364  1.5139e-18
9365.2  2.3476e-18
9366.4  1.3815e-18
9367.6  1.6916e-18
9368.8  2.1979e-18
9370  1.8773e-18
9371.2  6.3222e-18
9372.4  1.0943e-17
9373.6  6.5824e-18
9374.8  6.2562e-18
9376  -1.4525e-18
9377.2  7.5911e-18
9378.4  1.0751e-17
9379.6  1.9551e-18
9380.8  6.4737e-18
9382  4.1588e-18
9383.2  1.4175e-18
9384.4  1.3277e-18
9385.6  1.6947e-19
9386.8  2.2241e-18
9388  5.5348e-19
9389.2  2.6874e-18
9390.4  3.1356e-18
9391.6  1.0442e-18
9392.8  2.6762e-18
9394  1.0371e-18
9395.2  1.2609e-18
9396.4  3.1706e-18
9397.6  2.0042e-20
9398.8  1.1989e-18
9400  9.6849e-19
9401.2  2.1264e-18
9402.4  1.8547e-18
9403.6  2.7663e-18
9404.8  2.339e-18
9406  2.2079e-18
9407.2  2.2523e-18
9408.4  3.074e-18
9409.5  2.3252e-19
9410.7  1.8209e-18
9411.9  1.8656e-18
9413.1  1.7807e-18
9414.3  2.0694e-18
9415.5  -1.3706e-18
9416.7  2.7706e-18
9417.9  3.1745e-18
9419.1  3.1323e-18
9420.3  -5.5765e-19
9421.5  -3.401e-18
9422.7  4.234e-18
9423.9  -1.8277e-20
9425.1  -7.1219e-19
9426.3  1.4855e-18
9427.5  1.9466e-18
9428.7  1.1966e-18
9429.9  1.1835e-18
9431.1  1.5108e-18
9432.3  1.4947e-18
9433.5  -1.5599e-19
9434.7  -2.5588e-19
9435.9  -3.046e-18
9437.1  8.2618e-18
9438.3  3.5572e-18
9439.5  -1.678e-18
9440.7  1.7948e-18
9441.9  3.1592e-18
9443.1  -1.781e-18
9444.3  -3.7196e-18
9445.5  -3.1432e-18
9446.7  1.5193e-18
9447.9  2.8661e-18
9449.1  1.3387e-18
9450.3  1.7003e-19
9451.5  1.9157e-18
9452.6  -1.5761e-18
9453.8  -6.6582e-19
9455  1.0356e-18
9456.2  1.5595e-18
9457.4  2.6552e-19
9458.6  4.768e-18
9459.8  -9.7455e-19
9461  6.7889e-19
9462.2  3.7695e-18
9463.4  3.8753e-18
9464.6  5.5769e-19
9465.8  8.8001e-19
9467  1.3525e-18
9468.2  1.1814e-18
9469.4  1.383e-18
9470.6  2.086e-18
9471.8  2.6392e-18
9473  2.3227e-18
9474.2  5.2322e-18
9475.4  2.7508e-18
9476.6  9.8163e-19
9477.8  1.8499e-18
9479  7.0764e-18
9480.2  -1.7662e-18
9481.4  -1.2636e-19
9482.6  -2.4501e-18
9483.8  -1.6034e-18
9485  2.22e-18
9486.2  3.3851e-18
9487.4  3.5442e-18
9488.6  1.3035e-18
9489.7  1.0145e-18
9490.9  2.7712e-18
9492.1  1.9706e-18
9493.3  8.4569e-19
9494.5  5.9206e-19
9495.7  1.7724e-18
9496.9  -9.2398e-20
9498.1  6.0086e-19
9499.3  2.8649e-18
9500.5  9.4316e-19
9501.7  1.2777e-18
9502.9  1.9323e-18
9504.1  3.3197e-18
9505.3  1.5829e-18
9506.5  -1.2692e-19
9507.7  -2.4601e-18
9508.9  1.1218e-18
9510.1  -1.1341e-18
9511.3  3.4032e-19
9512.5  1.6458e-18
9513.7  7.5352e-19
9514.9  5.8518e-18
9516.1  -5.9172e-19
9517.3  7.695e-18
9518.5  1.8103e-18
9519.7  -1.3989e-18
9520.9  3.1663e-18
9522  4.6933e-18
9523.2  5.7517e-18
9524.4  4.6138e-18
9525.6  1.8927e-18
9526.8  2.4375e-18
9528  1.5198e-18
9529.2  1.9916e-18
9530.4  1.0157e-18
9531.6  4.5052e-19
9532.8  1.5681e-18
9534  1.5633e-18
9535.2  1.1334e-18
9536.4  2.2598e-18
9537.6  2.3309e-18
9538.8  2.8186e-18
9540  2.5398e-18
9541.2  2.183e-18
9542.4  3.1008e-18
9543.6  3.7628e-18
9544.8  3.6885e-18
9546  6.0061e-18
9547.2  5.3716e-18
9548.4  4.8132e-18
9549.6  3.1106e-18
9550.7  1.7274e-18
9551.9  8.2089e-19
9553.1  1.4123e-18
9554.3  4.0983e-18
9555.5  -5.4777e-19
9556.7  3.0938e-18
9557.9  8.3662e-20
9559.1  1.024e-18
9560.3  1.9249e-18
9561.5  2.5292e-18
9562.7  1.7939e-18
9563.9  6.6596e-18
9565.1  7.459e-18
9566.3  1.9248e-18
9567.5  4.4856e-18
9568.7  3.6704e-18
9569.9  7.257e-19
9571.1  5.5622e-19
9572.3  -2.1017e-19
9573.5  7.8617e-19
9574.7  1.9699e-18
9575.9  2.508e-18
9577.1  2.3931e-18
9578.2  1.9534e-18
9579.4  1.55e-18
9580.6  1.0131e-18
9581.8  1.0865e-18
9583  1.5437e-18
9584.2  1.4551e-18
9585.4  2.2484e-18
9586.6  1.6366e-18
9587.8  1.8973e-18
9589  3.6668e-18
9590.2  1.1069e-18
9591.4  2.2869e-18
9592.6  1.681e-18
9593.8  2.4158e-18
9595  2.5563e-18
9596.2  2.5935e-18
9597.4  1.7374e-18
9598.6  1.2783e-18
9599.8  1.6426e-18
9601  1.3513e-18
9602.2  1.8174e-18
9603.3  2.0684e-19
9604.5  1.98e-18
9605.7  -3.2746e-19
9606.9  4.2646e-19
9608.1  3.2693e-18
9609.3  1.5196e-18
9610.5  -1.8425e-19
9611.7  1.9643e-18
9612.9  1.7587e-18
9614.1  8.1534e-19
9615.3  1.9215e-18
9616.5  2.1682e-18
9617.7  2.6519e-18
9618.9  2.4166e-18
9620.1  2.227e-18
9621.3  -1.7416e-19
9622.5  1.1249e-18
9623.7  2.9752e-18
9624.9  1.1789e-18
9626  2.5166e-18
9627.2  1.8831e-19
9628.4  2.0023e-18
9629.6  2.454e-18
9630.8  1.4733e-18
9632  1.0863e-18
9633.2  3.1221e-18
9634.4  2.0522e-18
9635.6  1.9527e-18
9636.8  1.8033e-18
9638  1.8104e-18
9639.2  1.769e-18
9640.4  1.8794e-18
9641.6  2.4212e-18
9642.8  3.6912e-19
9644  3.6207e-18
9645.2  1.7007e-18
9646.4  2.2945e-18
9647.6  1.114e-18
9648.7  7.5951e-19
9649.9  1.953e-18
9651.1  2.1816e-18
9652.3  3.8165e-18
9653.5  1.4884e-18
9654.7  2.9202e-18
9655.9  1.3457e-18
9657.1  2.4371e-18
9658.3  2.1866e-18
9659.5  1.8874e-18
9660.7  1.8454e-18
9661.9  1.2102e-18
9663.1  2.6036e-18
9664.3  1.8047e-18
9665.5  1.5861e-18
9666.7  9.966e-19
9667.9  1.5631e-18
9669  1.8648e-19
9670.2  2.3297e-18
9671.4  3.2489e-18
9672.6  1.4389e-18
9673.8  3.1144e-18
9675  5.4619e-18
9676.2  1.6548e-18
9677.4  4.6471e-19
9678.6  1.5244e-18
9679.8  4.0801e-18
9681  3.5909e-18
9682.2  -1.6575e-18
9683.4  -9.2341e-19
9684.6  2.878e-18
9685.8  3.7634e-18
9687  8.7895e-19
9688.2  2.7214e-18
9689.3  4.5731e-18
9690.5  9.666e-19
9691.7  1.3928e-18
9692.9  2.3696e-18
9694.1  1.4066e-18
9695.3  3.1697e-18
9696.5  4.1662e-18
9697.7  4.0978e-18
9698.9  6.872e-18
9700.1  1.9042e-18
9701.3  4.5331e-18
9702.5  2.8362e-18
9703.7  5.5728e-18
9704.9  4.088e-18
9706.1  2.0508e-18
9707.3  4.4029e-18
9708.4  5.7859e-18
9709.6  4.3222e-18
9710.8  3.2091e-18
9712  1.8561e-18
9713.2  2.1523e-18
9714.4  4.6436e-18
9715.6  7.2793e-18
9716.8  6.2318e-18
9718  4.0151e-18
9719.2  7.3195e-18
9720.4  8.1512e-18
9721.6  1.5788e-18
9722.8  7.0291e-18
9724  7.1804e-18
9725.2  5.2124e-18
9726.4  4.6395e-18
9727.5  6.7746e-18
9728.7  5.3874e-18
9729.9  5.9266e-18
9731.1  4.6849e-18
9732.3  4.989e-18
9733.5  3.3019e-18
9734.7  4.4576e-18
9735.9  5.0544e-18
9737.1  6.9525e-18
9738.3  7.7287e-18
9739.5  1.8904e-18
9740.7  7.7527e-18
9741.9  7.1206e-18
9743.1  7.1326e-18
9744.3  6.863e-18
9745.4  6.8976e-18
9746.6  6.8602e-18
9747.8  4.1163e-18
9749  5.4548e-18
9750.2  5.9298e-18
9751.4  5.6432e-18
9752.6  5.1819e-18
9753.8  5.6924e-18
9755  5.6334e-18
9756.2  4.5867e-18
9757.4  6.0433e-18
9758.6  5.7154e-18
9759.8  6.2495e-18
9761  6.5044e-18
9762.1  6.7717e-18
9763.3  5.546e-18
9764.5  6.757e-18
9765.7  7.5523e-18
9766.9  7.0865e-18
9768.1  7.9945e-18
9769.3  7.1785e-18
9770.5  8.7256e-18
9771.7  7.7136e-18
9772.9  7.426e-18
9774.1  6.9056e-18
9775.3  6.6781e-18
9776.5  6.8625e-18
9777.7  7.6191e-18
9778.8  6.6799e-18
9780  5.4855e-18
9781.2  5.0757e-18
9782.4  7.2185e-18
9783.6  4.2609e-18
9784.8  5.6553e-18
9786  5.4708e-18
9787.2  2.4233e-18
9788.4  6.5496e-18
9789.6  1.0815e-17
9790.8  6.7573e-18
9792  3.5419e-18
9793.2  -4.2514e-18
9794.3  -3.0327e-18
9795.5  8.879e-18
9796.7  1.2122e-17
9797.9  3.4639e-18
9799.1  5.9134e-18
9800.3  1.214e-18
9801.5  6.8318e-18
9802.7  5.0511e-19
9803.9  3.2339e-18
9805.1  5.9172e-18
9806.3  7.7549e-19
9807.5  4.1497e-18
9808.7  1.3111e-18
9809.9  -5.5685e-19
9811  7.507e-19
9812.2  -9.3782e-19
9813.4  1.1877e-18
9814.6  3.4322e-18
9815.8  2.6455e-18
9817  2.375e-18
9818.2  1.1332e-18
9819.4  4.4458e-19
9820.6  2.5752e-18
9821.8  1.6976e-18
9823  2.9498e-18
9824.2  2.0594e-18
9825.3  2.2009e-18
9826.5  2.8626e-18
9827.7  2.1893e-18
9828.9  1.7473e-18
9830.1  1.2385e-18
9831.3  1.4386e-18
9832.5  2.7864e-18
9833.7  3.1405e-19
9834.9  2.1096e-18
9836.1  2.0561e-18
9837.3  1.3709e-18
9838.5  1.0657e-18
9839.7  1.4237e-18
9840.8  2.7902e-18
9842  -2.0348e-19
9843.2  -4.5591e-19
9844.4  -2.8317e-18
9845.6  8.898e-19
9846.8  1.6374e-18
9848  1.2325e-18
9849.2  1.8585e-18
9850.4  7.8972e-19
9851.6  6.9699e-19
9852.8  2.3408e-18
9854  2.6029e-19
9855.1  2.6763e-18
9856.3  1.7495e-18
9857.5  1.6205e-18
9858.7  1.7349e-18
9859.9  5.4894e-19
9861.1  2.4289e-18
9862.3  1.0336e-18
9863.5  8.5818e-19
9864.7  1.5535e-18
9865.9  7.054e-19
9867.1  5.1381e-18
9868.3  1.9495e-18
9869.4  4.2239e-18
9870.6  1.0406e-19
9871.8  7.4778e-18
9873  6.8831e-19
9874.2  -1.319e-18
9875.4  -2.942e-19
9876.6  1.8277e-18
9877.8  6.1807e-19
9879  1.6222e-18
9880.2  2.6014e-18
9881.4  1.9262e-18
9882.6  -6.5511e-19
9883.7  1.2362e-18
9884.9  1.469e-18
9886.1  3.5385e-18
9887.3  2.0685e-18
9888.5  2.253e-18
9889.7  1.5223e-18
9890.9  1.6625e-18
9892.1  2.0905e-18
9893.3  -2.1235e-18
9894.5  1.423e-18
9895.7  -9.2078e-20
9896.8  1.727e-18
9898  -9.8393e-19
9899.2  4.4565e-18
9900.4  2.0751e-18
9901.6  -6.1513e-19
9902.8  3.0162e-18
9904  -4.9148e-19
9905.2  2.9759e-18
9906.4  9.2754e-19
9907.6  -7.5329e-20
9908.8  3.4699e-18
9909.9  2.3654e-18
9911.1  5.132e-18
9912.3  1.3471e-18
9913.5  -2.193e-19
9914.7  -3.11e-19
9915.9  -6.3616e-19
9917.1  4.2022e-19
9918.3  2.4581e-18
9919.5  -1.6512e-19
9920.7  2.5895e-19
9921.9  1.2453e-18
9923  1.6632e-18
9924.2  3.1062e-18
9925.4  2.9348e-18
9926.6  1.9401e-18
9927.8  2.9848e-18
9929  1.008e-19
9930.2  2.5492e-18
9931.4  3.1189e-18
9932.6  1.8003e-18
9933.8  1.2498e-18
9935  1.4638e-18
9936.1  2.7318e-18
9937.3  4.7842e-20
9938.5  4.4069e-18
9939.7  1.8549e-18
9940.9  1.5474e-18
9942.1  -1.845e-18
9943.3  -6.4232e-18
9944.5  1.0086e-17
9945.7  8.655e-18
9946.9  2.236e-18
9948  4.4587e-18
9949.2  -2.7349e-18
9950.4  1.0344e-18
9951.6  3.6237e-18
9952.8  -3.463e-19
9954  -4.3444e-19
9955.2  -3.507e-18
9956.4  -6.0296e-18
9957.6  -2.7988e-18
9958.8  -4.4838e-19
9960  -1.5648e-19
9961.1  -8.2541e-19
9962.3  2.683e-18
9963.5  2.4005e-18
9964.7  -2.3111e-18
9965.9  3.4642e-18
9967.1  -1.3659e-18
9968.3  -1.4716e-18
9969.5  7.3224e-19
9970.7  1.9974e-18
9971.9  1.3503e-18
9973  2.6228e-18
9974.2  1.8479e-18
9975.4  2.7787e-18
9976.6  4.8321e-18
9977.8  2.9898e-18
9979  3.2676e-18
9980.2  -1.0247e-18
9981.4  1.3553e-18
9982.6  5.1437e-19
9983.8  2.9194e-18
9984.9  -4.3485e-19
9986.1  1.5532e-18
9987.3  3.7234e-19
9988.5  3.8168e-18
9989.7  3.0413e-18
9990.9  9.0478e-19
9992.1  1.814e-18
9993.3  1.1797e-18
9994.5  2.13e-18
9995.7  5.2771e-19
9996.8  2.922e-18
9998  3.5692e-18
9999.2  3.1724e-18
10000  -3.7465e-19
10002  8.5753e-19
10003  3.8745e-19
10004  4.0199e-18
10005  2.1869e-18
10006  -9.8032e-19
10008  -9.3013e-19
10009  -7.4507e-18
10010  -1.1379e-18
10011  -5.4307e-18
10012  -1.452e-18
10014  6.0014e-18
10015  -8.1771e-18
10016  -2.2787e-18
10017  2.2095e-18
10018  -1.619e-18
10019  5.7064e-19
10021  2.1365e-18
10022  2.7766e-20
10023  8.5769e-20
10024  2.2371e-18
10025  4.898e-18
10027  4.6351e-18
10028  4.693e-18
10029  8.2414e-18
10030  9.8913e-18
10031  1.0166e-17
10033  1.0225e-17
10034  6.8234e-18
10035  5.8114e-18
10036  1.016e-19
10037  2.2325e-18
10038  1.9157e-18
10040  -8.0958e-19
10041  4.1637e-18
10042  4.9579e-19
10043  2.6622e-18
10044  4.4428e-18
10046  -1.1232e-19
10047  4.2389e-18
10048  3.6374e-18
10049  1.4868e-18
10050  1.8211e-18
10052  8.3712e-19
10053  -6.1479e-20
10054  2.004e-18
10055  1.0299e-18
10056  3.3796e-19
10058  5.5865e-18
10059  2.4108e-18
10060  -2.8711e-18
10061  -1.0368e-18
10062  1.4937e-18
10063  -1.3142e-19
10065  1.5094e-19
10066  9.371e-19
10067  -5.2213e-18
10068  5.297e-18
10069  3.6913e-19
10071  2.3818e-18
10072  -9.1489e-19
10073  -7.7945e-19
10074  -1.9469e-18
10075  -4.9304e-18
10077  -3.5481e-18
10078  -2.4808e-20
10079  -2.2293e-18
10080  9.3058e-18
10081  1.535e-18
10082  -7.0875e-18
10084  -2.6029e-18
10085  -3.7741e-18
10086  6.5184e-19
10087  8.718e-19
10088  1.0491e-18
10090  5.1166e-20
10091  6.0511e-19
10092  -1.0048e-18
10093  2.0269e-18
10094  7.9197e-19
10096  1.1998e-18
10097  2.6093e-18
10098  -1.0855e-18
10099  -1.4233e-18
10100  2.205e-18
10101  7.0393e-19
10103  4.0999e-18
10104  2.5086e-18
10105  4.7876e-18
10106  3.9021e-18
10107  3.822e-18
10109  1.3602e-18
10110  7.6198e-19
10111  2.8721e-18
10112  1.818e-18
10113  2.0037e-18
10115  5.4851e-19
10116  4.0372e-18
10117  6.1725e-19
10118  3.5303e-18
10119  3.7577e-18
10121  8.934e-19
10122  -3.6921e-18
10123  -1.6888e-18
10124  7.57e-18
10125  -1.8431e-18
10126  -5.4053e-18
10128  -5.6569e-19
10129  8.4171e-18
10130  2.8256e-19
10131  1.6166e-18
10132  -1.6639e-18
10134  -2.0618e-18
10135  1.4133e-18
10136  -3.5301e-19
10137  3.049e-18
10138  1.6081e-18
10140  1.1811e-18
10141  -2.7376e-18
10142  2.6871e-18
10143  1.4331e-18
10144  -5.65e-19
10145  4.4771e-18
10147  3.1099e-18
10148  1.3515e-18
10149  -6.6836e-19
10150  3.534e-18
10151  1.2134e-17
10153  9.6321e-19
10154  2.2091e-18
10155  -1.0891e-18
10156  5.8586e-18
10157  -7.6696e-20
10159  -2.7694e-18
10160  2.0574e-18
10161  3.0191e-18
10162  -3.8696e-18
10163  2.9605e-18
10164  1.6596e-18
10166  -6.0427e-18
10167  -8.0819e-18
10168  -6.1894e-19
10169  8.1968e-18
10170  -1.0417e-17
10172  3.4192e-18
10173  -1.4673e-17
10174  3.8425e-18
10175  4.0829e-18
10176  9.2449e-18
10178  1.1501e-19
10179  -2.029e-18
10180  -2.7591e-18
10181  -9.683e-19
10182  1.3057e-18
10183  -5.4648e-18
10185  -1.1632e-18
10186  5.6363e-18
10187  4.9944e-18
10188  -5.6705e-19
10189  6.3084e-18
10191  3.1766e-18
10192  -1.9983e-18
10193  -9.4929e-18
10194  8.9044e-18
10195  4.246e-18
10197  -2.7468e-20
10198  -2.3303e-18
10199  -1.3507e-18
10200  -3.5123e-18
10201  6.4813e-18
10202  -7.8295e-18
10204  3.2848e-19
10205  9.2766e-19
10206  -5.3755e-18
10207  3.4905e-19
10208  7.3253e-18
10210  -1.519e-17
10211  6.328e-18
10212  2.5068e-18
10213  -2.2485e-18
10214  5.4726e-18
10216  1.5494e-17
10217  7.4659e-18
10218  3.3122e-18
10219  -1.2202e-19
10220  -1.6891e-18
10221  -5.541e-18
10223  3.3471e-18
10224  5.1338e-18
10225  4.4691e-18
10226  -2.8957e-18
10227  4.2316e-18
10229  8.1618e-18
10230  1.9326e-17
10231  7.2301e-18
10232  2.2205e-18
10233  -8.0188e-18
10235  1.6438e-18
10236  6.9876e-18
10237  3.945e-18
10238  -1.0689e-18
10239  1.0966e-18
10240  -1.7856e-18
10242  3.0144e-18
10243  5.3023e-19
10244  -1.2109e-18
10245  1.28e-18
10246  1.3095e-18
10248  9.7079e-19
10249  1.3561e-18
10250  2.8277e-18
10251  5.8615e-19
10252  1.0503e-18
10254  -1.1121e-18
10255  3.0279e-18
10256  4.9207e-19
10257  3.0577e-19
10258  -6.784e-19
10259  1.0767e-19
10261  1.8479e-18
10262  -3.4167e-18
10263  -3.5262e-19
10264  1.3639e-18
10265  2.3464e-18
10267  -6.656e-18
10268  -2.5033e-18
