3800.9  4.1706e-18
3803.6  1.6906e-17
3806.3  -1.9629e-19
3809.1  1.3493e-18
3811.8  7.1758e-18
3814.5  -2.6652e-18
3817.2  -4.5122e-18
3820  -6.9411e-18
3822.7  2.4779e-18
3825.4  2.0398e-17
3828.2  -1.1261e-17
3830.9  -9.0283e-19
3833.6  -8.1207e-19
3836.3  -3.8453e-18
3839.1  -4.4357e-18
3841.8  8.1557e-18
3844.5  5.794e-18
3847.2  2.0723e-17
3850  2.1207e-17
3852.7  3.6345e-17
3855.4  2.1083e-17
3858.2  -7.9411e-18
3860.9  4.4134e-18
3863.6  1.7288e-19
3866.3  -1.9929e-17
3869.1  1.6532e-17
3871.8  1.1895e-17
3874.5  5.2366e-18
3877.2  -6.9007e-18
3880  -1.5104e-18
3882.7  9.8879e-19
3885.4  4.8914e-18
3888.2  3.5766e-18
3890.9  -6.3965e-18
3893.6  -4.9972e-19
3896.3  -2.2357e-18
3899.1  -7.2395e-18
3901.8  -6.2092e-18
3904.5  9.7715e-18
3907.3  6.3495e-18
3910  -5.225e-18
3912.7  4.3198e-18
3915.4  1.1986e-17
3918.2  7.4307e-18
3920.9  1.8782e-17
3923.6  1.136e-17
3926.3  1.03e-20
3929.1  3.1681e-18
3931.8  7.1543e-19
3934.5  -9.1847e-18
3937.3  5.209e-18
3940  5.76e-18
3942.7  -7.1447e-19
3945.4  -2.8451e-18
3948.2  6.8536e-19
3950.9  -4.1118e-18
3953.6  -3.627e-18
3956.3  9.0093e-18
3959.1  1.0411e-17
3961.8  1.2434e-17
3964.5  1.5925e-18
3967.3  3.3822e-18
3970  1.4433e-17
3972.7  6.3372e-19
3975.4  -3.8758e-18
3978.2  6.0223e-18
3980.9  -6.5631e-18
3983.6  -4.6494e-19
3986.3  3.0227e-18
3989.1  -3.2799e-18
3991.8  1.1311e-17
3994.5  5.1925e-18
3997.3  7.5627e-18
4000  1.0203e-17
4002.7  7.5568e-18
4005.4  1.7534e-17
4008.2  1.051e-17
4010.9  8.5008e-18
4013.6  5.8934e-18
4016.3  5.6488e-18
4019.1  8.7882e-18
4021.8  5.3823e-18
4024.5  3.3327e-19
4027.3  1.0346e-18
4030  4.7923e-18
4032.7  9.1951e-18
4035.4  1.1273e-17
4038.2  1.175e-17
4040.9  5.3316e-18
4043.6  1.5856e-18
4046.4  -1.8062e-18
4049.1  5.2518e-19
4051.8  4.002e-19
4054.5  2.9931e-18
4057.3  2.8778e-18
4060  3.3835e-18
4062.7  7.5974e-18
4065.4  5.0917e-18
4068.2  7.3253e-18
4070.9  7.7567e-18
4073.6  7.806e-18
4076.4  7.5546e-18
4079.1  -3.4864e-19
4081.8  1.1852e-17
4084.5  1.7903e-17
4087.3  1.8202e-17
4090  1.4218e-17
4092.7  4.0886e-18
4095.4  -1.4843e-18
4098.2  4.193e-18
4100.9  7.5722e-18
4103.6  6.3298e-18
4106.4  -2.0697e-18
4109.1  -1.433e-18
4111.8  1.3244e-17
4114.5  9.2144e-18
4117.3  6.3443e-18
4120  -6.0425e-19
4122.7  3.8113e-18
4125.4  7.0003e-18
4128.2  9.6692e-18
4130.9  1.4204e-17
4133.6  1.7263e-17
4136.4  8.1654e-18
4139.1  9.9636e-18
4141.8  8.2486e-18
4144.5  3.5173e-18
4147.3  8.4192e-18
4150  4.3119e-18
4152.7  7.4945e-18
4155.5  1.6136e-17
4158.2  7.9197e-18
4160.9  3.73e-18
4163.6  9.0248e-18
4166.4  7.7245e-18
4169.1  8.4145e-18
4171.8  4.1151e-18
4174.5  -2.3439e-18
4177.3  3.2372e-18
4180  1.0352e-17
4182.7  9.9398e-18
4185.5  5.4191e-18
4188.2  6.5644e-18
4190.9  1.6238e-17
4193.6  7.3436e-18
4196.4  8.7891e-18
4199.1  8.7185e-18
4201.8  2.8929e-18
4204.5  4.2729e-18
4207.3  1.1723e-17
4210  7.9979e-18
4212.7  8.2194e-18
4215.5  8.508e-18
4218.2  9.754e-18
4220.9  -2.0267e-20
4223.6  -2.1494e-18
4226.4  7.5659e-18
4229.1  1.2027e-17
4231.8  8.1399e-18
4234.5  8.6141e-18
4237.3  1.7631e-17
4240  1.7275e-17
4242.7  4.5659e-18
4245.5  1.0749e-17
4248.2  1.2039e-17
4250.9  9.0114e-18
4253.6  4.2124e-18
4256.4  4.7072e-18
4259.1  9.4776e-18
4261.8  6.7997e-18
4264.6  8.2585e-18
4267.3  1.2332e-17
4270  1.3719e-17
4272.7  1.1994e-17
4275.5  1.0629e-17
4278.2  1.9125e-18
4280.9  8.3494e-18
4283.6  5.1788e-18
4286.4  1.5539e-17
4289.1  1.4096e-17
4291.8  1.3351e-17
4294.6  1.347e-17
4297.3  7.6919e-18
4300  1.7813e-17
4302.7  1.1795e-17
4305.5  5.049e-18
4308.2  9.9373e-18
4310.9  1.6758e-17
4313.6  1.7212e-17
4316.4  1.3239e-17
4319.1  9.4557e-18
4321.8  7.5546e-18
4324.6  1.0979e-17
4327.3  1.8443e-17
4330  1.3545e-17
4332.7  2.4708e-17
4335.5  1.8987e-17
4338.2  1.5721e-17
4340.9  8.1795e-18
4343.6  1.0154e-17
4346.4  8.4522e-18
4349.1  7.7774e-18
4351.8  1.3062e-17
4354.6  1.1821e-17
4357.3  9.1995e-18
4360  1.4847e-17
4362.7  1.1071e-17
4365.5  1.0245e-17
4368.2  1.5029e-17
4370.9  7.4924e-18
4373.6  1.2479e-17
4376.4  1.2201e-17
4379.1  8.6035e-18
4381.8  4.9119e-18
4384.6  8.2427e-18
4387.3  9.6698e-18
4390  9.2837e-18
4392.7  1.2893e-17
4395.5  1.1065e-17
4398.2  1.0586e-17
4400.9  1.5805e-17
4403.7  1.3935e-17
4406.4  1.0944e-17
4409.1  1.3819e-17
4411.8  8.7733e-18
4414.6  5.4762e-18
4417.3  1.0812e-17
4420  1.0756e-17
4422.7  1.071e-17
4425.5  8.6716e-18
4428.2  1.1093e-17
4430.9  1.8538e-17
4433.7  6.6196e-18
4436.4  6.8063e-18
4439.1  1.3181e-17
4441.8  1.0969e-17
4444.6  6.2472e-18
4447.3  9.6898e-18
4450  1.2469e-17
4452.7  9.1501e-18
4455.5  8.2447e-18
4458.2  7.755e-18
4460.9  9.7363e-18
4463.7  1.2257e-17
4466.4  4.7768e-18
4469.1  3.5465e-18
4471.8  8.0963e-18
4474.6  8.643e-18
4477.3  6.1838e-18
4480  8.5378e-18
4482.7  1.1684e-17
4485.5  4.1559e-18
4488.2  2.5793e-18
4490.9  1.2487e-17
4493.7  8.1099e-18
4496.4  7.0231e-20
4499.1  5.7326e-18
4501.8  8.5909e-18
4504.6  2.5815e-18
4507.3  7.8838e-18
4510  1.2975e-17
4512.8  8.4713e-18
4515.5  1.0902e-17
4518.2  9.7215e-18
4520.9  4.8751e-18
4523.7  1.0319e-17
4526.4  5.9149e-18
4529.1  7.0676e-18
4531.8  5.3493e-18
4534.6  1.79e-17
4537.3  1.387e-17
4540  1.2934e-17
4542.8  1.2679e-17
4545.5  9.283e-18
4548.2  5.6163e-18
4550.9  1.03e-17
4553.7  6.5226e-18
4556.4  4.8219e-18
4559.1  5.7941e-18
4561.8  5.1398e-18
4564.6  1.1007e-17
4567.3  9.8703e-18
4570  6.7019e-18
4572.8  7.9205e-18
4575.5  1.1551e-17
4578.2  6.6223e-18
4580.9  3.2961e-18
4583.7  6.984e-18
4586.4  9.3251e-18
4589.1  7.826e-18
4591.8  7.6098e-18
4594.6  8.5503e-18
4597.3  1.114e-17
4600  8.0895e-18
4602.8  3.5248e-18
4605.5  1.2766e-18
4608.2  6.6347e-18
4610.9  7.3927e-18
4613.7  1.0511e-17
4616.4  1.4864e-17
4619.1  4.6127e-18
4621.9  3.6094e-18
4624.6  5.6443e-18
4627.3  6.426e-18
4630  7.0904e-18
4632.8  8.0934e-18
4635.5  6.7068e-18
4638.2  8.1518e-18
4640.9  3.3401e-18
4643.7  6.3343e-18
4646.4  5.1481e-18
4649.1  7.8683e-18
4651.9  5.3389e-18
4654.6  9.0516e-18
4657.3  1.0375e-17
4660  9.0477e-18
4662.8  8.4581e-18
4665.5  4.197e-18
4668.2  7.0961e-18
4670.9  8.1141e-18
4673.7  7.7624e-18
4676.4  6.6025e-18
4679.1  1.391e-17
4681.9  1.3676e-17
4684.6  9.1839e-18
4687.3  8.2584e-18
4690  7.1178e-18
4692.8  6.6159e-18
4695.5  6.8571e-18
4698.2  8.2319e-18
4700.9  9.2867e-18
4703.7  6.3562e-18
4706.4  8.1754e-18
4709.1  1.094e-17
4711.9  8.1144e-18
4714.6  8.732e-18
4717.3  7.7575e-18
4720  6.6057e-18
4722.8  5.5669e-18
4725.5  2.246e-18
4728.2  8.1671e-18
4730.9  5.651e-18
4733.7  4.9716e-18
4736.4  7.85e-18
4739.1  1.3162e-17
4741.9  8.69e-18
4744.6  1.0918e-17
4747.3  1.346e-17
4750  1.1363e-17
4752.8  9.2641e-18
4755.5  6.5645e-18
4758.2  1.0307e-17
4761  5.1904e-18
4763.7  8.3938e-18
4766.4  1.0544e-17
4769.1  8.377e-18
4771.9  8.7941e-18
4774.6  6.8947e-18
4777.3  6.4695e-18
4780  6.2107e-18
4782.8  3.0483e-18
4785.5  5.9063e-18
4788.2  1.1825e-17
4791  6.1354e-18
4793.7  6.4343e-18
4796.4  1.0821e-17
4799.1  8.9575e-18
4801.9  7.2306e-18
4804.6  9.7267e-18
4807.3  1.0353e-17
4810  6.6813e-18
4812.8  5.9031e-18
4815.5  1.0175e-17
4818.2  6.9778e-18
4821  1.095e-17
4823.7  6.6403e-18
4826.4  5.7406e-18
4829.1  3.9644e-18
4831.9  3.4928e-18
4834.6  6.0242e-18
4837.3  7.7184e-18
4840  6.6843e-18
4842.8  8.0802e-18
4845.5  7.4332e-18
4848.2  1.0541e-17
4851  5.7844e-18
4853.7  2.0505e-18
4856.4  1.1494e-17
4859.1  9.1721e-18
4861.9  4.0647e-18
4864.6  4.0259e-18
4867.3  5.2009e-18
4870.1  5.55e-18
4872.8  6.9875e-18
4875.5  5.9406e-18
4878.2  6.7376e-18
4881  6.4558e-18
4883.7  7.9702e-18
4886.4  1.0125e-17
4889.1  6.056e-18
4891.9  1.4286e-18
4894.6  5.746e-18
4897.3  8.4949e-18
4900.1  1.2203e-17
4902.8  1.074e-17
4905.5  5.4879e-18
4908.2  4.605e-18
4911  1.0991e-17
4913.7  9.4539e-18
4916.4  8.3771e-18
4919.1  1.7112e-17
4921.9  1.6105e-17
4924.6  1.1056e-17
4927.3  1.1346e-17
4930.1  9.2976e-18
4932.8  1.1938e-17
4935.5  1.2659e-17
4938.2  1.0847e-17
4941  1.011e-17
4943.7  1.0735e-17
4946.4  4.7635e-18
4949.1  2.6739e-18
4951.9  9.0731e-18
4954.6  1.1396e-17
4957.3  1.0963e-17
4960.1  1.3708e-17
4962.8  9.7703e-18
4965.5  6.9806e-18
4968.2  9.3314e-18
4971  8.2696e-18
4973.7  1.0446e-17
4976.4  1.0182e-17
4979.1  9.638e-18
4981.9  1.0146e-17
4984.6  1.058e-17
4987.3  1.3715e-17
4990.1  1.031e-17
4992.8  1.0257e-17
4995.5  8.8314e-18
4998.2  1.2793e-17
5001  9.7887e-18
5003.7  8.6117e-18
5006.4  4.7346e-18
5009.2  8.8537e-18
5011.9  7.9338e-18
5014.6  6.4725e-18
5017.3  8.2642e-18
5020.1  7.2247e-18
5022.8  9.4818e-18
5025.5  1.3376e-17
5028.2  9.6225e-18
5031  7.8627e-18
5033.7  9.689e-18
5036.4  8.5532e-18
5039.2  1.1862e-17
5041.9  1.0546e-17
5044.6  9.6247e-18
5047.3  1.1418e-17
5050.1  8.8558e-18
5052.8  7.7719e-18
5055.5  5.6435e-18
5058.2  2.7354e-18
5061  3.6962e-18
5063.7  4.6742e-18
5066.4  8.8685e-18
5069.2  4.4684e-18
5071.9  5.4372e-18
5074.6  1.1831e-17
5077.3  1.0275e-17
5080.1  3.8255e-18
5082.8  4.2819e-18
5085.5  9.8589e-18
5088.2  7.2709e-18
5091  7.2202e-18
5093.7  5.4856e-18
5096.4  3.9767e-18
5099.2  7.5432e-18
5101.9  8.135e-18
5104.6  6.5619e-18
5107.3  8.0238e-18
5110.1  7.6558e-18
5112.8  3.0232e-18
5115.5  4.4551e-18
5118.2  5.2889e-18
5121  5.7501e-18
5123.7  5.5217e-18
5126.4  8.7639e-18
5129.2  1.1717e-17
5131.9  9.0626e-18
5134.6  7.6018e-18
5137.3  7.1773e-18
5140.1  7.9721e-18
5142.8  8.9253e-18
5145.5  1.023e-17
5148.3  1.0522e-17
5151  9.2714e-18
5153.7  7.3946e-18
5156.4  8.0452e-18
5159.2  8.3853e-18
5161.9  5.3705e-18
5164.6  9.1809e-18
5167.3  6.2883e-18
5170.1  8.6841e-19
5172.8  1.9354e-18
5175.5  5.8046e-18
5178.3  9.1167e-18
5181  8.4984e-18
5183.7  3.3668e-18
5186.4  6.3138e-18
5189.2  9.2214e-18
5191.9  3.7262e-18
5194.6  6.7569e-18
5197.3  1.2579e-17
5200.1  1.24e-17
5202.8  1.0411e-17
5205.5  1.2178e-17
5208.3  9.5648e-18
5211  4.0717e-18
5213.7  5.0157e-18
5216.4  4.6644e-18
5219.2  6.5547e-18
5221.9  3.5208e-18
5224.6  5.894e-18
5227.4  9.1177e-18
5230.1  3.7644e-18
5232.8  4.7519e-18
5235.5  3.3877e-18
5238.3  6.4966e-18
5241  1.0726e-17
5243.7  5.2654e-18
5246.4  5.546e-18
5249.2  9.9033e-18
5251.9  7.0854e-18
5254.6  2.1579e-18
5257.4  5.5459e-18
5260.1  9.054e-18
5262.8  8.931e-18
5265.5  5.7498e-18
5268.3  9.1791e-18
5271  4.5134e-18
5273.7  7.1516e-18
5276.4  8.6386e-18
5279.2  1.2341e-17
5281.9  1.0599e-17
5284.6  8.0714e-18
5287.4  6.0616e-18
5290.1  4.1666e-18
5292.8  7.4973e-18
5295.5  7.864e-18
5298.3  1.1687e-17
5301  1.4013e-17
5303.7  1.4295e-17
5306.4  1.3212e-17
5309.2  1.3838e-17
5311.9  7.5781e-18
5314.6  8.4421e-18
5317.4  2.0163e-18
5320.1  1.2146e-18
5322.8  4.2833e-18
5325.5  1.2718e-17
5328.3  9.2975e-18
5331  3.0548e-18
5333.7  6.8067e-18
5336.4  7.3314e-18
5339.2  4.9328e-18
5341.9  6.8765e-18
5344.6  1.2257e-17
5347.4  1.2782e-17
5350.1  1.2208e-17
5352.8  1.1634e-17
5355.5  1.106e-17
5358.3  1.0485e-17
5361  9.9115e-18
5363.7  9.3373e-18
5366.5  1.17e-17
5369.2  1.056e-17
5371.9  1.0448e-17
5374.6  4.7108e-18
5377.4  4.4982e-18
5380.1  4.4839e-18
5382.8  7.457e-18
5385.5  1.0781e-17
5388.3  6.5419e-18
5391  7.4919e-18
5393.7  8.7137e-18
5396.5  5.4408e-18
5399.2  1.1772e-17
5401.9  5.5529e-18
5404.6  2.4343e-18
5407.4  -6.7891e-20
5410.1  4.7538e-18
5412.8  5.2278e-18
5415.5  4.1451e-18
5418.3  3.2913e-18
5421  7.0069e-18
5423.7  4.5945e-18
5426.5  8.0021e-18
5429.2  4.9693e-18
5431.9  4.6608e-18
5434.6  5.5731e-18
5437.4  8.5854e-18
5440.1  7.6428e-18
5442.8  4.1864e-18
5445.5  5.2163e-18
5448.3  9.6599e-18
5451  6.5198e-18
5453.7  4.1903e-18
5456.5  4.5608e-18
5459.2  4.571e-18
5461.9  5.4832e-18
5464.6  7.237e-18
5467.4  4.4619e-18
5470.1  4.1354e-18
5472.8  7.7572e-18
5475.6  9.3641e-18
5478.3  8.023e-18
5481  5.7433e-18
5483.7  4.4402e-18
5486.5  5.1629e-18
5489.2  7.372e-18
5491.9  6.8939e-18
5494.6  6.1273e-18
5497.4  8.1615e-18
5500.1  3.0177e-18
5502.8  4.8882e-18
5505.6  3.581e-18
5508.3  8.4976e-18
5511  1.0652e-17
5513.7  4.8563e-18
5516.5  5.6714e-18
5519.2  7.2264e-18
5521.9  1.1827e-17
5524.6  1.025e-17
5527.4  9.2835e-18
5530.1  5.4377e-18
5532.8  6.8817e-18
5535.6  1.089e-17
5538.3  1.7268e-17
5541  8.1225e-18
5543.7  6.8154e-18
5546.5  6.0081e-18
5549.2  9.9535e-18
5551.9  1.1946e-17
5554.6  9.0456e-18
5557.4  1.1342e-17
5560.1  1.1832e-17
5562.8  7.1764e-18
5565.6  7.1224e-18
5568.3  1.1086e-17
5571  8.0334e-18
5573.7  6.9813e-18
5576.5  5.2692e-18
5579.2  7.4735e-18
5581.9  8.6998e-18
5584.6  7.6848e-18
5587.4  1.2335e-17
5590.1  1.5291e-17
5592.8  1.1054e-17
5595.6  7.4824e-18
5598.3  9.594e-18
5601  5.765e-18
5603.7  9.493e-18
5606.5  1.0228e-17
5609.2  7.9506e-18
5611.9  8.9221e-18
5614.7  7.7078e-18
5617.4  5.439e-18
5620.1  6.8082e-18
5622.8  1.4781e-17
5625.6  1.1207e-17
5628.3  6.2879e-18
5631  7.0028e-18
5633.7  7.4257e-18
5636.5  9.856e-18
5639.2  8.7637e-18
5641.9  9.0535e-18
5644.7  8.5611e-18
5647.4  4.2786e-18
5650.1  4.7126e-18
5652.8  5.1464e-18
5655.6  5.5804e-18
5658.3  6.0144e-18
5661  6.4485e-18
5663.7  6.8823e-18
5666.5  7.3163e-18
5669.2  7.7501e-18
5671.9  8.1841e-18
5674.7  8.618e-18
5677.4  9.6192e-18
5680.1  6.0928e-18
5682.8  5.9422e-18
5685.6  1.037e-17
5688.3  1.0103e-17
5691  8.7167e-18
5693.7  9.5391e-18
5696.5  5.8914e-18
5699.2  5.004e-18
5701.9  8.4609e-18
5704.7  6.7886e-18
5707.4  1.1657e-17
5710.1  1.09e-17
5712.8  4.8349e-18
5715.6  6.9989e-18
5718.3  7.6678e-18
5721  3.9724e-18
5723.8  8.3412e-18
5726.5  1.7213e-17
5729.2  1.2467e-17
5731.9  8.7457e-18
5734.7  9.114e-18
5737.4  9.3989e-18
5740.1  8.9609e-18
5742.8  7.9706e-18
5745.6  1.1062e-17
5748.3  9.7924e-18
5751  9.8981e-18
5753.8  9.8281e-18
5756.5  1.1251e-17
5759.2  8.6621e-18
5761.9  8.8761e-18
5764.7  5.467e-18
5767.4  4.6557e-18
5770.1  6.8154e-18
5772.8  7.8104e-18
5775.6  9.9829e-18
5778.3  1.2328e-17
5781  1.0683e-17
5783.8  9.4619e-18
5786.5  6.6814e-18
5789.2  5.3395e-18
5791.9  5.3267e-18
5794.7  1.1383e-17
5797.4  5.7681e-18
5800.1  7.9906e-18
5802.8  9.2354e-18
5805.6  7.1353e-18
5808.3  6.3883e-18
5811  8.7035e-18
5813.8  1.0106e-17
5816.5  8.2473e-18
5819.2  6.3103e-18
5821.9  1.1004e-17
5824.7  1.1152e-17
5827.4  1.145e-17
5830.1  7.8056e-18
5832.9  1.4529e-17
5835.6  1.4497e-17
5838.3  7.3681e-18
5841  1.2512e-17
5843.8  3.4971e-18
5846.5  6.7167e-18
5849.2  7.781e-18
5851.9  9.6493e-18
5854.7  7.8362e-18
5857.4  1.1657e-17
5860.1  4.759e-18
5862.9  1.0119e-17
5865.6  6.4341e-18
5868.3  6.2036e-18
5871  1.5235e-17
5873.8  4.3571e-18
5876.5  6.5437e-18
5879.2  1.1975e-17
5881.9  9.4927e-18
5884.7  8.9377e-18
5887.4  1.2379e-17
5890.1  1.0506e-17
5892.9  1.0235e-17
5895.6  1.1105e-17
5898.3  9.6002e-18
5901  8.9122e-18
5903.8  6.0949e-18
5906.5  5.712e-18
5909.2  6.3203e-18
5911.9  1.4107e-17
5914.7  1.4321e-17
5917.4  7.4466e-18
5920.1  9.0273e-18
5922.9  8.3002e-18
5925.6  1.1304e-17
5928.3  6.9541e-18
5931  3.5736e-18
5933.8  7.557e-18
5936.5  9.969e-18
5939.2  9.9948e-18
5941.9  1.0367e-17
5944.7  9.0154e-18
5947.4  8.5793e-18
5950.1  6.9337e-18
5952.9  7.0629e-18
5955.6  7.4774e-18
5958.3  2.9683e-18
5961  1.8395e-18
5963.8  2.4608e-18
5966.5  3.082e-18
5969.2  3.7033e-18
5972  4.3245e-18
5974.7  4.9457e-18
5977.4  5.5669e-18
5980.1  6.1881e-18
5982.9  6.8095e-18
5985.6  7.4305e-18
5988.3  8.052e-18
5991  8.6732e-18
5993.8  8.0119e-18
5996.5  9.5792e-18
5999.2  1.4219e-17
6002  6.1302e-18
6004.7  2.4494e-18
6007.4  8.4912e-18
6010.1  3.1192e-18
6012.9  6.0037e-20
6015.6  4.428e-18
6018.3  8.6189e-18
6021  8.5281e-19
6023.8  5.3786e-18
6026.5  6.13e-18
6029.2  8.0981e-18
6032  1.058e-17
6034.7  4.8017e-18
6037.4  4.6226e-18
6040.1  6.8143e-18
6042.9  5.3284e-18
6045.6  5.1401e-18
6048.3  6.8767e-18
6051  4.1619e-18
6053.8  2.8598e-18
6056.5  4.0774e-18
6059.2  7.195e-18
6062  1.1387e-17
6064.7  5.2146e-18
6067.4  5.6689e-18
6070.1  3.7329e-18
6072.9  5.859e-18
6075.6  4.7702e-18
6078.3  1.0481e-17
6081.1  8.5747e-18
6083.8  6.2402e-18
6086.5  8.4082e-18
6089.2  6.8765e-18
6092  3.0791e-18
6094.7  4.9287e-18
6097.4  5.0006e-18
6100.1  5.5986e-18
6102.9  1.0573e-17
6105.6  7.9803e-18
6108.3  5.0868e-18
6111.1  6.3315e-18
6113.8  5.7978e-18
6116.2  9.9656e-18
6118.8  -2.3732e-18
6121.5  8.2945e-18
6124.1  2.9181e-18
6126.8  -2.1612e-18
6129.4  6.9219e-19
6132.1  7.1886e-18
6134.7  1.5053e-17
6137.4  1.1041e-17
6140  1.6853e-17
6142.7  5.5896e-18
6145.3  5.3061e-18
6148  6.8611e-18
6150.6  -2.4107e-18
6153.3  4.077e-19
6155.9  6.255e-18
6158.6  2.326e-18
6161.2  2.9231e-18
6163.9  3.726e-18
6166.5  4.6362e-18
6169.2  9.9007e-18
6171.8  1.5703e-17
6174.5  1.1833e-17
6177.1  1.4905e-17
6179.8  1.3082e-17
6182.4  7.0811e-18
6185.1  9.2964e-18
6187.7  7.4541e-18
6190.4  8.8385e-18
6193  1.7441e-17
6195.7  8.1315e-18
6198.3  4.5652e-18
6201  1.0721e-17
6203.6  9.7063e-18
6206.3  1.1193e-17
6208.9  8.0038e-18
6211.6  8.2705e-18
6214.2  1.5624e-17
6216.9  7.9379e-18
6219.5  2.642e-18
6222.2  6.3481e-18
6224.8  9.6596e-18
6227.5  1.0965e-17
6230.1  5.1175e-18
6232.8  8.6312e-18
6235.4  9.3965e-18
6238.1  9.6581e-18
6240.8  2.4141e-17
6243.4  1.3367e-17
6246.1  1.0863e-17
6248.7  5.619e-18
6251.4  -8.8481e-19
6254  3.8593e-18
6256.7  8.7233e-18
6259.3  -6.8346e-19
6262  4.2216e-18
6264.6  1.655e-17
6267.3  1.305e-17
6269.9  4.7e-18
6272.6  8.1438e-18
6275.2  6.4482e-18
6277.9  2.5043e-18
6280.5  5.0715e-18
6283.2  6.7765e-18
6285.8  9.3911e-18
6288.5  3.3371e-18
6291.1  1.0992e-17
6293.8  7.3687e-18
6296.4  6.0239e-18
6299.1  8.174e-18
6301.7  1.2144e-18
6304.4  8.9955e-18
6307  1.0314e-17
6309.7  1.2408e-17
6312.3  -1.2129e-18
6315  4.286e-19
6317.6  6.541e-18
6320.3  7.6134e-18
6322.9  5.2125e-18
6325.6  5.997e-18
6328.2  1.5582e-17
6330.9  7.1556e-18
6333.5  1.9678e-18
6336.2  7.32e-18
6338.8  1.8339e-17
6341.5  1.2715e-17
6344.1  1.1628e-17
6346.8  7.9027e-18
6349.4  1.0613e-17
6352.1  6.6368e-18
6354.7  4.5563e-18
6357.4  2.4007e-18
6360  6.3978e-18
6362.7  5.7357e-18
6365.4  1.1611e-17
6368  9.2498e-18
6370.7  4.7249e-18
6373.3  1.2555e-17
6376  9.3444e-18
6378.6  2.389e-18
6381.3  7.0002e-18
6383.9  4.1051e-18
6386.6  4.4326e-18
6389.2  -2.2857e-18
6391.9  -1.3542e-18
6394.5  4.2994e-19
6397.2  1.7985e-18
6399.8  2.6718e-18
6402.5  2.167e-18
6405.1  7.6953e-18
6407.8  5.431e-18
6410.4  1.2011e-18
6413.1  6.5186e-18
6415.7  -1.2139e-19
6418.4  9.1383e-19
6421  7.7321e-18
6423.7  1.1499e-17
6426.3  4.6307e-18
6429  6.5649e-18
6431.6  1.8183e-18
6434.3  1.5287e-17
6436.9  1.1358e-17
6439.6  9.3012e-18
6442.2  7.3313e-18
6444.9  4.1704e-18
6447.5  3.1035e-18
6450.2  2.0208e-18
6452.8  5.6331e-18
6455.5  6.7275e-18
6458.1  1.8965e-18
6460.8  -3.986e-19
6463.4  1.9339e-18
6466.1  3.5631e-18
6468.7  9.7154e-18
6471.4  7.6318e-19
6474  -1.7983e-18
6476.7  4.2903e-18
6479.3  2.8996e-18
6482  2.7087e-18
6484.6  7.944e-18
6487.3  2.3215e-18
6489.9  5.0752e-18
6492.6  1.1248e-17
6495.3  8.7196e-18
6497.9  9.659e-18
6500.6  7.1277e-18
6503.2  9.4096e-18
6505.9  1.0922e-17
6508.5  1.6902e-17
6511.2  9.8209e-18
6513.8  4.7262e-18
6516.5  1.369e-17
6519.1  1.4424e-17
6521.8  6.3697e-18
6524.4  8.0353e-19
6527.1  6.1579e-18
6529.7  4.7931e-18
6532.4  3.7351e-18
6535  1.3933e-17
6537.7  9.2283e-18
6540.3  6.054e-18
6543  7.6105e-18
6545.6  1.1275e-17
6548.3  1.2458e-17
6550.9  1.0754e-17
6553.6  4.4743e-18
6556.2  1.3054e-17
6558.9  1.697e-17
6561.5  1.3934e-17
6564.2  9.8433e-18
6566.8  7.3697e-18
6569.5  1.3261e-17
6572.1  2.1105e-17
6574.8  6.6218e-18
6577.4  9.4953e-18
6580.1  1.2323e-17
6582.7  1.9759e-17
6585.4  2.3792e-17
6588  1.976e-17
6590.7  2.2776e-17
6593.3  2.4055e-17
6596  1.9813e-17
6598.6  1.9463e-17
6601.3  2.5242e-17
6603.9  2.1213e-17
6606.6  2.1923e-17
6609.2  2.4049e-17
6611.9  1.3347e-17
6614.5  2.1573e-17
6617.2  1.8407e-17
6619.9  1.1048e-17
6622.5  1.4155e-17
6625.2  1.5281e-17
6627.8  1.8983e-17
6630.5  1.1157e-17
6633.1  1.3716e-17
6635.8  1.8811e-17
6638.4  1.8532e-17
6641.1  1.4898e-17
6643.7  1.2553e-17
6646.4  1.8533e-17
6649  1.7962e-17
6651.7  2.3484e-17
6654.3  1.8096e-17
6657  1.2177e-17
6659.6  1.6296e-17
6662.3  2.0153e-17
6664.9  2.1811e-17
6667.6  1.9168e-17
6670.2  1.6558e-17
6672.9  1.6708e-17
6675.5  1.5355e-17
6678.2  1.7383e-17
6680.8  1.8424e-17
6683.5  1.6372e-17
6686.1  1.1549e-17
6688.8  1.0736e-17
6691.4  1.3946e-17
6694.1  1.3662e-17
6696.7  1.2561e-17
6699.4  1.0208e-17
6702  1.4105e-17
6704.7  1.8847e-17
6707.3  9.1309e-18
6710  1.1702e-17
6712.6  1.196e-17
6715.3  7.7972e-18
6717.9  1.2617e-17
6720.6  1.0152e-17
6723.2  8.0709e-18
6725.9  1.0414e-17
6728.5  1.1042e-17
6731.2  1.4681e-17
6733.8  1.2373e-17
6736.5  6.2807e-18
6739.1  1.0838e-17
6741.8  1.0275e-17
6744.5  1.0385e-17
6747.1  7.2309e-18
6749.8  1.0335e-17
6752.4  8.3024e-18
6755.1  1.6314e-17
6757.7  4.7131e-18
6760.4  2.6794e-18
6763  3.7997e-18
6765.7  5.9904e-18
6768.3  2.4095e-18
6771  1.7295e-18
6773.6  6.2883e-18
6776.3  6.8711e-18
6778.9  2.9283e-18
6781.6  6.08e-18
6784.2  4.4326e-18
6786.9  1.2981e-17
6789.5  1.2568e-17
6792.2  1.0365e-17
6794.8  4.8143e-18
6797.5  8.4416e-18
6800.1  4.1012e-18
6802.8  7.598e-18
6805.4  3.4308e-18
6808.1  4.4179e-18
6810.7  1.0077e-17
6813.4  8.9411e-18
6816  1.2841e-17
6818.7  1.1449e-17
6821.3  3.0916e-18
6824  1.9019e-18
6826.6  4.2325e-18
6829.3  9.7956e-18
6831.9  7.0902e-18
6834.6  6.34e-18
6837.2  3.4564e-18
6839.9  5.4131e-18
6842.5  4.6724e-18
6845.2  3.8541e-18
6847.8  8.8236e-18
6850.5  7.28e-18
6853.1  9.6265e-18
6855.8  5.1519e-18
6858.4  -7.4251e-19
6861.1  2.5746e-18
6863.7  8.4142e-18
6866.4  1.7926e-17
6869.1  5.7046e-18
6871.7  1.8202e-18
6874.4  3.196e-18
6877  2.6187e-18
6879.7  3.8362e-18
6882.3  5.8626e-18
6885  3.1484e-19
6887.6  6.7862e-18
6890.3  6.4674e-18
6892.9  1.0783e-19
6895.6  3.7301e-18
6898.2  4.8525e-18
6900.9  4.8379e-18
6903.5  1.2622e-17
6906.2  2.2396e-17
6908.8  2.0711e-17
6911.5  1.7981e-17
6914.1  9.9298e-18
6916.8  9.1244e-18
6919.4  4.2693e-18
6922.1  1.0923e-17
6924.7  1.7056e-18
6927.4  -1.4758e-18
6930  8.4611e-18
6932.7  5.2056e-18
6935.3  -5.202e-18
6938  -4.4349e-18
6940.6  4.7586e-19
6943.3  1.2541e-17
6945.9  2.3492e-18
6948.6  8.0194e-18
6951.2  7.2163e-18
6953.9  1.3216e-17
6956.5  6.4163e-18
6959.2  1.1357e-17
6961.8  5.8414e-19
6964.5  2.3872e-18
6967.1  6.6693e-19
6969.8  8.9723e-18
6972.4  7.7348e-18
6975.1  -1.9239e-18
6977.7  7.3836e-19
6980.4  9.5697e-18
6983  3.6664e-18
6985.7  2.2705e-18
6988.3  2.5503e-18
6991  6.7329e-18
6993.6  6.4531e-18
6996.3  9.0596e-18
6999  9.6477e-18
7001.6  1.1005e-17
7004.3  7.6733e-18
7006.9  1.2459e-17
7009.6  5.5072e-18
7012.2  1.7503e-18
7014.9  -3.2703e-18
7017.5  8.3038e-18
7020.2  1.0091e-17
7022.8  2.045e-18
7025.5  5.4933e-18
7028.1  5.6023e-19
7030.8  4.8093e-18
7033.4  1.9225e-18
7036.1  4.9436e-18
7038.7  9.0351e-18
7041.4  7.5801e-18
7044  5.6468e-18
7046.7  1.3105e-17
7049.3  1.1265e-17
7052  4.3123e-18
7054.6  8.3164e-19
7057.3  5.8493e-19
7059.9  5.8276e-18
7062.6  1.1342e-18
7065.2  6.7435e-18
7067.9  1.0095e-17
7070.5  5.7407e-18
7073.2  2.8324e-18
7075.8  2.8158e-18
7078.5  9.8886e-18
7081.1  6.5672e-18
7083.8  1.2923e-18
7086.4  1.0049e-18
7089.1  4.2026e-18
7091.7  6.5917e-18
7094.4  8.1018e-18
7097  4.7394e-18
7099.7  6.5648e-19
7102.3  4.8372e-18
7105  5.7229e-18
7107.6  2.0541e-18
7110.3  3.0938e-18
7112.9  4.8796e-18
7115.6  2.1495e-18
7118.2  5.3237e-18
7120.9  4.0076e-18
7123.6  -2.8395e-19
7126.2  6.0218e-18
7128.9  8.549e-18
7131.5  9.1137e-18
7134.2  1.0801e-17
7136.8  1.5302e-18
7139.5  -3.7034e-18
7142.1  -2.4253e-20
7144.8  -1.4806e-18
7147.4  1.1055e-18
7150.1  6.5645e-18
7152.7  4.801e-18
7155.4  2.7939e-18
7158  2.4823e-18
7160.7  2.6634e-18
7163.3  1.897e-18
7166  -2.412e-18
7168.6  2.197e-18
7171.3  4.5977e-18
7173.9  2.8934e-18
7176.6  7.932e-18
7179.2  8.0178e-18
7181.9  3.1123e-18
7184.5  8.5289e-18
7187.2  9.8625e-18
7189.8  6.481e-18
7192.5  5.8503e-18
7195.1  6.2725e-18
7197.8  3.8279e-18
7200.4  -5.9825e-19
7203.1  1.7031e-18
7205.7  4.7176e-18
7208.4  7.2024e-18
7211  4.3557e-18
7213.7  4.7789e-18
7216.3  4.0671e-18
7219  8.4204e-19
7221.6  2.1167e-18
7224.3  4.4592e-18
7226.9  1.4607e-18
7229.6  -6.3288e-18
7232.2  -1.3904e-18
7234.9  2.5905e-18
7237.5  -6.3051e-18
7240.2  -2.1719e-19
7242.8  8.6413e-18
7245.5  3.7192e-18
7248.1  6.6843e-18
7250.8  3.6881e-18
7253.5  1.1683e-20
7256.1  8.8948e-19
7258.8  6.9477e-18
7261.4  9.1755e-18
7264.1  8.2178e-19
7266.7  4.0958e-18
7269.4  3.7035e-18
7272  -9.0541e-18
7274.7  -5.6308e-18
7277.3  -4.701e-18
7280  -3.9636e-18
7282.6  2.1105e-19
7285.3  -9.6283e-18
7287.9  -6.396e-18
7290.6  -5.3969e-19
7293.2  3.9299e-18
7295.9  7.1086e-18
7298.5  -3.5085e-18
7301.2  -1.3847e-18
7303.8  1.047e-17
7306.5  2.4262e-18
7309.1  1.1187e-18
7311.8  4.0038e-18
7314.4  -5.0606e-18
7317.1  -2.7715e-18
7319.7  1.1339e-17
7322.4  7.4257e-18
7325  -1.8126e-18
7327.7  -1.4267e-18
7330.3  -4.0227e-18
7333  -2.737e-18
7335.6  -7.6576e-19
7338.3  -5.9892e-18
7340.9  -7.316e-19
7343.6  -1.4036e-18
7346.2  3.1048e-18
7348.9  5.8402e-18
7351.5  7.4211e-19
7354.2  -3.8067e-19
7356.8  5.8267e-19
7359.5  -9.2392e-19
7362.1  6.4346e-19
7364.8  3.1455e-18
7367.4  -7.5373e-18
7370.1  3.0779e-18
7372.8  9.2828e-18
7375.4  7.1066e-18
7378.1  1.2157e-17
7380.7  6.6408e-19
7383.4  3.1286e-18
7386  -3.1054e-18
7388.7  1.6177e-18
7391.3  7.6831e-18
7394  8.7309e-18
7396.6  7.1232e-18
7399.3  4.3521e-19
7401.9  1.5187e-17
7404.6  1.1807e-17
7407.2  1.6696e-17
7409.9  6.907e-19
7412.5  4.0094e-18
7415.2  1.3573e-17
7417.8  6.2514e-18
7420.5  1.3802e-17
7423.1  1.3035e-17
7425.8  -1.4512e-19
7428.4  4.2043e-18
7431.1  1.4769e-18
7433.7  1.1979e-17
7436.4  5.2147e-18
7439  1.3158e-17
7441.7  1.5205e-17
7444.3  5.5726e-18
7447  7.2496e-18
7449.6  1.6725e-17
7452.3  1.3325e-17
7454.9  8.2498e-18
7457.6  8.3254e-18
7460.2  1.6312e-18
7462.9  4.2236e-18
7465.5  1.0608e-17
7468.2  2.0577e-17
7470.8  4.2484e-18
7473.5  7.0541e-18
7476.1  6.7098e-18
7478.8  5.7873e-18
7481.4  4.6556e-18
7484.1  1.4132e-17
7486.7  9.6745e-18
7489.4  1.3241e-17
7492  2.7816e-18
7494.7  1.2248e-17
7497.3  4.798e-18
7500  1.2067e-17
7502.7  1.3342e-17
7505.3  4.1724e-18
7508  5.9112e-18
7510.6  4.1759e-18
7513.3  6.8791e-18
7515.9  -7.3774e-19
7518.6  1.0384e-18
7521.2  7.1875e-18
7523.9  2.1097e-18
7526.5  4.2993e-18
7529.2  1.2889e-17
7531.8  8.6287e-18
7534.5  6.1807e-18
7537.1  2.0013e-18
7539.8  7.8823e-18
7542.4  9.3085e-18
7545.1  3.2375e-18
7547.7  8.168e-18
7550.4  6.9611e-18
7553  5.3563e-18
7555.7  7.5216e-18
7558.3  5.9701e-18
7561  7.3065e-18
7563.6  4.9926e-18
7566.3  2.4808e-18
7568.9  4.5931e-19
7571.6  5.9005e-18
7574.2  1.4296e-17
7576.9  6.0208e-18
7579.5  1.6519e-18
7582.2  4.4701e-18
7584.8  7.7187e-18
7587.5  1.4271e-18
7590.1  3.519e-18
7592.8  8.0004e-18
7595.4  8.895e-18
7598.1  9.922e-18
7600.7  3.7847e-18
7603.4  2.2321e-18
7606  5.1473e-18
7608.7  4.9997e-18
7611.3  4.8188e-18
7614  4.0466e-18
7616.6  2.7142e-18
7619.3  2.7292e-18
7621.9  1.6294e-18
7624.6  6.5163e-18
7627.2  5.5523e-18
7629.9  2.8637e-18
7632.6  8.4542e-18
7635.2  8.3617e-18
7637.9  7.1395e-18
7640.5  2.1394e-18
7643.2  3.9559e-18
7645.8  3.93e-18
7648.5  1.696e-18
7651.1  1.1771e-17
7653.8  1.4e-17
7656.4  8.3945e-18
7659.1  2.2873e-18
7661.7  1.0487e-17
7664.4  1.0486e-17
7667  9.002e-18
7669.7  1.1677e-17
7672.3  6.3331e-18
7675  3.7889e-18
7677.6  1.1723e-17
7680.3  1.31e-17
7682.9  1.316e-17
7685.6  9.8104e-18
7688.2  8.7564e-18
7690.9  1.8874e-17
7693.5  1.6719e-17
7696.2  1.3491e-17
7698.8  1.6808e-17
7701.5  1.4114e-17
7704.1  1.3773e-17
7706.8  1.9941e-17
7709.4  1.6741e-17
7712.1  1.9123e-17
7714.7  7.1117e-18
7717.4  2.4494e-17
7720  2.224e-17
7722.7  2.7098e-17
7725.3  3.3315e-17
7728  2.9268e-17
7730.6  3.0717e-17
7733.3  3.0452e-17
7735.9  2.3655e-17
7738.6  1.6861e-17
7741.2  2.1142e-17
7743.9  1.1068e-17
7746.5  5.9242e-18
7749.2  -3.8325e-18
7751.9  1.101e-17
7754.5  2.5835e-17
7757.2  2.5512e-17
7759.8  1.7519e-17
7762.5  1.5749e-17
7765.1  1.355e-17
7767.8  1.2503e-17
7770.4  1.7167e-17
7773.1  1.2967e-17
7775.7  9.6658e-18
7778.4  1.7478e-18
7781  -2.2722e-18
7783.7  4.9237e-18
7786.3  8.4228e-18
7789  8.7896e-18
7791.6  4.0789e-18
7794.3  -5.6629e-19
7796.9  8.8296e-18
7799.6  1.7082e-17
7802.2  4.2116e-18
7804.9  2.9352e-18
7807.5  5.1835e-18
7810.2  1.35e-17
7812.8  9.2216e-18
7815.5  7.3531e-18
7818.1  9.2924e-18
7820.8  7.138e-18
7823.4  7.6222e-18
7826.1  1.8779e-18
7828.7  1.5022e-17
7831.4  6.5587e-18
7834  7.6343e-18
7836.7  4.3725e-18
7839.3  3.3679e-18
7842  4.8571e-18
7844.6  3.4179e-18
7847.3  -4.5345e-18
7849.9  -9.7059e-19
7852.6  1.3544e-17
7855.2  8.2677e-18
7857.9  7.517e-18
7860.5  4.2322e-18
7863.2  1.8945e-17
7865.8  8.1564e-18
7868.5  1.0836e-18
7871.1  2.8289e-18
7873.8  3.203e-18
7876.4  6.1774e-18
7879.1  2.1405e-17
7881.8  4.491e-18
7884.4  1.9668e-18
7887.1  5.0075e-18
7889.7  -4.7945e-18
7892.4  1.9858e-18
7895  5.7735e-18
7897.7  1.2004e-18
7900.3  6.9582e-18
7903  3.2572e-18
7905.6  -8.3353e-19
7908.3  5.7449e-18
7910.9  3.5472e-18
7913.6  6.1564e-18
7916.2  8.9555e-18
7918.9  6.9443e-18
7921.5  7.1762e-18
7924.2  7.7121e-19
7926.8  -4.591e-18
7929.5  -5.8147e-18
7932.1  8.7532e-18
7934.8  1.0102e-17
7937.4  6.5836e-18
7940.1  1.8953e-18
7942.7  -7.8011e-19
7945.4  2.3368e-18
7948  8.1473e-18
7950.7  7.3816e-18
7953.3  1.3069e-17
7956  5.8468e-18
7958.6  2.458e-18
7961.3  1.2267e-17
7963.9  1.308e-17
7966.6  1.1241e-17
7969.2  9.2903e-18
7971.9  1.0089e-17
7974.5  8.3805e-19
7977.2  4.9364e-18
7979.8  1.0937e-17
7982.5  1.9582e-18
7985.1  6.0308e-18
7987.8  3.828e-18
7990.4  -7.3644e-18
7993.1  8.9052e-18
7995.7  1.8522e-17
7998.4  1.5587e-17
8001  1.134e-17
8003.7  3.4523e-18
8006.4  2.302e-18
8009  -4.0049e-20
8011.7  1.5802e-19
8014.3  4.3657e-18
8017  2.0495e-18
8019.6  -2.208e-18
8022.3  7.7131e-19
8024.9  1.0347e-17
8027.6  8.7527e-18
8030.2  1.7459e-19
8032.9  -5.8956e-22
8035.5  -3.5978e-19
8038.2  3.2868e-18
8040.8  4.2324e-18
8043.5  -1.1957e-18
8046.1  3.0533e-18
8048.8  1.0143e-18
8051.4  6.2322e-18
8054.1  6.5428e-18
8056.7  1.2396e-17
8059.4  -1.5558e-18
8062  -1.4893e-18
8064.7  4.9429e-18
8067.3  1.1373e-17
8070  7.6707e-18
8072.6  9.4911e-19
8075.3  7.4208e-18
8077.9  7.7723e-18
8080.6  2.3846e-18
8083.2  5.957e-19
8085.9  6.1194e-18
8088.5  1.0443e-17
8091.2  5.506e-18
8093.8  2.2686e-18
8096.5  2.5751e-18
8099.1  7.1383e-19
8101.8  8.2139e-18
8104.4  3.7704e-18
8107.1  2.4012e-19
8109.7  7.169e-18
8112.4  6.292e-18
8115  4.5001e-18
8117.7  5.219e-18
8120.3  4.3757e-18
8123  5.0144e-18
8125.6  8.2897e-18
8128.3  8.7402e-18
8130.9  7.1949e-18
8133.6  6.565e-18
8136.3  6.5187e-18
8138.9  1.0198e-17
8141.6  4.0883e-18
8144.2  8.4993e-18
8146.9  5.5014e-18
8149.5  7.0491e-18
8152.2  1.0122e-17
8154.8  7.8708e-19
8157.5  -1.5408e-18
8160.1  5.9119e-18
8162.8  9.2216e-18
8165.4  1.1381e-17
8168.1  1.6984e-17
8170.7  1.5191e-17
8173.4  1.0442e-17
8176  1.261e-17
8178.7  1.7208e-17
8181.3  7.9912e-18
8184  1.1076e-17
8186.6  8.4633e-18
8189.3  1.0667e-17
8191.9  1.904e-17
8194.6  1.579e-17
8197.2  1.6118e-17
8199.9  1.7219e-17
8202.5  1.9696e-17
8205.2  1.3715e-17
8207.8  1.3102e-17
8210.5  1.7976e-17
8213.1  1.394e-17
8215.8  1.0839e-17
8218.4  1.537e-17
8221.1  1.5288e-17
8223.7  5.388e-18
8226.4  6.6624e-18
8229  4.8031e-18
8231.7  -6.0625e-20
8234.3  -2.2164e-18
8237  1.3284e-18
8239.6  8.6587e-18
8242.3  5.3792e-18
8244.9  4.7249e-18
8247.6  9.373e-18
8250.2  1.3836e-17
8252.9  3.7076e-18
8255.5  7.474e-18
8258.2  1.0632e-17
8260.9  2.3131e-19
8263.5  9.1682e-19
8266.2  1.8789e-18
8268.8  8.8167e-18
8271.5  6.002e-19
8274.1  -2.0045e-18
8276.8  -3.2448e-18
8279.4  -2.6533e-18
8282.1  1.0362e-17
8284.7  1.6041e-17
8287.4  3.0019e-18
8290  -1.2671e-17
8292.7  -1.0874e-18
8295.3  1.3752e-17
8298  9.9147e-18
8300.6  1.394e-17
8303.3  1.5063e-17
8305.9  1.4016e-17
8308.6  1.4655e-17
8311.2  8.8571e-18
8313.9  1.056e-17
8316.5  -5.394e-19
8319.2  1.1546e-17
8321.8  1.3821e-17
8324.5  5.9777e-18
8327.1  5.7488e-18
8329.8  1.1244e-18
8332.4  1.0895e-17
8335.1  1.1128e-17
8337.7  1.1361e-17
8340.4  1.1594e-17
8343  1.1829e-17
8345.7  1.2061e-17
8348.3  1.2294e-17
8351  1.2527e-17
8353.6  4.4503e-18
8356.3  8.028e-18
8358.9  8.341e-18
8361.6  1.623e-17
8364.2  1.1199e-17
8366.9  1.1481e-17
8369.5  1.0021e-17
8372.2  9.7225e-18
8374.8  7.7e-18
8377.5  8.2079e-18
8380.1  1.0347e-17
8382.8  5.7751e-18
8385.5  5.0375e-18
8388.1  3.4398e-18
8390.8  -1.2545e-18
8393.4  -8.0489e-19
8396.1  6.4752e-18
8398.7  1.6018e-17
8401.4  1.8112e-17
8404  3.2222e-18
8406.7  8.6706e-18
8409.3  4.5285e-18
8412  8.2396e-18
8414.6  1.4198e-17
8417.3  1.1182e-18
8419.9  1.2235e-17
8422.6  1.0877e-17
8425.2  -2.9869e-18
8427.9  2.1133e-17
8430.5  1.8386e-17
8433.2  1.8057e-17
8435.8  9.3926e-18
8438.5  6.2368e-18
8441.1  8.9176e-18
8443.8  6.3408e-18
8446.4  3.1193e-18
8449.1  7.7321e-18
8451.7  6.9533e-19
8454.4  1.5418e-18
8457  4.4484e-18
8459.7  4.383e-18
8462.3  5.6214e-18
8465  4.4839e-18
8467.6  3.3464e-18
8470.3  2.2094e-18
8472.9  1.0719e-18
8475.6  -6.5563e-20
8478.2  -1.2027e-18
8480.9  2.5946e-18
8483.5  -4.666e-18
8486.2  -2.805e-18
8488.8  -2.7731e-18
8491.5  1.5126e-17
8494.1  1.0598e-17
8496.8  -2.9136e-18
8499.4  1.4275e-17
8502.1  9.831e-18
8504.7  9.3181e-18
8507.4  2.1824e-17
8510.1  1.1883e-17
8512.7  2.2038e-18
8515.4  9.5552e-18
8518  3.8271e-18
8520.7  4.9332e-19
8523.3  6.0718e-18
8526  4.4139e-18
8528.6  7.8869e-19
8531.3  6.1013e-19
8533.9  -2.4866e-18
8536.6  6.315e-18
8539.2  2.2722e-17
8541.9  1.7468e-17
8544.5  1.1082e-17
8547.2  1.1348e-17
8549.8  5.6789e-18
8552.5  1.3982e-17
8555.1  1.3281e-17
8557.8  7.5784e-18
8560.4  1.3036e-17
8563.1  4.7823e-20
8565.7  7.4947e-18
8568.4  4.5247e-18
8571  4.4846e-18
8573.7  1.3141e-18
8576.3  7.9559e-19
8579  2.3447e-18
8581.6  9.1585e-18
8584.3  3.8972e-18
8586.9  1.6149e-18
8589.6  2.6585e-18
8592.2  6.4804e-18
8594.9  9.2518e-18
8597.5  4.4742e-19
8600.2  3.7301e-18
8602.8  1.4825e-17
8605.5  6.409e-18
8608.1  2.6874e-18
8610.8  4.4488e-18
8613.4  -1.3847e-18
8616.1  -3.7022e-18
8618.7  2.8412e-18
8621.4  2.9333e-17
8624  8.4322e-18
8626.7  -4.6105e-18
8629.3  1.787e-17
8632  2.9279e-17
8634.6  3.3972e-17
8637.3  3.1932e-17
8640  1.154e-17
8642.6  2.5443e-19
8645.3  7.024e-18
8647.9  6.5406e-18
8650.6  7.0841e-18
8653.2  1.1984e-17
8655.9  2.7035e-17
8658.5  1.811e-17
8661.2  2.2803e-17
8663.8  2.7717e-17
8666.5  1.7051e-17
8669.1  4.864e-18
8671.8  5.4252e-18
8674.4  9.4537e-18
8677.1  1.2096e-17
8679.7  1.4192e-17
8682.4  5.0659e-18
8685  4.042e-18
8687.7  8.8409e-18
8690.3  1.2955e-17
8693  6.5654e-18
8695.6  1.0282e-17
8698.3  3.8764e-18
8700.9  9.8807e-18
8703.6  1.3223e-17
8706.2  3.4438e-18
8708.9  5.6065e-18
8711.5  1.6643e-18
8714.2  5.7178e-18
8716.8  5.4504e-19
8719.5  -6.0393e-20
8722.1  3.4072e-19
8724.8  3.952e-18
8727.4  5.2016e-18
8730.1  6.0888e-18
8732.7  3.802e-18
8735.4  6.8516e-18
8738  1.2339e-18
8740.7  1.3921e-18
8743.3  9.6034e-18
8746  4.5851e-18
8748.6  4.2966e-18
8751.3  -3.1269e-19
8753.9  -4.8908e-18
8756.6  -7.0423e-18
8759.2  -1.9098e-19
8761.9  1.5798e-17
8764.6  2.4325e-17
8767.2  1.3964e-17
8769.9  2.6497e-17
8772.5  2.2412e-17
8775.2  2.6801e-18
8777.8  4.8357e-18
8780.5  -4.9115e-18
8783.1  -1.9527e-18
8785.8  -4.9725e-19
8788.4  2.9405e-18
8791.1  9.0436e-18
8793.7  9.2404e-18
8796.4  6.1917e-18
8799  4.4276e-18
8801.7  -4.0329e-18
8804.3  -5.2041e-18
8807  1.193e-17
8809.6  1.8063e-17
8812.3  1.7789e-17
8814.9  1.7516e-17
8817.6  1.7244e-17
8820.2  1.697e-17
8822.9  1.6697e-17
8825.5  1.6423e-17
8828.2  1.615e-17
8830.8  1.5876e-17
8833.5  1.5603e-17
8836.1  1.5331e-17
8838.8  1.5769e-17
8841.4  1.7649e-17
8844.1  9.8892e-18
8846.7  9.533e-18
8849.4  2.7273e-18
8852  1.1278e-18
8854.7  1.1436e-17
8857.3  -2.1395e-18
8860  -7.3847e-18
8862.6  5.2847e-18
8865.3  5.7992e-18
8867.9  -6.8906e-18
8870.6  -1.0302e-17
8873.2  -1.1654e-18
8875.9  -1.0072e-17
8878.5  -8.5046e-18
8881.2  -6.937e-18
8883.8  -5.3688e-18
8886.5  -3.8006e-18
8889.1  -2.233e-18
8891.8  -6.6481e-19
8894.5  9.0338e-19
8897.1  9.947e-18
8899.8  1.2395e-17
8902.4  1.5185e-17
8905.1  1.7976e-17
8907.7  2.0767e-17
8910.4  -7.3241e-18
8913  -4.1001e-18
8915.7  -8.749e-19
8918.3  2.3515e-18
8921  5.5743e-18
8923.6  8.7994e-18
8926.3  1.2024e-17
8928.9  1.5248e-17
8931.6  1.0307e-17
8934.2  5.7061e-18
8936.9  5.0385e-18
8939.5  1.745e-17
8942.2  4.5949e-18
8944.8  6.3255e-19
8947.5  1.5352e-18
8950.1  -1.5163e-17
8952.8  -2.1349e-18
8955.4  1.7635e-17
8958.1  1.1389e-17
8960.7  1.9787e-17
8963.4  6.0324e-18
8966  7.6256e-18
8968.7  5.4598e-18
8971.3  5.0313e-18
8974  9.1935e-18
8976.6  8.2954e-18
8979.3  6.5647e-18
8981.9  8.2775e-18
8984.6  1.2998e-17
8987.2  1.2318e-17
8989.9  1.1637e-17
8992.5  1.0957e-17
8995.2  1.0277e-17
8997.8  9.5963e-18
9000.5  8.9159e-18
9003.1  8.2354e-18
9005.8  7.5552e-18
9008.4  6.8749e-18
9011.1  1.019e-17
9013.8  9.2278e-18
9016.4  1.1535e-17
9019.1  9.4655e-18
9021.7  -3.3524e-18
9024.4  -5.7689e-18
9027  7.7994e-19
9029.7  -9.8775e-19
9032.3  1.5346e-18
9035  1.4669e-17
9037.6  1.5496e-17
9040.3  1.1106e-17
9042.9  1.0574e-17
9045.6  1.787e-17
9048.2  1.2211e-17
9050.9  9.6672e-18
9053.5  2.4534e-17
9056.2  1.6354e-17
9058.8  1.406e-17
9061.5  5.0806e-18
9064.1  9.0656e-18
9066.8  6.5657e-18
9069.4  8.9068e-18
9072.1  1.0899e-17
9074.7  1.131e-17
9077.4  8.8136e-18
9080  9.9467e-18
9082.7  1.5237e-17
9085.3  7.3111e-18
9088  5.0212e-18
9090.6  1.1382e-17
9093.3  1.2831e-17
9095.9  7.551e-18
9098.6  1.3181e-17
9101.2  1.2974e-17
9103.9  1.1247e-17
9106.5  2.3521e-17
9109.2  2.4186e-17
9111.8  1.8043e-17
9114.5  1.7981e-17
9117.1  1.7918e-17
9119.8  1.7856e-17
9122.4  1.7793e-17
9125.1  1.7731e-17
9127.7  1.7312e-17
9130.4  1.791e-17
9133  1.8507e-17
9135.7  1.9105e-17
9138.4  1.9703e-17
9141  1.2158e-17
9143.7  7.2287e-18
9146.3  1.3654e-17
9149  1.2702e-17
9151.6  1.5553e-17
9154.3  2.0164e-17
9156.9  6.3208e-18
9159.6  3.9522e-18
9162.2  1.12e-17
9164.9  5.5921e-18
9167.5  6.2834e-18
9170.2  5.0666e-18
9172.8  5.3848e-18
9175.5  4.5269e-18
9178.1  7.018e-18
9180.8  1.5577e-19
9183.4  1.01e-17
9186.1  1.1316e-17
9188.7  1.0578e-17
9191.4  1.6682e-17
9194  1.7223e-17
9196.7  7.9541e-18
9199.3  3.629e-18
9202  1.3422e-17
9204.6  1.0057e-17
9207.3  1.6834e-18
9209.9  -2.9038e-18
9212.6  7.1264e-18
9215.2  2.2789e-17
9217.9  1.3692e-17
9220.5  8.418e-18
9223.2  1.0689e-17
9225.8  1.4309e-18
9228.5  8.5892e-18
9231.1  1.2758e-17
9233.8  1.2146e-17
9236.4  5.8399e-18
9239.1  -1.9281e-19
9241.7  5.5752e-18
9244.4  2.8082e-18
9247  5.2447e-18
9249.7  8.0227e-18
9252.3  4.1241e-18
9255  6.2279e-18
9257.6  5.4344e-18
9260.3  9.3248e-18
9262.9  1.3958e-17
9265.6  1.0055e-17
9268.3  7.6369e-18
9270.9  8.0256e-18
9273.6  -6.5932e-19
9276.2  -1.1942e-17
9278.9  1.7406e-18
9281.5  1.0749e-17
9284.2  7.4786e-18
9286.8  6.8791e-18
9289.5  -1.6341e-18
9292.1  -7.9415e-18
9294.8  -5.3777e-18
9297.4  -5.8753e-18
9300.1  -8.7296e-18
9302.7  -1.0979e-17
9305.4  -9.4839e-18
9308  -4.5286e-18
9310.7  -3.6395e-18
9313.3  -9.5941e-18
9316  -1.3522e-17
9318.6  -5.3089e-18
9321.3  8.6074e-18
9323.9  6.8374e-18
9326.6  5.6568e-19
9329.2  1.1698e-17
9331.9  8.1236e-18
9334.5  -3.7673e-18
9337.2  3.2049e-18
9339.8  1.504e-17
9342.5  7.7751e-18
9345.1  1.0393e-17
9347.8  9.5273e-18
9350.4  -6.8266e-19
9353.1  6.9737e-18
9355.7  4.9354e-18
9358.4  2.7445e-18
9361  -2.7928e-18
9363.7  -1.7297e-17
9366.3  -1.5289e-17
9369  -8.6226e-18
9371.6  -1.9584e-18
9374.3  4.7082e-18
9376.9  1.1375e-17
9379.6  1.8039e-17
9382.2  2.4706e-17
9384.9  -3.2636e-18
9387.5  6.5372e-18
9390.2  1.178e-17
9392.9  -9.7656e-19
9395.5  -1.1716e-17
9398.2  1.3357e-17
9400.8  2.3199e-17
9403.5  2.3962e-17
9406.1  1.1931e-17
9408.8  -4.6415e-18
9411.4  6.0445e-18
9414.1  1.8572e-17
9416.7  1.6238e-17
9419.4  2.726e-17
9422  2.5126e-17
9424.7  9.793e-19
9427.3  -2.3394e-18
9430  -4.5731e-18
9432.6  7.5538e-19
9435.3  7.2827e-18
9437.9  -1.8148e-18
9440.6  8.7529e-18
9443.2  1.1376e-17
9445.9  1.5344e-17
9448.5  2.9311e-19
9451.2  1.57e-17
9453.8  1.9725e-17
9456.5  1.0847e-17
9459.1  2.7024e-18
9461.8  7.9927e-18
9464.4  6.2683e-19
9467.1  -7.9125e-18
9469.7  4.2431e-18
9472.4  5.0569e-18
9475  5.8706e-18
9477.7  6.6841e-18
9480.3  7.498e-18
9483  8.3117e-18
9485.6  9.1252e-18
9488.3  9.9389e-18
9490.9  1.4303e-17
9493.6  3.8868e-18
9496.2  6.2148e-18
9498.9  9.128e-18
9501.5  2.2204e-17
9504.2  2.4241e-17
9506.8  4.4986e-18
9509.5  -6.6789e-19
9512.1  1.1167e-17
9514.8  1.1454e-17
9517.4  1.8058e-17
9520.1  2.6347e-17
9522.8  2.2328e-17
9525.4  2.1258e-17
9528.1  1.3841e-17
9530.7  2.7779e-17
9533.4  5.0123e-18
9536  -1.0546e-17
9538.7  -1.2796e-18
9541.3  -3.333e-18
9544  4.2423e-18
9546.6  5.4291e-18
9549.3  -3.8519e-18
9551.9  2.7691e-18
9554.6  -4.0202e-18
9557.2  -1.7744e-17
9559.9  -1.6996e-17
9562.5  -3.8788e-18
9565.2  -5.2765e-18
9567.8  -1.7163e-17
9570.5  -1.1608e-17
9573.1  -2.4094e-18
9575.8  8.6913e-18
9578.4  8.8692e-18
9581.1  1.3333e-19
9583.7  1.9063e-18
9586.4  5.6493e-18
9589  1.9412e-17
9591.7  1.9753e-17
9594.3  2.4007e-18
9597  -3.6326e-18
9599.6  9.0396e-18
9602.3  1.9444e-17
9604.9  -3.6052e-19
9607.6  5.7228e-18
9610.2  2.4953e-17
9612.9  1.2492e-17
9615.5  1.6579e-18
9618.2  -2.5586e-19
9620.8  4.6199e-18
9623.5  7.196e-18
9626.1  -1.3288e-18
9628.8  7.0371e-18
9631.4  5.3492e-18
9634.1  1.6233e-18
9636.7  -2.4874e-18
9639.4  -5.6508e-18
9642  1.1003e-17
9644.7  1.8388e-17
9647.4  1.5164e-17
9650  -3.5771e-18
9652.7  -7.5135e-18
9655.3  1.0268e-18
9658  3.6714e-18
9660.6  1.6078e-17
9663.3  1.5687e-17
9665.9  3.0223e-18
9668.6  -2.2087e-20
9671.2  -1.0956e-17
9673.9  2.8219e-17
9676.5  9.6407e-18
9679.2  -1.4111e-18
9681.8  -1.9592e-18
9684.5  3.0272e-17
9687.1  4.2948e-17
9689.8  -4.1014e-18
9692.4  -2.667e-18
9695.1  -7.07e-18
9697.7  2.0974e-19
9700.4  7.4921e-18
9703  1.4775e-17
9705.7  2.3376e-17
9708.3  2.5501e-17
9711  3.5033e-17
9713.6  3.8211e-17
9716.3  -6.7277e-18
9718.9  -4.5875e-17
