3463.373  1.251582E-21
3465.803  3.638332E-22
3468.236  9.533609E-21
3470.67  1.728650E-20
3473.106  -6.049581E-21
3475.543  4.016629E-22
3477.981  -2.224836E-20
3480.421  -1.460840E-20
3482.863  -4.911458E-21
3485.305  1.449385E-21
3487.75  3.130000E-21
3490.195  3.075046E-20
3492.643  1.611455E-20
3495.091  5.796911E-21
3497.542  -2.273246E-20
3499.993  -1.282530E-20
3502.446  3.335407E-21
3504.901  -1.505180E-20
3507.357  1.650083E-21
3509.814  2.993531E-20
3512.273  -8.402072E-21
3514.733  -1.561860E-20
3517.195  2.306633E-20
3519.658  -2.050799E-20
3522.123  2.672581E-21
3524.589  -7.624507E-21
3527.056  4.944799E-21
3529.525  8.235894E-21
3531.995  -1.047856E-20
3534.467  1.107621E-20
3536.94  -7.928870E-21
3539.415  -2.222421E-20
3541.891  -2.112109E-20
3544.368  6.500890E-21
3546.847  -1.024588E-20
3549.327  1.660697E-20
3551.809  -4.204250E-21
3554.292  9.393665E-22
3556.776  -4.730912E-21
3559.262  8.201185E-21
3561.75  1.135702E-20
3564.238  2.175787E-21
3566.728  2.199053E-21
3569.22  2.222360E-21
3571.713  -2.341049E-21
3574.207  1.342739E-21
3576.703  6.526539E-21
3579.2  -1.374959E-20
3581.698  1.221692E-20
3584.198  3.895988E-21
3586.699  8.774713E-21
3589.202  5.137183E-21
3591.706  -6.113871E-21
3594.211  -1.326904E-20
3596.718  3.160118E-20
3599.226  1.221855E-20
3601.736  2.528337E-21
3604.246  1.256001E-21
3606.759  4.121506E-21
3609.272  4.431331E-21
3611.787  -1.331827E-20
3614.303  -1.566248E-21
3616.821  5.673592E-21
3619.34  3.832075E-21
3621.861  1.815605E-20
3624.383  -8.156300E-21
3626.906  3.419149E-21
3629.43  -9.035856E-21
3631.956  9.691753E-22
3634.483  6.715939E-21
3637.012  -5.772075E-21
3639.542  1.270197E-20
3642.073  6.570019E-21
3644.605  2.948036E-21
3647.139  1.110592E-20
3649.674  5.282125E-21
3652.211  7.108573E-22
3654.749  9.952210E-22
3657.288  9.948769E-21
3659.829  1.454683E-20
3662.371  -3.878399E-21
3664.914  6.537828E-21
3667.458  -4.365828E-21
3670.004  -7.815888E-22
3672.552  5.891083E-21
3675.1  6.324371E-21
3677.65  1.196907E-20
3680.201  -5.367354E-21
3682.753  6.621015E-21
3685.307  -2.321540E-21
3687.862  -5.397942E-21
3690.419  6.733504E-21
3692.976  4.577194E-21
3695.535  7.425735E-21
3698.096  8.779280E-21
3700.657  2.292624E-21
3703.22  5.943729E-21
3705.784  -2.172769E-21
3708.35  1.549248E-20
3710.917  3.125208E-22
3713.485  9.448085E-21
3716.054  3.885979E-21
3718.625  7.915408E-21
3721.197  7.269819E-21
3723.77  6.939822E-21
3726.344  1.154810E-20
3728.92  5.002843E-21
3731.497  -5.422240E-22
3734.076  1.534249E-21
3736.655  6.867067E-21
3739.236  1.721264E-20
3741.818  -1.267194E-21
3744.402  7.028989E-21
3746.987  1.816682E-21
3749.573  3.849545E-21
3752.16  3.201268E-21
3754.748  -1.377358E-21
3757.338  -7.680670E-21
3759.929  4.061641E-21
3762.521  6.546771E-21
3765.115  -8.545570E-21
3767.71  9.563498E-21
3770.306  6.187076E-21
3772.903  9.323920E-21
3775.502  3.695500E-22
3778.102  1.768607E-20
3780.703  3.008156E-21
3783.305  1.069201E-20
3785.908  2.625948E-21
3788.513  -1.257349E-21
3791.119  1.044434E-20
3793.726  4.870152E-21
3796.335  2.165490E-20
3798.945  6.119561E-21
3801.555  3.694300E-21
3804.168  -3.105736E-21
3806.781  -4.019515E-21
3809.396  7.426533E-21
3812.011  9.758979E-21
3814.629  -5.837722E-21
3817.247  1.155842E-20
3819.866  9.856283E-21
3822.487  9.413666E-21
3825.109  1.024576E-20
3827.732  5.741606E-21
3830.357  1.070888E-20
3832.982  1.068812E-20
3835.609  3.725740E-21
3838.237  -9.882721E-22
3840.866  3.323929E-21
3843.497  3.740222E-21
3846.128  1.055859E-20
3848.761  9.795812E-21
3851.395  -2.815412E-21
3854.03  3.774818E-21
3856.667  6.351751E-21
3859.304  1.128102E-20
3861.943  -1.833194E-21
3864.583  3.515727E-21
3867.224  1.619435E-21
3869.866  1.901990E-21
3872.51  3.470103E-21
3875.154  4.327749E-21
3877.8  8.513776E-21
3880.447  8.650064E-21
3883.095  -2.570516E-21
3885.745  4.245635E-21
3888.396  5.536600E-21
3891.047  3.431609E-21
3893.7  1.185795E-20
3896.354  5.068591E-21
3899.01  9.931878E-21
3901.666  4.248196E-21
3904.323  5.410904E-21
3906.982  3.810035E-21
3909.642  1.429378E-21
3912.303  3.843987E-21
3914.965  5.415465E-21
3917.629  1.652489E-20
3920.293  1.462098E-20
3922.959  1.436123E-20
3925.626  8.706180E-21
3928.294  1.742000E-20
3930.963  9.527250E-21
3933.633  2.044100E-21
3936.304  2.890407E-21
3938.977  6.095181E-21
3941.651  5.489907E-21
3944.325  3.329419E-21
3947.001  5.950718E-21
3949.678  5.978203E-21
3952.357  6.005719E-21
3955.036  6.033246E-21
3957.717  6.060805E-21
3960.398  6.088372E-21
3963.081  6.115972E-21
3965.765  6.143590E-21
3968.45  7.301600E-21
3971.136  9.761396E-21
3973.823  5.595779E-21
3976.511  2.157134E-21
3979.201  3.691951E-21
3981.891  3.427690E-21
3984.583  8.747375E-21
3987.276  7.891901E-21
3989.97  6.564477E-21
3992.665  6.366795E-21
3995.361  7.278150E-21
3998.058  7.119965E-21
4000.756  9.206977E-21
4003.456  5.122227E-21
4006.156  -5.047112E-24
4008.858  8.266622E-21
4011.561  -5.761992E-22
4014.264  4.495419E-21
4016.969  4.776760E-21
4019.675  4.971009E-21
4022.382  3.464985E-21
4025.091  5.815860E-21
4027.8  5.095391E-21
4030.51  5.147555E-21
4033.222  5.675411E-21
4035.934  7.958161E-21
4038.648  1.748833E-21
4041.362  5.202006E-21
4044.078  5.931606E-21
4046.795  1.042319E-20
4049.513  6.590916E-21
4052.232  3.002836E-21
4054.952  5.432491E-22
4057.673  1.015644E-22
4060.395  4.066505E-21
4063.118  -4.555574E-22
4065.842  8.142893E-21
4068.568  4.469096E-21
4071.294  6.945744E-21
4074.021  3.467049E-21
4076.75  4.813108E-21
4079.479  5.473618E-21
4082.21  2.419122E-21
4084.942  4.465981E-21
4087.675  2.074058E-21
4090.408  7.865818E-21
4093.143  6.005311E-21
4095.879  9.582550E-21
4098.616  9.878592E-21
4101.354  6.400182E-21
4104.093  1.169241E-20
4106.833  8.481727E-21
4109.574  1.016329E-20
4112.316  -6.008899E-22
4115.059  9.190691E-21
4117.803  8.272011E-21
4120.548  8.289948E-21
4123.295  5.995132E-21
4126.042  9.236516E-21
4128.791  9.062355E-21
4131.54  5.491056E-21
4134.29  4.707165E-21
4137.042  1.307342E-20
4139.793  9.853085E-21
4142.547  9.916476E-21
4145.301  1.128243E-20
4148.057  6.499132E-21
4150.813  1.135317E-20
4153.571  1.330197E-20
4156.329  1.502379E-20
4159.088  1.232839E-20
4161.849  1.179795E-20
4164.61  1.390938E-20
4167.373  1.350749E-20
4170.137  6.272184E-21
4172.901  1.117086E-20
4175.667  1.264628E-20
4178.433  1.154445E-20
4181.2  8.725616E-21
4183.969  1.611514E-20
4186.738  1.561206E-20
4189.509  9.431097E-21
4192.28  1.116102E-20
4195.053  1.399912E-20
4197.826  1.638581E-20
4200.601  1.066922E-20
4203.376  1.251541E-20
4206.152  1.330538E-20
4208.93  9.541503E-21
4211.708  1.280903E-20
4214.487  1.376732E-20
4217.268  1.371101E-20
4220.049  1.055334E-20
4222.831  1.510886E-20
4225.614  9.671952E-21
4228.398  1.692817E-20
4231.184  8.738938E-21
4233.97  9.389337E-21
4236.757  9.397021E-21
4239.545  1.656249E-20
4242.333  1.429802E-20
4245.124  1.797238E-20
4247.915  1.113888E-20
4250.707  8.091198E-21
4253.499  1.210900E-20
4256.293  1.225016E-20
4259.088  1.510230E-20
4261.883  1.114078E-20
4264.68  1.566604E-20
4267.478  1.316161E-20
4270.276  1.602241E-20
4273.076  1.227599E-20
4275.876  1.390789E-20
4278.678  1.669129E-20
4281.48  1.440880E-20
4284.283  1.349855E-20
4287.087  1.191370E-20
4289.893  1.575290E-20
4292.698  1.474978E-20
4295.505  9.684486E-21
4298.313  1.716401E-20
4301.122  1.246413E-20
4303.932  1.702991E-20
4306.743  1.273569E-20
4309.554  1.646858E-20
4312.367  1.480158E-20
4315.18  1.188320E-20
4317.995  1.398948E-20
4320.81  1.339238E-20
4323.626  1.371114E-20
4326.443  1.205206E-20
4329.262  1.310826E-20
4332.081  1.137389E-20
4334.9  1.513115E-20
4337.721  1.250318E-20
4340.543  1.113999E-20
4343.366  1.582892E-20
4346.189  1.547457E-20
4349.014  5.947745E-21
4351.839  1.371819E-20
4354.666  1.262859E-20
4357.493  7.798155E-21
4360.321  9.288677E-21
4363.149  1.044119E-20
4365.979  1.222632E-20
4368.81  7.558241E-21
4371.642  5.670538E-21
4374.474  7.839279E-21
4377.308  1.061349E-20
4380.142  9.825040E-21
4382.977  1.228817E-20
4385.813  7.397692E-21
4388.65  5.917548E-21
4391.488  1.053310E-20
4394.327  8.207013E-21
4397.167  8.351764E-21
4400.007  8.411885E-21
4402.849  9.586863E-21
4405.69  1.076124E-20
4408.534  3.120426E-21
4411.378  1.023944E-20
4414.223  7.605513E-21
4417.068  9.593179E-21
4419.915  1.391839E-20
4422.763  1.159382E-20
4425.611  9.341772E-21
4428.46  9.265541E-21
4431.31  1.173577E-20
4434.161  9.992111E-21
4437.013  9.272091E-21
4439.866  1.154039E-20
4442.719  8.492098E-21
4445.573  6.258505E-21
4448.429  9.007845E-21
4451.285  6.743532E-21
4454.142  7.954264E-21
4457.  5.026090E-21
4459.858  1.078396E-20
4462.718  8.572170E-21
4465.578  4.824989E-21
4468.439  9.494721E-21
4471.301  8.604492E-21
4474.164  1.000436E-20
4477.028  9.167460E-21
4479.892  6.822260E-21
4482.758  1.110225E-20
4485.624  9.459410E-21
4488.491  1.284701E-20
4491.359  8.817150E-21
4494.228  6.967035E-21
4497.097  7.220086E-21
4499.967  8.912456E-21
4502.839  1.143151E-20
4505.711  1.194709E-20
4508.583  9.101560E-21
4511.458  8.899173E-21
4514.332  9.386024E-21
4517.207  6.808796E-21
4520.083  9.475074E-21
4522.96  9.682643E-21
4525.838  1.257926E-20
4528.717  9.812336E-21
4531.596  1.120023E-20
4534.477  8.387430E-21
4537.357  9.459734E-21
4540.239  7.487483E-21
4543.122  1.275176E-20
4546.005  1.097047E-20
4548.89  1.114752E-20
4551.775  1.400043E-20
4554.661  1.253355E-20
4557.547  9.350896E-21
4560.435  1.401060E-20
4563.323  8.868357E-21
4566.212  9.836073E-21
4569.102  1.208496E-20
4571.993  1.499940E-20
4574.884  1.027557E-20
4577.777  1.045404E-20
4580.67  9.521146E-21
4583.563  1.240341E-20
4586.458  9.127255E-21
4589.354  1.412874E-20
4592.25  8.623006E-21
4595.147  8.548968E-21
4598.045  1.111262E-20
4600.943  1.385394E-20
4603.843  6.728691E-21
4606.743  1.166525E-20
4609.644  8.535435E-21
4612.545  1.019187E-20
4615.448  7.329487E-21
4618.351  7.058962E-21
4621.255  7.200219E-21
4624.16  6.396883E-21
4627.065  7.678996E-21
4629.972  7.632497E-21
4632.879  6.449117E-21
4635.787  9.599628E-21
4638.695  9.231124E-21
4641.605  1.118687E-20
4644.515  1.080874E-20
4647.426  1.075745E-20
4650.337  1.079498E-20
4653.25  1.085087E-20
4656.163  1.021611E-20
4659.077  8.645836E-21
4661.992  8.146036E-21
4664.907  1.094740E-20
4667.823  1.083656E-20
4670.74  8.692857E-21
4673.658  1.111333E-20
4676.577  9.984948E-21
4679.496  8.884927E-21
4682.416  7.728823E-21
4685.336  9.399278E-21
4688.258  4.866917E-21
4691.18  1.129088E-20
4694.103  1.206552E-20
4697.027  9.468854E-21
4699.951  1.090266E-20
4702.876  1.155048E-20
4705.802  1.006081E-20
4708.729  9.702616E-21
4711.656  1.234600E-20
4714.584  1.389855E-20
4717.513  1.392772E-20
4720.442  1.154036E-20
4723.373  9.559890E-21
4726.304  1.491976E-20
4729.235  7.884059E-21
4732.168  1.100260E-20
4735.101  9.846798E-21
4738.035  1.366556E-20
4740.969  1.055582E-20
4743.905  1.488789E-20
4746.841  1.221640E-20
4749.777  1.405034E-20
4752.715  1.142474E-20
4755.653  1.265642E-20
4758.592  1.393334E-20
4761.532  1.586468E-20
4764.472  1.446711E-20
4767.413  1.223802E-20
4770.354  1.577702E-20
4773.297  1.333520E-20
4776.24  1.434840E-20
4779.184  1.379108E-20
4782.129  1.598388E-20
4785.074  1.875765E-20
4788.02  1.374972E-20
4790.967  1.585774E-20
4793.914  1.804902E-20
4796.862  1.471021E-20
4799.811  1.625390E-20
4802.76  1.547731E-20
4805.71  1.789057E-20
4808.661  1.597933E-20
4811.613  1.846292E-20
4814.565  1.716345E-20
4817.518  1.962860E-20
4820.471  1.979266E-20
4823.426  1.789675E-20
4826.38  1.744389E-20
4829.336  1.781236E-20
4832.292  1.703147E-20
4835.25  1.809770E-20
4838.207  2.075631E-20
4841.166  2.019357E-20
4844.125  1.988011E-20
4847.084  2.045778E-20
4850.044  1.739389E-20
4853.006  1.823718E-20
4855.967  1.646253E-20
4858.93  2.044187E-20
4861.893  1.950151E-20
4864.856  1.873472E-20
4867.821  2.037515E-20
4870.786  1.962810E-20
4873.752  2.014595E-20
4876.718  2.075048E-20
4879.686  1.966852E-20
4882.653  2.102710E-20
4885.622  1.957680E-20
4888.59  2.018805E-20
4891.56  1.965576E-20
4894.531  1.898809E-20
4897.501  1.714714E-20
4900.473  2.032316E-20
4903.446  1.936435E-20
4906.418  1.959083E-20
4909.392  2.062811E-20
4912.367  1.846956E-20
4915.341  1.909393E-20
4918.317  1.793615E-20
4921.293  2.035594E-20
4924.27  2.098830E-20
4927.248  1.889690E-20
4930.226  1.686199E-20
4933.205  2.302400E-20
4936.184  1.839411E-20
4939.164  1.959683E-20
4942.145  2.007731E-20
4945.126  1.910818E-20
4948.108  1.816746E-20
4951.091  1.734012E-20
4954.074  1.524834E-20
4957.058  1.533457E-20
4960.042  2.023554E-20
4963.028  1.875723E-20
4966.013  1.727916E-20
4969.  1.580036E-20
4971.987  1.432156E-20
4974.975  1.583537E-20
4977.963  1.883317E-20
4980.952  1.718575E-20
4983.941  1.722361E-20
4986.932  1.680028E-20
4989.922  1.532880E-20
4992.914  1.667905E-20
4995.906  1.770009E-20
4998.898  1.506145E-20
5001.892  1.665559E-20
5004.885  1.628562E-20
5007.88  1.423541E-20
5010.875  1.330173E-20
5013.871  1.562276E-20
5016.867  1.515171E-20
5019.864  1.621431E-20
5022.861  1.595476E-20
5025.859  1.446228E-20
5028.858  1.518169E-20
5031.857  1.831993E-20
5034.857  1.598708E-20
5037.858  1.538773E-20
5040.859  1.697035E-20
5043.861  1.652525E-20
5046.863  1.357958E-20
5049.866  1.465734E-20
5052.87  1.546551E-20
5055.874  1.550766E-20
5058.878  1.640509E-20
5061.884  1.528976E-20
5064.89  1.107673E-20
5067.896  1.218345E-20
5070.903  1.664421E-20
5073.911  1.281970E-20
5076.919  1.594380E-20
5079.928  1.357665E-20
5082.938  1.706150E-20
5085.948  1.488018E-20
5088.958  1.336603E-20
5091.97  1.640281E-20
5094.981  1.477777E-20
5097.994  1.599291E-20
5101.007  1.494985E-20
5104.02  1.761459E-20
5107.034  1.573865E-20
5110.049  1.794510E-20
5113.064  1.729496E-20
5116.08  1.515165E-20
5119.097  1.995338E-20
5122.113  2.060349E-20
5125.131  1.811591E-20
5128.149  1.772714E-20
5131.168  1.599939E-20
5134.187  1.451932E-20
5137.207  1.722715E-20
5140.227  1.722348E-20
5143.248  1.616181E-20
5146.27  1.557490E-20
5149.292  1.557336E-20
5152.314  1.753290E-20
5155.337  1.574613E-20
5158.361  1.794474E-20
5161.386  1.438654E-20
5164.411  1.576045E-20
5167.436  1.351265E-20
5170.462  1.677084E-20
5173.488  1.845299E-20
5176.516  1.565324E-20
5179.543  1.638451E-20
5182.571  1.554305E-20
5185.6  1.537951E-20
5188.629  1.970387E-20
5191.659  1.972486E-20
5194.689  1.801737E-20
5197.72  1.791082E-20
5200.752  2.081873E-20
5203.784  1.608368E-20
5206.816  2.033281E-20
5209.85  2.026543E-20
5212.883  2.020943E-20
5215.917  2.127549E-20
5218.952  1.976101E-20
5221.987  2.463012E-20
5225.023  2.242854E-20
5228.06  2.022625E-20
5231.096  1.802467E-20
5234.134  1.870379E-20
5237.171  1.798554E-20
5240.21  2.162604E-20
5243.249  2.040142E-20
5246.289  1.955576E-20
5249.329  2.007206E-20
5252.369  1.999146E-20
5255.41  2.062317E-20
5258.452  2.036921E-20
5261.494  2.004775E-20
5264.537  1.972618E-20
5267.58  1.940462E-20
5270.624  1.908295E-20
5273.668  1.876129E-20
5276.713  1.843952E-20
5279.758  1.811775E-20
5282.804  1.779582E-20
5285.85  1.615763E-20
5288.897  1.713915E-20
5291.944  1.728531E-20
5294.992  1.620134E-20
5298.041  1.797216E-20
5301.089  1.687219E-20
5304.139  1.640095E-20
5307.188  1.473010E-20
5310.239  1.630991E-20
5313.29  1.513778E-20
5316.341  1.662212E-20
5319.394  1.513999E-20
5322.446  1.567685E-20
5325.499  1.704781E-20
5328.552  1.356941E-20
5331.606  1.452823E-20
5334.661  1.445196E-20
5337.716  1.381894E-20
5340.771  1.489402E-20
5343.827  1.677425E-20
5346.883  1.549410E-20
5349.94  1.365312E-20
5352.998  1.457434E-20
5356.056  1.366975E-20
5359.114  1.494091E-20
5362.173  1.482528E-20
5365.232  1.296961E-20
5368.292  1.536149E-20
5371.353  1.621289E-20
5374.414  1.371022E-20
5377.475  1.353863E-20
5380.537  1.544410E-20
5383.599  1.619116E-20
5386.662  1.518920E-20
5389.726  1.656588E-20
5392.789  1.585269E-20
5395.854  1.507632E-20
5398.918  1.554332E-20
5401.983  1.684618E-20
5405.049  1.492582E-20
5408.115  1.639933E-20
5411.182  1.494043E-20
5414.25  1.748265E-20
5417.317  1.700002E-20
5420.385  1.794663E-20
5423.454  1.716242E-20
5426.522  1.710671E-20
5429.592  1.695218E-20
5432.662  1.730634E-20
5435.733  1.836485E-20
5438.804  1.887555E-20
5441.875  1.941082E-20
5444.947  1.723166E-20
5448.019  1.821951E-20
5451.092  1.602474E-20
5454.166  2.079589E-20
5457.239  1.645851E-20
5460.313  1.772987E-20
5463.388  2.055911E-20
5466.463  2.038864E-20
5469.539  1.798865E-20
5472.615  1.678877E-20
5475.691  1.754444E-20
5478.768  1.778354E-20
5481.846  1.864683E-20
5484.923  1.903517E-20
5488.002  1.769414E-20
5491.081  2.202944E-20
5494.16  2.030722E-20
5497.24  1.865809E-20
5500.32  1.764860E-20
5503.4  1.807244E-20
5506.481  2.018365E-20
5509.563  2.003564E-20
5512.645  1.827033E-20
5515.727  2.131433E-20
5518.81  1.471533E-20
5521.894  2.207925E-20
5524.977  1.880459E-20
5528.061  2.133817E-20
5531.146  1.985470E-20
5534.231  2.311922E-20
5537.316  2.051936E-20
5540.402  2.119268E-20
5543.489  2.208584E-20
5546.576  2.196525E-20
5549.663  1.994946E-20
5552.75  2.029729E-20
5555.839  2.138367E-20
5558.927  2.313097E-20
5562.016  2.381118E-20
5565.105  2.231867E-20
5568.196  2.682841E-20
5571.286  2.458534E-20
5574.376  2.132062E-20
5577.468  2.067129E-20
5580.56  2.260484E-20
5583.651  2.538793E-20
5586.744  2.075180E-20
5589.837  2.181566E-20
5592.93  2.336940E-20
5596.024  2.274354E-20
5599.118  2.129454E-20
5602.212  2.086431E-20
5605.308  2.347252E-20
5608.403  2.505827E-20
5611.499  2.182491E-20
5614.595  2.290135E-20
5617.692  2.422711E-20
5620.789  2.415646E-20
5623.886  2.220268E-20
5626.984  2.428138E-20
5630.083  2.395896E-20
5633.182  2.564141E-20
5636.281  2.542472E-20
5639.38  2.500997E-20
5642.48  2.635338E-20
5645.581  2.567047E-20
5648.682  2.207366E-20
5651.783  2.459704E-20
5654.884  2.729200E-20
5657.987  2.665174E-20
5661.089  2.549802E-20
5664.192  2.434330E-20
5667.295  2.422236E-20
5670.399  2.481753E-20
5673.503  2.418793E-20
5676.607  2.536757E-20
5679.712  2.781483E-20
5682.818  2.406920E-20
5685.923  2.343976E-20
5689.03  2.748433E-20
5692.136  2.252907E-20
5695.243  2.273818E-20
5698.351  2.291380E-20
5701.458  2.210561E-20
5704.566  2.393914E-20
5707.675  2.491674E-20
5710.784  2.005834E-20
5713.893  2.201524E-20
5717.003  2.180013E-20
5720.113  2.369230E-20
5723.224  2.433294E-20
5726.334  2.134676E-20
5729.445  2.278177E-20
5732.557  2.249298E-20
5735.669  2.305251E-20
5738.782  2.242937E-20
5741.895  2.238888E-20
5745.008  2.579168E-20
5748.122  2.608883E-20
5751.235  2.401793E-20
5754.35  2.419655E-20
5757.464  2.583555E-20
5760.58  2.709149E-20
5763.695  2.699956E-20
5766.811  2.961394E-20
5769.927  2.652746E-20
5773.044  2.690979E-20
5776.161  2.831900E-20
5779.279  2.988419E-20
5782.396  3.000161E-20
5785.515  2.946581E-20
5788.633  2.758739E-20
5791.752  3.120245E-20
5794.872  3.225845E-20
5797.991  2.886238E-20
5801.111  2.789690E-20
5804.232  3.211737E-20
5807.353  2.968335E-20
5810.474  3.185933E-20
5813.595  3.116329E-20
5816.717  3.025713E-20
5819.839  3.071436E-20
5822.962  3.086038E-20
5826.085  3.145126E-20
5829.208  2.945340E-20
5832.333  2.822010E-20
5835.457  3.219633E-20
5838.581  2.747012E-20
5841.706  2.902610E-20
5844.832  3.175822E-20
5847.957  2.814347E-20
5851.083  3.014715E-20
5854.209  2.884927E-20
5857.336  2.573487E-20
5860.463  2.629284E-20
5863.59  2.823554E-20
5866.718  2.826114E-20
5869.846  2.777265E-20
5872.975  2.366348E-20
5876.104  2.677947E-20
5879.233  2.542490E-20
5882.362  2.908593E-20
5885.492  2.574347E-20
5888.623  2.982177E-20
5891.753  2.304614E-20
5894.884  1.999719E-20
5898.016  2.308473E-20
5901.147  2.493802E-20
5904.279  2.311456E-20
5907.412  2.521150E-20
5910.544  2.382780E-20
5913.678  2.381803E-20
5916.811  2.382135E-20
5919.945  2.316966E-20
5923.079  2.201750E-20
5926.213  2.436469E-20
5929.348  2.348579E-20
5932.483  2.406351E-20
5935.619  2.124471E-20
5938.755  2.173505E-20
5941.891  2.159121E-20
5945.027  2.432425E-20
5948.165  2.279757E-20
5951.302  2.216991E-20
5954.439  2.433606E-20
5957.577  2.072244E-20
5960.715  2.470103E-20
5963.854  2.233629E-20
5966.993  2.200833E-20
5970.132  2.485653E-20
5973.272  2.264468E-20
5976.412  2.409957E-20
5979.552  2.480787E-20
5982.692  2.411948E-20
5985.833  2.599418E-20
5988.975  2.111367E-20
5992.116  2.074401E-20
5995.258  2.164598E-20
5998.4  2.107294E-20
6001.543  1.960244E-20
6004.686  2.132736E-20
6007.83  1.894245E-20
6010.973  1.729555E-20
6014.117  1.889666E-20
6017.261  1.950242E-20
6020.406  2.007334E-20
6023.551  1.981208E-20
6026.696  1.752852E-20
6029.841  2.150049E-20
6032.987  1.825658E-20
6036.134  1.721068E-20
6039.28  1.590980E-20
6042.427  1.855487E-20
6045.574  1.713157E-20
6048.722  1.367636E-20
6051.87  1.368939E-20
6055.018  1.370242E-20
6058.166  1.371545E-20
6061.315  1.372849E-20
6064.464  1.374152E-20
6067.613  1.698237E-20
6070.763  1.293919E-20
6073.913  1.169333E-20
6077.063  1.274059E-20
6080.214  1.211403E-20
6083.365  1.493597E-20
6086.517  1.425115E-20
6089.668  1.261768E-20
6092.82  1.266011E-20
6095.973  1.579612E-20
6099.125  1.645907E-20
6102.278  1.712223E-20
6105.431  1.778549E-20
6108.584  1.844865E-20
6111.738  1.911201E-20
6114.893  1.977568E-20
6118.047  1.724615E-20
6121.202  1.864678E-20
6124.357  1.710601E-20
6127.512  1.860769E-20
6130.668  1.718632E-20
6133.824  1.757033E-20
6136.98  1.825326E-20
6140.137  1.942476E-20
6143.293  1.797781E-20
6146.451  1.912583E-20
6149.608  2.160135E-20
6152.766  1.992224E-20
6155.924  2.253521E-20
6159.083  2.092171E-20
6162.241  2.117390E-20
6165.4  2.024107E-20
6168.56  1.979894E-20
6171.719  2.135278E-20
6174.879  2.345682E-20
6178.039  2.169038E-20
6181.2  2.749848E-20
6184.36  2.534073E-20
6187.521  2.430231E-20
6190.683  2.506467E-20
6193.845  2.286779E-20
6197.007  2.475895E-20
6200.169  2.199030E-20
6203.332  2.359311E-20
6206.495  2.540330E-20
6209.658  2.415076E-20
6212.821  2.440562E-20
6215.985  2.466302E-20
6219.149  2.406702E-20
6222.313  2.312162E-20
6225.478  2.557855E-20
6228.643  2.512872E-20
6231.808  2.559375E-20
6234.973  2.535363E-20
6238.139  2.349360E-20
6241.305  2.542449E-20
6244.472  2.389868E-20
6247.638  2.489019E-20
6250.805  2.530965E-20
6253.972  2.495435E-20
6257.14  2.630750E-20
6260.308  2.342111E-20
6263.476  2.383185E-20
6266.644  2.442013E-20
6269.813  2.454860E-20
6272.981  2.349609E-20
6276.151  2.583623E-20
6279.32  2.442172E-20
6282.49  2.355781E-20
6285.66  2.361490E-20
6288.831  2.215064E-20
6292.001  2.068682E-20
6295.172  1.922256E-20
6298.343  2.366867E-20
6301.515  2.133586E-20
6304.686  1.920544E-20
6307.858  1.866365E-20
6311.03  2.219188E-20
6314.203  2.001806E-20
6317.376  2.411458E-20
6320.549  2.580464E-20
6323.722  2.348116E-20
6326.896  1.883278E-20
6330.07  1.982718E-20
6333.244  2.307696E-20
6336.418  2.088924E-20
6339.593  2.041040E-20
6342.769  1.722169E-20
6345.944  1.999351E-20
6349.119  2.176670E-20
6352.295  1.851195E-20
6355.471  1.903228E-20
6358.647  1.551038E-20
6361.824  1.631862E-20
6365.001  1.690369E-20
6368.178  1.748885E-20
6371.355  1.807392E-20
6374.533  1.865926E-20
6377.711  1.924451E-20
6380.89  1.706582E-20
6384.068  1.783497E-20
6387.247  1.857030E-20
6390.426  1.673078E-20
6393.605  1.789312E-20
6396.785  1.844629E-20
6399.965  1.870445E-20
6403.145  1.821054E-20
6406.325  2.028790E-20
6409.506  2.028096E-20
6412.687  1.885925E-20
6415.868  1.803621E-20
6419.049  1.745815E-20
6422.231  1.674561E-20
6425.413  1.794201E-20
6428.595  1.917953E-20
6431.778  1.995102E-20
6434.96  1.959371E-20
6438.144  1.995258E-20
6441.327  1.914135E-20
6444.51  1.883257E-20
6447.694  1.902936E-20
6450.878  2.049236E-20
6454.062  2.054780E-20
6457.247  2.054054E-20
6460.432  2.134808E-20
6463.617  2.021937E-20
6466.802  1.651476E-20
6469.987  1.936164E-20
6473.173  2.325908E-20
6476.359  2.345047E-20
6479.545  2.401108E-20
6482.732  2.506900E-20
6485.919  2.100125E-20
6489.106  2.096027E-20
6492.293  2.371511E-20
6495.481  2.546923E-20
6498.669  2.040371E-20
6501.857  2.339264E-20
6505.045  2.574673E-20
6508.234  2.589731E-20
6511.423  2.692099E-20
6514.612  2.566337E-20
6517.801  2.394045E-20
6520.991  2.788033E-20
6524.181  3.083118E-20
6527.371  2.861411E-20
6530.561  2.376961E-20
6533.751  2.607414E-20
6536.942  2.649188E-20
6540.133  2.494066E-20
6543.325  2.349974E-20
6546.516  2.740758E-20
6549.708  2.670591E-20
6552.9  2.262105E-20
6556.092  2.595677E-20
6559.285  2.803245E-20
6562.478  2.639163E-20
6565.671  3.022257E-20
6568.864  2.730853E-20
6572.058  2.615596E-20
6575.251  3.113039E-20
6578.445  2.782716E-20
6581.64  2.850658E-20
6584.834  2.892033E-20
6588.029  2.716479E-20
6591.224  2.794133E-20
6594.419  2.764632E-20
6597.614  3.002949E-20
6600.81  3.115306E-20
6604.006  3.072765E-20
6607.202  3.163329E-20
6610.398  2.850843E-20
6613.595  2.570437E-20
6616.792  2.773135E-20
6619.989  2.782646E-20
6623.187  2.564207E-20
6626.384  2.363123E-20
6629.582  2.540584E-20
6632.78  2.502407E-20
6635.979  2.539356E-20
6639.177  2.568095E-20
6642.376  2.664064E-20
6645.575  2.365758E-20
6648.774  2.640219E-20
6651.974  2.534719E-20
6655.173  2.413405E-20
6658.373  2.864271E-20
6661.573  2.997809E-20
6664.774  3.189709E-20
6667.975  3.112517E-20
6671.175  2.831140E-20
6674.376  2.527115E-20
6677.578  2.727040E-20
6680.779  2.440684E-20
6683.981  2.337161E-20
6687.184  2.335989E-20
6690.386  2.114451E-20
6693.588  2.559920E-20
6696.791  2.153365E-20
6699.994  2.293052E-20
6703.197  2.417902E-20
6706.4  2.222765E-20
6709.604  2.215663E-20
6712.808  2.194967E-20
6716.012  2.266186E-20
6719.216  2.559421E-20
6722.421  2.412333E-20
6725.626  2.508334E-20
6728.831  2.457086E-20
6732.036  2.394507E-20
6735.242  2.116412E-20
6738.447  2.333312E-20
6741.653  2.080208E-20
6744.859  2.188141E-20
6748.066  2.332573E-20
6751.272  2.333537E-20
6754.479  2.330630E-20
6757.687  2.080164E-20
6760.894  2.268901E-20
6764.101  2.574608E-20
6767.309  2.738907E-20
6770.517  2.323077E-20
6773.725  2.253080E-20
6776.934  2.486474E-20
6780.142  2.453313E-20
6783.351  2.629384E-20
6786.56  2.474989E-20
6789.77  2.665175E-20
6792.979  2.690161E-20
6796.189  2.635376E-20
6799.399  2.730228E-20
6802.609  2.546231E-20
6805.819  2.595691E-20
6809.03  2.378923E-20
6812.241  2.540428E-20
6815.452  2.665755E-20
6818.663  2.643138E-20
6821.875  2.835056E-20
6825.086  2.737598E-20
6828.298  2.839308E-20
6831.511  2.342558E-20
6834.723  2.322968E-20
6837.936  2.314523E-20
6841.148  2.361848E-20
6844.362  2.610780E-20
6847.575  2.615422E-20
6850.789  2.477592E-20
6854.002  2.481540E-20
6857.216  2.475303E-20
6860.43  2.620078E-20
6863.645  1.825804E-20
6866.859  2.059676E-20
6870.074  2.038432E-20
6873.289  1.693381E-20
6876.504  2.095206E-20
6879.72  2.317847E-20
6882.935  2.458355E-20
6886.151  2.179189E-20
6889.367  2.061222E-20
6892.583  1.938552E-20
6895.8  2.010834E-20
6899.017  2.083126E-20
6902.234  2.155408E-20
6905.451  2.227701E-20
6908.668  2.221831E-20
6911.886  2.227270E-20
6915.104  2.232709E-20
6918.322  2.238147E-20
6921.54  2.158551E-20
6924.759  2.040371E-20
6927.977  2.411363E-20
6931.196  2.330299E-20
6934.415  2.616403E-20
6937.635  2.297989E-20
6940.854  2.136519E-20
6944.074  2.236221E-20
6947.294  2.408001E-20
6950.514  2.337526E-20
6953.734  2.001833E-20
6956.955  2.297693E-20
6960.176  2.100437E-20
6963.396  2.265702E-20
6966.618  2.088570E-20
6969.839  2.268078E-20
6973.061  2.234221E-20
6976.283  2.308844E-20
6979.505  2.105805E-20
6982.727  2.087473E-20
6985.95  2.100480E-20
6989.172  1.901276E-20
6992.396  2.282939E-20
6995.618  2.039324E-20
6998.842  2.356322E-20
7002.065  2.305032E-20
7005.289  2.250372E-20
7008.513  2.197030E-20
7011.737  2.185171E-20
7014.961  1.887759E-20
7018.186  1.785416E-20
7021.411  2.019227E-20
7024.636  2.021667E-20
7027.861  2.291597E-20
7031.086  1.962588E-20
7034.312  2.043091E-20
7037.538  1.968809E-20
7040.764  2.017595E-20
7043.99  1.912553E-20
7047.217  1.716620E-20
7050.443  1.948821E-20
7053.67  1.650700E-20
7056.897  1.905752E-20
7060.125  2.212712E-20
7063.352  1.916156E-20
7066.58  1.945618E-20
7069.808  1.950556E-20
7073.036  2.109498E-20
7076.264  1.807811E-20
7079.493  1.856399E-20
7082.721  1.841322E-20
7085.95  1.916687E-20
7089.18  1.822039E-20
7092.409  2.126910E-20
7095.638  2.042083E-20
7098.868  2.269504E-20
7102.098  2.395150E-20
7105.328  2.058351E-20
7108.559  2.066393E-20
7111.789  1.932265E-20
7115.02  1.950221E-20
7118.251  1.835185E-20
7121.482  1.642392E-20
7124.714  2.017408E-20
7127.945  1.832634E-20
7131.177  1.908657E-20
7134.409  1.877258E-20
7137.642  1.828348E-20
7140.874  1.864218E-20
7144.106  1.793977E-20
7147.339  1.715460E-20
7150.572  1.880555E-20
7153.806  1.637632E-20
7157.039  1.489073E-20
7160.273  1.863304E-20
7163.507  1.812086E-20
7166.741  1.657110E-20
7169.975  1.582185E-20
7173.209  1.422650E-20
7176.444  1.586117E-20
7179.679  1.472174E-20
7182.914  1.519970E-20
7186.149  1.624231E-20
7189.385  1.540071E-20
7192.621  1.461808E-20
7195.856  1.555044E-20
7199.093  1.490304E-20
7202.329  1.661579E-20
7205.565  1.470312E-20
7208.802  1.540820E-20
7212.039  1.408453E-20
7215.276  1.369227E-20
7218.514  2.013924E-20
7221.751  1.813781E-20
7224.989  1.882296E-20
7228.227  2.031852E-20
7231.465  2.069036E-20
7234.703  2.067367E-20
7237.942  2.065698E-20
7241.181  2.064026E-20
7244.419  8.827487E-21
7247.659  8.830876E-21
7250.898  1.480233E-20
7254.138  1.465068E-20
7257.377  1.679966E-20
7260.617  1.344379E-20
7263.857  1.604823E-20
7267.098  1.714688E-20
7270.338  1.423048E-20
7273.579  1.450970E-20
7276.82  1.296708E-20
7280.062  1.580309E-20
7283.303  1.889907E-20
7286.544  1.266356E-20
7289.786  1.566290E-20
7293.028  1.789262E-20
7296.27  1.823941E-20
7299.513  1.714698E-20
7302.755  1.660345E-20
7305.998  1.519196E-20
7309.241  1.649006E-20
7312.484  1.119530E-20
7315.728  1.582973E-20
7318.971  1.622391E-20
7322.215  1.796591E-20
7325.459  2.224841E-20
7328.703  2.138837E-20
7331.948  1.926095E-20
7335.192  1.295773E-20
7338.437  1.604206E-20
7341.682  2.092523E-20
7344.928  2.535096E-20
7348.173  2.041142E-20
7351.418  1.776903E-20
7354.665  1.847828E-20
7357.911  1.659381E-20
7361.157  2.130460E-20
7364.403  2.349154E-20
7367.65  1.861850E-20
7370.896  2.271482E-20
7374.144  2.051655E-20
7377.391  1.915978E-20
7380.639  1.726812E-20
7383.886  1.958681E-20
7387.134  1.840335E-20
7390.382  1.873195E-20
7393.63  1.701759E-20
7396.879  1.828731E-20
7400.127  1.729750E-20
7403.376  2.100557E-20
7406.625  1.736071E-20
7409.875  1.666045E-20
7413.125  2.050126E-20
7416.374  1.894756E-20
7419.624  1.895391E-20
7422.874  1.876740E-20
7426.125  1.509129E-20
7429.375  1.821737E-20
7432.625  2.196013E-20
7435.876  1.758040E-20
7439.127  1.986754E-20
7442.379  1.874747E-20
7445.63  1.382943E-20
7448.882  1.815370E-20
7452.134  1.957569E-20
7455.386  1.726396E-20
7458.639  1.659783E-20
7461.891  1.863145E-20
7465.144  1.138306E-20
7468.397  1.756112E-20
7471.65  1.409194E-20
7474.903  1.568715E-20
7478.157  1.479862E-20
7481.411  1.752748E-20
7484.665  2.189537E-20
7487.919  1.524814E-20
7491.173  1.668393E-20
7494.428  1.533588E-20
7497.683  1.499348E-20
7500.938  1.416390E-20
7504.193  2.060566E-20
7507.448  1.749712E-20
7510.704  1.993245E-20
7513.96  2.522786E-20
7517.216  2.143262E-20
7520.472  2.798474E-20
7523.729  2.725094E-20
7526.985  2.651737E-20
7530.242  2.578347E-20
7533.499  2.504968E-20
7536.756  2.431589E-20
7540.014  2.358177E-20
7543.271  2.284798E-20
7546.529  2.211397E-20
7549.788  2.137963E-20
7553.046  2.064561E-20
7556.304  1.991149E-20
7559.563  1.917726E-20
7562.822  1.844303E-20
7566.081  1.789438E-20
7569.34  1.749307E-20
7572.6  1.883063E-20
7575.86  2.029566E-20
7579.12  1.887274E-20
7582.38  2.270139E-20
7585.64  2.124052E-20
7588.901  1.579402E-20
7592.162  1.454949E-20
7595.422  1.436879E-20
7598.684  1.231115E-20
7601.945  1.067089E-20
7605.207  6.069936E-21
7608.469  9.186062E-21
7611.73  1.586981E-20
7614.993  1.276836E-20
7618.255  1.457471E-20
7621.518  1.302767E-20
7624.781  1.159625E-20
7628.044  1.168513E-20
7631.307  1.489895E-20
7634.571  1.314970E-20
7637.834  1.493041E-20
7641.099  1.319099E-20
7644.363  1.838362E-20
7647.627  1.797235E-20
7650.892  1.786183E-20
7654.156  2.215730E-20
7657.421  2.186719E-20
7660.687  2.157699E-20
7663.952  2.128688E-20
7667.217  2.099681E-20
7670.483  2.070662E-20
7673.75  1.839721E-20
7677.016  2.312692E-20
7680.282  2.212108E-20
7683.549  2.106850E-20
7686.815  2.526222E-20
7690.083  2.451991E-20
7693.35  2.586721E-20
7696.618  2.041987E-20
7699.885  2.381038E-20
7703.153  2.856006E-20
7706.421  2.930557E-20
7709.69  3.486764E-20
7712.958  2.983663E-20
7716.227  2.987872E-20
7719.496  2.796811E-20
7722.766  2.751210E-20
7726.035  2.336225E-20
7729.305  2.031012E-20
7732.575  1.955567E-20
7735.845  2.060244E-20
7739.115  2.433278E-20
7742.385  2.923871E-20
7745.656  2.189429E-20
7748.927  2.212393E-20
7752.198  2.488354E-20
7755.47  2.551663E-20
7758.741  2.267951E-20
7762.013  2.152137E-20
7765.285  2.390306E-20
7768.558  1.825691E-20
7771.83  2.050526E-20
7775.103  2.323702E-20
7778.375  2.110151E-20
7781.649  2.178318E-20
7784.922  2.620036E-20
7788.196  2.073268E-20
7791.47  2.832117E-20
7794.744  1.742427E-20
7798.018  2.116703E-20
7801.292  1.813743E-20
7804.567  2.493328E-20
7807.842  2.728354E-20
7811.117  1.904488E-20
7814.392  2.028760E-20
7817.668  2.230794E-20
7820.943  2.172543E-20
7824.22  1.863647E-20
7827.496  1.505344E-20
7830.772  2.136411E-20
7834.049  2.210586E-20
7837.326  2.035942E-20
7840.603  2.302428E-20
7843.88  3.065466E-20
7847.158  1.967410E-20
7850.436  2.821206E-20
7853.713  2.167620E-20
7856.992  2.576895E-20
7860.27  1.632615E-20
7863.549  1.580661E-20
7866.828  1.565686E-20
7870.107  1.830076E-20
7873.386  2.087205E-20
7876.666  1.668288E-20
7879.945  1.485277E-20
7883.226  1.566319E-20
7886.506  1.535913E-20
7889.786  2.001251E-20
7893.067  1.709126E-20
7896.348  2.070054E-20
7899.629  1.254799E-20
7902.91  1.005808E-20
7906.192  1.741954E-20
7909.474  1.362866E-20
7912.756  2.103665E-20
7916.038  6.004574E-21
7919.321  7.929657E-21
7922.604  1.114975E-20
7925.886  7.009074E-21
7929.169  1.245527E-20
7932.453  7.831736E-21
7935.737  1.275880E-20
7939.021  9.110114E-21
7942.305  7.458371E-21
7945.589  3.079561E-21
7948.874  1.203039E-20
7952.159  1.054389E-20
7955.444  1.123872E-20
7958.729  6.172496E-21
7962.015  6.563478E-21
7965.3  4.504032E-22
7968.586  5.164474E-21
7971.873  6.196174E-21
7975.159  1.063200E-20
7978.445  1.121998E-20
7981.732  6.598826E-21
7985.02  4.107436E-21
7988.307  9.215933E-21
7991.595  9.295049E-21
7994.882  1.597955E-20
7998.17  1.372128E-20
8001.459  1.353485E-20
8004.748  1.043167E-20
8008.036  1.040821E-20
8011.325  1.036471E-20
8014.615  1.176337E-20
8017.904  1.618679E-20
8021.194  1.488485E-20
8024.484  1.517783E-20
8027.774  2.009704E-21
8031.064  7.533694E-21
8034.355  1.139710E-20
8037.646  1.189334E-20
8040.938  1.460610E-20
8044.229  1.381169E-20
8047.521  1.055616E-20
8050.812  1.618063E-20
8054.105  1.701135E-20
8057.397  1.706693E-20
8060.69  1.485983E-20
8063.983  1.677612E-20
8067.276  1.080996E-20
8070.569  1.469888E-20
8073.863  1.850089E-20
8077.157  1.975067E-20
8080.451  2.028908E-20
8083.745  1.814885E-20
8087.04  1.906604E-20
8090.334  2.301408E-20
8093.63  2.148018E-20
8096.925  2.154651E-20
8100.221  2.355846E-20
8103.517  2.204357E-20
8106.813  2.041286E-20
8110.109  2.144416E-20
8113.405  2.646113E-20
8116.702  1.970106E-20
8120.  2.208217E-20
8123.297  2.651083E-20
8126.594  2.119745E-20
8129.892  2.315697E-20
8133.19  2.448609E-20
8136.488  2.241616E-20
8139.787  2.509151E-20
8143.086  2.258693E-20
8146.385  2.665648E-20
8149.684  2.209485E-20
8152.984  2.201037E-20
8156.284  2.423073E-20
8159.584  2.143262E-20
8162.884  2.404210E-20
8166.185  2.263028E-20
8169.485  2.329004E-20
8172.787  2.637685E-20
8176.088  2.781408E-20
8179.39  2.088116E-20
8182.691  2.441392E-20
8185.994  2.367355E-20
8189.296  2.258785E-20
8192.599  2.113711E-20
8195.901  2.603054E-20
8199.205  2.525273E-20
8202.508  2.691783E-20
8205.812  2.406401E-20
8209.116  2.446008E-20
8212.42  2.427000E-20
8215.725  2.279099E-20
8219.029  2.182805E-20
8222.334  1.927741E-20
8225.64  2.008289E-20
8228.945  1.865221E-20
8232.251  2.082649E-20
8235.557  2.109346E-20
8238.863  2.624305E-20
8242.17  2.606915E-20
8245.477  2.353996E-20
8248.783  2.645537E-20
8252.091  1.961330E-20
8255.398  2.013064E-20
8258.706  2.612030E-20
8262.015  2.316267E-20
8265.323  2.450224E-20
8268.632  2.718217E-20
8271.94  2.804081E-20
8275.25  2.339111E-20
8278.56  2.792269E-20
8281.869  2.507500E-20
8285.179  1.771070E-20
8288.489  2.521206E-20
8291.8  3.123133E-20
8295.111  2.268367E-20
8298.422  2.379218E-20
8301.733  2.286943E-20
8305.045  1.637762E-20
8308.357  2.166942E-20
8311.669  2.321313E-20
8314.981  2.432076E-20
8318.294  1.956419E-20
8321.607  1.962853E-20
8324.921  2.098262E-20
8328.234  2.362752E-20
8331.548  2.012586E-20
8334.862  3.023317E-20
8338.177  2.146246E-20
8341.491  1.966306E-20
8344.807  2.545688E-20
8348.121  1.996458E-20
8351.437  2.577169E-20
8354.753  3.096404E-20
8358.069  1.722274E-20
8361.386  2.310184E-20
8364.702  2.038194E-20
8368.019  2.407008E-20
8371.336  2.063079E-20
8374.653  1.834836E-20
8377.972  1.934557E-20
8381.289  2.458314E-20
8384.607  2.654867E-20
8387.927  2.112416E-20
8391.245  1.030705E-20
8394.564  5.891290E-21
8397.884  1.814853E-20
8401.204  2.331024E-20
8404.523  2.044017E-20
8407.844  1.944729E-20
8411.165  1.595192E-20
8414.485  2.153461E-20
8417.807  8.622409E-21
8421.128  1.992983E-20
8424.45  3.124057E-20
8427.772  2.701847E-20
8431.095  1.314519E-20
8434.417  1.953976E-20
8437.74  1.630768E-20
8441.063  1.873544E-20
8444.387  1.368529E-20
8447.711  1.805202E-20
8451.035  1.228285E-20
8454.359  1.471296E-20
8457.684  2.224791E-20
8461.009  2.189108E-20
8464.334  1.650646E-20
8467.66  1.639841E-20
8470.986  1.894948E-20
8474.313  1.209445E-20
8477.639  1.156737E-20
8480.966  1.397837E-20
8484.292  1.865173E-20
8487.62  1.336828E-20
8490.947  7.955711E-21
8494.275  1.347958E-20
8497.604  2.792401E-20
8500.933  2.191792E-20
8504.262  2.418912E-20
8507.591  1.383477E-20
8510.92  3.742592E-21
8514.25  1.106521E-20
8517.58  1.008533E-20
8520.91  1.854330E-20
8524.241  9.910878E-21
8527.572  1.579466E-20
8530.903  1.069593E-20
8534.235  1.351490E-20
8537.567  1.359531E-20
8540.899  1.292961E-20
8544.232  1.655020E-20
8547.564  5.782186E-21
8550.898  9.687320E-21
8554.231  1.170579E-20
8557.565  8.915550E-21
8560.899  1.715518E-20
8564.234  9.907395E-21
8567.568  1.018500E-20
8570.904  1.184693E-20
8574.239  1.202244E-20
8577.575  9.003452E-21
8580.911  9.049408E-21
8584.247  1.145856E-20
8587.584  9.902332E-21
8590.921  9.367359E-21
8594.258  1.215332E-20
8597.596  8.516422E-21
8600.934  1.214366E-20
8604.272  1.114475E-20
8607.61  1.646253E-20
8610.949  1.459407E-20
8614.289  9.264136E-21
8617.628  8.730949E-21
8620.968  1.240390E-20
8624.309  8.695823E-21
8627.648  1.224511E-20
8630.989  3.160853E-21
8634.331  1.222176E-20
8637.672  5.735527E-21
8641.014  1.187773E-20
8644.356  5.952126E-21
8647.699  8.554922E-21
8651.042  9.496238E-21
8654.385  7.138407E-21
8657.729  1.349456E-20
8661.072  2.083352E-20
8664.416  1.668163E-20
8667.761  4.398716E-21
8671.105  5.446789E-21
8674.45  3.614747E-21
8677.796  6.969065E-21
8681.142  9.604359E-21
8684.487  4.212900E-21
8687.834  4.026147E-21
8691.181  7.593269E-21
8694.528  5.230832E-21
8697.876  2.256916E-21
8701.224  5.401393E-21
8704.571  6.251321E-21
8707.92  -5.261649E-22
8711.269  5.806212E-21
8714.618  3.643893E-21
8717.968  -1.599544E-21
8721.317  5.364781E-21
8724.668  2.132109E-22
8728.019  1.122705E-20
8731.369  1.854417E-21
8734.72  5.416146E-21
8738.071  1.051715E-20
8741.424  1.079430E-20
8744.776  5.805287E-21
8748.129  5.549048E-21
8751.481  1.294828E-20
8754.835  8.537347E-21
8758.188  1.220947E-20
8761.542  4.730838E-21
8764.896  8.017673E-21
8768.252  1.476901E-20
8771.606  -5.962550E-21
8774.962  1.305417E-21
8778.317  8.384198E-22
8781.674  1.032933E-20
8785.03  9.013235E-21
8788.387  6.783613E-21
8791.744  9.700089E-21
8795.102  7.652564E-21
8798.46  1.307143E-20
8801.818  1.037278E-20
8805.177  1.842115E-20
8808.535  7.814074E-21
8811.895  6.381872E-21
8815.255  4.776303E-21
8818.614  1.518014E-20
8821.975  1.235949E-20
8825.336  9.232567E-22
8828.697  2.294460E-21
8832.059  2.398273E-21
8835.42  -7.929057E-21
8838.782  2.368531E-20
8842.146  5.375337E-21
8845.508  4.754430E-21
8848.871  1.004229E-20
8852.235  9.873681E-21
8855.6  1.415043E-20
8858.964  1.009519E-20
8862.328  1.482049E-20
8865.693  1.157993E-20
8869.06  1.180233E-20
8872.426  1.258704E-20
8875.792  8.277194E-21
8879.158  1.004206E-20
8882.525  1.524992E-20
8885.893  7.169178E-21
8889.261  8.480143E-21
8892.629  1.632943E-20
8895.997  2.596125E-20
8899.366  1.444647E-20
8902.735  2.030772E-20
8906.105  1.693952E-20
8909.476  2.664901E-20
8912.846  2.402634E-20
8916.217  1.464898E-20
8919.588  1.676039E-20
8922.96  1.894477E-20
8926.332  1.140070E-20
8929.704  1.387022E-21
8933.077  1.906673E-20
8936.45  1.700643E-20
8939.823  2.539349E-20
8943.197  6.118706E-21
8946.571  1.581821E-20
8949.946  2.400823E-20
8953.321  9.569774E-21
8956.697  1.965990E-20
8960.073  1.007139E-20
8963.449  3.184938E-20
8966.826  2.006887E-20
8970.203  1.407164E-20
8973.58  2.464784E-20
8976.958  2.481088E-20
8980.337  2.711688E-20
8983.715  2.249825E-20
8987.095  1.870288E-20
8990.474  2.268421E-20
8993.854  3.108945E-20
8997.233  3.393308E-20
9000.614  3.035452E-20
9003.995  2.183953E-20
9007.377  3.116182E-20
9010.759  1.958620E-20
9014.142  3.168172E-20
9017.523  2.134325E-20
9020.907  2.717883E-20
9024.29  3.184398E-20
9027.675  2.225773E-20
9031.059  2.558753E-20
9034.443  2.993127E-20
9037.828  3.010615E-20
9041.214  2.830311E-20
9044.6  3.175451E-20
9047.986  3.136627E-20
9051.373  2.663378E-20
9054.761  3.122558E-20
9058.147  3.438738E-20
9061.536  3.130487E-20
9064.925  2.850245E-20
9068.313  2.025358E-20
9071.702  2.408689E-20
9075.092  2.596921E-20
9078.482  3.110050E-20
9081.873  2.945593E-20
9085.264  2.557920E-20
9088.655  3.141061E-20
9092.047  3.027443E-20
9095.439  2.459234E-20
9098.832  2.864158E-20
9102.225  2.291975E-20
9105.618  2.282737E-20
9109.013  2.061057E-20
9112.406  2.760813E-20
9115.802  1.831755E-20
9119.196  2.193150E-20
9122.592  2.335832E-20
9125.988  2.307692E-20
9129.385  2.009483E-20
9132.782  2.057928E-20
9136.179  1.634700E-20
9139.577  1.051985E-20
9142.976  1.279948E-20
