3331.589  5.597628E-17
3334.105  6.685574E-17
3336.621  8.171107E-18
3339.137  1.310100E-17
3341.653  2.135835E-17
3344.17  4.060535E-17
3346.687  -1.235103E-16
3349.205  -4.710960E-17
3351.723  -3.123553E-17
3354.241  -9.812344E-18
3356.76  1.129713E-16
3359.279  -8.956759E-17
3361.799  4.956512E-17
3364.319  -7.038719E-17
3366.839  3.885903E-17
3369.359  3.491720E-18
3371.88  5.258274E-18
3374.402  5.782633E-17
3376.923  -4.078341E-18
3379.446  -3.165626E-17
3381.968  -3.346545E-17
3384.491  -3.180121E-17
3387.014  -9.618483E-18
3389.537  -2.419540E-17
3392.061  -7.590213E-18
3394.585  1.710719E-17
3397.11  2.219157E-18
3399.635  2.319562E-17
3402.16  5.177103E-17
3404.686  4.653490E-17
3407.212  3.956597E-17
3409.739  1.028642E-18
3412.265  -2.103939E-17
3414.792  1.003687E-17
3417.32  -6.617437E-18
3419.848  4.523784E-17
3422.376  1.534474E-17
3424.905  1.393735E-17
3427.434  -1.372051E-18
3429.963  8.196218E-18
3432.493  7.070418E-18
3435.023  2.590080E-17
3437.553  9.805573E-18
3440.084  3.438239E-17
3442.615  1.791921E-17
3445.147  1.570446E-17
3447.679  4.458527E-17
3450.211  1.517199E-17
3452.743  3.115865E-17
3455.276  5.895486E-17
3457.81  4.630877E-17
3460.344  1.842556E-17
3462.877  5.209883E-17
3465.412  4.221489E-17
3467.947  3.737926E-17
3470.482  2.885865E-17
3473.017  3.840317E-17
3475.553  3.225605E-17
3478.089  1.939280E-17
3480.626  9.096738E-18
3483.163  2.170515E-17
3485.7  6.055559E-17
3488.238  3.089809E-17
3490.776  -1.455067E-17
3493.314  4.012882E-17
3495.853  9.814495E-18
3498.392  2.633188E-17
3500.931  4.401587E-18
3503.471  1.248079E-17
3506.011  2.711333E-17
3508.551  2.113999E-17
3511.092  3.448873E-18
3513.633  2.973178E-17
3516.175  -9.137271E-18
3518.717  2.641059E-17
3521.259  2.766138E-17
3523.802  1.008985E-17
3526.345  2.368346E-17
3528.888  8.582547E-18
3531.432  2.560526E-17
3533.976  3.669503E-18
3536.52  1.821856E-17
3539.065  2.906151E-17
3541.61  3.049909E-17
3544.155  4.151565E-17
3546.701  2.933875E-18
3549.247  -6.938779E-19
3551.794  3.774148E-17
3554.341  1.624712E-17
3556.888  1.864175E-17
3559.435  1.394346E-17
3561.983  1.072241E-17
3564.531  2.442777E-17
3567.08  2.767786E-17
3569.629  1.728555E-17
3572.178  2.625275E-17
3574.728  2.090710E-17
3577.278  2.267267E-17
3579.828  1.064701E-17
3582.379  4.068483E-17
3584.93  3.526072E-18
3587.481  1.972940E-17
3590.033  2.418725E-17
3592.585  3.610085E-17
3595.138  2.481764E-17
3597.691  1.769008E-17
3600.244  2.801085E-17
3602.797  3.418442E-17
3605.351  2.007714E-17
3607.906  2.499945E-17
3610.46  2.730685E-17
3613.015  4.875341E-17
3615.57  4.009859E-17
3618.126  2.543100E-17
3620.682  2.220232E-17
3623.238  1.604967E-17
3625.794  1.446919E-17
3628.352  2.209894E-17
3630.909  2.999310E-17
3633.467  2.207740E-17
3636.024  1.439840E-17
3638.583  3.841126E-17
3641.142  1.305558E-17
3643.701  -1.098338E-18
3646.26  1.139979E-17
3648.82  2.010698E-17
3651.38  2.825933E-17
3653.94  7.799358E-18
3656.501  1.792336E-17
3659.062  5.434515E-18
3661.624  1.711347E-17
3664.186  1.481298E-17
3666.748  1.316825E-17
3669.31  1.721792E-17
3671.873  3.063326E-17
3674.436  9.128569E-18
3677.  1.067512E-17
3679.563  1.595981E-17
3682.128  3.742215E-17
3684.692  2.140609E-17
3687.257  1.271348E-17
3689.822  2.107970E-17
3692.388  1.967920E-17
3694.954  1.472092E-17
3697.52  1.435868E-17
3700.087  1.653691E-17
3702.654  2.066530E-17
3705.221  2.206886E-17
3707.789  1.373077E-17
3710.356  1.623948E-17
3712.925  2.390147E-17
3715.493  2.145092E-17
3718.062  2.135517E-17
3720.632  1.472739E-17
3723.201  1.791822E-17
3725.771  1.019606E-17
3728.342  2.969752E-17
3730.912  2.882723E-17
3733.483  1.834662E-17
3736.055  1.423904E-17
3738.626  1.086464E-17
3741.198  1.812432E-17
3743.771  2.291225E-17
3746.343  3.324475E-17
3748.916  1.595577E-18
3751.49  2.444418E-17
3754.063  3.504413E-17
3756.637  1.624260E-17
3759.212  2.550694E-17
3761.786  1.998341E-17
3764.362  2.549058E-17
3766.937  1.962897E-17
3769.513  2.172799E-17
3772.089  1.068291E-17
3774.665  2.425109E-17
3777.242  1.433807E-17
3779.819  1.331128E-17
3782.396  1.356515E-17
3784.974  1.406549E-17
3787.552  1.542195E-17
3790.13  1.677840E-17
3792.709  1.813550E-17
3795.288  1.949260E-17
3797.867  2.084957E-17
3800.447  1.961341E-17
3803.027  2.280219E-17
3805.608  2.055016E-17
3808.188  1.860328E-17
3810.769  1.806600E-17
3813.351  1.901978E-17
3815.932  1.969538E-17
3818.514  2.361229E-17
3821.097  1.582928E-17
3823.679  2.053590E-17
3826.262  2.031817E-17
3828.846  1.880291E-17
3831.43  1.213056E-17
3834.014  1.723178E-17
3836.598  2.423110E-17
3839.183  2.433576E-17
3841.768  8.137590E-18
3844.353  8.443852E-18
3846.939  2.095218E-17
3849.525  2.143342E-17
3852.111  1.821353E-17
3854.698  2.087889E-17
3857.285  1.559448E-17
3859.872  2.852394E-18
3862.459  2.352213E-17
3865.047  9.684217E-18
3867.636  1.068651E-17
3870.224  1.876645E-17
3872.813  1.551768E-17
3875.403  1.969398E-17
3877.992  1.395286E-17
3880.582  2.160574E-17
3883.172  2.172589E-17
3885.763  9.760094E-18
3888.354  1.058942E-17
3890.945  2.462750E-17
3893.537  2.062537E-17
3896.128  1.690657E-17
3898.721  1.118698E-17
3901.313  9.214217E-18
3903.906  1.455619E-17
3906.499  2.307172E-17
3909.093  2.192172E-17
3911.687  2.186108E-17
3914.281  1.326776E-17
3916.875  2.884185E-17
3919.47  1.855485E-17
3922.065  2.022405E-17
3924.66  2.389885E-17
3927.256  2.815646E-17
3929.852  2.665874E-17
3932.449  2.482868E-17
3935.045  2.437794E-17
3937.642  1.972351E-17
3940.24  1.981801E-17
3942.837  1.991248E-17
3945.436  2.000702E-17
3948.034  2.010152E-17
3950.632  2.019603E-17
3953.231  2.029057E-17
3955.831  2.038515E-17
3958.43  2.047969E-17
3961.03  1.751138E-17
3963.63  1.263795E-17
3966.231  1.602946E-17
3968.832  1.514819E-17
3971.433  1.658253E-17
3974.035  1.833619E-17
3976.636  1.960189E-17
3979.239  1.838064E-17
3981.841  1.867142E-17
3984.444  1.555670E-17
3987.047  1.243282E-17
3989.65  1.553893E-17
3992.254  1.821440E-17
3994.858  1.460436E-17
3997.463  1.928466E-17
4000.067  1.676489E-17
4002.672  1.910300E-17
4005.278  1.966161E-17
4007.883  1.603234E-17
4010.489  1.848116E-17
4013.096  1.489658E-17
4015.702  1.888226E-17
4018.309  1.505270E-17
4020.916  2.018399E-17
4023.524  1.379694E-17
4026.132  1.725289E-17
4028.74  1.718494E-17
4031.348  1.748627E-17
4033.957  1.996861E-17
4036.566  2.309827E-17
4039.176  1.598472E-17
4041.785  2.649550E-17
4044.396  1.487475E-17
4047.006  2.313212E-17
4049.616  1.791756E-17
4052.228  2.673327E-17
4054.839  2.335827E-17
4057.45  1.312975E-17
4060.062  2.315423E-17
4062.675  1.795643E-17
4065.287  1.840913E-17
4067.9  2.320719E-17
4070.513  2.007495E-17
4073.127  1.718540E-17
4075.74  2.028562E-17
4078.354  2.275166E-17
4080.969  2.816056E-17
4083.584  1.971615E-17
4086.199  1.499930E-17
4088.814  2.016356E-17
4091.43  1.823564E-17
4094.046  2.133980E-17
4096.662  2.048083E-17
4099.278  2.282760E-17
4101.896  2.478104E-17
4104.513  1.803462E-17
4107.13  2.252322E-17
4109.748  1.526869E-17
4112.366  2.022409E-17
4114.984  1.183883E-17
4117.603  1.862815E-17
4120.222  1.366685E-17
4122.842  1.598084E-17
4125.461  2.022644E-17
4128.081  1.449522E-17
4130.702  2.093990E-17
4133.322  2.223374E-17
4135.943  1.603311E-17
4138.564  1.667885E-17
4141.186  1.726103E-17
4143.807  1.528503E-17
4146.43  1.896962E-17
4149.052  1.368882E-17
4151.675  1.917065E-17
4154.297  2.040869E-17
4156.921  1.721817E-17
4159.544  1.706361E-17
4162.168  2.349703E-17
4164.792  2.164336E-17
4167.417  2.087986E-17
4170.042  1.555706E-17
4172.667  1.675780E-17
4175.292  1.686543E-17
4177.918  1.523734E-17
4180.544  1.835109E-17
4183.171  1.892331E-17
4185.797  1.949531E-17
4188.424  2.006752E-17
4191.052  2.063994E-17
4193.679  2.121226E-17
4196.307  2.178469E-17
4198.935  2.235711E-17
4201.563  2.272818E-17
4204.192  1.904827E-17
4206.821  1.737690E-17
4209.451  1.940791E-17
4212.081  1.936451E-17
4214.71  2.169419E-17
4217.341  1.805426E-17
4219.971  2.259712E-17
4222.602  1.794281E-17
4225.233  2.131684E-17
4227.865  1.602213E-17
4230.497  2.065149E-17
4233.128  1.817429E-17
4235.761  1.577652E-17
4238.394  1.968742E-17
4241.026  1.354330E-17
4243.66  1.820762E-17
4246.293  1.658656E-17
4248.927  2.168182E-17
4251.562  2.118253E-17
4254.196  1.833777E-17
4256.831  1.779850E-17
4259.465  1.689843E-17
4262.101  1.212329E-17
4264.736  1.969696E-17
4267.373  1.569653E-17
4270.008  1.916908E-17
4272.645  2.091142E-17
4275.282  1.441890E-17
4277.919  1.873799E-17
4280.556  1.743578E-17
4283.194  2.066504E-17
4285.832  1.745133E-17
4288.47  1.818067E-17
4291.109  1.014303E-17
4293.748  1.188829E-17
4296.387  1.868812E-17
4299.026  1.607980E-17
4301.666  1.403412E-17
4304.306  1.178073E-17
4306.946  1.425535E-17
4309.587  1.891952E-17
4312.228  1.331282E-17
4314.869  1.518087E-17
4317.511  1.565508E-17
4320.152  1.649384E-17
4322.794  1.241649E-17
4325.437  1.446367E-17
4328.08  1.494808E-17
4330.722  1.471526E-17
4333.366  1.483190E-17
4336.009  1.486906E-17
4338.653  1.555980E-17
4341.297  1.528307E-17
4343.941  2.089687E-17
4346.586  1.225625E-17
4349.231  1.276009E-17
4351.876  1.422532E-17
4354.522  1.462267E-17
4357.167  1.388642E-17
4359.814  1.671435E-17
4362.46  1.943783E-17
4365.107  1.284347E-17
4367.754  1.246905E-17
4370.401  3.478678E-18
4373.049  9.860281E-18
4375.697  1.618016E-17
4378.345  1.329252E-17
4380.993  2.025049E-17
4383.642  1.443532E-17
4386.291  1.276732E-17
4388.94  1.495057E-17
4391.59  1.493493E-17
4394.24  2.179137E-17
4396.89  1.348111E-17
4399.54  1.370962E-17
4402.191  1.608127E-17
4404.842  1.320708E-17
4407.493  2.281774E-17
4410.145  1.460421E-17
4412.796  2.003854E-17
4415.449  1.043224E-17
4418.101  1.502857E-17
4420.754  1.220865E-17
4423.407  1.872765E-17
4426.06  1.517996E-17
4428.714  1.620688E-17
4431.368  1.658220E-17
4434.021  1.213148E-17
4436.676  1.637750E-17
4439.331  1.538122E-17
4441.986  1.225398E-17
4444.641  1.877158E-17
4447.296  1.444008E-17
4449.952  1.297889E-17
4452.608  1.318508E-17
4455.265  1.375693E-17
4457.921  1.593756E-17
4460.578  1.695549E-17
4463.235  1.686130E-17
4465.893  1.693313E-17
4468.551  1.542478E-17
4471.209  1.598845E-17
4473.867  1.207656E-17
4476.526  1.525936E-17
4479.185  1.274563E-17
4481.844  1.404926E-17
4484.503  1.707685E-17
4487.163  1.728097E-17
4489.823  1.775360E-17
4492.483  1.473306E-17
4495.144  1.943198E-17
4497.805  1.801251E-17
4500.466  1.918651E-17
4503.127  1.440530E-17
4505.789  1.531594E-17
4508.451  2.161572E-17
4511.113  1.439982E-17
4513.775  1.636408E-17
4516.438  1.735680E-17
4519.101  1.714619E-17
4521.765  1.928594E-17
4524.428  1.475865E-17
4527.092  1.266699E-17
4529.756  1.349550E-17
4532.42  2.003087E-17
4535.085  1.725132E-17
4537.75  1.387729E-17
4540.416  1.379047E-17
4543.081  1.273572E-17
4545.747  1.343954E-17
4548.413  1.196947E-17
4551.079  1.486544E-17
4553.746  1.424728E-17
4556.413  1.882901E-17
4559.08  1.452952E-17
4561.748  1.337104E-17
4564.415  1.654991E-17
4567.083  1.888283E-17
4569.751  1.477747E-17
4572.42  1.520457E-17
4575.089  1.636294E-17
4577.758  1.717964E-17
4580.427  1.407959E-17
4583.097  1.603988E-17
4585.767  1.683145E-17
4588.437  1.872828E-17
4591.107  1.598253E-17
4593.778  2.086817E-17
4596.449  2.185045E-17
4599.12  1.693422E-17
4601.792  1.561367E-17
4604.463  1.547643E-17
4607.135  1.802552E-17
4609.808  1.769907E-17
4612.48  1.506025E-17
4615.153  1.555697E-17
4617.826  1.500783E-17
4620.5  1.561162E-17
4623.173  1.662605E-17
4625.847  1.484963E-17
4628.521  1.464876E-17
4631.196  1.783350E-17
4633.871  1.901972E-17
4636.545  1.642313E-17
4639.221  1.397886E-17
4641.896  1.216659E-17
4644.572  1.115562E-17
4647.248  1.292129E-17
4649.924  1.620057E-17
4652.601  1.301907E-17
4655.278  9.755496E-18
4657.955  1.475247E-17
4660.632  1.422453E-17
4663.31  1.316942E-17
4665.988  1.466695E-17
4668.666  1.326293E-17
4671.345  1.435131E-17
4674.023  1.891987E-17
4676.702  1.307997E-17
4679.381  1.035375E-17
4682.061  1.429835E-17
4684.741  1.446310E-17
4687.421  1.851159E-17
4690.101  1.158931E-17
4692.782  1.188720E-17
4695.462  1.777986E-17
4698.144  1.282576E-17
4700.825  1.375805E-17
4703.506  1.616599E-17
4706.188  1.684829E-17
4708.87  1.304457E-17
4711.553  1.772615E-17
4714.235  1.461986E-17
4716.918  1.487013E-17
4719.602  1.167219E-17
4722.285  1.332993E-17
4724.968  1.911581E-17
4727.652  1.322368E-17
4730.336  1.230276E-17
4733.021  1.171741E-17
4735.706  1.383617E-17
4738.391  1.371512E-17
4741.076  1.128888E-17
4743.762  1.716704E-17
4746.447  1.304448E-17
4749.133  1.469723E-17
4751.819  9.761094E-18
4754.506  1.364057E-17
4757.193  1.453852E-17
4759.88  1.586327E-17
4762.567  1.401778E-17
4765.255  1.585972E-17
4767.942  1.225119E-17
4770.631  1.552792E-17
4773.319  1.439725E-17
4776.007  1.920243E-17
4778.696  1.628521E-17
4781.385  1.610996E-17
4784.075  1.636230E-17
4786.765  1.392593E-17
4789.454  1.804045E-17
4792.145  1.395898E-17
4794.835  1.323966E-17
4797.525  1.179821E-17
4800.216  1.289215E-17
4802.907  1.528876E-17
4805.599  1.479602E-17
4808.291  1.554406E-17
4810.982  1.598657E-17
4813.674  1.942779E-17
4816.367  1.834257E-17
4819.06  1.265020E-17
4821.752  1.439186E-17
4824.446  1.280968E-17
4827.139  1.563342E-17
4829.833  1.187425E-17
4832.526  1.342102E-17
4835.221  1.775590E-17
4837.915  1.424632E-17
4840.61  1.654153E-17
4843.305  1.463842E-17
4846.  1.622652E-17
4848.695  1.385141E-17
4851.391  1.580998E-17
4854.087  1.088764E-17
4856.783  1.327742E-17
4859.479  1.538550E-17
4862.176  1.662864E-17
4864.873  1.083960E-17
4867.57  1.561403E-17
4870.268  9.789231E-18
4872.965  1.383471E-17
4875.663  1.912091E-17
4878.361  1.461930E-17
4881.06  1.854759E-17
4883.758  1.576246E-17
4886.458  1.698105E-17
4889.157  1.765471E-17
4891.856  1.444425E-17
4894.556  1.468489E-17
4897.255  1.831461E-17
4899.956  1.455012E-17
4902.656  1.597204E-17
4905.356  1.360535E-17
4908.058  1.262920E-17
4910.759  1.606333E-17
4913.46  1.218444E-17
4916.162  1.535680E-17
4918.863  1.419663E-17
4921.565  1.418038E-17
4924.268  1.920844E-17
4926.971  1.461372E-17
4929.673  1.233488E-17
4932.376  1.264756E-17
4935.08  1.259761E-17
4937.783  1.529036E-17
4940.487  1.119501E-17
4943.191  1.145073E-17
4945.896  1.169517E-17
4948.6  1.159276E-17
4951.305  1.022468E-17
4954.01  1.291315E-17
4956.715  1.284207E-17
4959.421  1.587243E-17
4962.126  1.251934E-17
4964.833  1.382007E-17
4967.539  1.351965E-17
4970.245  1.284409E-17
4972.952  1.160479E-17
4975.659  1.330240E-17
4978.366  1.743043E-17
4981.074  1.187104E-17
4983.781  1.355215E-17
4986.489  1.744965E-17
4989.197  8.724150E-18
4991.906  1.375309E-17
4994.614  1.199545E-17
4997.323  1.104790E-17
5000.032  1.678211E-17
5002.742  1.314598E-17
5005.451  1.299719E-17
5008.161  1.575771E-17
5010.871  1.429639E-17
5013.582  1.280202E-17
5016.292  1.624368E-17
5019.003  1.088111E-17
5021.714  1.277898E-17
5024.425  1.289915E-17
5027.137  1.263658E-17
5029.848  1.423538E-17
5032.561  1.337401E-17
5035.272  1.375636E-17
5037.985  1.043539E-17
5040.698  1.041522E-17
5043.411  1.534577E-17
5046.124  1.571452E-17
5048.837  1.107119E-17
5051.551  1.258076E-17
5054.265  1.119761E-17
5056.979  1.426843E-17
5059.693  1.669141E-17
5062.408  1.286561E-17
5065.123  1.165835E-17
5067.837  1.155293E-17
5070.553  1.429457E-17
5073.268  1.199195E-17
5075.984  1.239210E-17
5078.7  1.366164E-17
5081.416  1.175955E-17
5084.132  1.087706E-17
5086.849  1.461297E-17
5089.566  1.019802E-17
5092.283  1.827461E-17
5095.  9.027301E-18
5097.718  1.039146E-17
5100.436  1.337668E-17
5103.154  1.325833E-17
5105.872  1.160448E-17
5108.591  1.434675E-17
5111.31  1.408132E-17
5114.028  1.415798E-17
5116.748  1.468384E-17
5119.467  1.520942E-17
5122.187  1.573528E-17
5124.907  1.626115E-17
5127.627  1.858836E-17
5130.347  1.532750E-17
5133.068  9.311712E-18
5135.789  1.028878E-17
5138.51  1.350180E-17
5141.231  1.282215E-17
5143.952  1.720783E-17
5146.674  1.452887E-17
5149.396  1.483247E-17
5152.118  1.388045E-17
5154.841  1.240588E-17
5157.563  1.214870E-17
5160.286  1.052129E-17
5163.009  1.722100E-17
5165.732  1.474431E-17
5168.456  1.225421E-17
5171.18  1.264105E-17
5173.904  1.544203E-17
5176.628  1.104896E-17
5179.353  1.403740E-17
5182.077  1.298647E-17
5184.802  1.274336E-17
5187.527  1.197754E-17
5190.252  9.541161E-18
5192.978  1.441999E-17
5195.704  1.907693E-17
5198.43  1.004883E-17
5201.156  1.419191E-17
5203.882  1.067926E-17
5206.609  1.177849E-17
5209.336  1.361290E-17
5212.063  1.439655E-17
5214.791  1.410848E-17
5217.518  1.566920E-17
5220.246  1.112222E-17
5222.974  1.527204E-17
5225.702  1.604760E-17
5228.431  1.286374E-17
5231.159  1.403377E-17
5233.888  1.360455E-17
5236.617  1.380372E-17
5239.347  1.041238E-17
5242.076  1.305633E-17
5244.806  1.081719E-17
5247.536  1.490233E-17
5250.266  1.316143E-17
5252.997  1.239112E-17
5255.728  1.314038E-17
5258.458  1.176288E-17
5261.189  1.027641E-17
5263.921  1.565557E-17
5266.652  1.511829E-17
5269.384  1.458082E-17
5272.116  1.404325E-17
5274.848  1.350577E-17
5277.581  1.296811E-17
5280.313  1.243063E-17
5283.046  1.189297E-17
5285.779  1.135530E-17
5288.513  1.081735E-17
5291.246  1.160090E-17
5293.979  1.557721E-17
5296.714  1.545857E-17
5299.448  1.163204E-17
5302.182  1.457882E-17
5304.917  1.231650E-17
5307.651  1.119556E-17
5310.387  1.221946E-17
5313.122  1.493325E-17
5315.857  1.294493E-17
5318.593  1.309624E-17
5321.329  1.172945E-17
5324.065  1.389245E-17
5326.801  1.379079E-17
5329.538  1.524164E-17
5332.274  1.268010E-17
5335.011  1.043357E-17
5337.749  1.495479E-17
5340.486  8.996855E-18
5343.224  1.162744E-17
5345.961  1.198187E-17
5348.699  1.449739E-17
5351.437  1.396906E-17
5354.176  1.202908E-17
5356.915  1.126797E-17
5359.653  1.065698E-17
5362.393  1.043284E-17
5365.132  1.120308E-17
5367.871  1.323038E-17
5370.611  1.088046E-17
5373.351  1.480441E-17
5376.091  1.716529E-17
5378.832  1.204034E-17
5381.572  1.248256E-17
5384.313  1.290024E-17
5387.054  1.454771E-17
5389.795  1.414768E-17
5392.536  1.049507E-17
5395.278  1.208060E-17
5398.02  1.208909E-17
5400.762  1.366729E-17
5403.504  1.605418E-17
5406.246  1.022787E-17
5408.989  1.083347E-17
5411.732  1.079952E-17
5414.475  1.058222E-17
5417.218  6.012073E-18
5419.961  6.375490E-18
5422.705  6.739036E-18
5425.449  7.102582E-18
5428.193  7.466064E-18
5430.938  7.829739E-18
5433.682  8.193285E-18
5436.427  8.556896E-18
5439.171  8.920442E-18
5441.917  9.284247E-18
5444.662  9.647923E-18
5447.408  1.001173E-17
5450.153  1.037534E-17
5452.899  1.073914E-17
5455.646  1.110308E-17
5458.392  1.143197E-17
5461.138  1.255898E-17
5463.885  9.901755E-18
5466.632  1.229874E-17
5469.379  1.094987E-17
5472.126  1.243792E-17
5474.874  9.873501E-18
5477.622  1.374927E-17
5480.37  1.565822E-17
5483.118  1.149384E-17
5485.866  1.345797E-17
5488.615  7.644915E-18
5491.364  9.493327E-18
5494.113  1.516664E-17
5496.862  8.263090E-18
5499.611  8.688222E-18
5502.361  1.410695E-17
5505.111  9.941454E-18
5507.86  1.093140E-17
5510.611  1.131604E-17
5513.361  9.249476E-18
5516.112  1.130156E-17
5518.862  1.210639E-17
5521.614  1.570146E-17
5524.365  1.321122E-17
5527.116  1.515030E-17
5529.868  1.228079E-17
5532.62  1.022667E-17
5535.372  1.248602E-17
5538.124  1.323481E-17
5540.876  1.493141E-17
5543.628  1.020175E-17
5546.381  1.002069E-17
5549.134  1.425387E-17
5551.888  1.134249E-17
5554.641  1.675881E-17
5557.395  1.264232E-17
5560.148  1.053656E-17
5562.902  1.049793E-17
5565.656  1.059070E-17
5568.411  1.286103E-17
5571.165  5.019416E-18
5573.92  1.140494E-17
5576.675  1.217722E-18
5579.43  6.150898E-18
5582.186  -5.270853E-19
5584.941  -2.293293E-18
5587.697  1.140946E-17
5590.453  1.022475E-17
5593.208  5.016296E-18
5595.965  8.950179E-18
5598.721  1.647843E-17
5601.478  6.793202E-18
5604.235  9.603371E-18
5606.992  1.383460E-17
5609.749  1.167831E-17
5612.507  1.176970E-17
5615.264  1.264956E-17
5618.022  1.161744E-17
5620.78  1.169774E-17
5623.539  1.142067E-17
5626.297  1.234332E-17
5629.056  1.463434E-17
5631.814  1.196725E-17
5634.573  9.716223E-18
5637.333  1.149600E-17
5640.092  1.444062E-17
5642.852  1.058471E-17
5645.611  9.372254E-18
5648.371  7.003129E-18
5651.131  1.386213E-17
5653.892  1.331568E-17
5656.652  1.052394E-17
5659.413  1.193921E-17
5662.174  1.234300E-17
5664.935  1.530514E-17
5667.696  1.362249E-17
5670.458  1.241349E-17
5673.219  8.673115E-18
5675.981  1.274246E-17
5678.743  1.257588E-17
5681.505  1.037603E-17
5684.268  9.565545E-18
5687.03  1.364421E-17
5689.793  1.077076E-17
5692.556  1.416258E-17
5695.319  9.758615E-18
5698.083  9.086072E-18
5700.846  6.274511E-18
5703.609  8.632886E-18
5706.374  1.459930E-17
5709.138  9.094945E-18
5711.902  9.717868E-18
5714.667  1.124552E-17
5717.431  9.933394E-18
5720.196  1.328796E-17
5722.961  9.876288E-18
5725.726  7.210830E-18
5728.491  9.338148E-18
5731.257  1.343754E-17
5734.022  8.274144E-18
5736.789  9.897300E-18
5739.555  9.994351E-18
5742.321  1.271977E-17
5745.087  1.094491E-17
5747.854  1.406424E-17
5750.621  9.632378E-18
5753.388  1.059062E-17
5756.155  1.134158E-17
5758.922  8.877147E-18
5761.69  1.144802E-17
5764.458  1.107408E-17
5767.226  1.151831E-17
5769.994  8.618895E-18
5772.762  1.005676E-17
5775.53  7.943220E-18
5778.299  1.083737E-17
5781.068  1.174386E-17
5783.837  9.345901E-18
5786.606  1.431739E-17
5789.375  1.082409E-17
5792.145  1.322362E-17
5794.915  9.555995E-18
5797.685  8.231536E-18
5800.455  1.225325E-17
5803.225  1.022778E-17
5805.996  8.147684E-18
5808.766  7.679072E-18
5811.537  8.359812E-18
5814.308  9.040550E-18
5817.079  9.721289E-18
5819.85  1.040203E-17
5822.622  1.108301E-17
5825.394  1.176399E-17
5828.166  1.249573E-17
5830.937  1.284043E-17
5833.709  9.066316E-18
5836.482  8.589767E-18
5839.254  1.306358E-17
5842.027  8.925799E-18
5844.8  7.608607E-18
5847.573  9.005805E-18
5850.347  1.040062E-17
5853.12  1.161311E-17
5855.894  8.441926E-18
5858.667  1.116411E-17
5861.441  7.982897E-18
5864.215  6.968453E-18
5866.99  7.850100E-18
5869.764  8.259424E-18
5872.539  1.165996E-17
5875.314  1.455590E-17
5878.089  1.005548E-17
5880.864  6.320869E-18
5883.639  7.701468E-18
5886.415  3.092491E-18
5889.19  4.878884E-18
5891.966  7.590373E-18
5894.742  7.818864E-18
5897.519  8.047395E-18
5900.295  8.275846E-18
5903.071  8.504297E-18
5905.848  8.732867E-18
5908.625  8.961398E-18
5911.402  9.189930E-18
5914.179  9.418501E-18
5916.957  9.647113E-18
5919.734  1.112704E-17
5922.512  9.107660E-18
5925.29  1.396240E-17
5928.068  1.340303E-17
5930.846  1.200957E-17
5933.625  9.575242E-18
5936.403  1.515802E-17
5939.182  1.403009E-17
5941.961  7.474009E-18
5944.74  9.750822E-18
5947.52  1.019586E-17
5950.299  1.036346E-17
5953.079  9.663899E-18
5955.858  9.419979E-18
5958.638  1.313241E-17
5961.418  6.923435E-18
5964.198  1.378417E-17
5966.979  8.555685E-18
5969.759  1.285646E-17
5972.54  1.179959E-17
5975.321  1.074290E-17
5978.102  9.686034E-18
5980.883  8.629347E-18
5983.665  7.572104E-18
5986.446  6.515417E-18
5989.228  5.458174E-18
5992.01  4.401117E-18
5994.792  3.343874E-18
5997.575  1.232249E-17
6000.357  6.604112E-18
6003.14  9.638719E-18
6005.922  1.413864E-17
6008.705  8.630838E-18
6011.488  1.445527E-17
6014.271  1.187075E-17
6017.055  1.150736E-17
6019.838  1.122567E-17
6022.622  1.507433E-17
6025.406  1.279575E-17
6028.19  1.116254E-17
6030.974  7.839400E-18
6033.758  1.286136E-17
6036.543  1.208654E-17
6039.328  9.227474E-18
6042.112  1.271291E-17
6044.897  9.935402E-18
6047.683  7.646838E-18
6050.468  7.488746E-18
6053.253  1.077142E-17
6056.039  1.036374E-17
6058.825  1.141346E-17
6061.611  8.629145E-18
6064.397  1.539011E-17
6067.183  1.619012E-17
6069.97  1.118640E-17
6072.756  1.350339E-17
6075.543  1.309962E-17
6078.33  1.027343E-17
6081.117  8.935313E-18
6083.904  9.457635E-18
6086.692  1.281162E-17
6089.479  9.399118E-18
6092.267  7.284473E-18
6095.055  9.256389E-18
6097.843  9.820718E-18
6100.631  1.088630E-17
6103.419  1.309136E-17
6106.208  1.087166E-17
6108.997  9.802102E-18
6111.785  1.129123E-17
6114.574  1.212255E-17
6117.363  1.273406E-17
6120.152  9.788233E-18
6122.942  1.080856E-17
6125.731  1.412173E-17
6128.521  9.877923E-18
6131.311  9.221457E-18
6134.101  1.178206E-17
6136.891  1.243914E-17
6139.682  9.617957E-18
6142.472  1.278501E-17
6145.263  1.117569E-17
6148.054  1.081787E-17
6150.845  1.226343E-17
6153.636  6.926640E-18
6156.427  8.594304E-18
6159.218  1.236653E-17
6162.01  1.121983E-17
6164.801  8.493270E-18
6167.593  8.439487E-18
6170.385  1.267075E-17
6173.178  1.115470E-17
6175.97  7.643242E-18
6178.762  7.477354E-18
6181.555  5.380337E-18
6184.348  5.571650E-18
6187.141  6.345536E-18
6189.934  1.079800E-17
6192.727  1.164060E-17
6195.521  9.733469E-18
6198.314  8.387177E-18
6201.107  9.331089E-18
6203.901  7.935964E-18
6206.695  8.250934E-18
6209.489  1.142236E-17
6212.284  9.001668E-18
6215.078  1.073399E-17
6217.873  7.667464E-18
6220.667  9.800112E-18
6223.462  7.814233E-18
6226.257  1.028430E-17
6229.052  8.713537E-18
6231.848  1.072013E-17
6234.643  9.776690E-18
6237.438  8.811748E-18
6240.234  6.998362E-18
6243.03  7.908227E-18
6245.826  1.004307E-17
6248.622  1.379914E-17
6251.418  5.548580E-18
6254.215  1.130943E-17
6257.012  5.246111E-18
6259.809  8.164060E-18
6262.605  1.353178E-17
6265.402  1.004845E-17
6268.2  5.678346E-18
6270.997  9.384691E-18
6273.794  1.387213E-17
6276.592  9.146141E-18
6279.39  8.788940E-18
6282.188  1.011100E-17
6284.985  1.293920E-17
6287.784  1.046583E-17
6290.582  4.838429E-18
6293.38  9.209053E-18
6296.179  7.256433E-18
6298.978  1.256201E-17
6301.777  1.322415E-17
6304.576  5.521626E-18
6307.375  6.723537E-18
6310.174  3.469858E-19
6312.974  9.903685E-18
6315.773  6.562665E-18
6318.573  9.367811E-18
6321.373  7.505573E-18
6324.173  6.552247E-18
6326.973  1.183204E-17
6329.773  8.680297E-18
6332.574  1.072326E-17
6335.375  4.955481E-18
6338.175  3.765252E-18
6340.976  6.821197E-18
6343.777  6.640779E-18
6346.578  1.097201E-17
6349.379  8.774035E-18
6352.181  5.626113E-18
6354.982  1.166176E-17
6357.784  5.148167E-18
6360.586  5.077077E-18
6363.388  7.444314E-18
6366.19  7.985301E-18
6368.992  6.779163E-18
6371.794  7.176827E-18
6374.597  6.339585E-18
6377.399  8.568849E-18
6380.202  8.316140E-18
6383.005  6.251873E-18
6385.808  7.780881E-18
6388.611  6.455965E-18
6391.415  1.033349E-17
6394.218  7.849359E-18
6397.022  6.700081E-18
6399.826  9.582287E-18
6402.629  7.956717E-18
6405.433  8.936662E-18
6408.237  1.070284E-17
6411.042  6.770776E-18
6413.846  8.824985E-18
6416.65  1.123748E-17
6419.455  5.789116E-18
6422.26  4.679585E-18
6425.065  5.288269E-18
6427.87  8.677782E-18
6430.675  4.568125E-18
6433.48  6.402356E-18
6436.286  4.530443E-18
6439.091  7.702959E-18
6441.897  6.799923E-18
6444.703  7.361713E-18
6447.509  4.931987E-18
6450.315  9.540886E-18
6453.121  8.379591E-18
6455.928  9.859152E-18
6458.734  8.476336E-18
6461.541  6.728398E-18
6464.348  6.233076E-18
6467.154  7.884495E-18
6469.961  5.724432E-18
6472.769  6.088869E-18
6475.576  1.074065E-17
6478.383  8.108552E-18
6481.19  6.666977E-18
6483.999  8.288128E-18
6486.806  1.007092E-17
6489.614  7.466605E-18
6492.422  8.241092E-18
6495.23  4.251097E-18
6498.039  7.389501E-18
6500.847  4.648166E-18
6503.655  7.082846E-18
6506.464  9.796704E-18
6509.273  3.607158E-18
6512.082  7.662403E-18
6514.891  6.357525E-18
6517.7  5.446003E-18
6520.509  9.990769E-18
6523.319  8.507104E-18
6526.128  6.124383E-18
6528.938  1.989693E-18
6531.748  6.983281E-18
6534.558  7.916313E-18
6537.368  6.539756E-18
6540.178  3.749089E-18
6542.988  4.387072E-18
6545.798  9.186145E-18
6548.609  1.001249E-17
6551.42  5.691706E-18
6554.23  4.550284E-18
6557.042  7.611899E-18
6559.853  8.976397E-18
6562.664  8.657663E-18
6565.475  6.421049E-18
6568.286  3.246588E-18
6571.098  8.341856E-18
6573.91  3.531340E-18
6576.721  8.470492E-18
6579.533  3.527617E-18
6582.345  2.595066E-18
6585.157  6.330812E-18
6587.969  3.009020E-18
6590.782  4.172718E-18
6593.594  4.090337E-18
6596.407  6.722620E-18
6599.22  7.355428E-18
6602.033  8.011704E-18
6604.845  4.910781E-18
6607.659  7.671346E-18
6610.472  7.164909E-18
6613.285  7.892868E-18
6616.099  6.853985E-18
6618.912  6.545408E-18
6621.726  9.756049E-18
6624.54  7.250448E-18
6627.354  6.673924E-18
6630.167  7.324903E-18
6632.981  5.573942E-18
6635.796  7.741556E-18
6638.61  6.282226E-18
6641.425  7.493277E-18
6644.239  6.023609E-18
6647.054  7.480687E-18
6649.869  8.344220E-18
6652.684  4.234453E-18
6655.499  7.671137E-18
6658.314  6.440949E-18
6661.129  1.100135E-17
6663.945  8.502354E-18
6666.76  3.824811E-18
6669.576  8.831161E-18
6672.392  9.432912E-18
6675.208  6.473750E-18
6678.023  6.144499E-18
6680.84  8.111442E-18
6683.656  6.765281E-18
6686.472  9.371545E-18
6689.289  8.468057E-18
6692.105  6.918986E-18
6694.922  7.121138E-18
6697.739  6.012449E-18
6700.556  9.364057E-18
6703.373  5.524076E-18
6706.19  8.265384E-18
6709.007  7.002836E-18
6711.824  6.826067E-18
6714.642  8.329191E-18
6717.459  1.082229E-17
6720.277  7.543390E-18
6723.095  7.313678E-18
6725.913  1.116263E-17
6728.731  7.044469E-18
6731.549  1.148086E-17
6734.367  1.069540E-17
6737.186  6.935609E-18
6740.004  9.040666E-18
6742.822  1.097187E-17
6745.641  7.051917E-18
6748.46  6.268190E-18
6751.279  7.077931E-18
6754.098  9.177695E-18
6756.917  7.063279E-18
6759.736  5.968871E-18
6762.555  7.435224E-18
6765.375  1.127893E-17
6768.194  1.150370E-17
6771.014  3.454024E-18
6773.833  1.141790E-17
6776.653  8.068019E-18
6779.474  6.002859E-18
6782.293  9.445364E-18
6785.114  6.225176E-18
6787.934  6.281912E-18
6790.754  8.467117E-18
6793.575  8.351444E-18
6796.396  9.211231E-18
6799.216  7.441966E-18
6802.037  1.049792E-17
6804.858  7.097406E-18
6807.679  1.122262E-17
6810.5  6.251386E-18
6813.321  8.382113E-18
6816.143  5.991866E-18
6818.964  6.746559E-18
6821.785  5.173432E-18
6824.607  5.098831E-18
6827.429  8.476532E-18
6830.25  3.166467E-18
6833.073  9.244566E-18
6835.895  8.516226E-18
6838.717  8.078273E-18
6841.539  9.133133E-18
6844.361  8.700858E-18
6847.184  9.791224E-18
6850.006  3.391412E-18
6852.829  8.462867E-18
6855.652  6.652498E-18
6858.475  7.804798E-18
6861.297  9.194585E-18
6864.121  5.862122E-18
6866.944  1.054685E-17
6869.767  5.223512E-18
6872.59  8.712034E-18
6875.414  8.867850E-18
6878.237  7.612045E-18
6881.061  7.739667E-18
6883.885  7.223928E-18
6886.708  7.725354E-18
6889.533  7.872964E-18
6892.356  6.271268E-18
6895.181  5.658171E-18
6898.005  7.829478E-18
6900.829  1.175593E-17
6903.654  1.430375E-17
6906.478  1.380463E-17
6909.303  1.607059E-17
6912.127  2.110101E-17
6914.952  1.888059E-17
6917.777  2.011173E-17
6920.603  1.990446E-17
6923.427  6.331214E-18
6926.252  5.789119E-18
6929.078  8.971182E-18
6931.903  6.737044E-18
6934.729  9.427214E-18
6937.554  1.229898E-17
6940.38  1.229439E-17
6943.206  8.308983E-18
6946.032  4.650234E-18
6948.858  1.020817E-17
6951.684  1.012621E-17
6954.51  8.297383E-18
6957.336  8.269716E-18
6960.163  7.121032E-18
6962.989  1.010761E-17
6965.815  6.875565E-18
6968.642  8.908919E-18
6971.469  9.446068E-18
6974.295  4.460121E-18
6977.123  9.573529E-18
6979.949  9.494583E-18
6982.776  8.641425E-18
6985.604  9.355617E-18
6988.431  4.216512E-18
6991.258  8.309883E-18
6994.086  9.277491E-18
6996.913  5.762490E-18
6999.741  4.899534E-18
7002.568  7.345303E-18
7005.396  6.578640E-18
7008.224  7.571865E-18
7011.052  6.680653E-18
7013.88  9.498259E-18
7016.708  8.524580E-18
7019.537  1.400937E-17
7022.365  7.864489E-18
7025.193  6.363703E-18
7028.022  6.588812E-18
7030.851  6.224436E-18
7033.679  1.073503E-17
7036.508  7.403152E-18
7039.337  9.029180E-18
7042.166  5.927170E-18
7044.995  6.003326E-18
7047.824  1.318149E-17
7050.653  9.385391E-18
7053.482  7.695798E-18
7056.312  7.467334E-18
7059.142  7.196328E-18
7061.971  5.816643E-18
7064.801  9.381267E-18
7067.63  7.613746E-18
7070.46  6.477907E-18
7073.29  1.121097E-17
7076.12  1.223688E-17
7078.95  9.975989E-18
7081.78  7.247910E-18
7084.61  6.432392E-18
7087.441  8.611417E-18
7090.271  1.026714E-17
7093.102  1.284845E-17
7095.932  9.926015E-18
7098.763  3.929762E-18
7101.594  7.278924E-18
7104.424  8.508281E-18
7107.255  8.355037E-18
7110.086  6.334354E-18
7112.917  6.881653E-18
7115.749  7.275524E-18
7118.58  1.027745E-17
7121.411  8.990095E-18
7124.243  6.317872E-18
7127.074  9.470233E-18
7129.906  1.062592E-17
7132.737  6.024745E-18
7135.569  7.464849E-18
7138.401  1.070078E-17
7141.232  9.931478E-18
7144.064  4.891039E-18
7146.896  1.060702E-17
7149.729  9.477584E-18
7152.561  1.036513E-17
7155.393  1.157623E-17
7158.226  1.147320E-17
7161.058  6.497558E-18
7163.891  3.197677E-18
7166.723  9.589587E-18
7169.556  1.075440E-17
7172.389  9.820351E-18
7175.221  6.575821E-18
7178.054  6.684399E-18
7180.887  7.200288E-18
7183.72  4.264966E-18
7186.553  5.137631E-18
7189.387  5.996380E-18
7192.22  6.267561E-18
7195.053  4.856287E-18
7197.887  4.889362E-18
7200.72  8.816487E-18
7203.554  1.194411E-17
7206.387  4.349841E-18
7209.221  5.711201E-18
7212.055  1.089597E-17
7214.889  2.933907E-18
7217.723  5.651826E-18
7220.557  8.496216E-18
7223.391  6.102167E-18
7226.225  4.483745E-18
7229.06  8.164743E-18
7231.894  3.496415E-18
7234.728  5.769180E-18
7237.562  2.259331E-18
7240.397  2.106384E-18
7243.232  9.871722E-18
7246.066  7.524265E-18
7248.901  2.608914E-18
7251.736  6.064440E-18
7254.571  4.941438E-18
7257.406  2.607508E-18
7260.241  5.106200E-18
7263.076  1.041164E-17
7265.911  8.525335E-18
7268.747  8.467430E-18
7271.582  7.852040E-18
7274.417  5.968094E-18
7277.253  -3.029134E-19
7280.088  3.591273E-18
7282.924  1.542320E-18
7285.76  5.740044E-18
7288.595  7.420401E-19
7291.431  4.085929E-18
7294.267  6.509940E-18
7297.103  -1.893588E-18
7299.939  4.644956E-18
7302.775  5.766913E-18
7305.611  -1.169088E-18
7308.448  3.512070E-18
7311.284  9.827730E-18
7314.12  4.114104E-18
7316.957  7.484367E-18
7319.793  2.817448E-18
7322.63  5.822434E-18
7325.466  1.409859E-17
7328.303  3.945254E-18
7331.14  8.749926E-18
7333.977  3.016824E-18
7336.813  3.638002E-18
7339.65  8.884656E-18
7342.488  2.950199E-18
7345.325  1.007701E-17
7348.162  1.934776E-18
7350.999  7.056633E-18
7353.836  3.593960E-18
7356.674  7.261173E-18
7359.511  3.280267E-18
7362.349  7.793798E-18
7365.186  7.620616E-18
7368.024  1.091698E-18
7370.861  2.801160E-18
7373.699  3.741919E-18
7376.537  4.970511E-18
7379.375  6.199538E-18
7382.213  3.176325E-18
7385.051  6.395441E-18
7387.889  1.165159E-17
7390.727  4.977702E-18
7393.565  6.968691E-18
7396.403  4.947163E-18
7399.242  7.016605E-18
7402.08  1.021204E-17
7404.918  9.696247E-18
7407.757  3.377193E-18
7410.596  1.045371E-17
7413.434  8.566352E-18
7416.273  2.978602E-18
7419.111  7.407732E-18
7421.95  7.108480E-18
7424.789  7.385616E-18
7427.628  8.034759E-18
7430.467  7.666939E-18
7433.306  5.054756E-18
7436.145  6.946612E-18
7438.984  2.253011E-18
7441.823  6.473839E-18
7444.663  6.638396E-18
7447.502  4.286411E-18
7450.341  6.474641E-18
7453.181  9.883171E-18
7456.02  8.514733E-18
7458.86  6.351352E-18
7461.699  8.671184E-18
7464.539  5.867383E-18
7467.378  6.499964E-18
7470.218  6.609507E-18
7473.058  7.618555E-18
7475.898  9.038412E-18
7478.738  5.566728E-18
7481.578  5.900885E-18
7484.418  6.462745E-18
7487.258  1.214758E-17
7490.098  7.701578E-18
7492.938  5.011349E-18
7495.779  4.759131E-19
7498.619  3.326905E-18
7501.459  7.827952E-18
7504.3  4.667881E-18
7507.14  3.210089E-18
7509.981  8.757738E-18
7512.821  4.200491E-18
7515.662  4.821370E-18
7518.503  7.145736E-18
7521.343  7.864948E-18
7524.184  2.410080E-18
7527.025  5.359077E-18
7529.866  4.038772E-18
7532.707  8.442538E-18
7535.548  5.234786E-18
7538.389  2.580583E-18
7541.23  6.392457E-18
7544.071  4.148426E-18
7546.913  1.506708E-18
7549.753  7.978291E-18
7552.595  5.384160E-18
7555.437  8.275141E-18
7558.278  6.277826E-18
7561.119  6.552737E-18
7563.96  6.283928E-18
7566.802  7.842078E-18
7569.644  5.262966E-18
7572.485  7.082768E-18
7575.327  7.437077E-18
7578.169  5.339907E-18
7581.011  8.176123E-18
7583.853  4.550826E-18
7586.694  4.459573E-18
7589.536  5.853565E-18
7592.378  4.211545E-18
7595.22  4.161628E-18
7598.063  5.615220E-18
7600.904  2.846393E-18
7603.747  4.091987E-18
7606.589  2.911728E-18
7609.431  1.510181E-18
7612.273  1.636909E-18
7615.116  1.643264E-18
7617.958  4.118612E-18
7620.801  4.697533E-18
7623.643  3.057267E-18
7626.485  2.895540E-18
7629.328  2.079215E-18
7632.171  6.013573E-18
7635.014  5.779765E-18
7637.856  -7.925669E-19
7640.699  7.850609E-19
7643.542  3.139084E-18
7646.385  4.212445E-18
7649.228  3.833731E-18
7652.07  1.082816E-18
7654.913  2.374475E-18
7657.756  4.135894E-18
7660.599  5.134678E-18
7663.442  3.666880E-18
7666.286  6.157676E-18
7669.129  3.268986E-18
7671.972  3.374664E-18
7674.815  5.693423E-18
7677.659  4.415197E-18
7680.502  7.452083E-18
7683.345  5.256455E-18
7686.188  6.341062E-18
7689.032  -4.582794E-19
7691.875  5.328033E-18
7694.719  5.313654E-18
7697.563  4.853767E-18
7700.406  6.082863E-18
7703.25  6.316971E-18
7706.094  6.101026E-18
7708.937  -2.517365E-18
7711.781  7.610623E-18
7714.625  6.338734E-18
7717.469  7.655371E-18
7720.313  8.113322E-18
7723.157  1.113948E-17
7726.  6.977240E-19
7728.845  4.843241E-18
7731.688  5.013519E-18
7734.533  4.411671E-19
7737.377  5.171028E-18
7740.221  7.070723E-18
7743.065  3.466107E-18
7745.909  5.548486E-18
7748.754  4.903322E-18
7751.598  4.672210E-18
7754.442  2.201766E-19
7757.287  5.537709E-18
7760.131  2.931873E-18
7762.976  1.387132E-19
7765.82  -3.299545E-18
7768.665  8.308114E-18
7771.509  7.766560E-18
7774.354  7.357212E-18
7777.198  5.453890E-18
7780.043  4.215284E-18
7782.888  3.236840E-18
7785.732  6.825240E-18
7788.577  6.728321E-18
7791.422  4.740129E-18
7794.267  7.194025E-20
7797.111  4.188440E-18
7799.956  4.011177E-18
7802.801  -1.759182E-18
7805.646  6.586816E-19
7808.491  5.927646E-18
7811.336  4.161183E-18
7814.181  4.569079E-18
7817.026  4.720015E-18
7819.871  3.981161E-18
7822.716  6.593742E-18
7825.562  5.790476E-18
7828.407  3.690712E-18
7831.252  6.996413E-18
7834.097  1.168775E-17
7836.942  4.313729E-18
7839.788  6.857589E-18
7842.633  7.202693E-18
7845.478  7.025437E-18
7848.324  8.740485E-18
7851.169  1.257007E-17
7854.015  1.441239E-18
7856.86  4.147201E-18
7859.706  3.401469E-18
7862.551  2.783163E-18
7865.396  3.274449E-18
7868.242  3.374586E-18
7871.088  1.989891E-18
7873.933  4.359192E-18
7876.779  3.304261E-18
7879.625  4.894135E-18
7882.47  3.550581E-18
7885.316  1.305797E-18
7888.162  9.816061E-18
7891.008  3.148202E-18
7893.854  5.199081E-18
7896.699  9.564231E-18
7899.545  8.587901E-18
7902.391  1.219846E-17
7905.237  4.191549E-18
7908.083  6.400377E-18
7910.929  7.031559E-18
7913.775  8.246216E-18
7916.621  -3.369958E-18
7919.467  6.074183E-18
7922.313  5.427452E-18
7925.159  3.871460E-18
7928.005  4.243822E-18
7930.851  2.617116E-18
7933.697  1.612410E-18
7936.543  4.638628E-18
7939.39  4.186345E-18
7942.236  3.555145E-18
7945.082  7.611314E-18
7947.928  8.809950E-18
7950.775  5.000848E-18
7953.621  7.114088E-18
7956.467  -3.790771E-19
7959.313  7.225852E-18
7962.16  5.000813E-18
7965.006  6.660740E-18
7967.853  7.812910E-18
7970.699  4.682840E-18
7973.545  1.167522E-17
7976.392  3.255965E-18
7979.239  6.770913E-18
7982.085  5.478363E-18
7984.932  1.127059E-17
7987.778  6.706093E-18
7990.625  1.163046E-17
7993.471  4.413796E-18
7996.318  7.850712E-18
7999.165  5.466984E-18
8002.011  3.001338E-18
8004.857  1.001951E-17
8007.704  9.688278E-18
8010.551  7.593559E-18
8013.397  8.989490E-18
8016.244  5.930670E-18
8019.091  9.226882E-18
8021.938  6.606231E-18
8024.785  9.592611E-18
8027.631  1.444703E-17
8030.478  2.526888E-18
8033.325  6.090690E-18
8036.172  9.822048E-18
8039.019  6.777032E-18
8041.865  8.228940E-18
8044.712  9.408728E-18
8047.559  2.825041E-18
8050.406  5.133627E-18
8053.253  5.274010E-18
