6.001534130031210225e+03 2.407577067820265400e-16 0.000000000000000000e+00
6.005755676693960595e+03 2.447320383101029206e-16 0.000000000000000000e+00
6.009977223356710965e+03 2.405042321725606906e-16 0.000000000000000000e+00
6.014198770019461335e+03 2.355261401322083625e-16 0.000000000000000000e+00
6.018420316682211705e+03 2.260562588423460813e-16 0.000000000000000000e+00
6.022641863344962076e+03 2.238436764352198403e-16 0.000000000000000000e+00
6.026863410007712446e+03 2.170085705371308654e-16 0.000000000000000000e+00
6.031084956670462816e+03 2.007879822414396199e-16 0.000000000000000000e+00
6.035306503333213186e+03 2.021957774695558687e-16 0.000000000000000000e+00
6.039528049995963556e+03 2.016583218296332143e-16 0.000000000000000000e+00
6.043749596658713926e+03 1.983983567134474293e-16 0.000000000000000000e+00
6.047971143321464297e+03 1.937648747337295928e-16 0.000000000000000000e+00
6.052192689984215576e+03 1.939977823244449237e-16 0.000000000000000000e+00
6.056414236646965946e+03 1.959268204524777877e-16 0.000000000000000000e+00
6.060635783309716317e+03 1.938581807068255744e-16 0.000000000000000000e+00
6.064857329972466687e+03 1.917422394650251287e-16 0.000000000000000000e+00
6.069078876635217057e+03 1.783685289050555866e-16 0.000000000000000000e+00
6.073300423297967427e+03 1.789196826559221192e-16 0.000000000000000000e+00
6.077521969960717797e+03 1.884227570494049282e-16 0.000000000000000000e+00
6.081743516623468167e+03 1.890391985116590462e-16 0.000000000000000000e+00
6.085965063286218538e+03 1.817466948220527491e-16 0.000000000000000000e+00
6.090186609948968908e+03 1.924714818930518779e-16 0.000000000000000000e+00
6.094408156611719278e+03 1.982791235912315857e-16 0.000000000000000000e+00
6.098629703274469648e+03 2.020068097129793547e-16 0.000000000000000000e+00
6.102851249937220018e+03 2.092397034589226303e-16 0.000000000000000000e+00
6.107072796599970388e+03 2.118181776294831274e-16 0.000000000000000000e+00
6.111294343262720759e+03 2.181374801673636359e-16 0.000000000000000000e+00
6.115515889925471129e+03 2.171200744837030135e-16 0.000000000000000000e+00
6.119737436588221499e+03 2.225635184843429738e-16 0.000000000000000000e+00
6.123958983250971869e+03 2.258159926529014786e-16 0.000000000000000000e+00
6.128180529913722239e+03 2.225237344056016234e-16 0.000000000000000000e+00
6.132402076576472609e+03 2.289960190346901391e-16 0.000000000000000000e+00
6.136623623239222979e+03 2.257903699062470361e-16 0.000000000000000000e+00
6.140845169901973350e+03 2.354895059572396140e-16 0.000000000000000000e+00
6.145066716564724629e+03 2.523030834904578740e-16 0.000000000000000000e+00
6.149288263227474999e+03 2.619135987193439707e-16 0.000000000000000000e+00
6.153509809890225370e+03 2.776408564977085906e-16 0.000000000000000000e+00
6.157731356552975740e+03 2.836907893234724308e-16 0.000000000000000000e+00
6.161952903215726110e+03 2.971900063434234187e-16 0.000000000000000000e+00
6.166174449878476480e+03 3.103994586860746308e-16 0.000000000000000000e+00
6.170395996541226850e+03 3.150522106653425025e-16 0.000000000000000000e+00
6.174617543203977220e+03 3.202179999128504633e-16 0.000000000000000000e+00
6.178839089866727591e+03 3.275184445363372695e-16 0.000000000000000000e+00
6.183060636529477961e+03 3.219698493362295683e-16 0.000000000000000000e+00
6.187282183192228331e+03 3.267535208454074329e-16 0.000000000000000000e+00
6.191503729854978701e+03 3.171994921261913573e-16 0.000000000000000000e+00
6.195725276517729071e+03 3.102808476036794270e-16 0.000000000000000000e+00
6.199946823180479441e+03 3.142229124704213391e-16 0.000000000000000000e+00
6.204168369843229812e+03 3.065290210429349104e-16 0.000000000000000000e+00
6.208389916505980182e+03 3.041874513998096006e-16 0.000000000000000000e+00
6.212611463168730552e+03 2.993538843560825374e-16 0.000000000000000000e+00
6.216833009831480922e+03 3.017838895328571166e-16 0.000000000000000000e+00
6.221054556494231292e+03 3.013303827989412438e-16 0.000000000000000000e+00
6.225276103156981662e+03 3.007183750247704101e-16 0.000000000000000000e+00
6.229497649819732032e+03 2.947055528300081490e-16 0.000000000000000000e+00
6.233719196482482403e+03 3.015277414756514958e-16 0.000000000000000000e+00
6.237940743145232773e+03 3.128680038619492806e-16 0.000000000000000000e+00
6.242162289807984052e+03 3.212852878961704834e-16 0.000000000000000000e+00
6.246383836470734423e+03 3.344544002947087095e-16 0.000000000000000000e+00
6.250605383133484793e+03 3.460088031979842221e-16 0.000000000000000000e+00
6.254826929796235163e+03 3.741707164002787845e-16 0.000000000000000000e+00
6.259048476458985533e+03 3.934923584903170278e-16 0.000000000000000000e+00
6.263270023121735903e+03 4.147133925552342346e-16 0.000000000000000000e+00
6.267491569784486273e+03 4.229539378710549073e-16 0.000000000000000000e+00
6.271713116447236644e+03 4.159664189820193618e-16 0.000000000000000000e+00
6.275934663109987014e+03 4.061155846241294590e-16 0.000000000000000000e+00
6.280156209772737384e+03 4.033425575734964899e-16 0.000000000000000000e+00
6.284377756435487754e+03 4.097728346623571126e-16 0.000000000000000000e+00
6.288599303098238124e+03 4.066449537463837950e-16 0.000000000000000000e+00
6.292820849760988494e+03 4.155679164501158152e-16 0.000000000000000000e+00
6.297042396423738865e+03 4.267379252140154856e-16 0.000000000000000000e+00
6.301263943086489235e+03 4.280128950880904195e-16 0.000000000000000000e+00
6.305485489749239605e+03 4.353144514423204969e-16 0.000000000000000000e+00
6.309707036411989975e+03 4.554515745023278179e-16 0.000000000000000000e+00
6.313928583074740345e+03 4.566789252428992991e-16 0.000000000000000000e+00
6.318150129737490715e+03 4.641436677883738378e-16 0.000000000000000000e+00
6.322371676400241086e+03 4.667661347326323550e-16 0.000000000000000000e+00
6.326593223062991456e+03 4.678407548449020452e-16 0.000000000000000000e+00
6.330814769725741826e+03 4.689190807263159729e-16 0.000000000000000000e+00
6.335036316388492196e+03 4.475874029826636732e-16 0.000000000000000000e+00
6.339257863051243476e+03 4.407119042009025088e-16 0.000000000000000000e+00
6.343479409713993846e+03 4.166100316730346215e-16 0.000000000000000000e+00
6.347700956376744216e+03 4.091448126715272523e-16 0.000000000000000000e+00
6.351922503039494586e+03 4.069773347688423028e-16 0.000000000000000000e+00
6.356144049702244956e+03 4.022355119812147210e-16 0.000000000000000000e+00
6.360365596364995326e+03 4.119945491434459390e-16 0.000000000000000000e+00
6.364587143027745697e+03 4.260093974700379822e-16 0.000000000000000000e+00
6.368808689690496067e+03 4.295681534583677217e-16 0.000000000000000000e+00
6.373030236353246437e+03 4.300949020724414897e-16 0.000000000000000000e+00
6.377251783015996807e+03 4.261401846510499665e-16 0.000000000000000000e+00
6.381473329678747177e+03 4.160720334026301323e-16 0.000000000000000000e+00
6.385694876341497547e+03 4.214111467669700043e-16 0.000000000000000000e+00
6.389916423004247918e+03 4.243099582102702371e-16 0.000000000000000000e+00
6.394137969666998288e+03 4.270937055216418934e-16 0.000000000000000000e+00
6.398359516329748658e+03 4.230459732947300074e-16 0.000000000000000000e+00
6.402581062992499028e+03 4.137700096102297576e-16 0.000000000000000000e+00
6.406802609655249398e+03 4.127934865011639561e-16 0.000000000000000000e+00
6.411024156317999768e+03 4.082947356996187568e-16 0.000000000000000000e+00
6.415245702980750139e+03 4.119057959724414493e-16 0.000000000000000000e+00
6.419467249643500509e+03 4.224054046283689428e-16 0.000000000000000000e+00
6.423688796306250879e+03 4.256660050192651685e-16 0.000000000000000000e+00
6.427910342969001249e+03 4.497283846359673241e-16 0.000000000000000000e+00
6.432131889631751619e+03 4.565479527734301029e-16 0.000000000000000000e+00
6.436353436294502899e+03 4.430049547380179083e-16 0.000000000000000000e+00
6.440574982957253269e+03 4.551774005252134415e-16 0.000000000000000000e+00
6.444796529620003639e+03 4.544638811462701003e-16 0.000000000000000000e+00
6.449018076282754009e+03 4.608465391016272703e-16 0.000000000000000000e+00
6.453239622945504379e+03 4.587955017594101854e-16 0.000000000000000000e+00
6.457461169608254750e+03 4.660715677158838288e-16 0.000000000000000000e+00
6.461682716271005120e+03 4.647298145878738136e-16 0.000000000000000000e+00
6.465904262933755490e+03 4.600832565370327389e-16 0.000000000000000000e+00
6.470125809596505860e+03 4.629652332005062924e-16 0.000000000000000000e+00
6.474347356259256230e+03 4.742846109306983384e-16 0.000000000000000000e+00
6.478568902922006600e+03 4.635643501920110997e-16 0.000000000000000000e+00
6.482790449584756971e+03 4.591122920816832938e-16 0.000000000000000000e+00
6.487011996247507341e+03 4.570896832827584313e-16 0.000000000000000000e+00
6.491233542910257711e+03 4.448924617818557099e-16 0.000000000000000000e+00
6.495455089573008081e+03 4.445267553068786657e-16 0.000000000000000000e+00
6.499676636235758451e+03 4.429865847109743307e-16 0.000000000000000000e+00
6.503898182898508821e+03 4.434608172823183321e-16 0.000000000000000000e+00
6.508119729561259192e+03 4.420367960793062431e-16 0.000000000000000000e+00
6.512341276224009562e+03 4.391436756386203752e-16 0.000000000000000000e+00
6.516562822886759932e+03 4.462479262556994040e-16 0.000000000000000000e+00
6.520784369549510302e+03 4.609757645656427545e-16 0.000000000000000000e+00
6.525005916212261582e+03 4.793112220770605770e-16 0.000000000000000000e+00
6.529227462875011042e+03 4.787868557431509617e-16 0.000000000000000000e+00
6.533449009537762322e+03 4.854647046806262554e-16 0.000000000000000000e+00
6.537670556200512692e+03 4.941260930223343069e-16 0.000000000000000000e+00
6.541892102863263062e+03 4.905784543414372801e-16 0.000000000000000000e+00
6.546113649526013432e+03 4.796831224804644182e-16 0.000000000000000000e+00
6.550335196188763803e+03 4.751481080808648942e-16 0.000000000000000000e+00
6.554556742851514173e+03 4.668652905270203116e-16 0.000000000000000000e+00
6.558778289514264543e+03 4.701377493791780975e-16 0.000000000000000000e+00
6.562999836177014913e+03 4.859458723342259014e-16 0.000000000000000000e+00
6.567221382839765283e+03 5.222696097278056900e-16 0.000000000000000000e+00
6.571442929502515653e+03 5.576573227751102733e-16 0.000000000000000000e+00
6.575664476165266024e+03 5.679208739365498339e-16 0.000000000000000000e+00
6.579886022828016394e+03 5.721567798266501831e-16 0.000000000000000000e+00
6.584107569490766764e+03 5.491757701160161504e-16 0.000000000000000000e+00
6.588329116153517134e+03 5.460062257669497619e-16 0.000000000000000000e+00
6.592550662816267504e+03 4.944669708440449594e-16 0.000000000000000000e+00
6.596772209479017874e+03 4.446530161555787598e-16 0.000000000000000000e+00
6.600993756141768245e+03 4.139678182731932384e-16 0.000000000000000000e+00
6.605215302804518615e+03 4.318633480476308587e-16 0.000000000000000000e+00
6.609436849467268985e+03 4.895664617277052048e-16 0.000000000000000000e+00
6.613658396130019355e+03 4.935503223764381962e-16 0.000000000000000000e+00
6.617879942792769725e+03 4.824270327735355208e-16 0.000000000000000000e+00
6.622101489455521005e+03 4.665859284731040026e-16 0.000000000000000000e+00
6.626323036118270466e+03 4.592402469962778965e-16 0.000000000000000000e+00
6.630544582781021745e+03 4.619911453111638470e-16 0.000000000000000000e+00
6.634766129443772115e+03 4.569562226540066757e-16 0.000000000000000000e+00
6.638987676106522485e+03 4.348103344898061797e-16 0.000000000000000000e+00
6.643209222769272856e+03 4.185631837702846313e-16 0.000000000000000000e+00
6.647430769432023226e+03 3.869339147286249888e-16 0.000000000000000000e+00
6.651652316094773596e+03 3.563607898930730520e-16 0.000000000000000000e+00
6.655873862757523966e+03 3.380495786997703839e-16 0.000000000000000000e+00
6.660095409420274336e+03 3.206559688861401400e-16 0.000000000000000000e+00
6.664316956083024706e+03 2.978864262447440637e-16 0.000000000000000000e+00
6.668538502745775077e+03 2.766289432933153204e-16 0.000000000000000000e+00
6.672760049408525447e+03 2.661625542107879565e-16 0.000000000000000000e+00
6.676981596071275817e+03 2.572185480322725874e-16 0.000000000000000000e+00
6.681203142734026187e+03 2.382344750414947844e-16 0.000000000000000000e+00
6.685424689396776557e+03 2.283060842293719098e-16 0.000000000000000000e+00
6.689646236059526927e+03 2.223907237631030966e-16 0.000000000000000000e+00
6.693867782722277298e+03 2.200553083437351812e-16 0.000000000000000000e+00
6.698089329385027668e+03 2.152779101723229188e-16 0.000000000000000000e+00
6.702310876047778038e+03 2.160486307449855270e-16 0.000000000000000000e+00
6.706532422710528408e+03 1.983039787142775790e-16 0.000000000000000000e+00
6.710753969373278778e+03 1.987631102763588124e-16 0.000000000000000000e+00
6.714975516036029148e+03 1.958032065817378632e-16 0.000000000000000000e+00
6.719197062698780428e+03 1.915348222720662319e-16 0.000000000000000000e+00
6.723418609361529889e+03 1.927725624011313791e-16 0.000000000000000000e+00
6.727640156024281168e+03 1.821473546409938340e-16 0.000000000000000000e+00
6.731861702687031539e+03 1.892685856216873514e-16 0.000000000000000000e+00
6.736083249349781909e+03 1.903485923341059869e-16 0.000000000000000000e+00
6.740304796012532279e+03 1.741958725533134921e-16 0.000000000000000000e+00
6.744526342675282649e+03 1.767616015249957721e-16 0.000000000000000000e+00
6.748747889338033019e+03 1.687024536087855281e-16 0.000000000000000000e+00
6.752969436000783389e+03 1.588864402459616576e-16 0.000000000000000000e+00
6.757190982663533759e+03 1.486511191044673067e-16 0.000000000000000000e+00
6.761412529326284130e+03 1.507642942542993750e-16 0.000000000000000000e+00
6.765634075989034500e+03 1.502199167670108769e-16 0.000000000000000000e+00
6.769855622651784870e+03 1.435623436807104830e-16 0.000000000000000000e+00
6.774077169314535240e+03 1.409315784605468338e-16 0.000000000000000000e+00
6.778298715977285610e+03 1.415041727328907408e-16 0.000000000000000000e+00
6.782520262640035980e+03 1.490082096661839986e-16 0.000000000000000000e+00
6.786741809302786351e+03 1.469653647207536389e-16 0.000000000000000000e+00
6.790963355965536721e+03 1.391049519097929351e-16 0.000000000000000000e+00
6.795184902628287091e+03 1.487801592800255790e-16 0.000000000000000000e+00
6.799406449291037461e+03 1.434075087049303571e-16 0.000000000000000000e+00
6.803627995953787831e+03 1.380533075662175179e-16 0.000000000000000000e+00
6.807849542616538201e+03 1.411397632771141798e-16 0.000000000000000000e+00
6.812071089279288572e+03 1.422724977904993955e-16 0.000000000000000000e+00
6.816292635942039851e+03 1.455672706668614119e-16 0.000000000000000000e+00
6.820514182604789312e+03 1.412725224567064905e-16 0.000000000000000000e+00
6.824735729267540592e+03 1.408983985918161068e-16 0.000000000000000000e+00
6.828957275930290962e+03 1.379767437287196096e-16 0.000000000000000000e+00
6.833178822593041332e+03 1.425789251940584395e-16 0.000000000000000000e+00
6.837400369255791702e+03 1.376777410983388416e-16 0.000000000000000000e+00
6.841621915918542072e+03 1.404869523376873304e-16 0.000000000000000000e+00
6.845843462581292442e+03 1.425977981469144494e-16 0.000000000000000000e+00
6.850065009244042812e+03 1.451948938074247401e-16 0.000000000000000000e+00
6.854286555906793183e+03 1.483910667547704357e-16 0.000000000000000000e+00
6.858508102569543553e+03 1.447483883302135162e-16 0.000000000000000000e+00
6.862729649232293923e+03 1.327583722640328780e-16 0.000000000000000000e+00
6.866951195895044293e+03 1.190982057492137721e-16 0.000000000000000000e+00
6.871172742557794663e+03 1.104376975276774771e-16 0.000000000000000000e+00
6.875394289220545033e+03 1.088074635066783684e-16 0.000000000000000000e+00
6.879615835883295404e+03 1.123989956995999091e-16 0.000000000000000000e+00
6.883837382546045774e+03 1.146768658181137354e-16 0.000000000000000000e+00
6.888058929208796144e+03 1.161116205167543125e-16 0.000000000000000000e+00
6.892280475871546514e+03 1.167007319315696784e-16 0.000000000000000000e+00
6.896502022534296884e+03 1.174705128270564264e-16 0.000000000000000000e+00
6.900723569197047254e+03 1.139871295361425188e-16 0.000000000000000000e+00
6.904945115859797625e+03 1.151645715072750005e-16 0.000000000000000000e+00
6.909166662522547995e+03 1.199741436957931255e-16 0.000000000000000000e+00
6.913388209185299274e+03 1.169073815009201260e-16 0.000000000000000000e+00
6.917609755848048735e+03 1.207760456688265326e-16 0.000000000000000000e+00
6.921831302510800015e+03 1.206881792354386998e-16 0.000000000000000000e+00
6.926052849173550385e+03 1.180615035962235128e-16 0.000000000000000000e+00
6.930274395836300755e+03 1.244323560298783260e-16 0.000000000000000000e+00
6.934495942499051125e+03 1.256223843812114146e-16 0.000000000000000000e+00
6.938717489161801495e+03 1.237908609212312020e-16 0.000000000000000000e+00
6.942939035824551866e+03 1.294894603623417194e-16 0.000000000000000000e+00
6.947160582487302236e+03 1.311354836068732402e-16 0.000000000000000000e+00
6.951382129150052606e+03 1.370208802826329325e-16 0.000000000000000000e+00
6.955603675812802976e+03 1.366943623163562006e-16 0.000000000000000000e+00
6.959825222475553346e+03 1.372704108949381291e-16 0.000000000000000000e+00
6.964046769138303716e+03 1.414872717786150574e-16 0.000000000000000000e+00
6.968268315801054086e+03 1.445211452723329485e-16 0.000000000000000000e+00
6.972489862463804457e+03 1.412274047173753982e-16 0.000000000000000000e+00
6.976711409126554827e+03 1.420594822391547398e-16 0.000000000000000000e+00
6.980932955789305197e+03 1.396420634425807675e-16 0.000000000000000000e+00
6.985154502452055567e+03 1.408257125770298471e-16 0.000000000000000000e+00
6.989376049114805937e+03 1.389322763025612655e-16 0.000000000000000000e+00
6.993597595777556307e+03 1.391808010632415975e-16 0.000000000000000000e+00
6.997819142440306678e+03 1.372535099406624456e-16 0.000000000000000000e+00
7.002040689103057048e+03 1.487051968641935735e-16 0.000000000000000000e+00
7.006262235765807418e+03 1.487062556553776413e-16 0.000000000000000000e+00
7.010483782428558698e+03 1.536972517132857968e-16 0.000000000000000000e+00
7.014705329091308158e+03 1.618556480681126032e-16 0.000000000000000000e+00
7.018926875754059438e+03 1.673430451377811812e-16 0.000000000000000000e+00
7.023148422416809808e+03 1.769011502030559181e-16 0.000000000000000000e+00
7.027369969079560178e+03 1.838573288730430545e-16 0.000000000000000000e+00
7.031591515742310548e+03 1.809517676359443891e-16 0.000000000000000000e+00
7.035813062405060919e+03 1.884298509503381830e-16 0.000000000000000000e+00
7.040034609067811289e+03 1.857130589464690189e-16 0.000000000000000000e+00
7.044256155730561659e+03 1.909661322922135752e-16 0.000000000000000000e+00
7.048477702393312029e+03 1.934217072760833936e-16 0.000000000000000000e+00
7.052699249056062399e+03 1.902950042653023515e-16 0.000000000000000000e+00
7.056920795718812769e+03 1.894775910014223500e-16 0.000000000000000000e+00
7.061142342381563139e+03 1.964877812566867489e-16 0.000000000000000000e+00
7.065363889044313510e+03 1.924044471762105806e-16 0.000000000000000000e+00
7.069585435707063880e+03 1.933870053950255690e-16 0.000000000000000000e+00
7.073806982369814250e+03 2.024424758154436837e-16 0.000000000000000000e+00
7.078028529032564620e+03 2.104284215561654349e-16 0.000000000000000000e+00
7.082250075695314990e+03 2.110360353469223869e-16 0.000000000000000000e+00
7.086471622358065360e+03 2.131922635932766152e-16 0.000000000000000000e+00
7.090693169020815731e+03 2.103312906999170082e-16 0.000000000000000000e+00
7.094914715683566101e+03 2.119650981411623459e-16 0.000000000000000000e+00
7.099136262346317380e+03 2.142321421198190782e-16 0.000000000000000000e+00
7.103357809009066841e+03 2.016682479969838506e-16 0.000000000000000000e+00
7.107579355671818121e+03 2.048987522484729470e-16 0.000000000000000000e+00
7.111800902334567581e+03 2.159919589468582940e-16 0.000000000000000000e+00
7.116022448997318861e+03 2.237990748565909811e-16 0.000000000000000000e+00
7.120243995660069231e+03 2.280316455544615165e-16 0.000000000000000000e+00
7.124465542322819601e+03 2.291367588528323614e-16 0.000000000000000000e+00
7.128687088985569972e+03 2.325490310808463103e-16 0.000000000000000000e+00
7.132908635648320342e+03 2.321242175880186770e-16 0.000000000000000000e+00
7.137130182311070712e+03 2.335706851641330050e-16 0.000000000000000000e+00
7.141351728973821082e+03 2.343059362321293394e-16 0.000000000000000000e+00
7.145573275636571452e+03 2.347778129930887898e-16 0.000000000000000000e+00
7.149794822299321822e+03 2.346821512096082573e-16 0.000000000000000000e+00
7.154016368962072193e+03 2.279785471765805125e-16 0.000000000000000000e+00
7.158237915624822563e+03 2.284661734564029725e-16 0.000000000000000000e+00
7.162459462287572933e+03 2.269135091245266366e-16 0.000000000000000000e+00
7.166681008950323303e+03 2.282240014428270477e-16 0.000000000000000000e+00
7.170902555613073673e+03 2.124338514681287961e-16 0.000000000000000000e+00
7.175124102275824043e+03 2.110395690624992135e-16 0.000000000000000000e+00
7.179345648938574413e+03 2.183982074964403502e-16 0.000000000000000000e+00
7.183567195601324784e+03 2.111364749256210258e-16 0.000000000000000000e+00
7.187788742264075154e+03 2.178215368780377819e-16 0.000000000000000000e+00
7.192010288926825524e+03 2.245106884114030001e-16 0.000000000000000000e+00
7.196231835589576804e+03 2.220466960376198421e-16 0.000000000000000000e+00
7.200453382252326264e+03 2.289123480613691752e-16 0.000000000000000000e+00
7.204674928915077544e+03 2.436710766041077060e-16 0.000000000000000000e+00
7.208896475577827005e+03 2.524049127325856019e-16 0.000000000000000000e+00
7.213118022240578284e+03 2.576407939564788561e-16 0.000000000000000000e+00
7.217339568903328654e+03 2.677273417017218696e-16 0.000000000000000000e+00
7.221561115566079025e+03 2.782026246301954036e-16 0.000000000000000000e+00
7.225782662228829395e+03 2.798249838917630074e-16 0.000000000000000000e+00
7.230004208891579765e+03 2.801429388843385904e-16 0.000000000000000000e+00
7.234225755554330135e+03 2.822954878313281828e-16 0.000000000000000000e+00
7.238447302217080505e+03 2.873420042519508975e-16 0.000000000000000000e+00
7.242668848879830875e+03 2.968526490023997919e-16 0.000000000000000000e+00
7.246890395542581246e+03 2.966480111362990732e-16 0.000000000000000000e+00
7.251111942205331616e+03 3.053446836942161867e-16 0.000000000000000000e+00
7.255333488868081986e+03 3.032629149378815317e-16 0.000000000000000000e+00
7.259555035530832356e+03 3.023685540246993974e-16 0.000000000000000000e+00
7.263776582193582726e+03 3.029543302472849494e-16 0.000000000000000000e+00
7.267998128856333096e+03 2.969207292755353562e-16 0.000000000000000000e+00
7.272219675519083466e+03 2.929402567585913820e-16 0.000000000000000000e+00
7.276441222181833837e+03 3.093074214588270240e-16 0.000000000000000000e+00
7.280662768844584207e+03 3.160091726072826500e-16 0.000000000000000000e+00
7.284884315507334577e+03 3.155508483734792684e-16 0.000000000000000000e+00
7.289105862170084947e+03 3.337422838140842582e-16 0.000000000000000000e+00
7.293327408832836227e+03 3.472158251478216001e-16 0.000000000000000000e+00
7.297548955495585687e+03 3.599521566498720820e-16 0.000000000000000000e+00
7.301770502158336967e+03 3.784795994727410120e-16 0.000000000000000000e+00
7.305992048821086428e+03 3.935495332142566931e-16 0.000000000000000000e+00
7.310213595483837707e+03 4.062620948542248513e-16 0.000000000000000000e+00
7.314435142146588078e+03 4.228467352636680349e-16 0.000000000000000000e+00
7.318656688809338448e+03 4.443638602832098231e-16 0.000000000000000000e+00
7.322878235472088818e+03 4.748159123468635983e-16 0.000000000000000000e+00
7.327099782134839188e+03 4.849877721917628809e-16 0.000000000000000000e+00
7.331321328797589558e+03 5.132576026854935615e-16 0.000000000000000000e+00
7.335542875460339928e+03 5.283520474429204139e-16 0.000000000000000000e+00
7.339764422123090299e+03 5.156859402661532338e-16 0.000000000000000000e+00
7.343985968785840669e+03 5.197309990453253484e-16 0.000000000000000000e+00
7.348207515448591039e+03 5.275760593841170680e-16 0.000000000000000000e+00
7.352429062111341409e+03 5.255919376447330729e-16 0.000000000000000000e+00
7.356650608774091779e+03 5.226674505152191941e-16 0.000000000000000000e+00
7.360872155436842149e+03 5.337087896804750160e-16 0.000000000000000000e+00
7.365093702099592520e+03 5.450024387848942126e-16 0.000000000000000000e+00
7.369315248762342890e+03 5.572352886091408181e-16 0.000000000000000000e+00
7.373536795425093260e+03 5.657364289051401967e-16 0.000000000000000000e+00
7.377758342087843630e+03 5.549410998715025457e-16 0.000000000000000000e+00
7.381979888750594000e+03 5.438149515324028870e-16 0.000000000000000000e+00
7.386201435413344370e+03 5.424718749154127870e-16 0.000000000000000000e+00
7.390422982076095650e+03 5.460630828535342068e-16 0.000000000000000000e+00
7.394644528738845111e+03 5.553161766484585905e-16 0.000000000000000000e+00
7.398866075401596390e+03 5.612530835153231850e-16 0.000000000000000000e+00
7.403087622064345851e+03 5.529143088474006151e-16 0.000000000000000000e+00
7.407309168727097131e+03 5.316415528331416927e-16 0.000000000000000000e+00
7.411530715389847501e+03 4.973005078108474076e-16 0.000000000000000000e+00
7.415752262052597871e+03 4.614007104073683963e-16 0.000000000000000000e+00
7.419973808715348241e+03 4.274020519842220605e-16 0.000000000000000000e+00
7.424195355378098611e+03 3.910060520923296394e-16 0.000000000000000000e+00
7.428416902040848981e+03 3.695431636511917282e-16 0.000000000000000000e+00
7.432638448703599352e+03 3.509718074639635831e-16 0.000000000000000000e+00
7.436859995366349722e+03 3.317530269374575338e-16 0.000000000000000000e+00
7.441081542029100092e+03 3.127555337684216705e-16 0.000000000000000000e+00
7.445303088691850462e+03 3.011837931595070465e-16 0.000000000000000000e+00
7.449524635354600832e+03 3.001507306012120204e-16 0.000000000000000000e+00
7.453746182017351202e+03 2.931444975779980752e-16 0.000000000000000000e+00
7.457967728680101573e+03 3.006015638873881218e-16 0.000000000000000000e+00
7.462189275342851943e+03 3.045418023393375168e-16 0.000000000000000000e+00
7.466410822005602313e+03 3.035941577598171666e-16 0.000000000000000000e+00
7.470632368668352683e+03 3.034734290950538271e-16 0.000000000000000000e+00
7.474853915331103053e+03 3.034593471723057243e-16 0.000000000000000000e+00
7.479075461993854333e+03 3.046831774321901798e-16 0.000000000000000000e+00
7.483297008656603793e+03 3.106828176767107959e-16 0.000000000000000000e+00
7.487518555319355073e+03 2.976422689976980116e-16 0.000000000000000000e+00
7.491740101982104534e+03 2.962754489884051896e-16 0.000000000000000000e+00
7.495961648644855813e+03 2.956132015725503352e-16 0.000000000000000000e+00
7.500183195307605274e+03 2.886106213789214241e-16 0.000000000000000000e+00
7.504404741970356554e+03 2.710115531360228090e-16 0.000000000000000000e+00
7.508626288633106924e+03 2.607179587747353224e-16 0.000000000000000000e+00
7.512847835295857294e+03 2.590232311357366793e-16 0.000000000000000000e+00
7.517069381958607664e+03 2.527713603613914936e-16 0.000000000000000000e+00
7.521290928621358034e+03 2.495552556700057203e-16 0.000000000000000000e+00
7.525512475284108405e+03 2.407940762591992715e-16 0.000000000000000000e+00
7.529734021946858775e+03 2.374435315572164798e-16 0.000000000000000000e+00
7.533955568609609145e+03 2.391997220244502630e-16 0.000000000000000000e+00
7.538177115272359515e+03 2.325769302285464989e-16 0.000000000000000000e+00
7.542398661935109885e+03 2.334874641770652700e-16 0.000000000000000000e+00
7.546620208597860255e+03 2.414031194180547152e-16 0.000000000000000000e+00
7.550841755260610626e+03 2.366336092409637585e-16 0.000000000000000000e+00
7.555063301923360996e+03 2.283933021531595010e-16 0.000000000000000000e+00
7.559284848586111366e+03 2.252420748915774868e-16 0.000000000000000000e+00
7.563506395248861736e+03 2.115451153831120223e-16 0.000000000000000000e+00
7.567727941911612106e+03 1.996635195341799345e-16 0.000000000000000000e+00
7.571949488574362476e+03 2.011536754815268632e-16 0.000000000000000000e+00
7.576171035237113756e+03 1.960661573723011201e-16 0.000000000000000000e+00
7.580392581899863217e+03 1.919488757994857755e-16 0.000000000000000000e+00
7.584614128562614496e+03 1.806528841195718287e-16 0.000000000000000000e+00
7.588835675225363957e+03 1.629897590100371071e-16 0.000000000000000000e+00
7.593057221888115237e+03 1.218671299840084783e-16 0.000000000000000000e+00
7.597278768550864697e+03 8.712258625891082628e-17 0.000000000000000000e+00
7.601500315213615977e+03 5.350241590556670398e-17 0.000000000000000000e+00
7.605721861876366347e+03 4.480030049921899160e-17 0.000000000000000000e+00
7.609943408539116717e+03 6.064513042112944859e-17 0.000000000000000000e+00
7.614164955201867087e+03 7.689850153885739573e-17 0.000000000000000000e+00
7.618386501864617458e+03 8.613107463714556392e-17 0.000000000000000000e+00
7.622608048527367828e+03 9.403596991272691928e-17 0.000000000000000000e+00
7.626829595190118198e+03 8.579214234423563614e-17 0.000000000000000000e+00
7.631051141852868568e+03 7.819680452365122543e-17 0.000000000000000000e+00
7.635272688515618938e+03 7.770877457968983952e-17 0.000000000000000000e+00
7.639494235178369308e+03 8.444250122190431534e-17 0.000000000000000000e+00
7.643715781841119679e+03 9.613745865486483843e-17 0.000000000000000000e+00
7.647937328503870049e+03 1.029089642900158361e-16 0.000000000000000000e+00
7.652158875166620419e+03 1.160264275311062511e-16 0.000000000000000000e+00
7.656380421829370789e+03 1.243797341080301526e-16 0.000000000000000000e+00
7.660601968492121159e+03 1.335007039980726663e-16 0.000000000000000000e+00
7.664823515154871529e+03 1.427497082120485878e-16 0.000000000000000000e+00
7.669045061817621900e+03 1.513975837312699730e-16 0.000000000000000000e+00
7.673266608480373179e+03 1.690520135182055372e-16 0.000000000000000000e+00
7.677488155143122640e+03 1.834769449052768694e-16 0.000000000000000000e+00
7.681709701805873920e+03 1.988137469647368585e-16 0.000000000000000000e+00
7.685931248468623380e+03 2.127354746066901321e-16 0.000000000000000000e+00
7.690152795131374660e+03 2.275518013898419553e-16 0.000000000000000000e+00
7.694374341794124120e+03 2.328629891367020371e-16 0.000000000000000000e+00
7.698595888456875400e+03 2.425902890331908205e-16 0.000000000000000000e+00
7.702817435119625770e+03 2.543620882363350696e-16 0.000000000000000000e+00
7.707038981782376140e+03 2.511151727214929212e-16 0.000000000000000000e+00
7.711260528445126511e+03 2.428338639450856352e-16 0.000000000000000000e+00
7.715482075107876881e+03 2.365590703416053800e-16 0.000000000000000000e+00
7.719703621770627251e+03 2.443134716852612878e-16 0.000000000000000000e+00
7.723925168433377621e+03 2.575297267612701359e-16 0.000000000000000000e+00
7.728146715096127991e+03 2.661817448009991868e-16 0.000000000000000000e+00
7.732368261758878361e+03 2.777259303693484444e-16 0.000000000000000000e+00
7.736589808421628732e+03 2.875993434492385946e-16 0.000000000000000000e+00
7.740811355084379102e+03 2.890956006807837144e-16 0.000000000000000000e+00
7.745032901747129472e+03 2.887340764309837384e-16 0.000000000000000000e+00
7.749254448409879842e+03 2.814871537018515633e-16 0.000000000000000000e+00
7.753475995072630212e+03 2.681118152504365169e-16 0.000000000000000000e+00
7.757697541735380582e+03 2.720930024514297369e-16 0.000000000000000000e+00
7.761919088398130953e+03 2.790230025093907952e-16 0.000000000000000000e+00
7.766140635060881323e+03 2.738537457207550121e-16 0.000000000000000000e+00
7.770362181723632602e+03 2.884579701599584382e-16 0.000000000000000000e+00
7.774583728386382063e+03 3.079278165459865824e-16 0.000000000000000000e+00
7.778805275049133343e+03 3.482867130211674510e-16 0.000000000000000000e+00
7.783026821711882803e+03 3.920507878234290138e-16 0.000000000000000000e+00
7.787248368374634083e+03 4.497317727677563413e-16 0.000000000000000000e+00
7.791469915037384453e+03 4.972221043236671814e-16 0.000000000000000000e+00
7.795691461700134823e+03 5.456253785780405471e-16 0.000000000000000000e+00
7.799913008362885193e+03 5.687504368292670143e-16 0.000000000000000000e+00
7.804134555025635564e+03 6.005212133126773284e-16 0.000000000000000000e+00
7.808356101688385934e+03 6.244676288249444499e-16 0.000000000000000000e+00
7.812577648351136304e+03 6.398207892081982876e-16 0.000000000000000000e+00
7.816799195013886674e+03 6.549653677281907539e-16 0.000000000000000000e+00
7.821020741676637044e+03 6.444996933297126359e-16 0.000000000000000000e+00
7.825242288339387414e+03 6.143211799684627963e-16 0.000000000000000000e+00
7.829463835002137785e+03 5.951568477785974375e-16 0.000000000000000000e+00
7.833685381664888155e+03 5.718868410142720782e-16 0.000000000000000000e+00
7.837906928327638525e+03 5.279243487441161956e-16 0.000000000000000000e+00
7.842128474990388895e+03 5.026573559275204165e-16 0.000000000000000000e+00
7.846350021653139265e+03 4.972516445977026751e-16 0.000000000000000000e+00
7.850571568315889635e+03 4.879882275887336297e-16 0.000000000000000000e+00
7.854793114978640006e+03 4.605051318843245839e-16 0.000000000000000000e+00
7.859014661641390376e+03 4.617557230913863549e-16 0.000000000000000000e+00
7.863236208304140746e+03 4.318001911535012099e-16 0.000000000000000000e+00
7.867457754966892026e+03 4.034584952081519222e-16 0.000000000000000000e+00
7.871679301629641486e+03 3.682050368829871455e-16 0.000000000000000000e+00
7.875900848292392766e+03 3.468919409246152370e-16 0.000000000000000000e+00
7.880122394955142227e+03 3.312845118385074989e-16 0.000000000000000000e+00
7.884343941617893506e+03 3.051442809928517396e-16 0.000000000000000000e+00
7.888565488280643876e+03 2.932880961323372808e-16 0.000000000000000000e+00
7.892787034943394247e+03 2.927644709522565130e-16 0.000000000000000000e+00
7.897008581606144617e+03 2.931525179212173893e-16 0.000000000000000000e+00
7.901230128268894987e+03 2.913918275914513176e-16 0.000000000000000000e+00
7.905451674931645357e+03 3.063220803060088442e-16 0.000000000000000000e+00
7.909673221594395727e+03 3.018140650816030510e-16 0.000000000000000000e+00
7.913894768257146097e+03 3.003404659813969837e-16 0.000000000000000000e+00
7.918116314919896467e+03 3.079463718614873719e-16 0.000000000000000000e+00
7.922337861582646838e+03 3.008924667652107705e-16 0.000000000000000000e+00
7.926559408245397208e+03 3.118760224015960881e-16 0.000000000000000000e+00
7.930780954908147578e+03 3.081720002628122361e-16 0.000000000000000000e+00
7.935002501570897948e+03 3.020427904471413138e-16 0.000000000000000000e+00
7.939224048233648318e+03 2.892318406363936483e-16 0.000000000000000000e+00
7.943445594896398688e+03 2.788191852064577292e-16 0.000000000000000000e+00
7.947667141559149059e+03 2.739048588651658888e-16 0.000000000000000000e+00
7.951888688221899429e+03 2.661375932086235564e-16 0.000000000000000000e+00
7.956110234884649799e+03 2.547399972797084961e-16 0.000000000000000000e+00
7.960331781547400169e+03 2.467349535930041205e-16 0.000000000000000000e+00
7.964553328210151449e+03 2.312267067710639407e-16 0.000000000000000000e+00
7.968774874872900909e+03 2.270303467316885267e-16 0.000000000000000000e+00
7.972996421535652189e+03 2.444342797593634323e-16 0.000000000000000000e+00
7.977217968198401650e+03 2.385636002810622835e-16 0.000000000000000000e+00
7.981439514861152929e+03 2.269566283954978008e-16 0.000000000000000000e+00
7.985661061523903300e+03 2.174322061247662232e-16 0.000000000000000000e+00
7.989882608186653670e+03 2.138060183729011609e-16 0.000000000000000000e+00
7.994104154849404040e+03 2.179419346705561002e-16 0.000000000000000000e+00
7.998325701512154410e+03 2.080150658707603231e-16 0.000000000000000000e+00
8.002547248174904780e+03 1.999278335183926787e-16 0.000000000000000000e+00
8.006768794837655150e+03 1.937480796585723162e-16 0.000000000000000000e+00
8.010990341500405520e+03 1.922608618567611758e-16 0.000000000000000000e+00
8.015211888163155891e+03 1.858098589304724244e-16 0.000000000000000000e+00
8.019433434825906261e+03 1.817849304186874002e-16 0.000000000000000000e+00
8.023654981488656631e+03 1.817856980422958495e-16 0.000000000000000000e+00
8.027876528151407001e+03 1.784682405648151788e-16 0.000000000000000000e+00
8.032098074814157371e+03 1.800527877462217586e-16 0.000000000000000000e+00
8.036319621476907741e+03 1.839160388441996182e-16 0.000000000000000000e+00
8.040541168139658112e+03 1.698219664672596962e-16 0.000000000000000000e+00
8.044762714802408482e+03 1.572317613835003819e-16 0.000000000000000000e+00
8.048984261465158852e+03 1.560003210619804385e-16 0.000000000000000000e+00
8.053205808127910132e+03 1.487040454287808997e-16 0.000000000000000000e+00
8.057427354790659592e+03 1.515876235139203558e-16 0.000000000000000000e+00
8.061648901453410872e+03 1.570005478586795596e-16 0.000000000000000000e+00
8.065870448116160333e+03 1.582123608386248447e-16 0.000000000000000000e+00
8.070091994778911612e+03 1.501903897278651840e-16 0.000000000000000000e+00
8.074313541441661073e+03 1.447072542927124793e-16 0.000000000000000000e+00
8.078535088104412353e+03 1.545643884581475859e-16 0.000000000000000000e+00
8.082756634767161813e+03 1.499215626462303504e-16 0.000000000000000000e+00
8.086978181429913093e+03 1.506002874998872611e-16 0.000000000000000000e+00
8.091199728092663463e+03 1.512034146630017255e-16 0.000000000000000000e+00
8.095421274755413833e+03 1.428127592270598298e-16 0.000000000000000000e+00
8.099642821418164203e+03 1.501460660819221426e-16 0.000000000000000000e+00
8.103864368080914574e+03 1.495129221887393539e-16 0.000000000000000000e+00
8.108085914743664944e+03 1.457697512459245922e-16 0.000000000000000000e+00
8.112307461406415314e+03 1.476582641413872582e-16 0.000000000000000000e+00
8.116529008069165684e+03 1.462856737201412662e-16 0.000000000000000000e+00
8.120750554731916054e+03 1.456674720175436355e-16 0.000000000000000000e+00
8.124972101394666424e+03 1.452046346863181646e-16 0.000000000000000000e+00
8.129193648057416794e+03 1.412169226846531262e-16 0.000000000000000000e+00
8.133415194720167165e+03 1.359188110089162827e-16 0.000000000000000000e+00
8.137636741382917535e+03 1.421028265032525184e-16 0.000000000000000000e+00
8.141858288045668814e+03 1.508084458466750055e-16 0.000000000000000000e+00
8.146079834708418275e+03 1.454250485410614946e-16 0.000000000000000000e+00
8.150301381371169555e+03 1.319700757577147430e-16 0.000000000000000000e+00
8.154522928033919015e+03 1.319503690068012797e-16 0.000000000000000000e+00
8.158744474696670295e+03 1.332216728164013785e-16 0.000000000000000000e+00
8.162966021359419756e+03 1.280377782396458571e-16 0.000000000000000000e+00
8.167187568022171035e+03 1.199207806201161046e-16 0.000000000000000000e+00
8.171409114684920496e+03 1.199439416772675893e-16 0.000000000000000000e+00
8.175630661347671776e+03 1.259147033922427541e-16 0.000000000000000000e+00
8.179852208010421236e+03 1.243795620544627415e-16 0.000000000000000000e+00
8.184073754673172516e+03 1.242808297765484122e-16 0.000000000000000000e+00
8.188295301335922886e+03 1.245910555934802997e-16 0.000000000000000000e+00
8.192516847998673256e+03 1.322772575499924354e-16 0.000000000000000000e+00
8.196738394661424536e+03 1.294848810904706258e-16 0.000000000000000000e+00
8.200959941324173997e+03 1.307557084440378941e-16 0.000000000000000000e+00
8.205181487986923457e+03 1.375487538623397727e-16 0.000000000000000000e+00
8.209403034649674737e+03 1.450862883017189778e-16 0.000000000000000000e+00
8.213624581312426017e+03 1.472159011846836999e-16 0.000000000000000000e+00
8.217846127975175477e+03 1.451937291371222655e-16 0.000000000000000000e+00
8.222067674637924938e+03 1.470242070408082110e-16 0.000000000000000000e+00
8.226289221300676218e+03 1.494912831439149667e-16 0.000000000000000000e+00
8.230510767963427497e+03 1.543857306807259328e-16 0.000000000000000000e+00
8.234732314626176958e+03 1.711141549329655339e-16 0.000000000000000000e+00
8.238953861288928238e+03 1.803750176082030156e-16 0.000000000000000000e+00
8.243175407951677698e+03 1.922450991030083653e-16 0.000000000000000000e+00
8.247396954614428978e+03 1.925948575357753871e-16 0.000000000000000000e+00
8.251618501277178439e+03 2.082362076444426997e-16 0.000000000000000000e+00
8.255840047939929718e+03 2.056737212207616276e-16 0.000000000000000000e+00
8.260061594602679179e+03 2.050325966890289273e-16 0.000000000000000000e+00
8.264283141265430459e+03 2.045545921740916841e-16 0.000000000000000000e+00
8.268504687928179919e+03 2.052446593283079219e-16 0.000000000000000000e+00
8.272726234590931199e+03 1.968377911523599868e-16 0.000000000000000000e+00
8.276947781253680660e+03 2.007322765902678488e-16 0.000000000000000000e+00
8.281169327916431939e+03 1.955276561760841986e-16 0.000000000000000000e+00
8.285390874579181400e+03 1.772264637943607728e-16 0.000000000000000000e+00
8.289612421241932680e+03 1.802965744163533869e-16 0.000000000000000000e+00
8.293833967904683959e+03 1.787366705997559869e-16 0.000000000000000000e+00
8.298055514567433420e+03 1.738420113047082073e-16 0.000000000000000000e+00
8.302277061230182881e+03 1.695710991310846140e-16 0.000000000000000000e+00
8.306498607892934160e+03 1.582250928026132609e-16 0.000000000000000000e+00
8.310720154555685440e+03 1.433012325398295441e-16 0.000000000000000000e+00
8.314941701218434901e+03 1.407671746594406944e-16 0.000000000000000000e+00
8.319163247881184361e+03 1.290198732373178158e-16 0.000000000000000000e+00
8.323384794543935641e+03 1.257662608682364380e-16 0.000000000000000000e+00
8.327606341206686920e+03 1.173598823832111343e-16 0.000000000000000000e+00
8.331827887869436381e+03 1.104482788220732554e-16 0.000000000000000000e+00
8.336049434532187661e+03 1.121834125796338888e-16 0.000000000000000000e+00
8.340270981194937121e+03 1.069553796453925378e-16 0.000000000000000000e+00
8.344492527857688401e+03 9.059732054933987942e-17 0.000000000000000000e+00
8.348714074520437862e+03 8.649324077910088113e-17 0.000000000000000000e+00
8.352935621183189141e+03 8.514157471863003051e-17 0.000000000000000000e+00
8.357157167845938602e+03 8.128328008688258865e-17 0.000000000000000000e+00
8.361378714508689882e+03 8.381160725998767092e-17 0.000000000000000000e+00
8.365600261171439342e+03 7.694079362921600693e-17 0.000000000000000000e+00
8.369821807834190622e+03 7.791814391889436146e-17 0.000000000000000000e+00
8.374043354496940083e+03 7.717540852071564728e-17 0.000000000000000000e+00
8.378264901159691362e+03 6.757191440086890064e-17 0.000000000000000000e+00
8.382486447822440823e+03 7.961359947683205123e-17 0.000000000000000000e+00
8.386707994485192103e+03 9.196801176389944967e-17 0.000000000000000000e+00
8.390929541147943382e+03 7.749963023361193201e-17 0.000000000000000000e+00
8.395151087810692843e+03 7.692971602645269679e-17 0.000000000000000000e+00
8.399372634473442304e+03 8.706944155891551936e-17 0.000000000000000000e+00
8.403594181136193583e+03 9.659269254189972189e-17 0.000000000000000000e+00
8.407815727798944863e+03 1.160337464251661203e-16 0.000000000000000000e+00
8.412037274461694324e+03 1.247845364474789030e-16 0.000000000000000000e+00
8.416258821124443784e+03 1.289011430409144044e-16 0.000000000000000000e+00
8.420480367787195064e+03 1.416207191724770122e-16 0.000000000000000000e+00
8.424701914449946344e+03 1.510922680584542003e-16 0.000000000000000000e+00
8.428923461112695804e+03 1.598416419475582923e-16 0.000000000000000000e+00
8.433145007775447084e+03 1.820730936743212734e-16 0.000000000000000000e+00
8.437366554438196545e+03 1.935848934673278549e-16 0.000000000000000000e+00
8.441588101100947824e+03 1.910036399699091797e-16 0.000000000000000000e+00
8.445809647763697285e+03 2.140402362177067758e-16 0.000000000000000000e+00
8.450031194426448565e+03 2.440566618835656246e-16 0.000000000000000000e+00
8.454252741089198025e+03 2.591862320385239287e-16 0.000000000000000000e+00
8.458474287751949305e+03 2.764961444090536071e-16 0.000000000000000000e+00
8.462695834414698766e+03 2.966389055321160895e-16 0.000000000000000000e+00
8.466917381077450045e+03 3.219741109707454415e-16 0.000000000000000000e+00
8.471138927740199506e+03 3.248140536242115003e-16 0.000000000000000000e+00
8.475360474402950786e+03 3.158096698784246606e-16 0.000000000000000000e+00
8.479582021065700246e+03 3.026547188119733424e-16 0.000000000000000000e+00
8.483803567728451526e+03 2.994255115796847291e-16 0.000000000000000000e+00
8.488025114391202806e+03 2.972268258068493790e-16 0.000000000000000000e+00
8.492246661053952266e+03 2.893057972006007894e-16 0.000000000000000000e+00
8.496468207716701727e+03 3.029901173893064436e-16 0.000000000000000000e+00
8.500689754379453007e+03 2.980685383284037383e-16 0.000000000000000000e+00
8.504911301042204286e+03 3.014214388407710811e-16 0.000000000000000000e+00
8.509132847704953747e+03 3.199983007421563792e-16 0.000000000000000000e+00
8.513354394367703208e+03 3.399728199460704762e-16 0.000000000000000000e+00
8.517575941030454487e+03 3.794251264698932265e-16 0.000000000000000000e+00
8.521797487693205767e+03 4.171121104525196081e-16 0.000000000000000000e+00
8.526019034355955228e+03 4.642850693510061025e-16 0.000000000000000000e+00
8.530240581018706507e+03 5.256882876424832495e-16 0.000000000000000000e+00
8.534462127681455968e+03 5.848619563981094678e-16 0.000000000000000000e+00
8.538683674344207247e+03 6.350644345115693742e-16 0.000000000000000000e+00
8.542905221006956708e+03 6.750785356376585392e-16 0.000000000000000000e+00
8.547126767669707988e+03 7.252081689176545758e-16 0.000000000000000000e+00
8.551348314332457448e+03 7.964785269512562708e-16 0.000000000000000000e+00
8.555569860995208728e+03 8.291591756386953137e-16 0.000000000000000000e+00
8.559791407657958189e+03 8.504629012950882215e-16 0.000000000000000000e+00
8.564012954320709468e+03 8.754155390091342484e-16 0.000000000000000000e+00
8.568234500983458929e+03 8.954265865088986871e-16 0.000000000000000000e+00
8.572456047646210209e+03 8.991144620821255040e-16 0.000000000000000000e+00
8.576677594308959669e+03 9.261544007364429405e-16 0.000000000000000000e+00
8.580899140971710949e+03 9.507660018101007048e-16 0.000000000000000000e+00
8.585120687634462229e+03 9.606074658660116068e-16 0.000000000000000000e+00
8.589342234297211689e+03 9.648685709862927715e-16 0.000000000000000000e+00
8.593563780959961150e+03 9.387919205512402880e-16 0.000000000000000000e+00
8.597785327622712430e+03 8.950844910773263566e-16 0.000000000000000000e+00
8.602006874285463709e+03 8.450975299093834662e-16 0.000000000000000000e+00
8.606228420948213170e+03 8.060894921663955964e-16 0.000000000000000000e+00
8.610449967610962631e+03 7.858127410189893244e-16 0.000000000000000000e+00
8.614671514273713910e+03 7.712089930358187288e-16 0.000000000000000000e+00
8.618893060936465190e+03 7.895323803277381775e-16 0.000000000000000000e+00
8.623114607599214651e+03 8.087508167471094047e-16 0.000000000000000000e+00
8.627336154261965930e+03 8.066864915755322680e-16 0.000000000000000000e+00
8.631557700924715391e+03 8.119745182652408650e-16 0.000000000000000000e+00
8.635779247587466671e+03 8.047833673617294653e-16 0.000000000000000000e+00
8.640000794250216131e+03 7.790939168626906039e-16 0.000000000000000000e+00
8.644222340912967411e+03 7.493749718148854256e-16 0.000000000000000000e+00
8.648443887575716872e+03 7.174147775886453686e-16 0.000000000000000000e+00
8.652665434238468151e+03 6.862568823821327442e-16 0.000000000000000000e+00
8.656886980901217612e+03 6.844073859418029794e-16 0.000000000000000000e+00
8.661108527563968892e+03 7.028338994950506392e-16 0.000000000000000000e+00
8.665330074226718352e+03 7.268612066537805463e-16 0.000000000000000000e+00
8.669551620889469632e+03 7.613272949149132475e-16 0.000000000000000000e+00
8.673773167552219093e+03 7.986395726974980080e-16 0.000000000000000000e+00
8.677994714214970372e+03 8.220743803096235321e-16 0.000000000000000000e+00
8.682216260877721652e+03 8.435607474452681484e-16 0.000000000000000000e+00
8.686437807540471113e+03 8.497599168884263556e-16 0.000000000000000000e+00
8.690659354203220573e+03 8.506625363728442194e-16 0.000000000000000000e+00
8.694880900865971853e+03 8.617903787778383867e-16 0.000000000000000000e+00
8.699102447528723133e+03 8.695826054365451193e-16 0.000000000000000000e+00
8.703323994191472593e+03 8.850037931533753181e-16 0.000000000000000000e+00
8.707545540854222054e+03 8.952490272273305044e-16 0.000000000000000000e+00
8.711767087516973334e+03 8.589609710966538032e-16 0.000000000000000000e+00
8.715988634179724613e+03 8.272025295305378799e-16 0.000000000000000000e+00
8.720210180842474074e+03 8.140463608542248836e-16 0.000000000000000000e+00
8.724431727505225354e+03 8.150345836058746352e-16 0.000000000000000000e+00
8.728653274167974814e+03 8.087241881488300976e-16 0.000000000000000000e+00
8.732874820830726094e+03 8.055086393228159600e-16 0.000000000000000000e+00
8.737096367493475555e+03 7.868386037972326889e-16 0.000000000000000000e+00
8.741317914156226834e+03 7.903815308573606136e-16 0.000000000000000000e+00
8.745539460818976295e+03 8.073401363130165709e-16 0.000000000000000000e+00
8.749761007481727574e+03 8.125193192690029903e-16 0.000000000000000000e+00
8.753982554144477035e+03 8.212057480222142471e-16 0.000000000000000000e+00
8.758204100807228315e+03 8.159346090518915327e-16 0.000000000000000000e+00
8.762425647469977775e+03 7.902536288823252143e-16 0.000000000000000000e+00
8.766647194132729055e+03 7.513738636912871676e-16 0.000000000000000000e+00
8.770868740795478516e+03 6.999802984353101047e-16 0.000000000000000000e+00
8.775090287458229795e+03 6.617802771844436341e-16 0.000000000000000000e+00
8.779311834120981075e+03 6.563707542063632484e-16 0.000000000000000000e+00
8.783533380783730536e+03 6.365301191476745342e-16 0.000000000000000000e+00
8.787754927446479996e+03 6.200070474455848975e-16 0.000000000000000000e+00
8.791976474109231276e+03 6.135553033654672986e-16 0.000000000000000000e+00
8.796198020771982556e+03 5.767690330431274586e-16 0.000000000000000000e+00
8.800419567434732016e+03 5.531439606552249373e-16 0.000000000000000000e+00
8.804641114097481477e+03 5.319666546662097338e-16 0.000000000000000000e+00
8.808862660760232757e+03 5.022939258535891183e-16 0.000000000000000000e+00
8.813084207422984036e+03 5.074300160083839752e-16 0.000000000000000000e+00
8.817305754085733497e+03 5.272353933206432291e-16 0.000000000000000000e+00
8.821527300748484777e+03 5.227000612836884847e-16 0.000000000000000000e+00
8.825748847411234237e+03 5.047879084876609988e-16 0.000000000000000000e+00
8.829970394073985517e+03 4.956422819979195045e-16 0.000000000000000000e+00
8.834191940736734978e+03 4.776329851107537910e-16 0.000000000000000000e+00
8.838413487399486257e+03 4.879805513526491376e-16 0.000000000000000000e+00
8.842635034062235718e+03 5.027284008159713709e-16 0.000000000000000000e+00
8.846856580724986998e+03 5.089006769630542541e-16 0.000000000000000000e+00
8.851078127387736458e+03 5.110753281760112635e-16 0.000000000000000000e+00
8.855299674050487738e+03 4.972942609428614071e-16 0.000000000000000000e+00
8.859521220713239018e+03 4.809899884389593969e-16 0.000000000000000000e+00
8.863742767375988478e+03 4.463735518296890574e-16 0.000000000000000000e+00
8.867964314038737939e+03 4.247883730067913066e-16 0.000000000000000000e+00
8.872185860701489219e+03 4.169398451268717647e-16 0.000000000000000000e+00
8.876407407364240498e+03 4.018744377176679738e-16 0.000000000000000000e+00
8.880628954026989959e+03 3.807365452304796970e-16 0.000000000000000000e+00
8.884850500689739420e+03 3.594574364691163672e-16 0.000000000000000000e+00
8.889072047352490699e+03 3.665000389695030440e-16 0.000000000000000000e+00
8.893293594015241979e+03 3.549285101188252335e-16 0.000000000000000000e+00
8.897515140677991440e+03 3.313068788022709328e-16 0.000000000000000000e+00
8.901736687340740900e+03 3.305806803988983788e-16 0.000000000000000000e+00
8.905958234003492180e+03 3.225409083613565769e-16 0.000000000000000000e+00
8.910179780666243460e+03 3.070471934484177287e-16 0.000000000000000000e+00
8.914401327328992920e+03 2.990106507239873338e-16 0.000000000000000000e+00
8.918622873991744200e+03 2.589989848176215250e-16 0.000000000000000000e+00
8.922844420654493661e+03 2.201277826002846273e-16 0.000000000000000000e+00
8.927065967317244940e+03 2.339411297296587530e-16 0.000000000000000000e+00
8.931287513979994401e+03 2.361564649938635704e-16 0.000000000000000000e+00
8.935509060642745681e+03 2.215147858165237432e-16 0.000000000000000000e+00
8.939730607305495141e+03 2.162755694004006753e-16 0.000000000000000000e+00
8.943952153968246421e+03 2.167829024311365986e-16 0.000000000000000000e+00
8.948173700630995882e+03 2.228939407431109561e-16 0.000000000000000000e+00
8.952395247293747161e+03 2.138425996083107060e-16 0.000000000000000000e+00
8.956616793956498441e+03 2.104707070290791457e-16 0.000000000000000000e+00
8.960838340619247901e+03 2.021128476500637524e-16 0.000000000000000000e+00
8.965059887281997362e+03 1.972732454965875023e-16 0.000000000000000000e+00
8.969281433944748642e+03 1.991570070666116637e-16 0.000000000000000000e+00
8.973502980607499921e+03 1.959458257542318060e-16 0.000000000000000000e+00
8.977724527270249382e+03 1.862577276013331357e-16 0.000000000000000000e+00
8.981946073932998843e+03 1.703382330486111922e-16 0.000000000000000000e+00
8.986167620595750122e+03 1.752875789083160776e-16 0.000000000000000000e+00
8.990389167258501402e+03 1.694491925611289990e-16 0.000000000000000000e+00
8.994610713921250863e+03 1.737167827774125793e-16 0.000000000000000000e+00
8.998832260584000323e+03 1.822930310730317728e-16 0.000000000000000000e+00
9.003053807246751603e+03 1.826556538186852193e-16 0.000000000000000000e+00
9.007275353909502883e+03 1.812578376974788102e-16 0.000000000000000000e+00
9.011496900572252343e+03 1.678081191653829954e-16 0.000000000000000000e+00
9.015718447235003623e+03 1.770737728707283843e-16 0.000000000000000000e+00
9.019939993897753084e+03 1.766359362463367161e-16 0.000000000000000000e+00
9.024161540560504363e+03 1.822098630255232412e-16 0.000000000000000000e+00
9.028383087223253824e+03 1.842267411171643362e-16 0.000000000000000000e+00
9.032604633886005104e+03 1.934435713140343952e-16 0.000000000000000000e+00
9.036826180548754564e+03 1.980367530543086481e-16 0.000000000000000000e+00
9.041047727211505844e+03 2.007791016303832506e-16 0.000000000000000000e+00
9.045269273874255305e+03 2.015710906709558222e-16 0.000000000000000000e+00
9.049490820537006584e+03 1.960219793101458880e-16 0.000000000000000000e+00
9.053712367199757864e+03 1.953713653624259794e-16 0.000000000000000000e+00
9.057933913862507325e+03 2.052800097189659881e-16 0.000000000000000000e+00
9.062155460525256785e+03 1.932586666686267416e-16 0.000000000000000000e+00
9.066377007188008065e+03 1.867102284836241440e-16 0.000000000000000000e+00
9.070598553850759345e+03 1.827243958363108261e-16 0.000000000000000000e+00
9.074820100513508805e+03 1.839640814941766980e-16 0.000000000000000000e+00
9.079041647176258266e+03 1.901115422228829904e-16 0.000000000000000000e+00
9.083263193839009546e+03 1.888536188868715493e-16 0.000000000000000000e+00
9.087484740501760825e+03 1.921907037059268782e-16 0.000000000000000000e+00
9.091706287164510286e+03 1.865499539681358693e-16 0.000000000000000000e+00
9.095927833827259747e+03 1.905213341157866607e-16 0.000000000000000000e+00
9.100149380490011026e+03 1.909546444078664387e-16 0.000000000000000000e+00
9.104370927152762306e+03 1.930925026271770894e-16 0.000000000000000000e+00
9.108592473815511767e+03 2.008505700353078322e-16 0.000000000000000000e+00
9.112814020478263046e+03 2.077510033494537950e-16 0.000000000000000000e+00
9.117035567141012507e+03 1.926748624446215159e-16 0.000000000000000000e+00
9.121257113803763787e+03 1.762180578357647274e-16 0.000000000000000000e+00
9.125478660466513247e+03 1.879515817376049228e-16 0.000000000000000000e+00
9.129700207129264527e+03 1.908236984081768443e-16 0.000000000000000000e+00
9.133921753792013988e+03 1.924828374285010059e-16 0.000000000000000000e+00
9.138143300454765267e+03 1.889003645176481460e-16 0.000000000000000000e+00
9.142364847117514728e+03 1.861614437780319633e-16 0.000000000000000000e+00
9.146586393780266008e+03 1.862047483374603394e-16 0.000000000000000000e+00
9.150807940443017287e+03 1.824630199976338702e-16 0.000000000000000000e+00
9.155029487105766748e+03 1.755577030091513943e-16 0.000000000000000000e+00
9.159251033768516209e+03 1.882452374725061481e-16 0.000000000000000000e+00
9.163472580431267488e+03 1.948232556362136420e-16 0.000000000000000000e+00
9.167694127094018768e+03 1.907001771816655257e-16 0.000000000000000000e+00
9.171915673756768228e+03 1.832565045807539377e-16 0.000000000000000000e+00
9.176137220419517689e+03 1.938713097175080160e-16 0.000000000000000000e+00
9.180358767082268969e+03 1.986092017428647458e-16 0.000000000000000000e+00
9.184580313745020248e+03 2.115578738168800402e-16 0.000000000000000000e+00
9.188801860407769709e+03 2.097273032689654887e-16 0.000000000000000000e+00
9.193023407070519170e+03 2.148762047970875669e-16 0.000000000000000000e+00
9.197244953733270449e+03 2.212973365770958033e-16 0.000000000000000000e+00
9.201466500396021729e+03 2.119842622615939745e-16 0.000000000000000000e+00
9.205688047058771190e+03 2.102160280446414191e-16 0.000000000000000000e+00
9.209909593721522469e+03 2.183680054779148141e-16 0.000000000000000000e+00
9.214131140384271930e+03 2.243419700362217842e-16 0.000000000000000000e+00
9.218352687047023210e+03 2.342577877030338528e-16 0.000000000000000000e+00
9.222574233709772670e+03 2.363503031898867967e-16 0.000000000000000000e+00
9.226795780372523950e+03 2.530722158763443804e-16 0.000000000000000000e+00
9.231017327035273411e+03 2.667975642234326648e-16 0.000000000000000000e+00
9.235238873698024690e+03 2.570556000690445413e-16 0.000000000000000000e+00
9.239460420360774151e+03 2.743982555569415187e-16 0.000000000000000000e+00
9.243681967023525431e+03 3.135917935153780802e-16 0.000000000000000000e+00
9.247903513686276710e+03 3.303643958297729135e-16 0.000000000000000000e+00
9.252125060349026171e+03 3.369990725567178396e-16 0.000000000000000000e+00
9.256346607011775632e+03 3.611911011539091065e-16 0.000000000000000000e+00
9.260568153674526911e+03 3.894089979400612578e-16 0.000000000000000000e+00
9.264789700337278191e+03 4.133580074907293456e-16 0.000000000000000000e+00
9.269011247000027652e+03 4.387268560192324543e-16 0.000000000000000000e+00
9.273232793662777112e+03 4.357392119955889268e-16 0.000000000000000000e+00
9.277454340325528392e+03 4.242228461656010526e-16 0.000000000000000000e+00
9.281675886988279672e+03 4.361081477836773780e-16 0.000000000000000000e+00
9.285897433651029132e+03 4.406429504250400885e-16 0.000000000000000000e+00
9.290118980313778593e+03 4.293730711827032157e-16 0.000000000000000000e+00
9.294340526976529873e+03 4.419268670846203959e-16 0.000000000000000000e+00
9.298562073639281152e+03 4.657753708821408406e-16 0.000000000000000000e+00
9.302783620302030613e+03 4.416073239052687111e-16 0.000000000000000000e+00
9.307005166964781893e+03 4.638357713120468996e-16 0.000000000000000000e+00
9.311226713627531353e+03 3.994587526916579126e-16 0.000000000000000000e+00
9.315448260290282633e+03 3.825331021116060680e-16 0.000000000000000000e+00
9.319669806953032094e+03 3.292414948395097282e-16 0.000000000000000000e+00
9.323891353615783373e+03 3.194519380213977537e-16 0.000000000000000000e+00
9.328112900278532834e+03 2.803479473273537328e-16 0.000000000000000000e+00
9.332334446941284114e+03 2.577464348468692283e-16 0.000000000000000000e+00
9.336555993604033574e+03 2.223022882294538273e-16 0.000000000000000000e+00
9.340777540266784854e+03 2.223306903029664480e-16 0.000000000000000000e+00
9.344999086929536134e+03 2.070244078993872154e-16 0.000000000000000000e+00
9.349220633592285594e+03 1.881766675084479523e-16 0.000000000000000000e+00
9.353442180255035055e+03 1.965345665921327482e-16 0.000000000000000000e+00
9.357663726917786335e+03 2.028066867478732320e-16 0.000000000000000000e+00
9.361885273580537614e+03 1.980703034999537989e-16 0.000000000000000000e+00
9.366106820243287075e+03 1.780402639333251427e-16 0.000000000000000000e+00
9.370328366906036536e+03 2.028128542065204274e-16 0.000000000000000000e+00
9.374549913568787815e+03 2.022005420298841742e-16 0.000000000000000000e+00
9.378771460231539095e+03 1.762723076490584052e-16 0.000000000000000000e+00
9.382993006894288555e+03 1.804041078959852805e-16 0.000000000000000000e+00
9.387214553557038016e+03 1.840745795891239817e-16 0.000000000000000000e+00
9.391436100219789296e+03 1.836413884110524113e-16 0.000000000000000000e+00
9.395657646882540575e+03 1.890918866079562238e-16 0.000000000000000000e+00
9.399879193545290036e+03 2.017959514486722373e-16 0.000000000000000000e+00
9.404100740208041316e+03 1.839354676624272637e-16 0.000000000000000000e+00
9.408322286870790776e+03 1.926192229678987491e-16 0.000000000000000000e+00
9.412543833533542056e+03 1.873997794771381487e-16 0.000000000000000000e+00
9.416765380196291517e+03 1.866137196671963571e-16 0.000000000000000000e+00
9.420986926859042796e+03 1.836632259792238112e-16 0.000000000000000000e+00
9.425208473521792257e+03 1.873372313879393390e-16 0.000000000000000000e+00
9.429430020184543537e+03 1.754266776001229947e-16 0.000000000000000000e+00
9.433651566847292997e+03 1.866331220156444010e-16 0.000000000000000000e+00
9.437873113510044277e+03 1.765994741249353787e-16 0.000000000000000000e+00
9.442094660172795557e+03 1.847188937292986864e-16 0.000000000000000000e+00
9.446316206835545017e+03 2.002889739563884302e-16 0.000000000000000000e+00
9.450537753498294478e+03 2.163164916796648986e-16 0.000000000000000000e+00
9.454759300161045758e+03 2.110894116574892087e-16 0.000000000000000000e+00
9.458980846823797037e+03 2.074029786872506843e-16 0.000000000000000000e+00
9.463202393486546498e+03 2.211919471496116472e-16 0.000000000000000000e+00
9.467423940149295959e+03 2.525245296666056702e-16 0.000000000000000000e+00
9.471645486812047238e+03 2.384106843643032806e-16 0.000000000000000000e+00
9.475867033474798518e+03 2.206981534111419918e-16 0.000000000000000000e+00
9.480088580137547979e+03 2.287208921455101017e-16 0.000000000000000000e+00
9.484310126800299258e+03 2.381289929697820223e-16 0.000000000000000000e+00
9.488531673463048719e+03 2.331047111640247331e-16 0.000000000000000000e+00
9.492753220125799999e+03 1.999327039578393909e-16 0.000000000000000000e+00
9.496974766788549459e+03 1.776646312909974622e-16 0.000000000000000000e+00
9.501196313451300739e+03 1.864263400973959449e-16 0.000000000000000000e+00
9.505417860114050200e+03 2.188487496150408329e-16 0.000000000000000000e+00
9.509639406776801479e+03 2.417845754118947690e-16 0.000000000000000000e+00
9.513860953439550940e+03 2.279549890727350023e-16 0.000000000000000000e+00
9.518082500102302220e+03 1.981661241021119416e-16 0.000000000000000000e+00
9.522304046765051680e+03 1.844158412226388588e-16 0.000000000000000000e+00
9.526525593427802960e+03 2.083541569823478610e-16 0.000000000000000000e+00
9.530747140090552421e+03 2.090637853036897528e-16 0.000000000000000000e+00
9.534968686753303700e+03 2.005525335518825261e-16 0.000000000000000000e+00
9.539190233416054980e+03 1.948942475851053930e-16 0.000000000000000000e+00
9.543411780078804441e+03 1.852246518081483088e-16 0.000000000000000000e+00
9.547633326741553901e+03 1.651841963832463849e-16 0.000000000000000000e+00
9.551854873404305181e+03 1.576424797186901116e-16 0.000000000000000000e+00
9.556076420067056461e+03 1.585889331581283855e-16 0.000000000000000000e+00
9.560297966729805921e+03 1.871802523600114756e-16 0.000000000000000000e+00
9.564519513392555382e+03 1.679065338059421045e-16 0.000000000000000000e+00
9.568741060055306662e+03 1.533534754507087585e-16 0.000000000000000000e+00
9.572962606718057941e+03 1.719966044453269047e-16 0.000000000000000000e+00
9.577184153380807402e+03 1.540177478047031426e-16 0.000000000000000000e+00
9.581405700043558682e+03 1.261502976655876572e-16 0.000000000000000000e+00
9.585627246706308142e+03 1.070641241174412090e-16 0.000000000000000000e+00
9.589848793369059422e+03 1.082274378437112850e-16 0.000000000000000000e+00
9.594070340031808882e+03 1.278540912040998815e-16 0.000000000000000000e+00
9.598291886694560162e+03 1.391372979804662087e-16 0.000000000000000000e+00
9.602513433357309623e+03 1.507779526605738506e-16 0.000000000000000000e+00
9.606734980020060902e+03 1.421141820387016464e-16 0.000000000000000000e+00
9.610956526682810363e+03 1.358839370742910471e-16 0.000000000000000000e+00
9.615178073345561643e+03 1.566426896733544185e-16 0.000000000000000000e+00
9.619399620008311103e+03 1.561189983188246465e-16 0.000000000000000000e+00
9.623621166671062383e+03 1.525137084579551239e-16 0.000000000000000000e+00
9.627842713333811844e+03 1.645305251759824803e-16 0.000000000000000000e+00
9.632064259996563123e+03 1.750843042358648464e-16 0.000000000000000000e+00
9.636285806659314403e+03 1.837126582926299802e-16 0.000000000000000000e+00
9.640507353322063864e+03 1.655188802765302403e-16 0.000000000000000000e+00
9.644728899984813324e+03 1.634228972485494741e-16 0.000000000000000000e+00
9.648950446647564604e+03 1.750373997864106395e-16 0.000000000000000000e+00
9.653171993310315884e+03 1.656007910095076913e-16 0.000000000000000000e+00
9.657393539973065344e+03 1.765162134331982411e-16 0.000000000000000000e+00
9.661615086635814805e+03 1.670907881381770098e-16 0.000000000000000000e+00
9.665836633298566085e+03 1.814602521020929862e-16 0.000000000000000000e+00
9.670058179961317364e+03 1.898715407312344047e-16 0.000000000000000000e+00
9.674279726624066825e+03 1.736882880596713526e-16 0.000000000000000000e+00
9.678501273286818105e+03 1.933031491332473932e-16 0.000000000000000000e+00
9.682722819949567565e+03 2.111042876736253624e-16 0.000000000000000000e+00
9.686944366612318845e+03 1.664702173903050272e-16 0.000000000000000000e+00
9.691165913275068306e+03 1.840876688951370208e-16 0.000000000000000000e+00
9.695387459937819585e+03 1.554705019534728737e-16 0.000000000000000000e+00
9.699609006600569046e+03 1.341040826240933468e-16 0.000000000000000000e+00
9.703830553263320326e+03 1.777323674569982045e-16 0.000000000000000000e+00
9.708052099926069786e+03 1.723482289975558461e-16 0.000000000000000000e+00
9.712273646588821066e+03 1.320827311396995649e-16 0.000000000000000000e+00
9.716495193251570527e+03 1.639165586381211210e-16 0.000000000000000000e+00
9.720716739914321806e+03 1.593258121175702242e-16 0.000000000000000000e+00
9.724938286577071267e+03 1.150258036877131046e-16 0.000000000000000000e+00
9.729159833239822547e+03 1.398220050043131029e-16 0.000000000000000000e+00
9.733381379902573826e+03 1.548624911160218962e-16 0.000000000000000000e+00
9.737602926565323287e+03 1.179830736392636849e-16 0.000000000000000000e+00
9.741824473228072748e+03 1.187717010178268411e-16 0.000000000000000000e+00
9.746046019890824027e+03 1.328879947747423876e-16 0.000000000000000000e+00
9.750267566553575307e+03 1.236510078407056365e-16 0.000000000000000000e+00
9.754489113216324768e+03 1.366100693032145969e-16 0.000000000000000000e+00
9.758710659879074228e+03 1.330552970167149128e-16 0.000000000000000000e+00
9.762932206541825508e+03 1.137963750694428902e-16 0.000000000000000000e+00
9.767153753204576788e+03 1.273823070873690371e-16 0.000000000000000000e+00
9.771375299867326248e+03 1.224550370238519669e-16 0.000000000000000000e+00
9.775596846530077528e+03 1.216439632721865718e-16 0.000000000000000000e+00
9.779818393192826989e+03 1.061361929062792225e-16 0.000000000000000000e+00
9.784039939855578268e+03 1.257231680670448755e-16 0.000000000000000000e+00
9.788261486518327729e+03 1.413186063429930448e-16 0.000000000000000000e+00
9.792483033181079009e+03 1.332796283988392939e-16 0.000000000000000000e+00
9.796704579843828469e+03 8.877217630624367577e-17 0.000000000000000000e+00
9.800926126506579749e+03 7.892422715433035797e-17 0.000000000000000000e+00
9.805147673169329209e+03 1.073289939670255889e-16 0.000000000000000000e+00
9.809369219832080489e+03 9.627478387143844187e-17 0.000000000000000000e+00
9.813590766494829950e+03 9.976873522185832695e-17 0.000000000000000000e+00
9.817812313157581229e+03 1.042331811890397271e-16 0.000000000000000000e+00
9.822033859820330690e+03 9.566309373462282854e-17 0.000000000000000000e+00
9.826255406483081970e+03 1.032665710124347610e-16 0.000000000000000000e+00
9.830476953145833249e+03 8.808234738004385323e-17 0.000000000000000000e+00
9.834698499808582710e+03 9.081672193501344448e-17 0.000000000000000000e+00
9.838920046471332171e+03 8.506153010511449913e-17 0.000000000000000000e+00
9.843141593134083450e+03 1.059277367744709591e-16 0.000000000000000000e+00
9.847363139796834730e+03 1.194527155074192985e-16 0.000000000000000000e+00
9.851584686459584191e+03 8.936562876491371994e-17 0.000000000000000000e+00
9.855806233122333651e+03 8.498951906970808276e-17 0.000000000000000000e+00
9.860027779785084931e+03 1.008659274386833641e-16 0.000000000000000000e+00
9.864249326447836211e+03 1.058642887127656917e-16 0.000000000000000000e+00
9.868470873110585671e+03 1.106820797678501435e-16 0.000000000000000000e+00
9.872692419773336951e+03 1.439085419281210766e-16 0.000000000000000000e+00
9.876913966436086412e+03 1.112341930482272376e-16 0.000000000000000000e+00
9.881135513098837691e+03 1.097461017436892412e-16 0.000000000000000000e+00
9.885357059761587152e+03 1.198916506276644371e-16 0.000000000000000000e+00
9.889578606424338432e+03 9.935000977833908392e-17 0.000000000000000000e+00
9.893800153087087892e+03 9.754398995100510626e-17 0.000000000000000000e+00
9.898021699749839172e+03 1.022988954272008267e-16 0.000000000000000000e+00
9.902243246412588633e+03 1.104681576265541297e-16 0.000000000000000000e+00
9.906464793075339912e+03 9.690035079021024479e-17 0.000000000000000000e+00
9.910686339738089373e+03 1.173447681390585653e-16 0.000000000000000000e+00
9.914907886400840653e+03 1.164382443621494513e-16 0.000000000000000000e+00
9.919129433063590113e+03 6.989988519472383876e-17 0.000000000000000000e+00
9.923350979726341393e+03 1.256265666063884827e-16 0.000000000000000000e+00
9.927572526389092673e+03 1.215389047169474369e-16 0.000000000000000000e+00
9.931794073051842133e+03 1.210291364664881574e-16 0.000000000000000000e+00
9.936015619714591594e+03 1.069450895185723781e-16 0.000000000000000000e+00
9.940237166377342874e+03 1.085307285783875279e-16 0.000000000000000000e+00
9.944458713040094153e+03 9.276152943424401933e-17 0.000000000000000000e+00
9.948680259702843614e+03 1.034309681960960000e-16 0.000000000000000000e+00
9.952901806365593075e+03 1.188326476853597481e-16 0.000000000000000000e+00
9.957123353028344354e+03 9.161411742806966274e-17 0.000000000000000000e+00
9.961344899691095634e+03 1.210004829300693205e-16 0.000000000000000000e+00
9.965566446353845095e+03 1.407819447964584413e-16 0.000000000000000000e+00
9.969787993016596374e+03 1.068647007979220246e-16 0.000000000000000000e+00
9.974009539679345835e+03 1.089727474279562642e-16 0.000000000000000000e+00
9.978231086342097115e+03 1.081863104236551484e-16 0.000000000000000000e+00
9.982452633004846575e+03 1.000754074708786866e-16 0.000000000000000000e+00
9.986674179667597855e+03 9.441327676861440712e-17 0.000000000000000000e+00
9.990895726330347316e+03 1.239249171200239958e-16 0.000000000000000000e+00
9.995117272993098595e+03 1.079706743641299248e-16 0.000000000000000000e+00
9.999338819655848056e+03 1.150771285903607949e-16 0.000000000000000000e+00
1.000356036631859934e+04 1.233750206836885439e-16 0.000000000000000000e+00
1.000778191298134880e+04 1.389595004708816107e-16 0.000000000000000000e+00
