52304.17 13.596 0.024
52305.13 13.136 0.02
52306.12 12.845 0.024
52307.12 12.651 0.017
52308.12 12.49 0.016
52309.13 12.397 0.021
52310.12 12.28 0.015
52311.13 12.194 0.018
52314.13 12.079 0.023
52315.13 12.068 0.019
52316.13 12.089 0.016
52317.13 12.092 0.016
52318.13 12.13 0.018
52320.13 12.209 0.018
52321.13 12.253 0.024
52326.14 12.505 0.021
52327.13 12.574 0.023
52329.13 12.687 0.019
52330.13 12.751 0.018
52333.14 12.94 0.018
52334.14 13.033 0.022
52335.14 13.095 0.031
52337.14 13.241 0.023
52338.14 13.307 0.024
52436.5 15.195 0.023
52437.49 15.203 0.02
52464.49 15.576 0.02
52465.49 15.604 0.025
52492.48 16.077 0.02
52524.46 16.525 0.018
52525.5 16.524 0.026
52551.35 17.011 0.03
52551.37 16.906 0.03
52552.32 16.97 0.037
52582.25 17.46 0.038
52583.3 17.456 0.037
52613.24 17.927 0.062
52620.19 18.053 0.05
