50992.39 15.79 0.1
50995.38 15.85 0.1
50996.38 15.86 0.1
51002.42 16.0 0.1
51007.43 16.09 0.1
51007.44 16.11 0.1
51008.37 16.11 0.1
51010.4 16.14 0.1
51011.38 16.17 0.1
51012.42 16.18 0.1
51013.4 16.19 0.1
51014.4 16.22 0.1
51019.37 16.31 0.1
51020.36 16.31 0.1
51021.36 16.36 0.1
51022.36 16.41 0.1
51032.34 16.56 0.1
51033.34 16.52 0.1
51035.34 16.61 0.1
51036.34 16.62 0.1
51037.33 16.67 0.1
51039.32 16.68 0.1
51040.27 16.74 0.1
51041.3 16.75 0.1
51041.34 16.84 0.1
51042.32 16.76 0.1
51043.31 16.76 0.1
51045.3 16.82 0.1
51046.3 16.84 0.1
51047.31 16.83 0.1
51051.29 16.92 0.1
51061.2 17.08 0.1
51062.26 16.85 0.1
51062.26 16.92 0.1
51063.25 17.13 0.1
51064.26 17.28 0.1
51069.23 17.27 0.1
51070.23 17.27 0.1
51071.26 17.27 0.1
51073.22 17.25 0.1
51073.23 17.33 0.1
51076.2 17.38 0.1
51076.21 17.38 0.1
51079.23 17.44 0.1
51093.12 17.68 0.1
51094.13 17.7 0.1
51096.13 17.61 0.1
51097.13 17.74 0.1
51098.12 17.79 0.1
51115.05 18.09 0.1
