50930.78 15.75 0.1
50936.3 14.58 0.1
50937.48 14.35 0.1
50939.35 14.24 0.1
50939.75 14.21 0.1
50941.32 14.13 0.1
50941.82 14.11 0.1
50942.31 14.1 0.1
50942.8 14.11 0.1
50944.28 14.08 0.1
50948.42 14.29 0.1
50950.19 14.4 0.1
50950.39 14.44 0.1
50951.37 14.53 0.1
50952.36 14.65 0.1
50953.24 14.74 0.1
50954.33 14.89 0.1
50954.72 14.71 0.1
50954.72 14.85 0.1
50954.72 14.9 0.1
50955.41 14.99 0.1
50956.3 15.04 0.1
50961.13 15.44 0.1
50965.36 15.71 0.1
50966.35 15.79 0.1
50967.33 15.82 0.1
50968.32 15.85 0.1
50970.39 15.93 0.1
50971.37 15.99 0.1
