3172.  4.110880E-17
3174.  -5.417296E-17
3176.  4.721056E-17
3178.  6.528528E-18
3180.  4.975456E-17
3182.  -1.422811E-17
3184.  4.523168E-17
3186.  3.979680E-17
3188.  -4.621568E-17
3190.  1.764784E-17
3192.  -1.961568E-17
3194.  1.834944E-17
3196.  4.135680E-17
3198.  8.355216E-18
3200.  -3.285056E-17
3202.  -1.264403E-17
3204.  -4.768544E-18
3206.  4.779136E-17
3208.  1.871968E-18
3210.  6.353024E-17
3212.  -3.885744E-17
3214.  7.792897E-18
3216.  8.253505E-18
3218.  3.396976E-17
3220.  -1.262242E-17
3222.  1.331474E-17
3224.  2.335712E-17
3226.  -1.300046E-17
3228.  -2.514880E-17
3230.  -2.931904E-17
3232.  -2.196880E-17
3234.  -2.348528E-17
3236.  3.726032E-17
3238.  3.494880E-17
3240.  5.039360E-18
3242.  2.141120E-17
3244.  6.421536E-17
3246.  -2.025696E-17
3248.  -1.090635E-17
3250.  -7.740704E-18
3252.  -1.720816E-17
3254.  2.047888E-17
3256.  7.253408E-17
3258.  2.012848E-18
3260.  4.114592E-17
3262.  4.178976E-18
3264.  -3.014800E-17
3266.  -1.065038E-17
3268.  2.878288E-17
3270.  4.922768E-17
3272.  -1.637152E-18
3274.  -1.016254E-17
3276.  -1.682496E-17
3278.  5.105296E-18
3280.  -9.146688E-18
3282.  -1.366784E-17
3284.  4.472688E-17
3286.  -4.449840E-18
3288.  -2.666832E-17
3290.  -1.166050E-17
3292.  -2.495840E-17
3294.  1.133062E-17
3296.  5.322240E-18
3298.  -4.864400E-18
3300.  5.547152E-18
3302.  -4.203488E-17
3304.  -5.621680E-18
3306.  2.648320E-18
3308.  -3.667968E-17
3310.  -8.123040E-18
3312.  -4.312112E-17
3314.  -1.995616E-17
3316.  -9.820384E-19
3318.  3.425200E-17
3320.  5.159584E-17
3322.  1.891088E-17
3324.  1.745024E-17
3326.  9.006337E-19
3328.  -1.216856E-17
3330.  -2.798464E-17
3332.  1.837120E-17
3334.  2.028544E-17
3336.  -2.102144E-17
3338.  -1.790032E-17
3340.  -6.913536E-18
3342.  -5.925712E-18
3344.  -2.923328E-17
3346.  1.035486E-17
3348.  -2.961376E-17
3350.  2.449696E-17
3352.  -3.087760E-18
3354.  1.939136E-18
3356.  2.586176E-17
3358.  1.641472E-17
3360.  -4.283920E-18
3362.  1.171592E-17
3364.  -1.824464E-17
3366.  2.470864E-17
3368.  9.185009E-18
3370.  -2.736304E-17
3372.  4.618336E-18
3374.  -1.184168E-17
3376.  -3.432912E-17
3378.  1.332445E-17
3380.  -3.534016E-17
3382.  -5.361536E-18
3384.  7.571056E-18
3386.  3.898512E-17
3388.  1.960016E-17
3390.  3.169616E-17
3392.  2.591184E-18
3394.  -4.016704E-17
3396.  7.219744E-18
3398.  2.310608E-17
3400.  2.916992E-18
3402.  1.348579E-17
3404.  6.571536E-18
3406.  -8.599361E-18
3408.  4.216848E-17
3410.  7.841120E-18
3412.  -2.295904E-17
3414.  -1.934624E-18
3416.  1.229826E-18
3418.  -2.023280E-17
3420.  2.472480E-17
3422.  -7.267633E-18
3424.  2.254128E-17
3426.  3.046784E-17
3428.  -1.886816E-18
3430.  -2.021776E-17
3432.  2.295776E-18
3434.  -1.240752E-17
3436.  6.117200E-18
3438.  -1.055422E-17
3440.  -2.309696E-18
3442.  -3.336592E-17
3444.  1.341810E-17
3446.  -5.552480E-18
3448.  -5.388320E-18
3450.  1.342978E-18
3452.  -3.374592E-18
3454.  -1.941296E-17
3456.  -9.827073E-18
3458.  -8.016096E-18
3460.  -1.794496E-19
3462.  -1.534998E-17
3464.  1.592128E-17
3466.  -3.482352E-17
3468.  -4.741216E-18
3470.  -8.138240E-18
3472.  3.170320E-17
3474.  7.398096E-18
3476.  -3.696384E-18
3478.  2.317616E-17
3480.  2.519904E-17
3482.  1.448128E-17
3484.  -4.636832E-18
3486.  1.989888E-17
3488.  -2.574336E-17
3490.  -3.594320E-17
3492.  -9.076736E-18
3494.  -3.230576E-18
3496.  -1.242411E-17
3498.  3.554800E-18
3500.  -1.007182E-17
3502.  -7.868064E-18
3504.  2.848304E-17
3506.  1.839120E-17
3508.  2.049632E-17
3510.  2.695552E-17
3512.  1.645872E-17
3514.  -4.400368E-18
3516.  -8.367264E-18
3518.  -1.668096E-17
3520.  -1.046771E-17
3522.  -3.286496E-18
3524.  -3.577040E-18
3526.  -1.445747E-18
3528.  -3.558960E-17
3530.  -1.093797E-17
3532.  -8.821537E-19
3534.  -1.215651E-17
3536.  -1.777360E-17
3538.  1.320637E-17
3540.  8.805889E-18
3542.  -1.947024E-17
3544.  3.927632E-17
3546.  1.459746E-18
3548.  3.396240E-17
3550.  4.163440E-18
3552.  4.409152E-17
3554.  -1.682240E-17
3556.  -4.886032E-17
3558.  -2.379712E-17
3560.  9.748128E-18
3562.  1.549432E-18
3564.  4.200048E-18
3566.  -2.112000E-18
3568.  2.147552E-17
3570.  3.697424E-18
3572.  1.223395E-17
3574.  -3.573680E-17
3576.  -7.655392E-18
3578.  9.789808E-18
3580.  -1.098198E-17
3582.  2.531984E-17
3584.  9.940576E-19
3586.  1.400330E-17
3588.  -2.213360E-17
3590.  -6.247456E-19
3592.  -1.387499E-17
3594.  -1.283255E-17
3596.  -4.838016E-18
3598.  -2.496176E-17
3600.  -1.215215E-17
3602.  1.427154E-17
3604.  4.127120E-17
3606.  2.115824E-17
3608.  3.238112E-17
3610.  1.409464E-18
3612.  3.427856E-18
3614.  -1.998688E-17
3616.  -7.372080E-18
3618.  -1.468901E-18
3620.  -1.017931E-17
3622.  -4.831520E-17
3624.  3.949840E-17
3626.  1.072736E-18
3628.  1.462515E-17
3630.  -6.205680E-18
3632.  3.633568E-17
3634.  1.034106E-17
3636.  -2.415232E-17
3638.  -1.695632E-18
3640.  7.029968E-18
3642.  3.079808E-18
3644.  1.794688E-17
3646.  8.672449E-18
3648.  3.421104E-18
3650.  1.404498E-17
3652.  -2.307600E-17
3654.  9.543808E-18
3656.  2.244112E-17
3658.  1.094547E-17
3660.  8.327905E-18
3662.  1.774288E-17
3664.  2.910288E-17
3666.  3.543968E-18
3668.  2.510560E-17
3670.  1.911056E-17
3672.  2.425984E-17
3674.  3.513616E-17
3676.  5.372800E-18
3678.  -2.599712E-17
3680.  -3.333232E-17
3682.  8.848368E-18
3684.  1.614048E-17
3686.  5.567488E-18
3688.  -4.204704E-17
3690.  -1.591750E-17
3692.  -3.029456E-17
3694.  2.942288E-18
3696.  -2.514512E-17
3698.  6.179248E-18
3700.  -1.742640E-18
3702.  -2.502144E-17
3704.  -1.304230E-17
3706.  2.264960E-18
3708.  -2.142704E-17
3710.  1.792128E-18
3712.  -2.079584E-17
3714.  1.088270E-19
3716.  2.053456E-17
3718.  2.766944E-17
3720.  2.139904E-17
3722.  3.555472E-17
3724.  3.073248E-17
3726.  8.664593E-18
3728.  1.411568E-17
3730.  1.786128E-17
3732.  1.383827E-17
3734.  -1.036163E-17
3736.  -5.332032E-18
3738.  -9.456880E-18
3740.  4.018080E-18
3742.  1.447962E-18
3744.  -1.814256E-17
3746.  -8.609201E-18
3748.  6.554272E-18
3750.  1.044694E-17
3752.  1.292898E-17
3754.  2.214704E-17
3756.  1.214035E-17
3758.  -6.538816E-18
3760.  7.414800E-18
3762.  4.581888E-19
3764.  -4.682512E-18
3766.  7.990288E-18
3768.  8.605841E-18
3770.  3.962400E-18
3772.  -2.165440E-18
3774.  3.100032E-17
3776.  4.050224E-17
3778.  1.570792E-17
3780.  7.712929E-18
3782.  1.343490E-17
3784.  1.915680E-17
3786.  2.487888E-17
3788.  2.487888E-17
3790.  -1.765344E-17
3792.  3.506144E-18
3794.  9.333984E-19
3796.  -3.858080E-18
3798.  2.871904E-17
3800.  9.350224E-18
3802.  1.283704E-17
3804.  -6.806800E-18
3806.  6.770592E-18
3808.  -1.482440E-17
3810.  -7.524336E-18
3812.  1.240894E-17
3814.  3.068016E-17
3816.  1.357998E-17
3818.  -4.241248E-18
3820.  -2.313216E-17
3822.  -2.717712E-18
3824.  -1.978032E-18
3826.  5.518816E-18
3828.  -3.010352E-18
3830.  3.557280E-19
3832.  4.075072E-18
3834.  2.316064E-17
3836.  5.907312E-18
3838.  2.254032E-17
3840.  3.732048E-18
3842.  5.910624E-18
3844.  -1.471965E-17
3846.  -1.298998E-17
3848.  2.117776E-17
3850.  -6.247104E-18
3852.  -3.639312E-19
3854.  -1.286554E-18
3856.  2.386288E-17
3858.  1.522581E-17
3860.  5.470273E-19
3862.  -2.051232E-17
3864.  -3.028576E-18
3866.  -6.917872E-18
3868.  1.388613E-17
3870.  1.721168E-17
3872.  4.800288E-18
3874.  1.261150E-17
3876.  8.753439E-18
3878.  -6.731456E-18
3880.  -1.818016E-17
3882.  -1.289432E-17
3884.  -1.325690E-17
3886.  -3.283664E-17
3888.  3.442928E-18
3890.  -2.590528E-18
3892.  9.302065E-18
3894.  1.864512E-18
3896.  2.356032E-17
3898.  1.312800E-17
3900.  7.456992E-18
3902.  3.025920E-17
3904.  2.477104E-17
3906.  -1.308259E-18
3908.  1.042973E-17
3910.  -1.088342E-17
3912.  2.215792E-17
3914.  1.563606E-17
3916.  -1.890192E-18
3918.  -2.810400E-17
3920.  -2.342000E-18
3922.  1.608400E-17
3924.  -8.292832E-18
3926.  -2.880416E-18
3928.  -2.034288E-17
3930.  -1.162362E-17
3932.  4.826544E-18
3934.  -5.622928E-18
3936.  -9.208640E-18
3938.  1.760368E-18
3940.  9.802241E-18
3942.  5.792784E-18
3944.  -4.370448E-18
3946.  9.920192E-18
3948.  4.174112E-18
3950.  3.210784E-17
3952.  -4.081712E-18
3954.  2.093840E-18
3956.  7.715361E-18
3958.  -6.955376E-18
3960.  -5.961793E-18
3962.  8.668400E-18
3964.  -1.120504E-17
3966.  -3.300064E-18
3968.  7.726736E-18
3970.  -6.166368E-18
3972.  -3.712256E-18
3974.  1.906704E-17
3976.  -2.478256E-17
3978.  -1.272928E-17
3980.  -6.490464E-18
3982.  -4.780960E-18
3984.  -4.144880E-18
3986.  -4.235760E-18
3988.  -4.655152E-19
3990.  -7.083344E-18
3992.  -4.466432E-18
3994.  1.021560E-17
3996.  -3.878736E-18
3998.  -7.903313E-18
4000.  -8.197537E-18
4002.  1.799232E-19
4004.  -7.280241E-18
4006.  -6.313344E-18
4008.  -8.476352E-18
4010.  -1.071285E-17
4012.  3.019072E-18
4014.  6.174352E-18
4016.  -1.960384E-18
4018.  -4.030624E-18
4020.  2.338240E-17
4022.  -8.922432E-18
4024.  2.440480E-17
4026.  1.673168E-17
4028.  -2.008320E-17
4030.  1.602848E-17
4032.  -2.324320E-19
4034.  -1.086186E-18
4036.  1.727008E-17
4038.  -1.107437E-17
4040.  -8.259712E-18
4042.  1.817120E-17
4044.  8.465696E-18
4046.  2.069472E-17
4048.  -6.914960E-18
4050.  -7.222576E-18
4052.  9.918785E-18
4054.  5.065056E-18
4056.  -6.191184E-18
4058.  9.735680E-18
4060.  -1.704176E-17
4062.  -8.266753E-18
4064.  9.385712E-18
4066.  -5.583248E-18
4068.  -8.912944E-18
4070.  -6.710736E-19
4072.  1.449400E-17
4074.  1.838080E-17
4076.  3.127760E-18
4078.  1.607760E-17
4080.  2.264656E-17
4082.  -4.352144E-19
4084.  -2.639008E-18
4086.  2.674384E-17
4088.  2.529600E-17
4090.  -1.494807E-18
4092.  -8.563552E-18
4094.  -1.041131E-17
4096.  2.216224E-18
4098.  4.469760E-18
4100.  3.066832E-18
4102.  1.346216E-17
4104.  2.022688E-17
4106.  2.448480E-18
4108.  6.776512E-18
4110.  -6.516192E-18
4112.  5.192768E-18
4114.  4.112128E-18
4116.  1.857808E-17
4118.  7.750768E-18
4120.  -3.197584E-18
4122.  1.543080E-17
4124.  -8.781120E-18
4126.  -6.992416E-18
4128.  -9.783087E-18
4130.  8.243056E-18
4132.  5.362816E-18
4134.  2.178224E-17
4136.  4.534400E-18
4138.  6.306561E-18
4140.  1.534261E-17
4142.  1.297406E-17
4144.  4.543024E-18
4146.  -1.068592E-18
4148.  -4.161408E-18
4150.  1.428837E-17
4152.  9.352736E-18
4154.  5.456480E-18
4156.  1.632848E-17
4158.  8.725216E-18
4160.  9.554784E-18
4162.  1.608544E-17
4164.  9.762001E-18
4166.  -4.082480E-19
4168.  4.794096E-18
4170.  1.747312E-17
4172.  1.623536E-17
4174.  6.795072E-18
4176.  4.243376E-18
4178.  -9.682880E-18
4180.  -9.301024E-18
4182.  -1.244325E-18
4184.  -2.072960E-18
4186.  -5.165712E-18
4188.  -9.346720E-18
4190.  5.376400E-19
4192.  8.956832E-18
4194.  -5.969344E-18
4196.  -9.468688E-18
4198.  1.294755E-17
4200.  7.858144E-18
4202.  -2.170688E-18
4204.  1.398624E-18
4206.  -4.886416E-18
4208.  4.872944E-18
4210.  -2.367280E-18
4212.  6.399248E-18
4214.  4.923664E-18
4216.  -2.326336E-18
4218.  -1.249822E-17
4220.  -4.130976E-18
4222.  6.508688E-18
4224.  8.155328E-18
4226.  -1.250882E-18
4228.  9.741600E-18
4230.  7.231136E-18
4232.  5.923312E-18
4234.  2.473264E-19
4236.  7.972624E-18
4238.  -7.107329E-19
4240.  3.967760E-18
4242.  -3.938480E-19
4244.  2.319568E-18
4246.  -2.678800E-18
4248.  4.633920E-18
4250.  7.622368E-18
4252.  -1.374621E-17
4254.  -8.470577E-18
4256.  6.687952E-18
4258.  1.266560E-18
4260.  -9.912240E-18
4262.  6.850032E-18
4264.  -3.672960E-18
4266.  8.326688E-18
4268.  1.074822E-19
4270.  2.543952E-20
4272.  2.413936E-18
4274.  1.586986E-17
4276.  1.058701E-17
4278.  -6.808720E-18
4280.  -4.895792E-18
4282.  -1.074008E-18
4284.  -1.004024E-17
4286.  7.117921E-18
4288.  4.069936E-18
4290.  2.944144E-18
4292.  -2.635040E-18
4294.  9.106032E-18
4296.  -1.227517E-18
4298.  -4.548512E-18
4300.  1.030003E-17
4302.  9.026369E-18
4304.  2.067584E-18
4306.  8.822992E-20
4308.  4.934544E-18
4310.  -2.645552E-18
4312.  -1.593163E-18
4314.  -6.202912E-18
4316.  3.828848E-18
4318.  5.027680E-18
4320.  3.697456E-18
4322.  -3.190768E-18
4324.  -1.870416E-18
4326.  -6.087856E-18
4328.  -1.151358E-18
4330.  -6.045728E-19
4332.  5.773248E-18
4334.  6.575792E-18
4336.  5.539120E-18
4338.  2.512112E-19
4340.  1.369746E-18
4342.  1.625728E-17
4344.  -1.367427E-18
4346.  3.792096E-18
4348.  5.670192E-18
4350.  -5.336832E-18
4352.  6.519792E-18
4354.  -2.765952E-18
4356.  4.452656E-18
4358.  8.479728E-18
4360.  7.439328E-18
4362.  2.929104E-18
4364.  -5.240464E-18
4366.  -1.013438E-18
4368.  3.551760E-18
4370.  3.835488E-18
4372.  4.834976E-18
4374.  3.321728E-18
4376.  4.328928E-19
4378.  4.620080E-18
4380.  8.855807E-19
4382.  1.612816E-18
4384.  6.512177E-18
4386.  5.423552E-18
4388.  -2.567904E-18
4390.  8.363328E-18
4392.  6.256321E-18
4394.  -3.339312E-18
4396.  1.057362E-18
4398.  -5.723568E-18
4400.  1.564190E-17
4402.  4.026432E-18
4404.  5.191792E-18
4406.  3.891488E-18
4408.  1.905296E-18
4410.  1.126258E-17
4412.  -2.176496E-18
4414.  2.219360E-18
4416.  -3.249952E-18
4418.  2.102944E-19
4420.  1.176018E-18
4422.  7.117536E-18
4424.  6.008320E-18
4426.  -4.020224E-18
4428.  -3.217072E-18
4430.  4.240336E-18
4432.  5.182208E-18
4434.  -6.372960E-18
4436.  -4.166544E-18
4438.  1.234256E-17
4440.  -3.716352E-19
4442.  4.838272E-18
4444.  -1.233399E-19
4446.  3.272112E-18
4448.  1.904672E-17
4450.  8.811936E-18
4452.  3.934720E-19
4454.  1.174104E-18
4456.  9.680304E-18
4458.  6.928768E-18
4460.  9.283840E-18
4462.  1.383062E-17
4464.  -4.050736E-19
4466.  1.578165E-18
4468.  4.333888E-18
4470.  9.931696E-18
4472.  6.610080E-19
4474.  -2.061040E-18
4476.  -1.168005E-20
4478.  1.359350E-17
4480.  7.477057E-18
4482.  7.353024E-18
4484.  2.730480E-18
4486.  -1.646784E-19
4488.  8.754688E-18
4490.  7.814864E-18
4492.  7.723457E-18
4494.  5.817520E-18
4496.  -3.393776E-18
4498.  1.856080E-18
4500.  3.112448E-19
4502.  2.946816E-18
4504.  6.180624E-18
4506.  2.448368E-18
4508.  9.312784E-18
4510.  -3.970048E-18
4512.  1.321752E-17
4514.  1.247819E-17
4516.  3.573072E-18
4518.  -1.002323E-18
4520.  -8.010752E-19
4522.  -1.838288E-18
4524.  -8.159024E-18
4526.  -1.989840E-19
4528.  7.927777E-18
4530.  -9.325360E-19
4532.  9.391840E-18
4534.  9.825009E-18
4536.  1.288166E-17
4538.  5.594720E-18
4540.  -2.478160E-18
4542.  3.791632E-19
4544.  3.781600E-18
4546.  9.004833E-18
4548.  9.948752E-19
4550.  -2.682800E-18
4552.  1.604464E-17
4554.  -7.281472E-19
4556.  3.328560E-18
4558.  6.542640E-19
4560.  1.236511E-17
4562.  4.973296E-18
4564.  9.776016E-19
4566.  6.770192E-18
4568.  3.161584E-18
4570.  6.618352E-18
4572.  -5.352256E-18
4574.  5.200272E-18
4576.  1.261619E-17
4578.  8.840752E-18
4580.  1.938240E-18
4582.  1.258568E-17
4584.  1.994320E-17
4586.  1.043800E-17
4588.  1.504026E-17
4590.  1.218456E-17
4592.  6.237312E-18
4594.  6.728480E-18
4596.  7.182336E-18
4598.  -4.737040E-18
4600.  1.114843E-17
4602.  1.427605E-17
4604.  9.109488E-18
4606.  4.119760E-18
4608.  1.525309E-17
4610.  5.861376E-18
4612.  1.807408E-17
4614.  2.193328E-17
4616.  5.517728E-18
4618.  9.077424E-18
4620.  2.342912E-18
4622.  5.943376E-18
4624.  7.200416E-18
4626.  1.725744E-17
4628.  9.885823E-18
4630.  5.198448E-18
4632.  8.601920E-18
4634.  1.352406E-17
4636.  9.522800E-18
4638.  2.885136E-17
4640.  1.746496E-17
4642.  1.975152E-17
4644.  1.807056E-17
4646.  1.632592E-17
4648.  9.022000E-18
4650.  2.398592E-17
4652.  1.451245E-17
4654.  1.583987E-17
4656.  -2.470992E-18
4658.  1.225750E-17
4660.  1.182029E-17
4662.  2.117184E-18
4664.  6.746545E-19
4666.  1.864704E-17
4668.  2.663200E-17
4670.  2.476064E-17
4672.  2.334928E-17
4674.  3.858240E-18
4676.  1.265138E-18
4678.  1.057480E-17
4680.  8.671792E-18
4682.  1.017907E-17
4684.  1.282618E-17
4686.  1.444322E-17
4688.  6.431088E-18
4690.  1.759520E-17
4692.  1.144462E-17
4694.  2.372432E-17
4696.  9.487200E-18
4698.  -6.712096E-19
4700.  7.289489E-18
4702.  5.782208E-18
4704.  4.166752E-18
4706.  3.744672E-18
4708.  1.455094E-17
4710.  1.404771E-17
4712.  2.624784E-17
4714.  1.718048E-17
4716.  -1.749856E-18
4718.  8.182592E-18
4720.  7.368752E-18
4722.  -2.566816E-18
4724.  2.087568E-19
4726.  1.161149E-17
4728.  1.110461E-17
4730.  1.338050E-17
4732.  7.663824E-18
4734.  3.407344E-18
4736.  1.487053E-17
4738.  2.187712E-17
4740.  1.189811E-17
4742.  6.852752E-18
4744.  1.172816E-17
4746.  -1.763664E-18
4748.  -1.033862E-18
4750.  5.850032E-18
4752.  5.251120E-18
4754.  -3.320208E-18
4756.  5.000416E-19
4758.  5.270160E-18
4760.  4.441424E-18
4762.  3.716160E-18
4764.  1.853680E-19
4766.  7.780113E-18
4768.  6.414961E-18
4770.  1.655552E-18
4772.  2.323552E-18
4774.  6.268880E-18
4776.  8.654224E-18
4778.  9.121584E-18
4780.  5.835616E-18
4782.  1.162587E-17
4784.  -1.780528E-18
4786.  -1.736256E-18
4788.  3.784800E-18
4790.  1.192163E-17
4792.  9.802721E-18
4794.  -1.053314E-18
4796.  1.068882E-17
4798.  1.633120E-17
4800.  1.120392E-17
4802.  6.789536E-18
4804.  1.471917E-17
4806.  2.036573E-17
4808.  1.602624E-17
4810.  1.241893E-17
4812.  5.174336E-18
4814.  1.228162E-17
4816.  1.448605E-17
4818.  1.043963E-17
4820.  1.865696E-17
4822.  -5.798128E-19
4824.  8.834497E-18
4826.  1.088469E-17
4828.  6.112272E-18
4830.  4.585200E-18
4832.  2.446608E-18
4834.  1.989072E-17
4836.  -6.842752E-19
4838.  3.370000E-18
4840.  1.825600E-17
4842.  1.928976E-18
4844.  1.875904E-17
4846.  4.724784E-18
4848.  2.213840E-17
4850.  9.240272E-18
4852.  2.517072E-19
4854.  9.983360E-18
4856.  1.240502E-17
4858.  -2.621408E-18
4860.  5.236672E-18
4862.  1.731824E-18
4864.  4.832832E-18
4866.  1.476544E-18
4868.  1.297933E-17
4870.  1.452826E-17
4872.  5.279600E-18
4874.  1.173288E-17
4876.  2.156128E-17
4878.  1.295480E-17
4880.  8.829104E-18
4882.  7.860800E-18
4884.  6.094784E-18
4886.  1.422875E-17
4888.  2.793152E-18
4890.  9.831425E-18
4892.  2.722432E-18
4894.  1.897904E-17
4896.  6.866896E-18
4898.  2.097744E-17
4900.  4.523968E-18
4902.  9.339121E-18
4904.  3.754064E-18
4906.  7.695744E-18
4908.  1.211198E-17
4910.  5.798096E-18
4912.  1.568977E-17
4914.  9.414672E-18
4916.  8.599248E-18
4918.  1.499725E-17
4920.  1.134200E-17
4922.  2.876416E-18
4924.  -3.649392E-18
4926.  5.978688E-18
4928.  3.890608E-18
4930.  4.186416E-18
4932.  -8.775744E-18
4934.  1.045797E-17
4936.  3.475888E-18
4938.  8.158800E-18
4940.  1.047522E-17
4942.  1.245597E-17
4944.  1.244101E-17
4946.  -6.971008E-18
4948.  4.258192E-18
4950.  1.506747E-17
4952.  1.182470E-17
4954.  7.672433E-18
4956.  9.891729E-18
4958.  -1.466776E-18
4960.  -5.486704E-19
4962.  8.737520E-18
4964.  1.826128E-17
4966.  7.848817E-18
4968.  4.004288E-18
4970.  9.319009E-18
4972.  1.464919E-17
4974.  3.422832E-18
4976.  3.397712E-18
4978.  1.207958E-17
4980.  7.183568E-18
4982.  2.589696E-18
4984.  1.871360E-18
4986.  -5.873088E-18
4988.  2.966112E-18
4990.  -3.778928E-18
4992.  -2.823344E-18
4994.  8.908368E-18
4996.  1.202773E-17
4998.  6.897232E-18
5000.  1.005843E-17
5002.  1.113781E-17
5004.  -5.790720E-18
5006.  6.211904E-18
5008.  1.314386E-17
5010.  6.798289E-18
5012.  7.800208E-18
5014.  5.315520E-18
5016.  2.630048E-18
5018.  9.123456E-19
5020.  3.779120E-18
5022.  1.107677E-17
5024.  5.701664E-20
5026.  6.414272E-18
5028.  7.128913E-18
5030.  -4.550672E-18
5032.  8.440560E-18
5034.  1.817600E-17
5036.  2.287312E-17
5038.  1.190781E-17
5040.  3.327264E-18
5042.  -3.908176E-18
5044.  -3.229280E-18
5046.  4.052752E-18
5048.  8.857376E-18
5050.  1.332747E-17
5052.  1.929872E-17
5054.  1.789376E-18
5056.  1.175098E-17
5058.  5.898768E-18
5060.  1.116941E-17
5062.  4.997136E-18
5064.  7.173072E-18
5066.  5.609952E-18
5068.  5.892096E-18
5070.  -2.115136E-18
5072.  3.302528E-18
5074.  1.616816E-18
5076.  -4.667968E-18
5078.  1.074981E-17
5080.  1.080395E-17
5082.  7.949264E-18
5084.  5.816624E-18
5086.  1.232006E-17
5088.  1.837168E-17
5090.  8.074545E-18
5092.  7.013808E-18
5094.  1.013696E-17
5096.  5.144800E-18
5098.  1.191066E-17
5100.  9.414576E-19
5102.  3.214608E-18
5104.  -3.880224E-19
5106.  1.732912E-17
5108.  6.414624E-18
5110.  1.317680E-18
5112.  9.948913E-19
5114.  1.401131E-17
5116.  1.436551E-17
5118.  1.154542E-17
5120.  1.571911E-18
5122.  -1.182981E-18
5124.  1.020970E-17
5126.  9.605568E-18
5128.  1.405487E-17
5130.  1.447051E-17
5132.  5.484928E-18
5134.  6.316464E-18
5136.  8.648704E-18
5138.  6.894480E-18
5140.  1.341858E-17
5142.  9.828321E-18
5144.  -7.904448E-19
5146.  -2.299072E-18
5148.  2.276176E-18
5150.  5.909600E-18
5152.  1.310112E-17
5154.  1.087304E-17
5156.  1.943184E-18
5158.  -2.270320E-18
5160.  1.104501E-17
5162.  7.844048E-18
5164.  3.960768E-18
5166.  -3.366192E-18
5168.  -1.295802E-18
5170.  2.823152E-18
5172.  -4.117504E-18
5174.  8.739824E-18
5176.  8.756000E-18
5178.  1.211789E-17
5180.  7.357327E-18
5182.  9.183264E-18
5184.  -3.619904E-19
5186.  -2.209056E-18
5188.  1.389694E-17
5190.  9.610337E-18
5192.  3.405632E-18
5194.  -4.760672E-18
5196.  -7.703200E-19
5198.  3.169152E-18
5200.  -1.669360E-18
5202.  9.279152E-18
5204.  7.811952E-18
5206.  7.593584E-18
5208.  8.001776E-18
5210.  1.030698E-17
5212.  2.676064E-18
5214.  8.106480E-18
5216.  7.846687E-18
5218.  4.220608E-18
5220.  8.246609E-18
5222.  7.457712E-18
5224.  -2.102400E-18
5226.  1.583979E-17
5228.  8.389488E-18
5230.  9.275344E-18
5232.  1.758848E-17
5234.  9.458256E-18
5236.  8.872656E-18
5238.  1.406200E-17
5240.  1.103278E-17
5242.  1.448251E-17
5244.  8.473440E-18
5246.  1.598117E-17
5248.  6.400352E-18
5250.  5.737376E-18
5252.  1.304277E-17
5254.  6.908240E-18
5256.  1.487507E-17
5258.  6.073680E-18
5260.  1.930624E-18
5262.  7.519360E-18
5264.  7.115088E-18
5266.  6.938305E-18
5268.  3.915152E-18
5270.  9.075712E-18
5272.  1.184491E-17
5274.  1.518357E-17
5276.  7.178224E-18
5278.  1.542998E-17
5280.  1.153024E-17
5282.  9.393824E-18
5284.  2.136016E-17
5286.  4.937584E-18
5288.  1.247645E-17
5290.  1.377943E-17
5292.  6.151825E-18
5294.  6.867056E-18
5296.  9.860991E-18
5298.  1.100040E-17
5300.  8.876848E-18
5302.  1.496150E-17
5304.  1.817552E-17
5306.  6.193504E-18
5308.  9.980688E-18
5310.  2.286688E-17
5312.  1.704192E-17
5314.  1.593678E-17
5316.  9.298768E-18
5318.  1.562141E-17
5320.  1.355789E-17
5322.  7.230928E-18
5324.  1.689648E-18
5326.  3.227584E-18
5328.  9.248513E-18
5330.  1.026456E-17
5332.  1.175123E-17
5334.  8.885280E-18
5336.  1.962592E-17
5338.  9.523168E-18
5340.  2.783728E-18
5342.  1.288928E-17
5344.  1.093046E-17
5346.  4.622880E-18
5348.  1.091608E-17
5350.  1.570274E-17
5352.  1.243077E-17
5354.  1.281142E-17
5356.  1.051789E-17
5358.  6.574224E-18
5360.  1.167453E-17
5362.  1.276925E-17
5364.  9.491392E-18
5366.  1.320157E-17
5368.  1.026115E-17
5370.  3.566528E-18
5372.  4.215248E-18
5374.  1.512936E-17
5376.  8.890751E-18
5378.  1.784464E-17
5380.  1.009333E-17
5382.  7.615664E-18
5384.  1.191250E-17
5386.  3.970928E-18
5388.  6.157248E-18
5390.  1.709904E-19
5392.  1.354189E-17
5394.  1.547194E-17
5396.  1.583418E-17
5398.  8.423808E-18
5400.  1.857856E-17
5402.  5.618736E-18
5404.  7.052928E-18
5406.  1.301378E-17
5408.  4.540960E-18
5410.  1.769360E-17
5412.  1.173746E-18
5414.  1.077000E-17
5416.  7.473072E-18
5418.  2.653344E-18
5420.  1.144130E-17
5422.  6.624480E-18
5424.  9.010032E-18
5426.  1.312992E-17
5428.  1.074779E-18
5430.  9.220768E-18
5432.  8.582896E-18
5434.  1.621040E-18
5436.  1.390394E-17
5438.  -3.635536E-18
5440.  1.672384E-17
5442.  1.215771E-17
5444.  7.261088E-18
5446.  1.105773E-17
5448.  1.080506E-17
5450.  2.045984E-18
5452.  8.329920E-18
5454.  8.694911E-18
5456.  1.089374E-18
5458.  4.229536E-18
5460.  1.153118E-17
5462.  9.056320E-18
5464.  1.154930E-17
5466.  6.131920E-18
5468.  -8.106688E-19
5470.  1.432354E-17
5472.  1.612032E-17
5474.  5.617424E-18
5476.  9.592128E-18
5478.  3.844624E-18
5480.  5.175600E-18
5482.  9.348689E-18
5484.  1.624320E-17
5486.  2.053696E-18
5488.  6.034336E-18
5490.  1.352475E-17
5492.  4.710688E-18
5494.  4.289264E-18
5496.  3.843152E-18
5498.  2.029920E-18
5500.  7.566896E-19
5502.  -1.992944E-18
5504.  3.835248E-18
5506.  6.376448E-18
5508.  1.293533E-17
5510.  5.695408E-19
5512.  9.617424E-18
5514.  7.592880E-18
5516.  5.470304E-18
5518.  1.493323E-17
5520.  8.002032E-18
5522.  2.030144E-18
5524.  1.477139E-17
5526.  -5.498816E-18
5528.  9.872400E-18
5530.  8.373984E-18
5532.  6.134752E-18
5534.  -4.304384E-18
5536.  5.212160E-18
5538.  9.334673E-18
5540.  1.448477E-17
5542.  5.425232E-18
5544.  1.059293E-17
5546.  7.492064E-18
5548.  1.586946E-17
5550.  1.955232E-18
5552.  1.080022E-17
5554.  8.837680E-18
5556.  5.829600E-18
5558.  2.160832E-18
5560.  5.375216E-18
5562.  6.642367E-18
5564.  1.054322E-18
5566.  1.125831E-17
5568.  9.149649E-18
5570.  9.771888E-18
5572.  9.046096E-18
5574.  3.063296E-18
5576.  7.295885E-18
5578.  1.254089E-17
5580.  8.032609E-18
5582.  4.105680E-18
5584.  6.087649E-18
5586.  1.245024E-17
5588.  3.322864E-18
5590.  1.314824E-18
5592.  4.558368E-18
5594.  4.175664E-18
5596.  1.072389E-17
5598.  8.252416E-18
5600.  7.621617E-18
5602.  1.113147E-17
5604.  2.234032E-18
5606.  1.150205E-17
5608.  9.619728E-18
5610.  1.458765E-17
5612.  1.216344E-17
5614.  7.310337E-18
5616.  1.093805E-17
5618.  -4.908944E-18
5620.  1.326590E-17
5622.  1.236344E-17
5624.  1.031263E-18
5626.  5.955728E-19
5628.  1.146435E-17
5630.  3.594561E-18
5632.  2.356592E-18
5634.  4.796176E-18
5636.  9.315936E-18
5638.  1.357227E-17
5640.  1.019014E-17
5642.  1.569895E-17
5644.  1.496728E-17
5646.  1.171826E-17
5648.  2.023904E-18
5650.  3.775792E-18
5652.  1.111267E-17
5654.  7.988896E-18
5656.  8.851441E-18
5658.  1.661968E-18
5660.  1.517664E-18
5662.  4.379664E-18
5664.  -3.495232E-18
5666.  8.630176E-18
5668.  1.157158E-17
5670.  1.301965E-17
5672.  1.358464E-17
5674.  6.740033E-18
5676.  4.249536E-18
5678.  2.154576E-18
5680.  -2.785952E-18
5682.  1.110262E-18
5684.  6.336768E-18
5686.  5.609088E-18
5688.  4.609536E-18
5690.  4.928992E-18
5692.  1.778000E-18
5694.  3.307232E-18
5696.  4.649360E-18
5698.  5.227232E-18
5700.  8.227776E-18
5702.  1.077872E-17
5704.  8.277232E-18
5706.  3.734896E-18
5708.  5.794545E-18
5710.  6.969729E-18
5712.  6.660576E-18
5714.  5.811968E-18
5716.  6.277312E-18
5718.  1.003611E-17
5720.  7.862032E-18
5722.  5.642480E-18
5724.  6.288256E-18
5726.  4.076656E-18
5728.  7.885393E-18
5730.  5.028912E-18
5732.  3.150896E-18
5734.  1.031514E-18
5736.  7.003792E-18
5738.  8.202880E-18
5740.  7.380848E-18
5742.  5.922208E-18
5744.  4.312672E-18
5746.  8.496769E-18
5748.  8.873536E-18
5750.  3.698976E-18
5752.  5.256816E-18
5754.  6.411361E-18
5756.  1.294091E-18
5758.  3.527184E-18
5760.  4.869600E-18
5762.  6.700832E-18
5764.  8.639328E-18
5766.  1.020341E-17
5768.  8.384993E-18
5770.  5.480096E-18
5772.  3.778752E-18
5774.  6.621296E-18
5776.  5.305824E-18
5778.  2.081856E-18
5780.  8.462960E-18
5782.  5.329344E-18
5784.  -1.048000E-18
5786.  3.380672E-18
5788.  7.599632E-18
5790.  4.104800E-18
5792.  -3.031952E-18
5794.  -2.694336E-18
5796.  6.508576E-18
5798.  9.482655E-18
5800.  3.249776E-18
5802.  7.542929E-19
5804.  1.650944E-19
5806.  2.811776E-18
5808.  5.032768E-18
5810.  6.140080E-18
5812.  6.687504E-18
5814.  3.613248E-18
5816.  6.124336E-18
5818.  6.958560E-18
5820.  1.445858E-18
5822.  3.457328E-18
5824.  2.297296E-18
5826.  3.329216E-18
5828.  6.023952E-18
5830.  9.876928E-18
5832.  7.838992E-18
5834.  2.070560E-18
5836.  1.337098E-18
5838.  -1.108202E-18
5840.  1.673072E-18
5842.  1.577786E-18
5844.  3.927808E-18
5846.  3.786880E-18
5848.  5.114896E-18
5850.  6.980464E-18
5852.  4.319168E-18
5854.  1.944400E-18
5856.  -1.789680E-19
5858.  -5.111808E-19
5860.  4.552864E-18
5862.  5.151696E-18
5864.  2.191584E-18
5866.  -2.138464E-18
5868.  -4.386144E-18
5870.  -3.067600E-18
5872.  2.197184E-18
5874.  2.075152E-18
5876.  3.284912E-18
5878.  6.137281E-18
5880.  2.330176E-18
5882.  4.050160E-18
5884.  4.203312E-18
5886.  5.904304E-18
5888.  8.565648E-18
5890.  7.173408E-18
5892.  1.721952E-18
5894.  4.710016E-18
5896.  4.537360E-18
5898.  6.961473E-18
5900.  9.048321E-19
5902.  9.162080E-20
5904.  3.477201E-18
5906.  1.537888E-18
5908.  2.668960E-18
5910.  2.080608E-18
5912.  1.788448E-18
5914.  4.781728E-19
5916.  3.753856E-18
5918.  4.168992E-18
5920.  3.732688E-18
5922.  3.345632E-18
5924.  3.552192E-18
5926.  3.858960E-18
5928.  4.333744E-18
5930.  5.659904E-18
5932.  5.927264E-18
5934.  5.803664E-18
5936.  3.116128E-18
5938.  4.236192E-18
5940.  4.816672E-18
5942.  4.368288E-18
5944.  1.122725E-17
5946.  1.037766E-17
5948.  2.570032E-18
5950.  3.954640E-18
5952.  6.167120E-18
5954.  4.720816E-18
5956.  3.994048E-18
5958.  4.661664E-18
5960.  5.480640E-18
5962.  6.486496E-18
5964.  3.694608E-18
5966.  3.488512E-18
5968.  9.365695E-18
5970.  6.524960E-18
5972.  2.990304E-18
5974.  2.199264E-18
5976.  5.237760E-18
5978.  5.789776E-18
5980.  7.645024E-18
5982.  8.143089E-18
5984.  1.017102E-17
5986.  6.755680E-18
5988.  4.907984E-18
5990.  6.198384E-18
5992.  1.022915E-17
5994.  1.362056E-17
5996.  6.475408E-18
5998.  9.055456E-18
6000.  8.261568E-18
6002.  3.975232E-18
6004.  4.443104E-18
6006.  9.311600E-18
6008.  9.791456E-18
6010.  5.512896E-18
6012.  4.475232E-18
6014.  7.962273E-18
6016.  7.847584E-18
6018.  6.446016E-18
6020.  1.155675E-17
6022.  8.338737E-18
6024.  7.337936E-18
6026.  4.735792E-18
6028.  6.510272E-18
6030.  6.856993E-18
6032.  8.184960E-18
6034.  8.797472E-18
6036.  4.616288E-18
6038.  2.539776E-18
6040.  4.684080E-18
6042.  6.984560E-18
6044.  3.198768E-18
6046.  5.500880E-18
6048.  1.635808E-18
6050.  1.543910E-18
6052.  6.917569E-18
6054.  1.003558E-17
6056.  5.978448E-18
6058.  4.085024E-18
6060.  5.560400E-18
6062.  1.359320E-18
6064.  1.713376E-18
6066.  5.795712E-18
6068.  6.277328E-18
6070.  2.439056E-18
6072.  2.917712E-18
6074.  4.260448E-18
6076.  1.385510E-18
6078.  1.500802E-18
6080.  3.609664E-18
6082.  6.840945E-18
6084.  6.966240E-18
6086.  5.539264E-18
6088.  5.856432E-18
6090.  4.058912E-18
6092.  1.302086E-18
6094.  2.189424E-18
6096.  4.660704E-19
6098.  1.376138E-18
6100.  1.380462E-18
6102.  1.559422E-18
6104.  5.466560E-18
6106.  4.884640E-18
6108.  1.107016E-18
6110.  2.847808E-18
6112.  3.217760E-18
6114.  4.504816E-18
6116.  6.103248E-18
6118.  4.081008E-18
6120.  3.322336E-18
6122.  2.357200E-18
6124.  4.917520E-18
6126.  2.236960E-18
6128.  4.512144E-18
6130.  4.067920E-18
6132.  4.105216E-18
6134.  1.509507E-18
6136.  3.199104E-18
6138.  4.712032E-18
6140.  7.444368E-18
6142.  6.885680E-18
6144.  4.673920E-18
6146.  1.225670E-18
6148.  2.807264E-18
6150.  6.103088E-18
6152.  5.552560E-18
6154.  5.650720E-18
6156.  7.410128E-18
6158.  5.173376E-18
6160.  4.584352E-18
6162.  1.946032E-18
6164.  2.138608E-18
6166.  3.501536E-18
6168.  5.625536E-18
6170.  1.166859E-17
6172.  8.385952E-18
6174.  2.534384E-18
6176.  1.829920E-18
6178.  5.032336E-18
6180.  5.553760E-18
6182.  5.478768E-18
6184.  1.702464E-18
6186.  5.171440E-18
6188.  8.370544E-18
6190.  8.098081E-18
6192.  7.906033E-18
6194.  6.947520E-18
6196.  3.505312E-18
6198.  2.068368E-18
6200.  1.000462E-18
6202.  4.532080E-18
6204.  8.303984E-18
6206.  7.868049E-18
6208.  6.689440E-18
6210.  5.295984E-18
6212.  5.892688E-18
6214.  4.123344E-18
6216.  4.211472E-18
6218.  4.643920E-18
6220.  4.511984E-18
6222.  7.293424E-18
6224.  8.027264E-18
6226.  6.426976E-18
6228.  7.358480E-18
6230.  7.020464E-18
6232.  5.877408E-18
6234.  7.057984E-18
6236.  9.454608E-18
6238.  9.771616E-18
6240.  6.342656E-18
6242.  8.284431E-18
6244.  8.817296E-18
6246.  6.048816E-18
6248.  4.544752E-18
6250.  8.325504E-18
6252.  9.929840E-18
6254.  1.037368E-17
6256.  1.024595E-17
6258.  9.362545E-18
6260.  5.974432E-18
6262.  9.918304E-18
6264.  4.765424E-18
6266.  7.740865E-18
6268.  1.079296E-17
6270.  1.117222E-17
6272.  1.156979E-17
6274.  1.032522E-17
6276.  1.009976E-17
6278.  1.071054E-17
6280.  9.633503E-18
6282.  9.038304E-18
6284.  1.134018E-17
6286.  1.235059E-17
6288.  1.471530E-17
6290.  1.192301E-17
6292.  9.130560E-18
6294.  1.243949E-17
6296.  1.323800E-17
6298.  1.273990E-17
6300.  1.256194E-17
6302.  1.286285E-17
6304.  1.742096E-17
6306.  1.492080E-17
6308.  1.681168E-17
6310.  2.142272E-17
6312.  1.671952E-17
6314.  1.609360E-17
6316.  1.275187E-17
6318.  1.997568E-17
6320.  2.065232E-17
6322.  2.060160E-17
6324.  1.967968E-17
6326.  2.009712E-17
6328.  2.172016E-17
6330.  2.789712E-17
6332.  2.709488E-17
6334.  2.242272E-17
6336.  2.682720E-17
6338.  2.679760E-17
6340.  2.822080E-17
6342.  2.958736E-17
6344.  3.398832E-17
6346.  3.540688E-17
6348.  3.497936E-17
6350.  3.590352E-17
6352.  3.727840E-17
6354.  3.768608E-17
6356.  3.900912E-17
6358.  3.983760E-17
6360.  3.653712E-17
6362.  3.792704E-17
6364.  3.950448E-17
6366.  4.226752E-17
6368.  4.594928E-17
6370.  4.415984E-17
6372.  4.410960E-17
6374.  4.735744E-17
6376.  4.757232E-17
6378.  5.079104E-17
6380.  5.231536E-17
6382.  5.384080E-17
6384.  5.617536E-17
6386.  5.612192E-17
6388.  5.562368E-17
6390.  5.589552E-17
6392.  5.807120E-17
6394.  5.706640E-17
6396.  6.026832E-17
6398.  6.644688E-17
6400.  6.086768E-17
6402.  5.927168E-17
6404.  6.221184E-17
6406.  6.563632E-17
6408.  6.968881E-17
6410.  7.139488E-17
6412.  6.961535E-17
6414.  6.710128E-17
6416.  6.612416E-17
6418.  7.047552E-17
6420.  7.126305E-17
6422.  6.683872E-17
6424.  6.285056E-17
6426.  5.947008E-17
6428.  5.562464E-17
6430.  5.524784E-17
6432.  5.832192E-17
6434.  5.687216E-17
6436.  5.547616E-17
6438.  5.158432E-17
6440.  4.539616E-17
6442.  4.543696E-17
6444.  4.933760E-17
6446.  4.841744E-17
6448.  4.386704E-17
6450.  4.724672E-17
6452.  4.330528E-17
6454.  4.473072E-17
6456.  4.408832E-17
6458.  4.187920E-17
6460.  4.180016E-17
6462.  4.092240E-17
6464.  3.902768E-17
6466.  4.218928E-17
6468.  4.245488E-17
6470.  3.773504E-17
6472.  3.817392E-17
6474.  4.382640E-17
6476.  4.006944E-17
6478.  4.017600E-17
6480.  3.814224E-17
6482.  3.836000E-17
6484.  3.926096E-17
6486.  3.490336E-17
6488.  3.216976E-17
6490.  2.900544E-17
6492.  2.892960E-17
6494.  2.655440E-17
6496.  2.553648E-17
6498.  2.855808E-17
6500.  2.694064E-17
6502.  2.431376E-17
6504.  2.273328E-17
6506.  2.107712E-17
6508.  2.093632E-17
6510.  2.030912E-17
6512.  1.759488E-17
6514.  1.683392E-17
6516.  1.937456E-17
6518.  1.886960E-17
6520.  1.834704E-17
6522.  1.906160E-17
6524.  1.795520E-17
6526.  1.448200E-17
6528.  1.769728E-17
6530.  1.795472E-17
6532.  1.223755E-17
6534.  1.248435E-17
6536.  1.425758E-17
6538.  1.295162E-17
6540.  1.708816E-17
6542.  1.618272E-17
6544.  1.258549E-17
6546.  1.532290E-17
6548.  1.491330E-17
6550.  1.319693E-17
6552.  8.894001E-18
6554.  8.431937E-18
6556.  9.735056E-18
6558.  1.403602E-17
6560.  1.296445E-17
6562.  1.073576E-17
6564.  1.333994E-17
6566.  1.339043E-17
6568.  1.108762E-17
6570.  9.622992E-18
6572.  9.979872E-18
6574.  6.819953E-18
6576.  1.163115E-17
6578.  1.066357E-17
6580.  6.444144E-18
6582.  9.337455E-18
6584.  9.399344E-18
6586.  9.513408E-18
6588.  1.014800E-17
6590.  9.886288E-18
6592.  7.999264E-18
6594.  9.441105E-18
6596.  1.265174E-17
6598.  1.126275E-17
6600.  8.765185E-18
6602.  7.462032E-18
6604.  4.535888E-18
6606.  4.517440E-18
6608.  8.120896E-18
6610.  5.730112E-18
6612.  6.953616E-18
6614.  7.423713E-18
6616.  6.261072E-18
6618.  4.349920E-18
6620.  5.047824E-18
6622.  4.255040E-18
6624.  7.385663E-18
6626.  8.530032E-18
6628.  1.001502E-17
6630.  8.817553E-18
6632.  6.739153E-18
6634.  6.203264E-18
6636.  6.475664E-18
6638.  7.427729E-18
6640.  6.724240E-18
6642.  6.060832E-18
6644.  4.515344E-18
6646.  5.223824E-18
6648.  7.668112E-18
6650.  6.381648E-18
6652.  7.061312E-18
6654.  8.604289E-18
6656.  4.757696E-18
6658.  5.860353E-18
6660.  4.697440E-18
6662.  6.747184E-18
6664.  7.138785E-18
6666.  1.028389E-17
6668.  7.439281E-18
6670.  3.339480E-18
6672.  3.593045E-18
6674.  1.494344E-19
6676.  1.135320E-18
6678.  4.432992E-18
6680.  7.777632E-18
6682.  5.417104E-18
6684.  6.536097E-18
6686.  5.411520E-18
6688.  5.937328E-18
6690.  8.230192E-18
6692.  8.984720E-18
6694.  2.082944E-18
6696.  9.830240E-19
6698.  3.385184E-18
6700.  1.212722E-17
6702.  1.107389E-17
6704.  6.984112E-18
6706.  9.049968E-18
6708.  6.005200E-18
6710.  7.479856E-18
6712.  1.394288E-17
6714.  1.042456E-17
6716.  3.985648E-18
6718.  1.634128E-18
6720.  5.377616E-18
6722.  2.751936E-18
6724.  5.645312E-18
6726.  6.626928E-18
6728.  3.021520E-18
6730.  3.016896E-18
6732.  5.353600E-18
6734.  5.119968E-18
6736.  4.062192E-18
6738.  -1.077917E-19
6740.  6.538304E-18
6742.  6.922208E-18
6744.  4.422864E-18
6746.  8.711360E-18
6748.  2.500192E-18
6750.  5.333680E-18
6752.  4.998416E-18
6754.  2.332272E-18
6756.  3.207744E-18
6758.  3.286048E-18
6760.  4.605344E-18
6762.  3.413104E-18
6764.  2.972400E-18
6766.  6.495744E-18
6768.  5.105664E-18
6770.  2.858016E-18
6772.  2.779728E-18
6774.  3.894880E-18
6776.  5.793104E-18
6778.  5.672497E-18
6780.  2.737664E-18
6782.  4.876624E-18
6784.  1.290939E-18
6786.  1.520544E-19
6788.  5.540656E-18
6790.  8.645377E-18
6792.  9.793280E-18
6794.  6.942368E-18
6796.  1.299976E-18
6798.  2.591760E-18
6800.  7.724096E-18
6802.  4.801856E-18
6804.  8.070016E-19
6806.  2.335120E-18
6808.  1.966400E-18
6810.  5.860464E-18
6812.  5.265552E-18
6814.  3.506064E-18
6816.  8.667040E-18
6818.  8.414640E-18
6820.  2.937120E-18
6822.  6.660432E-19
6824.  4.451776E-18
6826.  6.225296E-18
6828.  5.796544E-19
6830.  -1.743936E-18
6832.  1.699504E-18
6834.  3.314128E-18
6836.  2.050624E-18
6838.  5.414736E-18
6840.  4.844448E-18
6842.  3.302432E-18
6844.  4.100048E-18
6846.  4.059488E-18
6848.  5.197824E-18
6850.  4.726432E-18
6852.  4.865600E-18
6854.  2.549856E-18
6856.  3.574896E-19
6858.  7.966864E-19
6860.  4.181200E-18
6862.  5.286176E-18
6864.  4.182768E-18
6866.  4.305104E-18
6868.  4.835216E-18
6870.  4.579776E-18
6872.  7.435073E-19
6874.  5.887904E-19
6876.  5.085744E-18
6878.  4.269920E-18
6880.  4.328512E-18
6882.  7.453377E-19
6884.  7.172592E-19
6886.  3.378880E-18
6888.  1.477878E-18
6890.  2.974224E-18
6892.  2.862192E-18
6894.  1.228173E-18
6896.  1.451422E-18
6898.  4.142384E-18
6900.  2.424720E-18
6902.  2.312384E-18
6904.  2.146528E-18
6906.  2.653808E-18
6908.  2.836064E-18
6910.  -2.516928E-19
6912.  -5.848608E-19
6914.  8.862479E-19
6916.  3.113376E-18
6918.  1.514539E-18
6920.  3.943792E-18
6922.  -4.729920E-19
6924.  9.640912E-19
6926.  5.859408E-18
6928.  3.007840E-18
6930.  1.886576E-19
6932.  -1.083426E-18
6934.  3.943184E-18
6936.  6.994480E-18
6938.  2.529952E-18
6940.  2.856432E-18
6942.  1.796160E-18
6944.  8.735472E-20
6946.  2.412016E-18
6948.  3.271248E-18
6950.  2.404160E-18
6952.  5.386016E-18
6954.  9.285536E-19
6956.  1.054694E-18
6958.  3.683600E-18
6960.  4.987296E-18
6962.  6.460560E-18
6964.  6.251377E-18
6966.  2.829408E-18
6968.  2.767792E-18
6970.  5.344944E-18
6972.  6.908080E-18
6974.  4.358512E-18
6976.  1.361142E-18
6978.  9.567600E-19
6980.  3.029280E-18
6982.  3.435248E-18
6984.  -3.055920E-19
6986.  3.213488E-18
6988.  6.742960E-18
6990.  4.367664E-18
6992.  2.663424E-18
6994.  2.816896E-18
6996.  2.856976E-18
6998.  3.305856E-18
7000.  4.582720E-18
7002.  3.500192E-18
7004.  1.737456E-18
7006.  2.194032E-18
7008.  -1.550171E-18
7010.  3.133776E-18
7012.  7.459168E-18
7014.  1.418566E-18
7016.  7.134689E-19
7018.  3.487904E-18
7020.  3.302272E-18
7022.  2.040704E-18
7024.  3.183200E-18
7026.  6.005728E-18
7028.  4.501808E-18
7030.  -5.619264E-19
7032.  3.577344E-19
7034.  4.090384E-19
7036.  1.486448E-18
7038.  1.729504E-18
7040.  -4.715344E-19
7042.  7.729888E-19
7044.  3.282528E-18
7046.  3.233040E-18
7048.  3.522432E-18
7050.  3.873296E-18
7052.  5.997680E-18
7054.  9.067712E-18
7056.  3.499472E-18
7058.  -1.955808E-18
7060.  1.314618E-18
7062.  3.790144E-18
7064.  -7.794464E-20
7066.  -8.280544E-19
7068.  4.046192E-18
7070.  2.259472E-18
7072.  1.930416E-18
7074.  2.004432E-18
7076.  1.588373E-18
7078.  6.130928E-18
7080.  5.625296E-18
7082.  6.226976E-18
7084.  6.776896E-18
7086.  2.945984E-18
7088.  4.039488E-18
7090.  1.036198E-18
7092.  8.209088E-19
7094.  4.093552E-18
7096.  5.215392E-18
7098.  6.353200E-18
7100.  3.510880E-18
7102.  3.450384E-18
7104.  4.749856E-18
7106.  6.260160E-18
7108.  7.224064E-18
7110.  4.227696E-18
7112.  -1.598624E-19
7114.  5.537184E-19
7116.  4.347056E-18
7118.  3.767600E-18
7120.  1.953664E-18
7122.  4.614128E-18
7124.  1.636560E-18
7126.  1.723344E-18
7128.  3.253184E-18
7130.  4.318576E-18
7132.  5.981184E-18
7134.  5.393008E-18
7136.  3.997280E-18
7138.  9.581312E-19
7140.  1.794544E-19
7142.  3.969088E-18
7144.  3.013424E-18
7146.  3.826592E-18
7148.  2.676432E-18
7150.  5.689088E-19
7152.  3.450496E-18
7154.  5.374096E-18
7156.  4.846720E-18
7158.  3.882704E-18
7160.  2.353680E-18
7162.  2.766800E-18
7164.  7.381504E-18
7166.  6.061376E-18
7168.  8.082048E-18
7170.  6.825312E-18
7172.  5.500784E-18
7174.  4.198976E-18
7176.  8.050993E-18
7178.  1.186192E-17
7180.  7.569281E-18
7182.  6.451888E-18
7184.  5.622032E-18
7186.  3.993792E-18
7188.  4.129200E-18
7190.  5.229264E-18
7192.  7.556449E-18
7194.  8.104160E-18
7196.  6.036272E-18
7198.  4.447680E-18
7200.  5.084338E-18
7202.  8.937121E-19
7204.  5.361264E-18
7206.  6.402848E-18
7208.  6.302993E-18
7210.  8.191424E-18
7212.  8.269681E-18
7214.  8.394688E-18
7216.  7.116176E-18
7218.  6.157296E-18
7220.  7.115025E-18
7222.  9.811280E-18
7224.  1.185509E-17
7226.  9.149088E-18
7228.  5.417104E-18
7230.  8.560736E-18
7232.  1.023253E-17
7234.  8.551936E-18
7236.  8.003649E-18
7238.  1.108221E-17
7240.  1.318112E-17
7242.  1.027611E-17
7244.  4.910384E-18
7246.  9.270496E-18
7248.  1.159224E-17
7250.  7.352784E-18
7252.  1.069510E-17
7254.  9.034048E-18
7256.  1.147184E-17
7258.  1.079082E-17
7260.  1.170144E-17
7262.  1.377285E-17
7264.  1.080997E-17
7266.  1.318488E-17
7268.  1.140088E-17
7270.  1.044933E-17
7272.  1.376923E-17
7274.  1.427893E-17
7276.  1.309872E-17
7278.  9.402848E-18
7280.  1.148803E-17
7282.  1.354811E-17
7284.  1.704576E-17
7286.  1.509181E-17
7288.  9.766096E-18
7290.  8.093776E-18
7292.  1.204256E-17
7294.  1.381381E-17
7296.  1.405611E-17
7298.  1.318128E-17
7300.  1.401632E-17
7302.  1.244554E-17
7304.  8.353600E-18
7306.  9.986528E-18
7308.  1.542656E-17
7310.  1.324579E-17
7312.  1.419390E-17
7314.  1.574571E-17
7316.  1.424285E-17
7318.  1.350427E-17
7320.  1.681072E-17
7322.  1.519059E-17
7324.  1.623904E-17
7326.  1.306790E-17
7328.  1.716016E-17
7330.  1.800496E-17
7332.  1.689296E-17
7334.  1.869472E-17
7336.  2.182928E-17
7338.  2.153328E-17
7340.  1.996944E-17
7342.  1.405104E-17
7344.  1.355827E-17
7346.  2.174144E-17
7348.  2.287152E-17
7350.  2.269088E-17
7352.  2.282576E-17
7354.  2.205968E-17
7356.  2.877952E-17
7358.  2.469648E-17
7360.  2.392864E-17
7362.  2.700544E-17
7364.  2.342448E-17
7366.  2.402016E-17
7368.  2.523664E-17
7370.  2.588256E-17
7372.  2.694432E-17
7374.  2.855056E-17
7376.  3.126960E-17
7378.  3.088688E-17
7380.  3.244256E-17
7382.  3.245840E-17
7384.  3.406592E-17
7386.  3.474416E-17
7388.  3.405232E-17
7390.  3.578064E-17
7392.  3.726880E-17
7394.  3.930832E-17
7396.  3.949744E-17
7398.  3.959536E-17
7400.  3.780960E-17
7402.  4.136912E-17
7404.  4.462992E-17
7406.  4.359600E-17
7408.  4.083712E-17
7410.  4.385264E-17
7412.  3.806304E-17
7414.  4.209728E-17
7416.  4.356176E-17
7418.  4.137584E-17
7420.  4.209616E-17
7422.  4.249280E-17
7424.  4.452480E-17
7426.  4.564176E-17
7428.  4.548064E-17
7430.  4.498896E-17
7432.  4.329968E-17
7434.  4.043040E-17
7436.  3.763280E-17
7438.  3.329568E-17
7440.  3.650048E-17
7442.  3.678912E-17
7444.  3.371216E-17
7446.  3.173904E-17
7448.  3.075952E-17
7450.  3.382752E-17
7452.  3.501376E-17
7454.  3.155840E-17
7456.  2.838416E-17
7458.  2.922976E-17
7460.  3.190704E-17
7462.  3.004576E-17
7464.  2.995360E-17
7466.  2.538400E-17
7468.  2.449952E-17
7470.  2.472624E-17
7472.  2.604528E-17
7474.  2.522784E-17
7476.  2.464992E-17
7478.  2.325920E-17
7480.  2.218416E-17
7482.  2.366848E-17
7484.  2.747392E-17
7486.  1.977408E-17
7488.  1.756096E-17
7490.  2.163296E-17
7492.  1.932160E-17
7494.  1.722400E-17
7496.  1.815392E-17
7498.  1.954736E-17
7500.  1.909184E-17
7502.  1.541951E-17
7504.  1.744544E-17
7506.  1.559717E-17
7508.  1.506371E-17
7510.  1.742208E-17
7512.  2.013216E-17
7514.  1.597832E-17
7516.  1.567015E-17
7518.  1.456734E-17
7520.  1.471981E-17
7522.  1.247077E-17
7524.  1.688368E-17
7526.  1.745131E-17
7528.  1.561133E-17
7530.  1.368696E-17
7532.  1.403085E-17
7534.  1.261898E-17
7536.  1.207531E-17
7538.  1.286315E-17
7540.  1.182690E-17
7542.  1.109360E-17
7544.  9.190112E-18
7546.  1.125435E-17
7548.  1.234976E-17
7550.  8.802096E-18
7552.  6.471664E-18
7554.  1.005784E-17
7556.  1.331646E-17
7558.  1.106050E-17
7560.  8.046688E-18
7562.  7.591921E-18
7564.  9.416000E-18
7566.  6.920960E-18
7568.  6.799680E-18
7570.  7.664400E-18
7572.  7.490048E-18
7574.  1.028131E-17
7576.  9.682112E-18
7578.  9.141632E-18
7580.  6.457680E-18
7582.  8.197184E-18
7584.  1.077906E-17
7586.  8.423904E-18
7588.  6.104512E-18
7590.  6.436016E-18
7592.  7.212224E-18
7594.  6.437440E-18
7596.  4.475104E-18
7598.  3.044448E-18
7600.  2.680016E-18
7602.  1.935536E-18
7604.  1.469293E-18
7606.  4.673776E-18
7608.  1.069939E-17
7610.  8.191281E-18
7612.  3.420800E-18
7614.  -4.058896E-19
7616.  1.535280E-18
7618.  5.777520E-18
7620.  1.021243E-17
7622.  9.725856E-18
7624.  7.956993E-18
7626.  5.611840E-18
7628.  7.700672E-19
7630.  6.813920E-19
7632.  1.685184E-18
7634.  3.689696E-18
7636.  4.059744E-18
7638.  8.621552E-18
7640.  8.101520E-18
7642.  7.044624E-19
7644.  -1.102197E-18
7646.  3.322464E-18
7648.  3.562192E-18
7650.  9.522320E-19
7652.  4.389040E-18
7654.  7.301632E-18
7656.  6.802400E-18
7658.  7.183537E-18
7660.  1.079251E-17
7662.  1.025653E-17
7664.  7.051616E-18
7666.  5.464592E-18
7668.  4.723088E-18
7670.  4.761840E-18
7672.  -2.018736E-19
7674.  2.806400E-18
7676.  4.438752E-18
7678.  3.944176E-18
7680.  4.717888E-18
7682.  1.886176E-18
7684.  1.281746E-18
7686.  5.372896E-18
7688.  4.491920E-18
7690.  3.540544E-18
7692.  4.144848E-18
7694.  7.858096E-19
7696.  1.944192E-19
7698.  4.154368E-18
7700.  7.767760E-18
7702.  5.652352E-18
7704.  7.033088E-18
7706.  9.258929E-18
7708.  5.241008E-18
7710.  5.078560E-18
7712.  4.042448E-18
7714.  9.774496E-19
7716.  6.726689E-18
7718.  -3.473040E-19
7720.  -3.344955E-19
7722.  1.148242E-18
7724.  5.074192E-19
7726.  7.635697E-18
7728.  7.625312E-18
7730.  4.389600E-18
7732.  6.226800E-18
7734.  8.901968E-18
7736.  3.830784E-18
7738.  5.350384E-18
7740.  6.075040E-18
7742.  6.049712E-18
7744.  8.533520E-18
7746.  5.963472E-18
7748.  2.905008E-18
7750.  3.728816E-18
7752.  5.748992E-18
7754.  2.285200E-18
7756.  1.645344E-18
7758.  3.838848E-18
7760.  4.926512E-18
7762.  6.185152E-18
7764.  4.435264E-18
7766.  3.709632E-18
7768.  1.480837E-18
7770.  2.260016E-18
7772.  5.566992E-18
7774.  5.643920E-18
7776.  5.056672E-18
7778.  4.186352E-18
7780.  8.583184E-18
7782.  8.677633E-18
7784.  1.004869E-17
7786.  1.299238E-17
7788.  7.322448E-18
7790.  3.732912E-18
7792.  7.705648E-18
7794.  7.435616E-18
7796.  9.991248E-18
7798.  1.035429E-17
7800.  8.787184E-18
7802.  8.549361E-18
7804.  4.835008E-18
7806.  4.322912E-18
7808.  7.437905E-18
7810.  4.500112E-18
7812.  2.350864E-19
7814.  5.215152E-18
7816.  4.263888E-18
7818.  2.531888E-18
7820.  7.866144E-18
7822.  8.112240E-18
7824.  1.179421E-17
7826.  9.739009E-18
7828.  -2.370128E-19
7830.  5.975344E-18
7832.  1.019218E-17
7834.  6.390864E-18
7836.  8.109665E-18
7838.  2.105120E-18
7840.  4.112912E-18
7842.  9.885888E-19
7844.  5.785168E-18
7846.  1.127010E-17
7848.  2.814240E-18
7850.  -3.459152E-19
7852.  2.577024E-18
7854.  -6.818369E-19
7856.  7.629206E-18
7858.  1.145832E-17
7860.  1.078972E-17
7862.  7.264369E-18
7864.  8.837441E-18
7866.  6.072256E-18
7868.  9.663872E-18
7870.  1.017062E-17
7872.  3.028576E-18
7874.  2.290736E-18
7876.  5.026992E-18
7878.  5.634080E-18
7880.  9.339344E-18
7882.  5.856928E-18
7884.  9.312864E-18
7886.  6.996352E-18
7888.  4.603616E-18
7890.  1.279869E-17
7892.  1.110534E-17
7894.  6.041248E-18
7896.  1.123291E-18
7898.  4.421024E-18
7900.  1.180080E-17
7902.  5.933056E-18
7904.  2.913360E-18
7906.  4.775936E-18
7908.  4.263600E-18
7910.  9.213920E-18
7912.  1.284122E-17
7914.  1.168245E-18
7916.  9.160800E-18
7918.  1.066307E-17
7920.  4.253088E-18
7922.  8.007585E-20
7924.  4.761744E-18
7926.  1.144278E-17
7928.  6.812176E-18
7930.  5.341120E-18
7932.  1.013405E-17
7934.  8.692016E-18
7936.  4.385920E-18
7938.  1.489435E-19
7940.  7.583056E-18
7942.  3.124928E-18
7944.  7.338656E-18
7946.  9.909408E-18
7948.  7.643232E-18
7950.  6.183952E-18
7952.  2.395664E-19
7954.  4.127872E-18
7956.  2.717984E-18
7958.  7.542576E-19
7960.  7.525999E-18
7962.  1.184098E-17
7964.  1.051338E-17
7966.  6.669616E-18
7968.  4.895248E-18
7970.  5.622784E-18
7972.  8.170064E-18
7974.  8.159984E-18
7976.  8.647296E-18
7978.  1.080987E-17
7980.  5.900049E-18
7982.  -2.122560E-18
7984.  -1.819680E-18
7986.  2.991264E-18
7988.  7.239265E-18
7990.  8.699712E-18
7992.  1.941168E-18
7994.  3.701984E-18
7996.  6.758447E-18
7998.  7.765232E-18
8000.  1.270594E-17
8002.  5.585616E-18
8004.  -2.203680E-19
8006.  4.054608E-18
8008.  4.720544E-18
8010.  2.908448E-18
8012.  4.809408E-18
8014.  4.004544E-18
8016.  4.672576E-18
8018.  5.128160E-18
8020.  2.112416E-18
8022.  6.486144E-18
8024.  3.773168E-18
8026.  7.430353E-18
8028.  9.794192E-18
8030.  2.853680E-18
8032.  2.605792E-18
8034.  2.562944E-18
8036.  4.367776E-18
8038.  7.426528E-18
8040.  7.959904E-18
8042.  4.712912E-18
8044.  2.866480E-18
8046.  2.578576E-18
8048.  3.377264E-18
8050.  3.126848E-18
8052.  7.240640E-18
8054.  5.181312E-18
8056.  3.497136E-18
8058.  2.536864E-18
8060.  2.841808E-18
8062.  6.083648E-18
8064.  5.077088E-18
8066.  5.657040E-18
8068.  3.435984E-18
8070.  5.530480E-19
8072.  3.938560E-19
8074.  -1.253882E-18
8076.  4.858112E-18
8078.  7.451360E-19
8080.  1.863984E-18
8082.  2.081216E-18
8084.  1.237523E-18
8086.  3.944000E-18
8088.  7.662497E-18
8090.  5.556049E-18
8092.  6.842992E-18
8094.  8.040129E-18
8096.  3.576592E-18
8098.  4.283216E-18
8100.  5.982352E-18
8102.  1.046264E-17
8104.  1.020459E-17
8106.  1.150123E-17
8108.  1.759488E-18
8110.  5.440064E-18
8112.  9.553680E-18
8114.  6.461072E-18
8116.  6.103040E-18
8118.  4.449888E-18
8120.  5.290592E-18
8122.  5.358224E-18
8124.  7.689344E-18
8126.  8.755904E-18
8128.  5.432608E-18
8130.  4.302480E-18
8132.  2.644368E-18
8134.  5.803904E-18
8136.  4.275792E-18
8138.  1.269189E-18
8140.  1.715264E-18
8142.  3.790592E-18
8144.  3.823696E-18
8146.  6.993360E-18
8148.  8.389360E-18
8150.  6.601024E-18
8152.  3.926416E-18
8154.  2.661952E-18
8156.  4.338704E-18
8158.  6.972080E-18
8160.  8.948704E-18
8162.  8.994848E-18
8164.  4.864960E-18
8166.  1.818016E-18
8168.  5.548944E-18
8170.  7.609920E-18
8172.  7.144112E-18
8174.  5.370640E-18
8176.  5.398416E-18
8178.  5.838896E-18
8180.  3.640640E-18
8182.  1.424429E-18
8184.  3.357808E-18
8186.  8.009600E-18
8188.  4.174769E-18
8190.  -4.892113E-19
8192.  2.303472E-18
8194.  3.773120E-18
8196.  5.256176E-18
8198.  5.071856E-18
8200.  4.320912E-18
8202.  3.074064E-18
8204.  1.048509E-18
8206.  1.325203E-20
8208.  5.886928E-18
8210.  1.323986E-17
8212.  7.123744E-18
8214.  3.988096E-18
8216.  4.487168E-18
8218.  1.244394E-18
8220.  9.757153E-19
8222.  1.898448E-18
8224.  2.367312E-18
8226.  1.650784E-18
8228.  2.923072E-18
8230.  6.804064E-18
8232.  9.473633E-18
8234.  2.213664E-18
8236.  8.926496E-19
8238.  6.021040E-18
8240.  1.887936E-18
8242.  3.234496E-18
8244.  9.532432E-19
8246.  6.203536E-20
8248.  3.245264E-18
8250.  2.892848E-18
8252.  6.502688E-18
8254.  3.117952E-18
8256.  3.135920E-19
8258.  2.730192E-18
8260.  2.835616E-18
8262.  -6.940240E-19
8264.  2.429536E-18
8266.  -1.468339E-18
8268.  1.764000E-19
8270.  1.743872E-18
8272.  2.045840E-18
8274.  8.887376E-19
8276.  1.742992E-22
8278.  3.991280E-18
8280.  8.515712E-18
8282.  2.743456E-18
8284.  4.136976E-18
8286.  9.086945E-18
8288.  8.350304E-18
8290.  9.750256E-18
8292.  7.926560E-18
8294.  9.492864E-18
8296.  1.034267E-17
8298.  1.938944E-18
8300.  -2.398816E-18
8302.  -2.526224E-18
8304.  4.379344E-18
8306.  4.367760E-18
8308.  9.138624E-19
8310.  2.824160E-18
8312.  1.117285E-18
8314.  2.181680E-18
8316.  3.076880E-19
8318.  -6.823984E-19
8320.  3.216256E-18
8322.  5.774864E-18
8324.  2.818688E-18
8326.  4.271696E-19
8328.  1.402600E-19
8330.  3.529888E-18
8332.  1.282083E-18
8334.  -2.474800E-18
8336.  2.989424E-18
8338.  7.284336E-18
8340.  3.369920E-18
8342.  -1.193608E-18
8344.  -1.182254E-18
8346.  5.902656E-18
8348.  8.015904E-18
8350.  4.464848E-18
8352.  6.030368E-18
8354.  8.835152E-18
8356.  9.332721E-18
8358.  8.738880E-18
8360.  1.543274E-18
8362.  -1.119469E-18
8364.  7.869984E-18
8366.  4.645536E-18
8368.  -2.094688E-18
8370.  2.977424E-18
8372.  7.798400E-18
8374.  4.626896E-18
8376.  5.444192E-18
8378.  1.934224E-18
8380.  3.448864E-19
8382.  5.628208E-18
8384.  9.815745E-18
8386.  8.406368E-18
8388.  7.264864E-18
8390.  2.977392E-18
8392.  2.536144E-18
8394.  4.774080E-18
8396.  1.113229E-18
8398.  -3.520592E-18
8400.  -3.786752E-19
8402.  4.131168E-18
8404.  6.330560E-18
8406.  1.180707E-17
8408.  6.148720E-18
8410.  1.181382E-18
8412.  2.529280E-18
8414.  2.482960E-19
8416.  2.733408E-18
8418.  3.995360E-18
8420.  -1.322992E-18
8422.  1.328080E-18
8424.  5.058272E-18
8426.  1.325690E-18
8428.  9.724880E-18
8430.  1.317886E-17
8432.  -1.823792E-18
8434.  5.098944E-19
8436.  5.171552E-18
8438.  9.303408E-19
8440.  2.558256E-18
8442.  8.660593E-18
8444.  7.964560E-18
8446.  4.414080E-18
8448.  2.425728E-18
8450.  4.983984E-18
8452.  8.005808E-18
8454.  3.774416E-18
8456.  3.146112E-18
8458.  5.164896E-18
8460.  1.624752E-18
8462.  -3.463952E-19
8464.  -7.255472E-19
8466.  1.127094E-18
8468.  4.057344E-18
8470.  -2.461328E-18
8472.  -2.913789E-18
8474.  -4.564400E-18
8476.  -1.486450E-19
8478.  1.917696E-18
8480.  5.097088E-18
8482.  4.887936E-18
8484.  -2.354416E-18
8486.  -1.507867E-18
8488.  2.587760E-18
8490.  5.478224E-18
8492.  4.063584E-18
8494.  2.903024E-18
8496.  2.264464E-18
8498.  5.439104E-18
8500.  4.747600E-18
8502.  3.729312E-18
8504.  7.416288E-18
8506.  2.502464E-18
8508.  -2.862128E-18
8510.  1.969056E-19
8512.  1.139357E-18
8514.  1.770736E-19
8516.  2.546864E-18
8518.  2.015888E-18
8520.  1.850064E-18
8522.  3.701008E-18
8524.  3.860448E-18
8526.  2.153120E-19
8528.  7.562273E-18
8530.  5.675488E-18
8532.  2.467632E-18
8534.  4.917376E-19
8536.  3.264688E-18
8538.  7.746704E-18
8540.  5.494208E-18
8542.  2.887104E-18
8544.  5.817296E-19
8546.  -3.282576E-18
8548.  -4.558592E-19
8550.  2.797072E-18
8552.  9.961200E-18
8554.  1.024352E-17
8556.  1.904784E-18
8558.  4.901616E-18
8560.  4.325904E-18
8562.  6.389328E-18
8564.  6.200272E-18
8566.  3.890608E-19
8568.  3.680384E-18
8570.  6.418848E-18
8572.  5.539968E-18
8574.  4.860064E-18
8576.  4.059264E-18
8578.  7.541120E-18
8580.  8.377808E-18
8582.  1.534328E-18
8584.  -1.949792E-18
8586.  -4.502720E-18
8588.  6.797664E-18
8590.  1.020691E-17
8592.  6.385376E-18
8594.  -1.764816E-18
8596.  3.374544E-18
8598.  5.508448E-18
8600.  2.417408E-18
8602.  2.363200E-18
8604.  5.237648E-18
8606.  5.013648E-18
8608.  3.827056E-18
8610.  -3.466144E-19
8612.  4.876976E-18
8614.  9.090801E-19
8616.  6.303984E-18
8618.  1.157646E-17
8620.  9.527024E-18
8622.  4.916304E-18
8624.  2.472080E-18
8626.  3.107904E-18
8628.  2.087184E-18
8630.  6.134864E-18
8632.  1.098712E-17
8634.  1.036798E-17
8636.  1.406994E-17
8638.  9.482064E-18
8640.  -6.855633E-19
8642.  4.370000E-18
8644.  1.957376E-18
8646.  2.249520E-18
8648.  7.401200E-18
8650.  9.196289E-18
8652.  5.934048E-18
8654.  9.022161E-18
8656.  1.796464E-17
8658.  1.167054E-17
8660.  5.444112E-18
8662.  1.052414E-17
8664.  1.175736E-17
8666.  9.684016E-18
8668.  1.296384E-17
8670.  1.376854E-17
8672.  1.235014E-17
8674.  1.693376E-17
8676.  1.653296E-17
8678.  1.209243E-17
8680.  1.119458E-17
8682.  1.317765E-17
8684.  1.536184E-17
8686.  1.156016E-17
8688.  1.024168E-17
8690.  1.367102E-17
8692.  9.718016E-18
8694.  6.058704E-18
8696.  8.147168E-18
8698.  8.498704E-18
8700.  9.928208E-18
8702.  1.413312E-17
8704.  1.103053E-17
8706.  1.132363E-17
8708.  1.320798E-17
8710.  1.274594E-17
8712.  1.562211E-17
8714.  9.144992E-18
8716.  8.376608E-18
8718.  1.453283E-17
8720.  1.428614E-17
8722.  1.639520E-17
8724.  1.968848E-17
8726.  1.820240E-17
8728.  1.167422E-17
8730.  7.555488E-18
8732.  7.970384E-18
8734.  4.308224E-18
8736.  7.568336E-18
8738.  1.184230E-17
8740.  9.574416E-18
8742.  8.515056E-18
8744.  1.462754E-17
8746.  1.777568E-17
8748.  9.462768E-18
8750.  6.391168E-18
8752.  1.261381E-17
8754.  1.420221E-17
8756.  1.712048E-17
8758.  1.572656E-17
8760.  8.753728E-18
8762.  1.272968E-17
8764.  2.157584E-17
8766.  1.331235E-17
8768.  1.064296E-17
8770.  1.095354E-17
8772.  1.461253E-17
8774.  1.253246E-17
8776.  1.533411E-17
8778.  2.186928E-17
8780.  2.001536E-17
8782.  1.781712E-17
8784.  2.482688E-17
8786.  2.653696E-17
8788.  2.194176E-17
8790.  1.791968E-17
8792.  2.150224E-17
8794.  2.418784E-17
8796.  2.558016E-17
8798.  1.641584E-17
8800.  1.104955E-17
8802.  1.299294E-17
8804.  2.057072E-17
8806.  1.796672E-17
8808.  1.472229E-17
8810.  8.902752E-18
8812.  9.271073E-18
8814.  1.682912E-17
8816.  2.078832E-17
8818.  1.945104E-17
8820.  1.777632E-17
8822.  2.015536E-17
8824.  1.648672E-17
8826.  2.099856E-17
8828.  2.202896E-17
8830.  2.252144E-17
8832.  2.806608E-17
8834.  1.833328E-17
8836.  1.328453E-17
8838.  1.238760E-17
8840.  2.054864E-17
8842.  2.290992E-17
8844.  2.329040E-17
8846.  2.299664E-17
8848.  2.004048E-17
8850.  2.417088E-17
8852.  2.279360E-17
8854.  1.010462E-17
8856.  9.951568E-18
8858.  1.985488E-17
8860.  2.188096E-17
8862.  1.914336E-17
8864.  1.940176E-17
8866.  1.753520E-17
8868.  1.619584E-17
8870.  2.267312E-17
8872.  2.344816E-17
8874.  1.694928E-17
8876.  2.148864E-17
8878.  1.939152E-17
8880.  1.829280E-17
8882.  1.468789E-17
8884.  2.063472E-17
8886.  2.150032E-17
8888.  2.280320E-17
8890.  2.056800E-17
8892.  1.744160E-17
8894.  1.689728E-17
8896.  2.200864E-17
8898.  1.530494E-17
8900.  1.840704E-17
8902.  1.581525E-17
8904.  1.600544E-17
8906.  1.254142E-17
8908.  1.740736E-17
8910.  1.583496E-17
8912.  1.102782E-17
8914.  1.299594E-17
8916.  1.190080E-17
8918.  1.494837E-17
8920.  1.901040E-17
8922.  1.660672E-17
8924.  1.303610E-17
8926.  1.911792E-17
8928.  1.141677E-17
8930.  1.167208E-17
8932.  1.287995E-17
8934.  5.610960E-18
8936.  6.954048E-18
8938.  1.270242E-17
8940.  1.626848E-17
8942.  1.383768E-17
8944.  2.180736E-17
8946.  1.793088E-17
8948.  9.535536E-18
8950.  1.077670E-17
8952.  1.474013E-17
8954.  1.726352E-17
8956.  2.263504E-17
8958.  2.041152E-17
8960.  2.128160E-17
8962.  2.286352E-17
8964.  1.324106E-17
8966.  9.121617E-18
8968.  6.309808E-18
8970.  1.558578E-17
8972.  1.900368E-17
8974.  1.575907E-17
8976.  1.804512E-17
8978.  2.174480E-17
8980.  2.151024E-17
8982.  2.765712E-17
8984.  2.207232E-17
8986.  2.320032E-17
8988.  1.601920E-17
8990.  9.370000E-18
8992.  8.858640E-18
8994.  1.110885E-17
8996.  1.397653E-17
8998.  1.696688E-17
9000.  1.542667E-17
9002.  1.413683E-17
9004.  1.346795E-17
9006.  8.885553E-18
9008.  1.013850E-17
9010.  1.678848E-17
9012.  1.213150E-17
9014.  1.168728E-17
9016.  1.140267E-17
9018.  6.887200E-18
9020.  1.037672E-17
9022.  1.295015E-17
9024.  1.253662E-17
9026.  4.203280E-18
9028.  -1.972048E-19
9030.  -2.223264E-18
9032.  4.709824E-18
9034.  1.686032E-17
9036.  1.038893E-17
9038.  1.001525E-17
9040.  9.641568E-18
9042.  9.267889E-18
9044.  8.894208E-18
9046.  8.894208E-18
9048.  1.634000E-17
9050.  7.279712E-18
9052.  3.915280E-18
9054.  8.087280E-18
9056.  5.715872E-18
9058.  2.436400E-18
9060.  -4.609168E-18
9062.  -3.245840E-18
9064.  8.264929E-18
9066.  7.553313E-18
9068.  5.021936E-18
9070.  1.060648E-17
9072.  6.597296E-18
9074.  6.995472E-18
9076.  4.516112E-18
9078.  1.863088E-18
9080.  -6.836368E-18
9082.  -1.822768E-18
9084.  9.389456E-18
9086.  8.347936E-18
9088.  8.979600E-19
9090.  -1.655712E-18
9092.  3.596768E-18
9094.  6.068960E-18
9096.  2.445744E-18
9098.  6.789601E-18
9100.  5.020624E-18
9102.  5.527040E-18
9104.  9.606784E-18
9106.  3.106368E-18
9108.  3.514784E-18
9110.  1.097875E-17
9112.  7.325521E-18
9114.  4.831728E-19
9116.  4.650960E-18
9118.  6.593136E-18
9120.  3.242736E-18
9122.  -5.415152E-18
9124.  1.733792E-18
9126.  8.803600E-18
9128.  1.221744E-18
9130.  2.627168E-18
9132.  2.049120E-18
9134.  4.821392E-18
9136.  3.750576E-18
9138.  6.438224E-18
9140.  8.258448E-18
9142.  9.076928E-18
9144.  2.896880E-18
9146.  -9.216081E-19
9148.  4.122032E-18
9150.  4.862464E-18
9152.  1.097459E-18
9154.  7.006593E-18
9156.  7.244304E-18
9158.  7.627040E-18
9160.  2.117968E-18
9162.  1.524898E-17
9164.  1.296758E-17
9166.  4.769904E-18
9168.  1.120787E-17
9170.  1.196494E-17
9172.  2.904160E-18
9174.  4.120208E-18
9176.  4.103120E-18
9178.  1.948384E-18
9180.  8.179600E-18
9182.  9.968385E-18
9184.  8.614256E-18
9186.  6.260496E-18
9188.  3.966800E-18
9190.  -2.459360E-18
9192.  -3.143648E-18
9194.  4.298880E-18
9196.  4.158704E-18
9198.  3.706528E-18
9200.  1.400091E-18
9202.  2.513552E-18
9204.  3.184080E-18
9206.  8.105328E-18
9208.  1.013830E-17
9210.  1.161306E-17
9212.  4.069664E-18
9214.  1.730896E-18
9216.  6.785248E-18
9218.  7.079008E-18
9220.  6.850752E-18
9222.  3.234576E-18
9224.  2.519536E-18
9226.  8.278672E-18
9228.  1.001771E-17
9230.  9.886784E-18
9232.  9.973729E-18
9234.  6.608817E-18
9236.  5.869184E-18
9238.  5.869184E-18
9240.  5.398592E-18
9242.  4.771744E-18
9244.  8.173856E-18
9246.  8.421056E-18
9248.  2.469936E-18
9250.  7.048816E-18
9252.  8.301504E-18
9254.  1.111166E-17
9256.  7.358112E-18
9258.  3.326736E-18
9260.  7.490224E-18
9262.  7.275872E-18
9264.  2.385376E-18
9266.  2.745056E-18
9268.  1.090334E-17
9270.  1.287512E-17
9272.  9.646384E-18
9274.  7.686736E-18
9276.  1.029318E-17
9278.  8.828048E-18
9280.  4.044928E-18
9282.  5.810432E-20
9284.  -9.016305E-19
9286.  6.653040E-18
9288.  4.976944E-18
9290.  2.687968E-18
9292.  2.144896E-18
9294.  3.756480E-18
9296.  3.096096E-18
9298.  1.259096E-17
9300.  1.338827E-17
9302.  8.117264E-18
9304.  7.894449E-18
9306.  1.945472E-17
9308.  1.274120E-17
9310.  7.214592E-18
9312.  9.852112E-18
9314.  1.739648E-17
9316.  1.590968E-17
9318.  2.515696E-17
9320.  2.334608E-17
9322.  6.425632E-18
9324.  -1.802416E-18
9326.  -4.375408E-18
9328.  -3.695840E-19
9330.  2.804288E-18
9332.  1.734272E-17
9334.  1.660560E-19
9336.  1.241806E-18
9338.  1.118485E-17
9340.  1.335787E-18
9342.  -7.319856E-18
9344.  9.859168E-18
9346.  2.568272E-17
9348.  7.630288E-18
9350.  1.078266E-17
9352.  1.238901E-17
9354.  1.657248E-17
9356.  1.402931E-17
9358.  4.391696E-18
9360.  3.390064E-18
9362.  2.110416E-17
9364.  1.458117E-17
9366.  1.601952E-17
9368.  9.139537E-18
9370.  1.692880E-17
9372.  3.065888E-17
9374.  9.383248E-18
9376.  -5.896960E-18
9378.  -1.198323E-17
9380.  1.030240E-17
9382.  1.635488E-17
9384.  2.099856E-18
9386.  1.543779E-17
9388.  3.120944E-17
9390.  1.811424E-17
9392.  8.934720E-18
9394.  1.519403E-17
9396.  9.989664E-18
9398.  1.386862E-17
9400.  1.223349E-17
