3600.  3.757508E-16
3602.07641583518  4.530715E-16
3604.15283167036  4.430018E-16
3606.22924750554  4.016887E-16
3608.30566334072  3.304332E-16
3610.38207917591  2.501105E-16
3612.45849501109  2.815392E-16
3614.53491084627  3.144109E-16
3616.61132668145  2.769088E-16
3618.68774251663  4.148833E-16
3620.76415835181  4.673535E-16
3622.84057418699  2.189415E-16
3624.91699002217  1.759597E-16
3626.99340585735  3.071763E-16
3629.06982169253  3.938490E-16
3631.14623752772  4.805236E-16
3633.2226533629  2.533529E-16
3635.29906919808  2.838402E-16
3637.37548503326  4.267745E-16
3639.45190086844  4.748808E-16
3641.52831670362  3.743080E-16
3643.6047325388  2.750307E-16
3645.68114837398  3.297451E-16
3647.75756420917  4.827962E-16
3649.83398004435  4.774532E-16
3651.91039587953  2.866679E-16
3653.98681171471  2.345919E-16
3656.06322754989  2.681291E-16
3658.13964338507  1.844560E-16
3660.21605922025  1.794665E-16
3662.29247505543  3.193653E-16
3664.36889089061  3.198954E-16
3666.4453067258  2.670736E-16
3668.52172256098  2.409651E-16
3670.59813839616  2.321345E-16
3672.67455423134  2.915464E-16
3674.75097006652  2.695459E-16
3676.8273859017  2.623486E-16
3678.90380173688  3.399685E-16
3680.98021757206  3.510521E-16
3683.05663340724  3.615032E-16
3685.13304924243  2.855363E-16
3687.20946507761  2.368127E-16
3689.28588091279  3.701131E-16
3691.36229674797  4.182233E-16
3693.43871258315  3.733241E-16
3695.51512841833  3.485457E-16
3697.59154425351  2.602013E-16
3699.66796008869  2.099451E-16
3701.74437592387  2.145842E-16
3703.82079175905  2.857003E-16
3705.89720759424  3.920025E-16
3707.97362342942  3.110093E-16
3710.0500392646  2.288795E-16
3712.12645509978  1.860567E-16
3714.20287093496  1.959472E-16
3716.27928677014  2.832871E-16
3718.35570260532  4.060506E-16
3720.4321184405  4.300272E-16
3722.50853427568  3.964500E-16
3724.58495011087  3.526224E-16
3726.66136594605  2.914893E-16
3728.73778178123  3.159291E-16
3730.81419761641  3.635712E-16
3732.89061345159  2.985598E-16
3734.96702928677  2.601166E-16
3737.04344512195  2.940910E-16
3739.11986095713  2.877445E-16
3741.19627679231  3.067294E-16
3743.2726926275  2.867343E-16
3745.34910846268  2.629468E-16
3747.42552429786  2.375782E-16
3749.50194013304  2.629468E-16
3751.57835596822  3.021578E-16
3753.6547718034  3.382395E-16
3755.73118763858  3.585298E-16
3757.80760347376  3.619480E-16
3759.88401930894  3.567972E-16
3761.96043514413  3.221206E-16
3764.03685097931  3.389285E-16
3766.11326681449  3.224995E-16
3768.18968264967  3.257153E-16
3770.26609848485  3.907553E-16
3772.34251432003  4.286507E-16
3774.41893015521  3.612323E-16
3776.49534599039  2.783766E-16
3778.57176182557  3.025200E-16
3780.64817766076  3.871882E-16
3782.72459349594  3.971332E-16
3784.80100933112  3.183148E-16
3786.8774251663  2.867814E-16
3788.95384100148  3.175600E-16
3791.03025683666  3.109944E-16
3793.10667267184  2.972819E-16
3795.18308850702  2.610164E-16
3797.2595043422  2.826509E-16
3799.33592017739  3.034559E-16
3801.41233601257  2.319108E-16
3803.48875184775  2.246608E-16
3805.56516768293  2.677693E-16
3807.64158351811  2.460539E-16
3809.71799935329  1.837010E-16
3811.79441518847  1.720622E-16
3813.87083102365  2.464006E-16
3815.94724685883  2.991881E-16
3818.02366269402  2.807949E-16
3820.1000785292  2.204135E-16
3822.17649436438  1.959033E-16
3824.25291019956  2.930501E-16
3826.32932603474  2.781732E-16
3828.40574186992  2.387860E-16
3830.4821577051  1.917685E-16
3832.55857354028  2.112796E-16
3834.63498937546  2.480288E-16
3836.71140521065  2.628051E-16
3838.78782104583  2.342335E-16
3840.86423688101  1.611072E-16
3842.94065271619  1.678292E-16
3845.01706855137  2.108604E-16
3847.09348438655  2.644919E-16
3849.16990022173  2.097867E-16
3851.24631605691  2.322195E-16
3853.32273189209  2.712467E-16
3855.39914772728  2.389055E-16
3857.47556356246  2.260657E-16
3859.55197939764  2.336390E-16
3861.62839523282  1.921830E-16
3863.704811068  1.865935E-16
3865.78122690318  2.179231E-16
3867.85764273836  2.275301E-16
3869.93405857354  2.755073E-16
3872.01047440872  2.753088E-16
3874.08689024391  2.397906E-16
3876.16330607909  2.627383E-16
3878.23972191427  2.795904E-16
3880.31613774945  3.240197E-16
3882.39255358463  3.327742E-16
3884.46896941981  2.769016E-16
3886.54538525499  3.213309E-16
3888.62180109017  3.449541E-16
3890.69821692535  2.946163E-16
3892.77463276054  2.749928E-16
3894.85104859572  3.099926E-16
3896.9274644309  3.029316E-16
3899.00388026608  2.746222E-16
3901.08029610126  2.967130E-16
3903.15671193644  2.766909E-16
3905.23312777162  2.607369E-16
3907.3095436068  2.937227E-16
3909.38595944198  2.654501E-16
3911.46237527716  3.004606E-16
3913.53879111235  3.393040E-16
3915.61520694753  3.576202E-16
3917.69162278271  3.002904E-16
3919.76803861789  3.092806E-16
3921.84445445307  3.507162E-16
3923.92087028825  3.210546E-16
3925.99728612343  2.998129E-16
3928.07370195861  3.397468E-16
3930.15011779379  3.574765E-16
3932.22653362898  3.504928E-16
3934.30294946416  2.894401E-16
3936.37936529934  3.026308E-16
3938.45578113452  3.624467E-16
3940.5321969697  3.810385E-16
3942.60861280488  3.761153E-16
3944.68502864006  3.885299E-16
3946.76144447524  3.895939E-16
3948.83786031042  3.928260E-16
3950.91427614561  3.997850E-16
3952.99069198079  3.787081E-16
3955.06710781597  3.221052E-16
3957.14352365115  2.957185E-16
3959.21993948633  3.688079E-16
3961.29635532151  4.216919E-16
3963.37277115669  3.913156E-16
3965.44918699187  3.275094E-16
3967.52560282705  3.565627E-16
3969.60201866224  3.651734E-16
3971.67843449742  3.519192E-16
3973.7548503326  4.018171E-16
3975.83126616778  4.078863E-16
3977.90768200296  3.611215E-16
3979.98409783814  3.614025E-16
3982.06051367332  3.711261E-16
3984.1369295085  3.534117E-16
3986.21334534368  3.450436E-16
3988.28976117887  3.614845E-16
3990.36617701405  3.903398E-16
3992.44259284923  4.055915E-16
3994.51900868441  3.813472E-16
3996.59542451959  3.755094E-16
3998.67184035477  3.693257E-16
4000.74825618995  3.579785E-16
4002.82467202513  3.322911E-16
4004.90108786031  3.187153E-16
4006.9775036955  3.074510E-16
4009.05391953068  3.172320E-16
4011.13033536586  3.482105E-16
4013.20675120104  3.511283E-16
4015.28316703622  3.512004E-16
4017.3595828714  3.866085E-16
4019.43599870658  3.873221E-16
4021.51241454176  3.562342E-16
4023.58883037694  3.496671E-16
4025.66524621213  3.438161E-16
4027.74166204731  3.175809E-16
4029.81807788249  3.059195E-16
4031.89449371767  2.988709E-16
4033.97090955285  2.870466E-16
4036.04732538803  2.844772E-16
4038.12374122321  2.790553E-16
4040.20015705839  2.966662E-16
4042.27657289357  3.307770E-16
4044.35298872876  3.146352E-16
4046.42940456394  2.953969E-16
4048.50582039912  3.152935E-16
4050.5822362343  3.044563E-16
4052.65865206948  2.974271E-16
4054.73506790466  3.297635E-16
4056.81148373984  3.427338E-16
4058.88789957502  3.365408E-16
4060.9643154102  3.194209E-16
4063.04073124539  3.010376E-16
4065.11714708057  3.093227E-16
4067.19356291575  3.384441E-16
4069.26997875093  3.612686E-16
4071.34639458611  3.528675E-16
4073.42281042129  3.087025E-16
4075.49922625647  2.794333E-16
4077.57564209165  2.791118E-16
4079.65205792683  3.167714E-16
4081.72847376201  3.497580E-16
4083.8048895972  3.501803E-16
4085.88130543238  3.571402E-16
4087.95772126756  3.763373E-16
4090.03413710274  3.603920E-16
4092.11055293792  3.125408E-16
4094.1869687731  3.045644E-16
4096.26338460828  3.183737E-16
4098.33980044346  3.325774E-16
4100.41621627865  3.243907E-16
4102.49263211383  3.088687E-16
4104.56904794901  3.083535E-16
4106.64546378419  2.909770E-16
4108.72187961937  2.861960E-16
4110.79829545455  3.108475E-16
4112.87471128973  3.562955E-16
4114.95112712491  3.480315E-16
4117.02754296009  3.250749E-16
4119.10395879527  3.190337E-16
4121.18037463046  3.135959E-16
4123.25679046564  3.087245E-16
4125.33320630082  2.972997E-16
4127.409622136  2.917337E-16
4129.48603797118  3.042949E-16
4131.56245380636  3.100584E-16
4133.63886964154  2.972069E-16
4135.71528547672  2.923365E-16
4137.7917013119  3.160945E-16
4139.86811714709  3.164723E-16
4141.94453298227  2.800165E-16
4144.02094881745  2.874635E-16
4146.09736465263  2.847150E-16
4148.17378048781  2.757333E-16
4150.25019632299  2.903477E-16
4152.32661215817  2.996203E-16
4154.40302799335  3.020727E-16
4156.47944382853  2.856313E-16
4158.55585966372  2.824010E-16
4160.6322754989  2.567640E-16
4162.70869133408  2.384107E-16
4164.78510716926  2.638279E-16
4166.86152300444  2.834477E-16
4168.93793883962  2.580659E-16
4171.0143546748  2.379491E-16
4173.09077050998  2.557769E-16
4175.16718634517  2.730231E-16
4177.24360218035  2.848122E-16
4179.32001801553  2.970281E-16
4181.39643385071  2.927037E-16
4183.47284968589  2.791650E-16
4185.54926552107  2.657048E-16
4187.62568135625  2.863147E-16
4189.70209719143  2.970183E-16
4191.77851302661  2.857014E-16
4193.85492886179  2.776037E-16
4195.93134469697  2.797897E-16
4198.00776053216  2.657187E-16
4200.08417636734  2.666185E-16
4202.16059220252  2.972140E-16
4204.2370080377  3.108370E-16
4206.31342387288  2.980577E-16
4208.38983970806  2.923673E-16
4210.46625554324  3.026313E-16
4212.54267137842  3.148986E-16
4214.61908721361  3.194577E-16
4216.69550304879  3.138657E-16
4218.77191888397  3.003149E-16
4220.84833471915  2.793837E-16
4222.92475055433  2.628613E-16
4225.00116638951  2.622434E-16
4227.07758222469  2.595848E-16
4229.15399805987  2.540850E-16
4231.23041389505  2.543195E-16
4233.30682973023  2.774272E-16
4235.38324556542  2.952346E-16
4237.4596614006  2.952323E-16
4239.53607723578  3.066527E-16
4241.61249307096  3.033073E-16
4243.68890890614  2.756902E-16
4245.76532474132  2.749460E-16
4247.8417405765  3.072454E-16
4249.91815641168  3.234994E-16
4251.99457224687  3.138713E-16
4254.07098808205  3.061119E-16
4256.14740391723  3.006374E-16
4258.22381975241  2.905450E-16
4260.30023558759  2.851085E-16
4262.37665142277  2.868131E-16
4264.45306725795  2.997327E-16
4266.52948309313  3.092696E-16
4268.60589892831  2.939031E-16
4270.6823147635  2.936577E-16
4272.75873059868  3.109314E-16
4274.83514643386  3.078763E-16
4276.91156226904  3.074937E-16
4278.98797810422  3.163987E-16
4281.0643939394  3.223441E-16
4283.14080977458  3.165317E-16
4285.21722560976  2.769525E-16
4287.29364144494  2.434953E-16
4289.37005728013  2.576198E-16
4291.44647311531  2.919246E-16
4293.52288895049  2.996804E-16
4295.59930478567  2.912667E-16
4297.67572062085  2.849059E-16
4299.75213645603  2.766816E-16
4301.82855229121  2.745028E-16
4303.90496812639  2.801153E-16
4305.98138396157  2.801718E-16
4308.05779979676  2.809339E-16
4310.13421563194  2.901402E-16
4312.21063146712  2.958109E-16
4314.2870473023  2.920648E-16
4316.36346313748  2.847819E-16
4318.43987897266  2.888498E-16
4320.51629480784  2.913915E-16
4322.59271064302  2.920624E-16
4324.6691264782  3.022326E-16
4326.74554231338  3.173135E-16
4328.82195814857  3.293189E-16
4330.89837398375  3.154681E-16
4332.97478981893  2.791592E-16
4335.05120565411  2.648461E-16
4337.12762148929  2.803215E-16
4339.20403732447  2.915089E-16
4341.28045315965  2.833356E-16
4343.35686899483  2.627743E-16
4345.43328483001  2.430205E-16
4347.5097006652  2.384431E-16
4349.58611650038  2.582360E-16
4351.66253233556  2.850963E-16
4353.73894817074  2.868724E-16
4355.81536400592  2.706513E-16
4357.8917798411  2.561780E-16
4359.96819567628  2.474910E-16
4362.04461151146  2.482833E-16
4364.12102734664  2.724543E-16
4366.19744318183  2.924951E-16
4368.27385901701  2.755481E-16
4370.35027485219  2.398300E-16
4372.42669068737  2.275384E-16
4374.50310652255  2.361399E-16
4376.57952235773  2.375365E-16
4378.65593819291  2.433880E-16
4380.73235402809  2.359423E-16
4382.80876986327  2.196897E-16
4384.88518569846  2.241310E-16
4386.96160153364  2.476342E-16
4389.03801736882  2.494282E-16
4391.114433204  2.338007E-16
4393.19084903918  2.372171E-16
4395.26726487436  2.489050E-16
4397.34368070954  2.649551E-16
4399.42009654472  2.820264E-16
4401.49651237991  2.890354E-16
4403.57292821509  2.818798E-16
4405.64934405027  2.630954E-16
4407.72575988545  2.556298E-16
4409.80217572063  2.448386E-16
4411.87859155581  2.322612E-16
4413.95500739099  2.154384E-16
4416.03142322617  2.230460E-16
4418.10783906135  2.456396E-16
4420.18425489653  2.563616E-16
4422.26067073172  2.614165E-16
4424.3370865669  2.652248E-16
4426.41350240208  2.618971E-16
4428.48991823726  2.537197E-16
4430.56633407244  2.374928E-16
4432.64274990762  2.118530E-16
4434.7191657428  2.089633E-16
4436.79558157798  2.302434E-16
4438.87199741316  2.356482E-16
4440.94841324835  2.320241E-16
4443.02482908353  2.332427E-16
4445.10124491871  2.406031E-16
4447.17766075389  2.524551E-16
4449.25407658907  2.572429E-16
4451.33049242425  2.570163E-16
4453.40690825943  2.410432E-16
4455.48332409461  2.396825E-16
4457.55973992979  2.473810E-16
4459.63615576498  2.527984E-16
4461.71257160016  2.607257E-16
4463.78898743534  2.528898E-16
4465.86540327052  2.438921E-16
4467.9418191057  2.408561E-16
4470.01823494088  2.374454E-16
4472.09465077606  2.540286E-16
4474.17106661124  2.933649E-16
4476.24748244642  3.118563E-16
4478.32389828161  2.853135E-16
4480.40031411679  2.525918E-16
4482.47672995197  2.498870E-16
4484.55314578715  2.599336E-16
4486.62956162233  2.677374E-16
4488.70597745751  2.849761E-16
4490.78239329269  3.049088E-16
4492.85880912787  2.976323E-16
4494.93522496305  2.833288E-16
4497.01164079824  2.685415E-16
4499.08805663342  2.570182E-16
4501.1644724686  2.746672E-16
4503.24088830378  2.787536E-16
4505.31730413896  2.731435E-16
4507.39371997414  2.950162E-16
4509.47013580932  3.166607E-16
4511.5465516445  3.235242E-16
4513.62296747968  3.078961E-16
4515.69938331487  2.966926E-16
4517.77579915005  3.075124E-16
4519.85221498523  3.312747E-16
4521.92863082041  3.408795E-16
4524.00504665559  3.335899E-16
4526.08146249077  3.347593E-16
4528.15787832595  3.323314E-16
4530.23429416113  3.432592E-16
4532.31070999631  3.476897E-16
4534.38712583149  3.327907E-16
4536.46354166668  3.372026E-16
4538.53995750186  3.533228E-16
4540.61637333704  3.476532E-16
4542.69278917222  3.479961E-16
4544.7692050074  3.809046E-16
4546.84562084258  3.859087E-16
4548.92203667776  3.778133E-16
4550.99845251294  3.869048E-16
4553.07486834812  3.970792E-16
4555.15128418331  3.968891E-16
4557.22770001849  3.945136E-16
4559.30411585367  4.061932E-16
4561.38053168885  4.174232E-16
4563.45694752403  4.168483E-16
4565.53336335921  4.158715E-16
4567.60977919439  4.111221E-16
4569.68619502957  3.966310E-16
4571.76261086475  3.837850E-16
4573.83902669994  3.967101E-16
4575.91544253512  4.356917E-16
4577.9918583703  4.706523E-16
4580.06827420548  4.692852E-16
4582.14469004066  4.600600E-16
4584.22110587584  4.732068E-16
4586.29752171102  4.707302E-16
4588.3739375462  4.578129E-16
4590.45035338139  4.496753E-16
4592.52676921657  4.433872E-16
4594.60318505175  4.467611E-16
4596.67960088693  4.569222E-16
4598.75601672211  4.560028E-16
4600.83243255729  4.391740E-16
4602.90884839247  4.397167E-16
4604.98526422765  4.455161E-16
4607.06168006283  4.380094E-16
4609.13809589801  4.301757E-16
4611.2145117332  4.298198E-16
4613.29092756838  4.525216E-16
4615.36734340356  4.720403E-16
4617.44375923874  4.554403E-16
4619.52017507392  4.398528E-16
4621.5965909091  4.605799E-16
4623.67300674428  4.709292E-16
4625.74942257946  4.666262E-16
4627.82583841464  4.573852E-16
4629.90225424983  4.310681E-16
4631.97867008501  4.327441E-16
4634.05508592019  4.451377E-16
4636.13150175537  4.592110E-16
4638.20791759055  4.548782E-16
4640.28433342573  4.498989E-16
4642.36074926091  4.489952E-16
4644.43716509609  4.292734E-16
4646.51358093127  4.111150E-16
4648.58999676646  4.079698E-16
4650.66641260164  4.083946E-16
4652.74282843682  4.132906E-16
4654.819244272  4.159220E-16
4656.89566010718  4.126539E-16
4658.97207594236  4.039052E-16
4661.04849177754  3.942272E-16
4663.12490761272  4.060035E-16
4665.2013234479  4.107846E-16
4667.27773928309  4.064883E-16
4669.35415511827  4.087481E-16
4671.43057095345  4.021093E-16
4673.50698678863  3.987723E-16
4675.58340262381  4.070073E-16
4677.65981845899  4.061932E-16
4679.73623429417  3.887180E-16
4681.81265012935  3.865909E-16
4683.88906596453  4.014949E-16
4685.96548179972  3.939134E-16
4688.0418976349  3.836139E-16
4690.11831347008  3.773413E-16
4692.19472930526  3.709421E-16
4694.27114514044  3.718610E-16
4696.34756097562  3.630114E-16
4698.4239768108  3.492108E-16
4700.50039264598  3.491214E-16
4702.57680848116  3.578794E-16
4704.65322431635  3.670509E-16
4706.72964015153  3.669536E-16
4708.80605598671  3.572908E-16
4710.88247182189  3.392657E-16
4712.95888765707  3.193628E-16
4715.03530349225  3.177599E-16
4717.11171932743  3.490819E-16
4719.18813516261  3.656293E-16
4721.26455099779  3.470131E-16
4723.34096683298  3.387403E-16
4725.41738266816  3.479752E-16
4727.49379850334  3.470842E-16
4729.57021433852  3.484782E-16
4731.6466301737  3.567901E-16
4733.72304600888  3.502300E-16
4735.79946184406  3.298713E-16
4737.87587767924  3.100072E-16
4739.95229351442  3.026404E-16
4742.0287093496  3.050472E-16
4744.10512518479  3.110368E-16
4746.18154101997  3.325183E-16
4748.25795685515  3.457289E-16
4750.33437269033  3.387650E-16
4752.41078852551  3.436312E-16
4754.48720436069  3.408786E-16
4756.56362019587  3.227148E-16
4758.64003603105  3.079985E-16
4760.71645186623  3.137897E-16
4762.79286770142  3.355134E-16
4764.8692835366  3.406359E-16
4766.94569937178  3.270039E-16
4769.02211520696  3.227137E-16
4771.09853104214  3.193416E-16
4773.17494687732  3.110493E-16
4775.2513627125  3.142827E-16
4777.32777854768  3.225295E-16
4779.40419438286  3.215824E-16
4781.48061021805  3.197851E-16
4783.55702605323  3.224038E-16
4785.63344188841  3.099045E-16
4787.70985772359  2.880972E-16
4789.78627355877  2.900958E-16
4791.86268939395  3.058315E-16
4793.93910522913  3.157057E-16
4796.01552106431  3.092711E-16
4798.09193689949  3.063771E-16
4800.16835273468  3.080230E-16
4802.24476856986  3.160409E-16
4804.32118440504  3.325439E-16
4806.39760024022  3.312102E-16
4808.4740160754  3.246581E-16
4810.55043191058  3.162296E-16
4812.62684774576  3.126826E-16
4814.70326358094  3.096720E-16
4816.77967941612  3.060795E-16
4818.8560952513  3.195678E-16
4820.93251108649  3.253257E-16
4823.00892692167  3.139023E-16
4825.08534275685  3.029253E-16
4827.16175859203  2.955505E-16
4829.23817442721  3.044009E-16
4831.31459026239  3.167611E-16
4833.39100609757  3.126226E-16
4835.46742193275  3.146163E-16
4837.54383776794  3.163886E-16
4839.62025360312  2.954519E-16
4841.6966694383  2.858907E-16
4843.77308527348  2.998267E-16
4845.84950110866  3.124863E-16
4847.92591694384  3.093085E-16
4850.00233277902  3.323335E-16
4852.0787486142  3.449401E-16
4854.15516444939  3.194984E-16
4856.23158028456  3.090289E-16
4858.30799611975  3.182410E-16
4860.38441195493  3.159490E-16
4862.46082779011  3.100203E-16
4864.53724362529  3.154843E-16
4866.61365946047  3.201412E-16
4868.69007529565  3.011239E-16
4870.76649113083  2.845118E-16
4872.84290696601  2.934151E-16
4874.9193228012  2.948803E-16
4876.99573863638  2.934655E-16
4879.07215447156  2.974650E-16
4881.14857030674  3.005044E-16
4883.22498614192  3.140850E-16
4885.3014019771  3.201319E-16
4887.37781781228  3.197984E-16
4889.45423364746  3.258439E-16
4891.53064948264  3.295657E-16
4893.60706531783  3.280963E-16
4895.68348115301  3.284661E-16
4897.75989698819  3.246680E-16
4899.83631282337  3.188236E-16
4901.91272865855  3.232417E-16
4903.98914449373  3.487472E-16
4906.06556032891  3.532063E-16
4908.14197616409  3.281303E-16
4910.21839199927  3.314723E-16
4912.29480783445  3.541852E-16
4914.37122366964  3.468312E-16
4916.44763950482  3.269762E-16
4918.52405534  3.202606E-16
4920.60047117518  3.230696E-16
4922.67688701036  3.262409E-16
4924.75330284554  3.183818E-16
4926.82971868072  3.305032E-16
4928.9061345159  3.514604E-16
4930.98255035109  3.332579E-16
4933.05896618627  3.042620E-16
4935.13538202145  2.987317E-16
4937.21179785663  3.235906E-16
4939.28821369181  3.405670E-16
4941.36462952699  3.405545E-16
4943.44104536217  3.412151E-16
4945.51746119735  3.398089E-16
4947.59387703253  3.381724E-16
4949.67029286771  3.485541E-16
4951.7467087029  3.528191E-16
4953.82312453808  3.295526E-16
4955.89954037326  3.130878E-16
4957.97595620844  3.247906E-16
4960.05237204362  3.375693E-16
4962.1287878788  3.444498E-16
4964.20520371398  3.427774E-16
4966.28161954916  3.299195E-16
4968.35803538434  3.263880E-16
4970.43445121953  3.349859E-16
4972.51086705471  3.315177E-16
4974.58728288989  3.323819E-16
4976.66369872507  3.270256E-16
4978.74011456025  3.263342E-16
4980.81653039543  3.335599E-16
4982.89294623061  3.335402E-16
4984.96936206579  3.180547E-16
4987.04577790097  3.200995E-16
4989.12219373616  3.319841E-16
4991.19860957134  3.303356E-16
4993.27502540652  3.113188E-16
4995.3514412417  2.943453E-16
4997.42785707688  2.833492E-16
4999.50427291206  2.882962E-16
5001.58068874724  3.116281E-16
5003.65710458242  3.245617E-16
5005.73352041761  3.179524E-16
5007.80993625279  3.013219E-16
5009.88635208797  3.047491E-16
5011.96276792315  3.141351E-16
5014.03918375833  3.036216E-16
5016.11559959351  2.890323E-16
5018.19201542869  2.806937E-16
5020.26843126387  2.871212E-16
5022.34484709905  3.134054E-16
5024.42126293423  3.202022E-16
5026.49767876942  3.080268E-16
5028.5740946046  2.874428E-16
5030.65051043978  2.740977E-16
5032.72692627496  2.860002E-16
5034.80334211014  3.030053E-16
5036.87975794532  3.020051E-16
5038.9561737805  3.005156E-16
5041.03258961568  3.010686E-16
5043.10900545086  2.957841E-16
5045.18542128605  2.967668E-16
5047.26183712123  3.039270E-16
5049.33825295641  3.042340E-16
5051.41466879159  2.967948E-16
5053.49108462677  2.924926E-16
5055.56750046195  2.873934E-16
5057.64391629713  2.894650E-16
5059.72033213231  2.871064E-16
5061.79674796749  2.735923E-16
5063.87316380268  2.782506E-16
5065.94957963786  2.935792E-16
5068.02599547304  2.983963E-16
5070.10241130822  2.976286E-16
5072.1788271434  2.944946E-16
5074.25524297858  2.869590E-16
5076.33165881376  2.789445E-16
5078.40807464894  2.769714E-16
5080.48449048412  2.814440E-16
5082.56090631931  2.921618E-16
5084.63732215449  3.063843E-16
5086.71373798967  3.247448E-16
5088.79015382485  3.360961E-16
5090.86656966003  3.321116E-16
5092.94298549521  3.199922E-16
5095.01940133039  3.022797E-16
5097.09581716557  3.025385E-16
5099.17223300075  3.110636E-16
5101.24864883594  3.212501E-16
5103.32506467112  3.317372E-16
5105.4014805063  3.301182E-16
5107.47789634148  3.208377E-16
5109.55431217666  3.163862E-16
5111.63072801184  3.240416E-16
5113.70714384702  3.229321E-16
5115.7835596822  3.259836E-16
5117.85997551738  3.352010E-16
5119.93639135257  3.469690E-16
5122.01280718775  3.454123E-16
5124.08922302293  3.411265E-16
5126.16563885811  3.525703E-16
5128.24205469329  3.622422E-16
5130.31847052847  3.626027E-16
5132.39488636365  3.549906E-16
5134.47130219883  3.384211E-16
5136.54771803402  3.333899E-16
5138.6241338692  3.371611E-16
5140.70054970438  3.261286E-16
5142.77696553956  3.070378E-16
5144.85338137474  3.142426E-16
5146.92979720992  3.353323E-16
5149.0062130451  3.401139E-16
5151.08262888028  3.342752E-16
5153.15904471546  3.309548E-16
5155.23546055065  3.260603E-16
5157.31187638582  3.263052E-16
5159.38829222101  3.373330E-16
5161.46470805619  3.504401E-16
5163.54112389137  3.587506E-16
5165.61753972655  3.649007E-16
5167.69395556173  3.651949E-16
5169.77037139691  3.636175E-16
5171.84678723209  3.652093E-16
5173.92320306727  3.695566E-16
5175.99961890246  3.786894E-16
5178.07603473764  3.874184E-16
5180.15245057282  3.910850E-16
5182.228866408  3.854845E-16
5184.30528224318  3.653579E-16
5186.38169807836  3.518264E-16
5188.45811391354  3.621721E-16
5190.53452974872  3.816863E-16
5192.6109455839  3.932449E-16
5194.68736141909  4.049684E-16
5196.76377725427  4.112066E-16
5198.84019308945  4.032093E-16
5200.91660892463  4.015771E-16
5202.99302475981  4.109622E-16
5205.06944059499  4.131646E-16
5207.14585643017  4.169726E-16
5209.22227226535  4.157134E-16
5211.29868810053  4.091941E-16
5213.37510393572  4.094572E-16
5215.4515197709  4.010130E-16
5217.52793560608  3.889646E-16
5219.60435144126  3.997751E-16
5221.68076727644  4.138900E-16
5223.75718311162  4.127397E-16
5225.8335989468  4.231127E-16
5227.91001478198  4.402663E-16
5229.98643061716  4.324176E-16
5232.06284645234  4.237063E-16
5234.13926228753  4.272958E-16
5236.21567812271  4.280463E-16
5238.29209395789  4.247531E-16
5240.36850979307  4.314132E-16
5242.44492562825  4.420033E-16
5244.52134146343  4.449856E-16
5246.59775729861  4.434005E-16
5248.67417313379  4.434165E-16
5250.75058896897  4.503556E-16
5252.82700480416  4.586649E-16
5254.90342063934  4.587719E-16
5256.97983647452  4.534859E-16
5259.0562523097  4.554506E-16
5261.13266814488  4.617045E-16
5263.20908398006  4.627057E-16
5265.28549981524  4.696882E-16
5267.36191565042  4.804005E-16
5269.4383314856  4.696507E-16
5271.51474732079  4.471609E-16
5273.59116315597  4.392152E-16
5275.66757899115  4.412204E-16
5277.74399482633  4.475155E-16
5279.82041066151  4.539308E-16
5281.89682649669  4.518506E-16
5283.97324233187  4.491525E-16
5286.04965816705  4.621886E-16
5288.12607400223  4.769861E-16
5290.20248983742  4.788520E-16
5292.2789056726  4.807576E-16
5294.35532150778  4.779450E-16
5296.43173734296  4.676269E-16
5298.50815317814  4.626227E-16
5300.58456901332  4.710910E-16
5302.6609848485  4.787282E-16
5304.73740068368  4.706471E-16
5306.81381651886  4.633428E-16
5308.89023235404  4.689082E-16
5310.96664818923  4.703126E-16
5313.04306402441  4.662902E-16
5315.11947985959  4.775449E-16
5317.19589569477  5.027901E-16
5319.27231152995  5.075704E-16
5321.34872736513  4.877216E-16
5323.42514320031  4.807895E-16
5325.5015590355  4.856678E-16
5327.57797487068  4.908037E-16
5329.65439070586  4.979125E-16
5331.73080654104  4.946681E-16
5333.80722237622  4.797229E-16
5335.8836382114  4.660614E-16
5337.96005404658  4.679341E-16
5340.03646988176  4.850707E-16
5342.11288571694  4.933021E-16
5344.18930155212  4.730302E-16
5346.26571738731  4.524411E-16
5348.34213322249  4.639141E-16
5350.41854905767  4.856223E-16
5352.49496489285  4.848983E-16
5354.57138072803  4.758734E-16
5356.64779656321  4.825165E-16
5358.72421239839  4.823572E-16
5360.80062823357  4.682765E-16
5362.87704406876  4.708245E-16
5364.95345990394  4.839644E-16
5367.02987573912  4.841342E-16
5369.1062915743  4.741870E-16
5371.18270740948  4.674529E-16
5373.25912324466  4.614815E-16
5375.33553907984  4.546718E-16
5377.41195491502  4.634837E-16
5379.4883707502  4.806763E-16
5381.56478658538  4.775203E-16
5383.64120242057  4.634696E-16
5385.71761825575  4.714082E-16
5387.79403409093  4.900188E-16
5389.87044992611  4.954453E-16
5391.94686576129  5.020335E-16
5394.02328159647  5.081953E-16
5396.09969743165  4.986515E-16
5398.17611326683  4.905205E-16
5400.25252910201  4.875675E-16
5402.3289449372  4.810972E-16
5404.40536077238  4.742095E-16
5406.48177660756  4.799616E-16
5408.55819244274  4.886914E-16
5410.63460827792  5.004228E-16
5412.7110241131  4.989229E-16
5414.78743994828  4.804534E-16
5416.86385578346  4.765433E-16
5418.94027161864  4.854692E-16
5421.01668745383  4.838124E-16
5423.09310328901  4.848253E-16
5425.16951912419  5.039174E-16
5427.24593495937  5.169144E-16
5429.32235079455  5.072641E-16
5431.39876662973  4.883463E-16
5433.47518246491  4.837855E-16
5435.55159830009  4.905102E-16
5437.62801413527  4.975160E-16
5439.70442997045  5.008570E-16
5441.78084580564  4.895974E-16
5443.85726164082  4.840245E-16
5445.933677476  4.855251E-16
5448.01009331118  4.761660E-16
5450.08650914636  4.748933E-16
5452.16292498154  4.826451E-16
5454.23934081672  4.747637E-16
5456.3157566519  4.650079E-16
5458.39217248709  4.734010E-16
5460.46858832227  4.890807E-16
5462.54500415745  4.973873E-16
5464.62141999263  5.003984E-16
5466.69783582781  5.005057E-16
5468.77425166299  5.031420E-16
5470.85066749817  5.069855E-16
5472.92708333335  5.046013E-16
5475.00349916853  5.069542E-16
5477.07991500372  5.075210E-16
5479.1563308389  4.857598E-16
5481.23274667408  4.666824E-16
5483.30916250926  4.725253E-16
5485.38557834444  4.778381E-16
5487.46199417962  4.769892E-16
5489.5384100148  4.816595E-16
5491.61482584998  4.796923E-16
5493.69124168516  4.695346E-16
5495.76765752034  4.626270E-16
5497.84407335553  4.588989E-16
5499.92048919071  4.549941E-16
5501.99690502589  4.658004E-16
5504.07332086107  4.728620E-16
5506.14973669625  4.692432E-16
5508.22615253143  4.636109E-16
5510.30256836661  4.577187E-16
5512.37898420179  4.438086E-16
5514.45540003698  4.487795E-16
5516.53181587216  4.724950E-16
5518.60823170734  4.853090E-16
5520.68464754252  4.799240E-16
5522.7610633777  4.692662E-16
5524.83747921288  4.794909E-16
5526.91389504806  4.982667E-16
5528.99031088324  4.824040E-16
5531.06672671842  4.549401E-16
5533.1431425536  4.536939E-16
5535.21955838878  4.615408E-16
5537.29597422397  4.570490E-16
5539.37239005915  4.549524E-16
5541.44880589433  4.473556E-16
5543.52522172951  4.458840E-16
5545.60163756469  4.442958E-16
5547.67805339987  4.406756E-16
5549.75446923505  4.538331E-16
5551.83088507023  4.652839E-16
5553.90730090542  4.551082E-16
5555.9837167406  4.523944E-16
5558.06013257578  4.514152E-16
5560.13654841096  4.502238E-16
5562.21296424614  4.645161E-16
5564.28938008132  4.758340E-16
5566.3657959165  4.737286E-16
5568.44221175168  4.712801E-16
5570.51862758687  4.647869E-16
5572.59504342205  4.488468E-16
5574.67145925723  4.434643E-16
5576.74787509241  4.662588E-16
5578.82429092759  4.844460E-16
5580.90070676277  4.678551E-16
5582.97712259795  4.525893E-16
5585.05353843313  4.483651E-16
5587.12995426831  4.574199E-16
5589.20637010349  4.716224E-16
5591.28278593868  4.648785E-16
5593.35920177386  4.580775E-16
5595.43561760904  4.478133E-16
5597.51203344422  4.493082E-16
5599.5884492794  4.631402E-16
5601.66486511458  4.733129E-16
5603.74128094976  4.710967E-16
5605.81769678494  4.613828E-16
5607.89411262012  4.561582E-16
5609.97052845531  4.584307E-16
5612.04694429049  4.622603E-16
5614.12336012567  4.632030E-16
5616.19977596085  4.600004E-16
5618.27619179603  4.541153E-16
5620.35260763121  4.563739E-16
5622.42902346639  4.640074E-16
5624.50543930157  4.657221E-16
5626.58185513675  4.603971E-16
5628.65827097194  4.661509E-16
5630.73468680712  4.681058E-16
5632.8111026423  4.531980E-16
5634.88751847748  4.458633E-16
5636.96393431266  4.502224E-16
5639.04035014784  4.467511E-16
5641.11676598302  4.439009E-16
5643.1931818182  4.482192E-16
5645.26959765338  4.434498E-16
5647.34601348857  4.378667E-16
5649.42242932375  4.404937E-16
5651.49884515893  4.443116E-16
5653.57526099411  4.530620E-16
5655.65167682929  4.617908E-16
5657.72809266447  4.546717E-16
5659.80450849965  4.325933E-16
5661.88092433483  4.138254E-16
5663.95734017001  4.140633E-16
5666.0337560052  4.176830E-16
5668.11017184038  4.162527E-16
5670.18658767556  4.157799E-16
5672.26300351074  4.190537E-16
5674.33941934592  4.260102E-16
5676.4158351811  4.348320E-16
5678.49225101628  4.391391E-16
5680.56866685146  4.301123E-16
5682.64508268664  4.223198E-16
5684.72149852182  4.160708E-16
5686.79791435701  4.117724E-16
5688.87433019219  4.174615E-16
5690.95074602737  4.279100E-16
5693.02716186255  4.379648E-16
5695.10357769773  4.368351E-16
5697.17999353291  4.165440E-16
5699.25640936809  3.983082E-16
5701.33282520327  4.039473E-16
5703.40924103846  4.146848E-16
5705.48565687364  4.038691E-16
5707.56207270882  3.955539E-16
5709.638488544  4.015210E-16
5711.71490437918  4.006870E-16
5713.79132021436  3.976976E-16
5715.86773604954  3.902653E-16
5717.94415188472  3.825721E-16
5720.0205677199  3.856612E-16
5722.09698355508  3.925258E-16
5724.17339939027  3.941613E-16
5726.24981522545  3.833987E-16
5728.32623106063  3.710729E-16
5730.40264689581  3.759661E-16
5732.47906273099  3.871905E-16
5734.55547856617  3.861619E-16
5736.63189440135  3.789629E-16
5738.70831023653  3.794013E-16
5740.78472607172  3.892444E-16
5742.8611419069  3.964182E-16
5744.93755774208  3.967044E-16
5747.01397357726  3.999861E-16
5749.09038941244  4.086952E-16
5751.16680524762  4.222367E-16
5753.2432210828  4.130440E-16
5755.31963691798  3.770405E-16
5757.39605275316  3.669814E-16
5759.47246858834  3.840218E-16
5761.54888442353  4.103055E-16
5763.62530025871  4.243720E-16
5765.70171609389  4.242661E-16
5767.77813192907  4.354080E-16
5769.85454776425  4.417355E-16
5771.93096359943  4.399978E-16
5774.00737943461  4.382948E-16
5776.08379526979  4.195128E-16
5778.16021110498  4.029305E-16
5780.23662694016  4.125594E-16
5782.31304277534  4.236765E-16
5784.38945861052  4.197530E-16
5786.4658744457  4.247091E-16
5788.54229028088  4.455481E-16
5790.61870611606  4.501728E-16
5792.69512195124  4.395244E-16
5794.77153778642  4.435465E-16
5796.8479536216  4.495605E-16
5798.92436945679  4.469370E-16
5801.00078529197  4.434044E-16
5803.07720112715  4.412592E-16
5805.15361696233  4.379343E-16
5807.23003279751  4.303340E-16
5809.30644863269  4.244452E-16
5811.38286446787  4.203048E-16
5813.45928030305  4.131640E-16
5815.53569613823  3.992806E-16
5817.61211197342  4.001164E-16
5819.6885278086  4.108846E-16
5821.76494364378  4.155139E-16
5823.84135947896  4.169459E-16
5825.91777531414  4.173767E-16
5827.99419114932  4.240852E-16
5830.0706069845  4.328618E-16
5832.14702281968  4.307938E-16
5834.22343865486  4.248594E-16
5836.29985449005  4.139232E-16
5838.37627032523  4.029258E-16
5840.45268616041  3.973025E-16
5842.52910199559  3.900226E-16
5844.60551783077  3.887844E-16
5846.68193366595  4.185971E-16
5848.75834950113  4.480378E-16
5850.83476533631  4.547687E-16
5852.91118117149  4.510553E-16
5854.98759700668  4.572021E-16
5857.06401284186  4.482073E-16
5859.14042867704  4.258414E-16
5861.21684451222  4.140396E-16
5863.2932603474  4.147274E-16
5865.36967618258  4.256230E-16
5867.44609201776  4.364760E-16
5869.52250785294  4.339322E-16
5871.59892368812  4.206570E-16
5873.6753395233  4.063145E-16
5875.75175535849  4.004883E-16
5877.82817119367  4.041880E-16
5879.90458702885  4.159451E-16
5881.98100286403  4.324123E-16
5884.05741869921  4.269318E-16
5886.13383453439  4.084376E-16
5888.21025036957  3.873007E-16
5890.28666620475  3.822038E-16
5892.36308203994  3.968718E-16
5894.43949787512  4.207190E-16
5896.5159137103  4.336518E-16
5898.59232954548  4.266796E-16
5900.66874538066  4.089903E-16
5902.74516121584  3.980375E-16
5904.82157705102  4.067096E-16
5906.8979928862  4.263133E-16
5908.97440872138  4.367683E-16
5911.05082455656  4.236277E-16
5913.12724039175  4.126035E-16
5915.20365622693  4.237406E-16
5917.28007206211  4.210462E-16
5919.35648789729  4.014024E-16
5921.43290373247  3.981793E-16
5923.50931956765  4.010239E-16
5925.58573540283  4.059403E-16
5927.66215123801  4.148118E-16
5929.73856707319  4.072464E-16
5931.81498290837  3.990692E-16
5933.89139874356  3.882896E-16
5935.96781457874  3.907767E-16
5938.04423041392  4.106593E-16
5940.1206462491  4.053327E-16
5942.19706208428  3.735345E-16
5944.27347791946  3.488750E-16
5946.34989375464  3.461165E-16
5948.42630958983  3.644004E-16
5950.50272542501  3.757565E-16
5952.57914126019  3.794516E-16
5954.65555709537  3.900233E-16
5956.73197293055  3.968387E-16
5958.80838876573  4.015633E-16
5960.88480460091  4.042759E-16
5962.96122043609  3.905298E-16
5965.03763627127  3.753097E-16
5967.11405210646  3.764349E-16
5969.19046794164  3.827423E-16
5971.26688377682  3.927157E-16
5973.343299612  4.008590E-16
5975.41971544718  3.879085E-16
5977.49613128236  3.803123E-16
5979.57254711754  3.662191E-16
5981.64896295272  3.487784E-16
5983.7253787879  3.407726E-16
5985.80179462309  3.216096E-16
5987.87821045826  3.087845E-16
5989.95462629345  3.145433E-16
5992.03104212863  3.208028E-16
5994.10745796381  3.273561E-16
5996.18387379899  3.409227E-16
5998.26028963417  3.498590E-16
6000.33670546935  3.600993E-16
6002.41312130453  3.682400E-16
6004.48953713971  3.621652E-16
6006.5659529749  3.692384E-16
6008.64236881008  3.724251E-16
6010.71878464526  3.616394E-16
6012.79520048044  3.604209E-16
6014.87161631562  3.702530E-16
6016.9480321508  3.771720E-16
6019.02444798598  3.851193E-16
6021.10086382116  4.035075E-16
6023.17727965634  4.073557E-16
6025.25369549153  3.888218E-16
6027.33011132671  3.766357E-16
6029.40652716189  3.706018E-16
6031.48294299707  3.723674E-16
6033.55935883225  3.960952E-16
6035.63577466743  4.097471E-16
6037.71219050261  3.965841E-16
6039.78860633779  3.789569E-16
6041.86502217297  3.827107E-16
6043.94143800816  3.946448E-16
6046.01785384334  3.895391E-16
6048.09426967852  3.908422E-16
6050.1706855137  4.043120E-16
6052.24710134888  4.043318E-16
6054.32351718406  3.932770E-16
6056.39993301924  3.906305E-16
6058.47634885442  4.005502E-16
6060.5527646896  4.067866E-16
6062.62918052479  3.944502E-16
6064.70559635997  3.815119E-16
6066.78201219515  3.825347E-16
6068.85842803033  3.843557E-16
6070.93484386551  3.807891E-16
6073.01125970069  3.799518E-16
6075.08767553587  3.858444E-16
6077.16409137105  3.815222E-16
6079.24050720624  3.713675E-16
6081.31692304142  3.850102E-16
6083.3933388766  3.967319E-16
6085.46975471178  3.907176E-16
6087.54617054696  3.896648E-16
6089.62258638214  3.828812E-16
6091.69900221732  3.796483E-16
6093.7754180525  3.907690E-16
6095.85183388768  3.954033E-16
6097.92824972286  3.998980E-16
6100.00466555804  4.058527E-16
6102.08108139323  4.058214E-16
6104.15749722841  3.993146E-16
6106.23391306359  3.928130E-16
6108.31032889877  3.934221E-16
6110.38674473395  4.008949E-16
6112.46316056913  4.093091E-16
6114.53957640431  4.136215E-16
6116.61599223949  4.012024E-16
6118.69240807467  3.852844E-16
6120.76882390986  3.835158E-16
6122.84523974504  4.014588E-16
6124.92165558022  4.077077E-16
6126.9980714154  4.163661E-16
6129.07448725058  4.046372E-16
6131.15090308576  3.977594E-16
6133.22731892094  3.782308E-16
6135.30373475612  3.800978E-16
6137.38015059131  3.880239E-16
6139.45656642649  3.853107E-16
6141.53298226167  3.769775E-16
6143.60939809685  3.767367E-16
6145.68581393203  3.825293E-16
6147.76222976721  3.874545E-16
6149.83864560239  3.858216E-16
6151.91506143757  3.824962E-16
6153.99147727275  3.655915E-16
6156.06789310793  3.377457E-16
6158.14430894311  3.276973E-16
6160.2207247783  3.461833E-16
6162.29714061348  3.666926E-16
6164.37355644866  3.753036E-16
6166.44997228384  3.644862E-16
6168.52638811902  3.499841E-16
6170.6028039542  3.500398E-16
6172.67921978938  3.490288E-16
6174.75563562456  3.406172E-16
6176.83205145975  3.374295E-16
6178.90846729493  3.316744E-16
6180.98488313011  3.227012E-16
6183.06129896529  3.163912E-16
6185.13771480047  3.146575E-16
6187.21413063565  3.205097E-16
6189.29054647083  3.280653E-16
6191.36696230601  3.351973E-16
6193.4433781412  3.351233E-16
6195.51979397638  3.284704E-16
6197.59620981156  3.280381E-16
6199.67262564674  3.294192E-16
6201.74904148192  3.156784E-16
6203.8254573171  3.072318E-16
6205.90187315228  3.183090E-16
6207.97828898746  3.156969E-16
6210.05470482264  3.121989E-16
6212.13112065783  3.151086E-16
6214.20753649301  3.131386E-16
6216.28395232819  3.095150E-16
6218.36036816337  3.028791E-16
6220.43678399855  3.080506E-16
6222.51319983373  3.296076E-16
6224.58961566891  3.386557E-16
6226.66603150409  3.272765E-16
6228.74244733927  3.131735E-16
6230.81886317445  2.998691E-16
6232.89527900963  3.049674E-16
6234.97169484482  3.137804E-16
6237.04811068  3.190710E-16
6239.12452651518  3.257870E-16
6241.20094235036  3.270009E-16
6243.27735818554  3.219224E-16
6245.35377402072  3.148330E-16
6247.4301898559  3.180704E-16
6249.50660569108  3.201192E-16
6251.58302152627  3.258461E-16
6253.65943736145  3.335051E-16
6255.73585319663  3.216453E-16
6257.81226903181  3.086525E-16
6259.88868486699  3.088929E-16
6261.96510070217  3.093927E-16
6264.04151653735  3.170399E-16
6266.11793237253  3.258114E-16
6268.19434820771  3.314562E-16
6270.2707640429  3.316038E-16
6272.34717987808  3.162063E-16
6274.42359571326  3.163570E-16
6276.50001154844  3.251190E-16
6278.57642738362  3.117547E-16
6280.6528432188  3.026513E-16
6282.72925905398  3.129887E-16
6284.80567488916  3.192153E-16
6286.88209072434  3.131830E-16
6288.95850655953  3.101533E-16
6291.03492239471  3.241965E-16
6293.11133822989  3.368686E-16
6295.18775406507  3.464108E-16
6297.26416990025  3.535433E-16
6299.34058573543  3.440598E-16
6301.41700157061  3.383873E-16
6303.49341740579  3.367077E-16
6305.56983324097  3.289188E-16
6307.64624907615  3.367770E-16
6309.72266491134  3.563937E-16
6311.79908074652  3.546835E-16
6313.8754965817  3.468017E-16
6315.95191241688  3.593885E-16
6318.02832825206  3.737288E-16
6320.10474408724  3.756427E-16
6322.18115992242  3.816900E-16
6324.2575757576  3.847326E-16
6326.33399159279  3.778756E-16
6328.41040742797  3.690898E-16
6330.48682326315  3.624376E-16
6332.56323909833  3.664471E-16
6334.63965493351  3.703436E-16
6336.71607076869  3.724180E-16
6338.79248660387  3.819697E-16
6340.86890243905  3.867707E-16
6342.94531827423  3.873828E-16
6345.02173410941  3.906010E-16
6347.0981499446  3.872100E-16
6349.17456577978  3.849898E-16
6351.25098161496  3.821477E-16
6353.32739745014  3.809586E-16
6355.40381328532  3.856253E-16
6357.4802291205  3.948928E-16
6359.55664495568  4.005229E-16
6361.63306079086  4.001708E-16
6363.70947662604  4.015583E-16
6365.78589246123  4.082445E-16
6367.86230829641  4.036068E-16
6369.93872413159  3.986831E-16
6372.01513996677  3.965505E-16
6374.09155580195  3.892538E-16
6376.16797163713  3.856822E-16
6378.24438747231  3.865806E-16
6380.32080330749  3.814682E-16
6382.39721914267  3.788190E-16
6384.47363497786  3.829789E-16
6386.55005081304  3.895921E-16
6388.62646664822  3.943463E-16
6390.7028824834  3.962845E-16
6392.77929831858  4.058716E-16
6394.85571415376  4.070524E-16
6396.93212998894  3.999973E-16
6399.00854582412  4.003393E-16
6401.08496165931  3.963655E-16
6403.16137749449  3.975050E-16
6405.23779332967  4.067598E-16
6407.31420916485  4.114973E-16
6409.39062500003  3.959036E-16
6411.46704083521  3.746625E-16
6413.54345667039  3.725796E-16
6415.61987250557  3.831059E-16
6417.69628834075  3.845520E-16
6419.77270417593  3.833033E-16
6421.84912001112  3.898283E-16
6423.9255358463  4.029477E-16
6426.00195168148  4.040176E-16
6428.07836751666  3.933682E-16
6430.15478335184  3.869143E-16
6432.23119918702  3.908441E-16
6434.3076150222  3.962874E-16
6436.38403085738  3.898975E-16
6438.46044669256  3.785796E-16
6440.53686252775  3.826749E-16
6442.61327836293  3.957894E-16
6444.68969419811  3.992515E-16
6446.76611003329  3.926751E-16
6448.84252586847  3.913495E-16
6450.91894170365  3.917721E-16
6452.99535753883  3.874697E-16
6455.07177337401  3.808105E-16
6457.14818920919  3.875415E-16
6459.22460504438  3.954378E-16
6461.30102087956  3.852311E-16
6463.37743671474  3.837645E-16
6465.45385254992  3.910799E-16
6467.5302683851  3.963820E-16
6469.60668422028  3.902319E-16
6471.68310005546  3.847080E-16
6473.75951589064  3.828256E-16
6475.83593172582  3.817391E-16
6477.91234756101  3.834678E-16
6479.98876339619  3.915034E-16
6482.06517923137  4.036689E-16
6484.14159506655  4.015069E-16
6486.21801090173  3.972675E-16
6488.29442673691  3.913463E-16
6490.37084257209  3.933000E-16
6492.44725840727  3.990537E-16
6494.52367424245  3.962123E-16
6496.60009007763  3.885244E-16
6498.67650591282  3.942819E-16
6500.752921748  4.078700E-16
6502.82933758318  4.003059E-16
6504.90575341836  3.956719E-16
6506.98216925354  3.917705E-16
6509.05858508872  3.997195E-16
6511.1350009239  4.123855E-16
6513.21141675908  4.171981E-16
6515.28783259427  4.083603E-16
6517.36424842945  3.980404E-16
6519.44066426463  3.962864E-16
6521.51708009981  4.001409E-16
6523.59349593499  3.956178E-16
6525.66991177017  3.940505E-16
6527.74632760535  3.963992E-16
6529.82274344053  4.007607E-16
6531.89915927571  4.104356E-16
6533.97557511089  4.109861E-16
6536.05199094608  4.064376E-16
6538.12840678126  4.084336E-16
6540.20482261644  4.157663E-16
6542.28123845162  4.202246E-16
6544.3576542868  4.092526E-16
6546.43407012198  3.971138E-16
6548.51048595716  3.933798E-16
6550.58690179234  3.989709E-16
6552.66331762752  4.090315E-16
6554.73973346271  4.180481E-16
6556.81614929789  4.148679E-16
6558.89256513307  4.057010E-16
6560.96898096825  4.100888E-16
6563.04539680343  4.071025E-16
6565.12181263861  3.959107E-16
6567.19822847379  3.897204E-16
6569.27464430897  3.922643E-16
6571.35106014416  3.981121E-16
6573.42747597933  3.996971E-16
6575.50389181452  4.097702E-16
6577.5803076497  4.029657E-16
6579.65672348488  3.968074E-16
6581.73313932006  4.101136E-16
6583.80955515524  4.062620E-16
6585.88597099042  4.003555E-16
6587.9623868256  3.958315E-16
6590.03880266078  4.015362E-16
6592.11521849597  4.120731E-16
6594.19163433115  4.115884E-16
6596.26805016633  4.024557E-16
6598.34446600151  3.993770E-16
6600.42088183669  3.968694E-16
6602.49729767187  3.866681E-16
6604.57371350705  3.837779E-16
6606.65012934223  3.928414E-16
6608.72654517741  4.002033E-16
6610.8029610126  3.945086E-16
6612.87937684778  3.924235E-16
6614.95579268296  3.945407E-16
6617.03220851814  3.997254E-16
6619.10862435332  3.932925E-16
6621.1850401885  3.827862E-16
6623.26145602368  3.749575E-16
6625.33787185886  3.769856E-16
6627.41428769404  3.780714E-16
6629.49070352923  3.778672E-16
6631.56711936441  3.803432E-16
6633.64353519959  3.899427E-16
6635.71995103477  3.963911E-16
6637.79636686995  3.908828E-16
6639.87278270513  3.883814E-16
6641.94919854031  3.886367E-16
6644.02561437549  3.851958E-16
6646.10203021067  3.902600E-16
6648.17844604586  3.976893E-16
6650.25486188104  3.933797E-16
6652.33127771622  3.920575E-16
6654.4076935514  3.976663E-16
6656.48410938658  3.982163E-16
6658.56052522176  3.974027E-16
6660.63694105694  4.030627E-16
6662.71335689212  4.051155E-16
6664.7897727273  4.012918E-16
6666.86618856249  4.060122E-16
6668.94260439767  4.296080E-16
6671.01902023285  4.391606E-16
6673.09543606803  4.329986E-16
6675.17185190321  4.336273E-16
6677.24826773839  4.399686E-16
6679.32468357357  4.416146E-16
6681.40109940875  4.306114E-16
6683.47751524393  4.103807E-16
6685.55393107912  3.918793E-16
6687.6303469143  3.923308E-16
6689.70676274948  3.994812E-16
6691.78317858466  3.959409E-16
6693.85959441984  3.927890E-16
6695.93601025502  3.892276E-16
6698.0124260902  3.860607E-16
6700.08884192538  3.849527E-16
6702.16525776056  3.835298E-16
6704.24167359575  3.821782E-16
6706.31808943093  3.806306E-16
6708.39450526611  3.753793E-16
6710.47092110129  3.698212E-16
6712.54733693647  3.612125E-16
6714.62375277165  3.626614E-16
6716.70016860683  3.706734E-16
6718.77658444201  3.715188E-16
6720.85300027719  3.701677E-16
6722.92941611237  3.754823E-16
6725.00583194756  3.732440E-16
6727.08224778274  3.621546E-16
6729.15866361792  3.628563E-16
6731.2350794531  3.685580E-16
6733.31149528828  3.789720E-16
6735.38791112346  3.898861E-16
6737.46432695864  3.825635E-16
6739.54074279382  3.754232E-16
6741.61715862901  3.686346E-16
6743.69357446419  3.637159E-16
6745.76999029937  3.701713E-16
6747.84640613455  3.753381E-16
6749.92282196973  3.721137E-16
6751.99923780491  3.648643E-16
6754.07565364009  3.684751E-16
6756.15206947527  3.822205E-16
6758.22848531045  3.928761E-16
6760.30490114564  3.891213E-16
6762.38131698082  3.855300E-16
6764.457732816  3.808516E-16
6766.53414865118  3.730874E-16
6768.61056448636  3.678877E-16
6770.68698032154  3.675739E-16
6772.76339615672  3.605368E-16
6774.8398119919  3.458496E-16
6776.91622782709  3.439402E-16
6778.99264366227  3.535955E-16
6781.06905949744  3.571461E-16
6783.14547533263  3.575486E-16
6785.22189116781  3.630271E-16
6787.29830700299  3.638783E-16
6789.37472283817  3.619898E-16
6791.45113867335  3.544082E-16
6793.52755450853  3.434581E-16
6795.60397034371  3.421009E-16
6797.68038617889  3.526152E-16
6799.75680201408  3.609011E-16
6801.83321784926  3.525471E-16
6803.90963368444  3.442925E-16
6805.98604951962  3.450507E-16
6808.0624653548  3.532367E-16
6810.13888118998  3.603854E-16
6812.21529702516  3.603372E-16
6814.29171286034  3.551538E-16
6816.36812869553  3.488950E-16
6818.4445445307  3.400806E-16
6820.52096036589  3.463381E-16
6822.59737620107  3.597375E-16
6824.67379203625  3.623313E-16
6826.75020787143  3.533146E-16
6828.82662370661  3.575841E-16
6830.90303954179  3.547862E-16
6832.97945537697  3.471296E-16
6835.05587121215  3.421969E-16
6837.13228704734  3.392295E-16
6839.20870288252  3.464233E-16
6841.2851187177  3.544521E-16
6843.36153455288  3.501432E-16
6845.43795038806  3.479566E-16
6847.51436622324  3.447853E-16
6849.59078205842  3.503063E-16
6851.6671978936  3.555978E-16
6853.74361372878  3.493553E-16
6855.82002956397  3.388184E-16
6857.89644539915  3.394100E-16
6859.97286123433  3.412542E-16
6862.04927706951  3.402556E-16
6864.12569290469  3.453256E-16
6866.20210873987  3.460916E-16
6868.27852457505  3.352884E-16
6870.35494041023  3.397210E-16
6872.43135624541  3.545256E-16
6874.50777208059  3.554238E-16
6876.58418791578  3.454416E-16
6878.66060375096  3.328647E-16
6880.73701958614  3.371967E-16
6882.81343542132  3.443719E-16
6884.8898512565  3.345490E-16
6886.96626709168  3.221143E-16
6889.04268292686  3.186755E-16
6891.11909876204  3.361818E-16
6893.19551459723  3.599553E-16
6895.27193043241  3.627224E-16
6897.34834626759  3.570799E-16
6899.42476210277  3.370382E-16
6901.50117793795  3.256489E-16
6903.57759377313  3.203781E-16
6905.65400960831  3.175695E-16
6907.73042544349  3.238819E-16
6909.80684127867  3.368173E-16
6911.88325711385  3.377600E-16
6913.95967294904  3.262196E-16
6916.03608878422  3.328888E-16
6918.1125046194  3.476965E-16
6920.18892045458  3.487967E-16
6922.26533628976  3.429037E-16
6924.34175212494  3.526452E-16
6926.41816796012  3.576217E-16
6928.4945837953  3.530272E-16
6930.57099963048  3.510140E-16
6932.64741546567  3.447025E-16
6934.72383130085  3.334045E-16
6936.80024713603  3.345346E-16
6938.87666297121  3.441015E-16
6940.95307880639  3.518122E-16
6943.02949464157  3.497198E-16
6945.10591047675  3.540633E-16
6947.18232631193  3.492477E-16
6949.25874214711  3.366247E-16
6951.3351579823  3.281437E-16
6953.41157381748  3.249649E-16
6955.48798965266  3.298139E-16
6957.56440548784  3.362321E-16
6959.64082132302  3.417767E-16
6961.7172371582  3.431488E-16
6963.79365299338  3.430883E-16
6965.87006882856  3.368067E-16
6967.94648466374  3.391819E-16
6970.02290049893  3.423403E-16
6972.09931633411  3.350225E-16
6974.17573216929  3.324787E-16
6976.25214800447  3.450085E-16
6978.32856383965  3.447423E-16
6980.40497967483  3.339475E-16
6982.48139551001  3.268738E-16
6984.55781134519  3.271779E-16
6986.63422718038  3.267182E-16
6988.71064301556  3.251453E-16
6990.78705885074  3.283649E-16
6992.86347468592  3.324431E-16
6994.9398905211  3.355461E-16
6997.01630635628  3.335424E-16
6999.09272219146  3.335134E-16
7001.16913802664  3.254789E-16
7003.24555386182  3.212069E-16
7005.32196969701  3.148785E-16
7007.39838553219  3.111160E-16
7009.47480136737  3.050650E-16
7011.55121720255  3.064383E-16
7013.62763303773  3.155748E-16
7015.70404887291  3.113070E-16
7017.78046470809  3.109018E-16
7019.85688054327  3.133767E-16
7021.93329637845  3.126430E-16
7024.00971221364  3.085870E-16
7026.08612804882  3.084067E-16
7028.162543884  3.124751E-16
7030.23895971918  3.187723E-16
7032.31537555436  3.194894E-16
7034.39179138954  3.126879E-16
7036.46820722472  3.123289E-16
7038.5446230599  3.151015E-16
7040.62103889508  3.177741E-16
7042.69745473027  3.234221E-16
7044.77387056545  3.306428E-16
7046.85028640063  3.349421E-16
7048.92670223581  3.255297E-16
7051.00311807099  3.173736E-16
7053.07953390617  3.130619E-16
7055.15594974135  3.127835E-16
7057.23236557653  3.152347E-16
7059.30878141171  3.208867E-16
7061.38519724689  3.263787E-16
7063.46161308207  3.196108E-16
7065.53802891726  3.112225E-16
7067.61444475244  3.085067E-16
7069.69086058762  3.142483E-16
7071.7672764228  3.190575E-16
7073.84369225798  3.210329E-16
7075.92010809316  3.208325E-16
7077.99652392834  3.166000E-16
7080.07293976353  3.142969E-16
7082.14935559871  3.211507E-16
7084.22577143389  3.283331E-16
7086.30218726907  3.319459E-16
7088.37860310425  3.363624E-16
7090.45501893943  3.268083E-16
7092.53143477461  3.134188E-16
7094.60785060979  3.134988E-16
7096.68426644497  3.113101E-16
7098.76068228015  3.057948E-16
7100.83709811534  3.019226E-16
7102.91351395052  2.987133E-16
7104.9899297857  3.068316E-16
7107.06634562088  3.144882E-16
7109.14276145606  3.114873E-16
7111.21917729124  3.104618E-16
7113.29559312642  3.187289E-16
7115.3720089616  3.212354E-16
7117.44842479678  3.138668E-16
7119.52484063196  3.107238E-16
7121.60125646715  3.160267E-16
7123.67767230233  3.245655E-16
7125.75408813751  3.353163E-16
7127.83050397269  3.288250E-16
7129.90691980787  3.169533E-16
7131.98333564305  3.125587E-16
7134.05975147823  3.078773E-16
7136.13616731341  3.140758E-16
7138.2125831486  3.156867E-16
7140.28899898378  3.131273E-16
7142.36541481896  3.186097E-16
7144.44183065414  3.257316E-16
7146.51824648932  3.192985E-16
7148.5946623245  3.053291E-16
7150.67107815968  3.079548E-16
7152.74749399486  3.136982E-16
7154.82390983005  3.246682E-16
7156.90032566522  3.277916E-16
7158.97674150041  3.175055E-16
7161.05315733559  3.097191E-16
7163.12957317077  3.062407E-16
7165.20598900595  3.101103E-16
7167.28240484113  3.126164E-16
7169.35882067631  3.170851E-16
7171.43523651149  3.228559E-16
7173.51165234667  3.261791E-16
7175.58806818185  3.245511E-16
7177.66448401704  3.224280E-16
7179.74089985222  3.352680E-16
7181.8173156874  3.362360E-16
7183.89373152258  3.226882E-16
7185.97014735776  3.238722E-16
7188.04656319294  3.368372E-16
7190.12297902812  3.328360E-16
7192.1993948633  3.188985E-16
7194.27581069848  3.320259E-16
7196.35222653366  3.441714E-16
7198.42864236885  3.367886E-16
7200.50505820403  3.352253E-16
7202.58147403921  3.396053E-16
7204.65788987439  3.325483E-16
7206.73430570957  3.300173E-16
7208.81072154475  3.371672E-16
7210.88713737993  3.422567E-16
7212.96355321511  3.390666E-16
7215.0399690503  3.312583E-16
7217.11638488548  3.265962E-16
7219.19280072066  3.283976E-16
7221.26921655584  3.331778E-16
7223.34563239102  3.289255E-16
7225.4220482262  3.209025E-16
7227.49846406138  3.159483E-16
7229.57487989656  3.218971E-16
7231.65129573174  3.225896E-16
7233.72771156693  3.148997E-16
7235.80412740211  3.221776E-16
7237.88054323729  3.194736E-16
7239.95695907247  3.011335E-16
7242.03337490765  3.054164E-16
7244.10979074283  3.221412E-16
7246.18620657801  3.264056E-16
7248.26262241319  3.394703E-16
7250.33903824837  3.387999E-16
7252.41545408356  3.199188E-16
7254.49186991874  3.186438E-16
7256.56828575392  3.224056E-16
7258.6447015891  3.134428E-16
7260.72111742428  3.166883E-16
7262.79753325946  3.247889E-16
7264.87394909464  3.283256E-16
7266.95036492982  3.375824E-16
7269.026780765  3.516738E-16
7271.10319660019  3.565900E-16
7273.17961243537  3.370483E-16
7275.25602827055  3.157316E-16
7277.33244410573  3.108483E-16
7279.40885994091  3.127885E-16
7281.48527577609  3.192949E-16
7283.56169161127  3.287877E-16
7285.63810744645  3.268039E-16
7287.71452328163  3.030200E-16
7289.79093911682  2.920471E-16
7291.867354952  3.032333E-16
7293.94377078718  3.109253E-16
7296.02018662236  3.150762E-16
7298.09660245754  3.162101E-16
7300.17301829272  3.192054E-16
7302.2494341279  3.305184E-16
7304.32584996308  3.375424E-16
7306.40226579826  3.340153E-16
7308.47868163344  3.307056E-16
7310.55509746863  3.256259E-16
7312.63151330381  3.184042E-16
7314.70792913899  3.179598E-16
7316.78434497417  3.041721E-16
7318.86076080935  3.021539E-16
7320.93717664453  3.160232E-16
7323.01359247971  3.188424E-16
7325.09000831489  3.118889E-16
7327.16642415008  3.066864E-16
7329.24283998526  3.102658E-16
7331.31925582044  3.233518E-16
7333.39567165562  3.256493E-16
7335.4720874908  3.266304E-16
7337.54850332598  3.413448E-16
7339.62491916116  3.528680E-16
7341.70133499634  3.376971E-16
7343.77775083152  3.123067E-16
7345.8541666667  3.121101E-16
7347.93058250189  3.132085E-16
7350.00699833707  3.009557E-16
7352.08341417225  2.980771E-16
7354.15983000743  3.096504E-16
7356.23624584261  3.178479E-16
7358.31266167779  3.221270E-16
7360.38907751297  3.253822E-16
7362.46549334815  3.200980E-16
7364.54190918334  3.179714E-16
7366.61832501852  3.186995E-16
7368.6947408537  3.117883E-16
7370.77115668888  3.094175E-16
7372.84757252406  3.169665E-16
7374.92398835924  3.199241E-16
7377.00040419442  3.147694E-16
7379.0768200296  3.096988E-16
7381.15323586478  3.033936E-16
7383.22965169997  3.067997E-16
7385.30606753515  3.186545E-16
7387.38248337033  3.199002E-16
7389.45889920551  3.237954E-16
7391.53531504069  3.325952E-16
7393.61173087587  3.311137E-16
7395.68814671105  3.172896E-16
7397.76456254623  3.082783E-16
7399.84097838142  3.190693E-16
7401.9173942166  3.248658E-16
7403.99381005178  3.120289E-16
7406.07022588696  3.070516E-16
7408.14664172214  3.105788E-16
7410.22305755732  3.042110E-16
7412.2994733925  2.963514E-16
7414.37588922768  3.006263E-16
7416.45230506286  3.087554E-16
7418.52872089804  3.064318E-16
7420.60513673322  3.016830E-16
7422.6815525684  3.058476E-16
7424.75796840359  3.166752E-16
7426.83438423877  3.122650E-16
7428.91080007395  2.971666E-16
7430.98721590913  2.958141E-16
7433.06363174431  3.036096E-16
7435.14004757949  3.026708E-16
7437.21646341467  2.980135E-16
7439.29287924985  3.001348E-16
7441.36929508503  3.064462E-16
7443.44571092022  3.050092E-16
7445.5221267554  2.925047E-16
7447.59854259058  2.852896E-16
7449.67495842576  3.005393E-16
7451.75137426094  3.077734E-16
7453.82779009612  2.962811E-16
7455.9042059313  2.879822E-16
7457.98062176648  2.906567E-16
7460.05703760167  2.953593E-16
7462.13345343685  2.918923E-16
7464.20986927203  2.881070E-16
7466.28628510721  2.856565E-16
7468.36270094239  2.746209E-16
7470.43911677757  2.744765E-16
7472.51553261275  2.854009E-16
7474.59194844793  2.865431E-16
7476.66836428311  2.686811E-16
7478.7447801183  2.565845E-16
7480.82119595348  2.484960E-16
7482.89761178866  2.410506E-16
7484.97402762384  2.361332E-16
7487.05044345902  2.373612E-16
7489.1268592942  2.480971E-16
7491.20327512938  2.707403E-16
7493.27969096456  2.790645E-16
7495.35610679974  2.687403E-16
7497.43252263492  2.514398E-16
7499.50893847011  2.459652E-16
7501.58535430529  2.514605E-16
7503.66177014047  2.551156E-16
7505.73818597565  2.509605E-16
7507.81460181083  2.525534E-16
7509.89101764601  2.466773E-16
7511.96743348119  2.419960E-16
7514.04384931637  2.417660E-16
7516.12026515156  2.357596E-16
7518.19668098674  2.308555E-16
7520.27309682192  2.229961E-16
7522.3495126571  2.116431E-16
7524.42592849228  2.152052E-16
7526.50234432746  2.246434E-16
7528.57876016264  2.366120E-16
7530.65517599782  2.391355E-16
7532.731591833  2.314583E-16
7534.80800766819  2.238330E-16
7536.88442350337  2.217986E-16
7538.96083933855  2.171748E-16
7541.03725517373  2.047153E-16
7543.11367100891  2.066965E-16
7545.19008684409  2.039262E-16
7547.26650267927  2.037305E-16
7549.34291851445  2.135528E-16
7551.41933434963  2.133072E-16
7553.49575018481  2.112050E-16
7555.57216602  2.179957E-16
7557.64858185518  2.181432E-16
7559.72499769036  2.141718E-16
7561.80141352554  2.209984E-16
7563.87782936072  2.303652E-16
7565.9542451959  2.345254E-16
7568.03066103108  2.324789E-16
7570.10707686626  2.298387E-16
7572.18349270144  2.272673E-16
7574.25990853663  2.211960E-16
7576.33632437181  2.219152E-16
7578.41274020699  2.278398E-16
7580.48915604217  2.209799E-16
7582.56557187735  2.083266E-16
7584.64198771253  2.030259E-16
7586.71840354771  2.053386E-16
7588.79481938289  2.092017E-16
7590.87123521807  2.058058E-16
7592.94765105326  2.032805E-16
7595.02406688844  2.097343E-16
7597.10048272362  2.121015E-16
7599.1768985588  2.048176E-16
7601.25331439398  1.922861E-16
7603.32973022916  1.789717E-16
7605.40614606434  1.761025E-16
7607.48256189952  1.752112E-16
7609.55897773471  1.792601E-16
7611.63539356989  1.910279E-16
7613.71180940507  1.867517E-16
7615.78822524025  1.858719E-16
7617.86464107543  1.965395E-16
7619.94105691061  2.008850E-16
7622.01747274579  1.879355E-16
7624.09388858097  1.835735E-16
7626.17030441615  1.910139E-16
7628.24672025134  1.881150E-16
7630.32313608652  1.782947E-16
7632.3995519217  1.891627E-16
7634.47596775688  1.945017E-16
7636.55238359206  1.985985E-16
7638.62879942724  2.078982E-16
7640.70521526242  2.065084E-16
7642.7816310976  1.979594E-16
7644.85804693278  1.960344E-16
7646.93446276797  2.012389E-16
7649.01087860315  2.043751E-16
7651.08729443833  2.122524E-16
7653.16371027351  2.112170E-16
7655.24012610869  2.158323E-16
7657.31654194387  2.274869E-16
7659.39295777905  2.260040E-16
7661.46937361423  2.221623E-16
7663.54578944941  2.236319E-16
7665.6222052846  2.325968E-16
7667.69862111978  2.455978E-16
7669.77503695496  2.486084E-16
7671.85145279014  2.492039E-16
7673.92786862532  2.519723E-16
7676.0042844605  2.510194E-16
7678.08070029568  2.454313E-16
7680.15711613086  2.574728E-16
7682.23353196604  2.697377E-16
7684.30994780122  2.582039E-16
7686.3863636364  2.464400E-16
7688.46277947159  2.463137E-16
7690.53919530677  2.474139E-16
7692.61561114195  2.464361E-16
7694.69202697713  2.492042E-16
7696.76844281231  2.575180E-16
7698.84485864749  2.577537E-16
7700.92127448267  2.579405E-16
7702.99769031786  2.575439E-16
7705.07410615304  2.601650E-16
7707.15052198822  2.624504E-16
7709.2269378234  2.706253E-16
7711.30335365858  2.691861E-16
7713.37976949376  2.670885E-16
7715.45618532894  2.786735E-16
7717.53260116412  2.908197E-16
7719.6090169993  2.857760E-16
7721.68543283448  2.810412E-16
7723.76184866967  2.851640E-16
7725.83826450485  2.871531E-16
7727.91468034003  2.865487E-16
7729.99109617521  2.753500E-16
7732.06751201039  2.655422E-16
7734.14392784557  2.673277E-16
7736.22034368075  2.629056E-16
7738.29675951593  2.712208E-16
7740.37317535111  2.968872E-16
7742.4495911863  3.025222E-16
7744.52600702148  3.066291E-16
7746.60242285666  3.228183E-16
7748.67883869184  3.268653E-16
7750.75525452702  3.158205E-16
7752.8316703622  3.072410E-16
7754.90808619738  3.121176E-16
7756.98450203256  3.218218E-16
7759.06091786774  3.109542E-16
7761.13733370292  2.905014E-16
7763.21374953811  2.926201E-16
7765.29016537329  3.025673E-16
7767.36658120847  3.125631E-16
7769.44299704365  3.172476E-16
7771.51941287883  3.119160E-16
7773.59582871401  3.091108E-16
7775.67224454919  2.959772E-16
7777.74866038437  2.853581E-16
7779.82507621956  2.975426E-16
7781.90149205474  3.023297E-16
7783.97790788992  2.972441E-16
7786.0543237251  2.909396E-16
7788.13073956028  2.801100E-16
7790.20715539546  2.797511E-16
7792.28357123064  2.981716E-16
7794.35998706582  3.069544E-16
7796.436402901  3.055440E-16
7798.51281873618  3.181505E-16
7800.58923457137  3.245662E-16
7802.66565040655  3.249701E-16
7804.74206624173  3.241729E-16
7806.81848207691  3.274530E-16
7808.89489791209  3.298289E-16
7810.97131374727  3.316504E-16
7813.04772958245  3.186474E-16
7815.12414541763  3.381051E-16
7817.20056125281  3.454731E-16
7819.27697708799  3.771930E-16
7821.35339292318  3.784414E-16
7823.42980875836  3.529024E-16
7825.50622459354  3.036790E-16
7827.58264042872  3.120056E-16
7829.6590562639  3.404207E-16
7831.73547209908  3.583100E-16
7833.81188793426  3.531578E-16
7835.88830376944  3.251822E-16
7837.96471960463  3.265016E-16
7840.04113543981  3.723045E-16
7842.11755127499  3.678606E-16
7844.19396711017  3.409074E-16
7846.27038294535  3.520356E-16
7848.34679878053  3.626659E-16
7850.42321461571  3.674221E-16
7852.49963045089  3.628608E-16
7854.57604628608  3.578944E-16
7856.65246212126  3.512661E-16
7858.72887795644  3.333063E-16
7860.80529379162  3.313510E-16
7862.8817096268  3.551018E-16
7864.95812546198  3.484899E-16
7867.03454129716  3.497882E-16
7869.11095713234  3.660914E-16
7871.18737296752  3.637740E-16
7873.2637888027  3.424048E-16
7875.34020463789  3.145851E-16
7877.41662047307  3.191169E-16
7879.49303630825  3.355368E-16
7881.56945214343  3.371924E-16
7883.64586797861  3.376892E-16
7885.72228381379  3.319318E-16
7887.79869964897  3.125804E-16
7889.87511548415  3.092471E-16
7891.95153131934  3.124792E-16
7894.02794715452  3.213282E-16
7896.1043629897  3.305903E-16
7898.18077882488  3.179916E-16
7900.25719466006  3.177517E-16
7902.33361049524  3.306160E-16
7904.41002633042  3.499591E-16
7906.4864421656  3.614227E-16
7908.56285800078  3.336313E-16
7910.63927383596  3.450118E-16
7912.71568967115  3.800627E-16
7914.79210550633  3.881863E-16
7916.86852134151  3.649462E-16
7918.94493717669  3.424059E-16
7921.02135301187  3.676190E-16
7923.09776884705  3.593721E-16
7925.17418468223  3.294205E-16
7927.25060051741  3.045851E-16
7929.32701635259  3.224877E-16
7931.40343218778  3.284776E-16
7933.47984802296  3.234177E-16
7935.55626385814  3.445169E-16
7937.63267969332  3.534271E-16
7939.7090955285  3.536262E-16
7941.78551136368  3.621886E-16
7943.86192719886  3.694184E-16
7945.93834303404  3.659891E-16
7948.01475886922  3.604891E-16
7950.09117470441  3.544845E-16
7952.16759053959  3.590693E-16
7954.24400637477  3.597248E-16
7956.32042220995  3.584192E-16
7958.39683804513  3.422681E-16
7960.47325388031  3.147783E-16
7962.54966971549  3.302748E-16
7964.62608555067  3.400176E-16
7966.70250138585  3.277326E-16
7968.77891722104  3.369022E-16
7970.85533305622  3.374145E-16
7972.9317488914  3.521916E-16
7975.00816472658  3.447822E-16
7977.08458056176  3.349483E-16
7979.16099639694  3.222290E-16
7981.23741223212  3.253420E-16
7983.3138280673  3.342235E-16
7985.39024390248  3.451087E-16
7987.46665973767  3.496729E-16
7989.54307557285  3.600701E-16
7991.61949140803  3.767050E-16
7993.69590724321  3.351277E-16
7995.77232307839  3.183889E-16
7997.84873891357  3.210605E-16
7999.92515474875  3.204868E-16
8002.00157058393  3.184657E-16
8004.07798641911  3.160163E-16
8006.15440225429  3.107339E-16
8008.23081808948  3.119433E-16
8010.30723392466  3.171212E-16
8012.38364975984  3.084152E-16
8014.46006559502  3.098402E-16
8016.5364814302  3.243810E-16
8018.61289726538  3.267340E-16
8020.68931310056  3.185518E-16
8022.76572893574  3.056845E-16
8024.84214477093  2.899103E-16
8026.91856060611  2.747855E-16
8028.99497644129  2.717830E-16
8031.07139227647  3.054551E-16
8033.14780811165  3.266191E-16
8035.22422394683  3.157723E-16
8037.30063978201  3.077855E-16
8039.37705561719  3.080716E-16
8041.45347145237  3.063618E-16
8043.52988728756  3.087999E-16
8045.60630312274  3.242713E-16
8047.68271895792  3.263097E-16
8049.7591347931  3.158454E-16
8051.83555062828  3.061529E-16
8053.91196646346  2.907031E-16
8055.98838229864  2.985954E-16
8058.06479813382  3.216378E-16
8060.141213969  3.218767E-16
8062.21762980419  2.824165E-16
8064.29404563936  2.714109E-16
8066.37046147455  2.921022E-16
8068.44687730973  3.010423E-16
8070.52329314491  2.982551E-16
8072.59970898009  3.016552E-16
8074.67612481527  3.054063E-16
8076.75254065045  3.001314E-16
8078.82895648563  3.006068E-16
8080.90537232082  2.985273E-16
8082.98178815599  3.067944E-16
8085.05820399118  3.133012E-16
8087.13461982636  2.919822E-16
8089.21103566154  2.672249E-16
8091.28745149672  2.911643E-16
8093.3638673319  3.002955E-16
8095.44028316708  2.766933E-16
8097.51669900226  2.733664E-16
8099.59311483744  2.745633E-16
8101.66953067263  2.880133E-16
8103.74594650781  3.185821E-16
8105.82236234299  3.063956E-16
8107.89877817817  2.674563E-16
8109.97519401335  2.633555E-16
8112.05160984853  2.748854E-16
8114.12802568371  2.781087E-16
8116.20444151889  2.697648E-16
8118.28085735407  2.560543E-16
8120.35727318925  2.534309E-16
8122.43368902444  2.685315E-16
8124.51010485962  2.806983E-16
8126.5865206948  2.710002E-16
8128.66293652998  2.562054E-16
8130.73935236516  2.516069E-16
8132.81576820034  2.442402E-16
8134.89218403552  2.504215E-16
8136.9685998707  2.720566E-16
8139.04501570589  2.659287E-16
8141.12143154107  2.612769E-16
8143.19784737625  2.603557E-16
8145.27426321143  2.351808E-16
8147.35067904661  2.221227E-16
8149.42709488179  2.334843E-16
8151.50351071697  2.473797E-16
8153.57992655215  2.400219E-16
8155.65634238734  2.380493E-16
8157.73275822251  2.702047E-16
8159.8091740577  2.833477E-16
8161.88558989288  2.604027E-16
8163.96200572806  2.449346E-16
8166.03842156324  2.460732E-16
8168.11483739842  2.468884E-16
8170.1912532336  2.403791E-16
8172.26766906878  2.375659E-16
8174.34408490396  2.297490E-16
8176.42050073914  2.300217E-16
8178.49691657433  2.310696E-16
8180.57333240951  2.416422E-16
8182.64974824469  2.562787E-16
8184.72616407987  2.479039E-16
8186.80257991505  2.267983E-16
8188.87899575023  2.135123E-16
8190.95541158541  2.221490E-16
8193.03182742059  2.225077E-16
8195.10824325577  2.081612E-16
8197.18465909096  2.253599E-16
8199.26107492614  2.415792E-16
8201.33749076132  2.136526E-16
8203.4139065965  1.906076E-16
8205.49032243168  1.897630E-16
8207.56673826686  2.044380E-16
8209.64315410204  2.158292E-16
8211.71956993723  2.013009E-16
8213.7959857724  1.925932E-16
8215.87240160759  2.025696E-16
8217.94881744277  2.068823E-16
8220.02523327795  2.031233E-16
8222.10164911313  2.031375E-16
8224.17806494831  1.974603E-16
8226.25448078349  1.705008E-16
8228.33089661867  1.619097E-16
8230.40731245385  2.122959E-16
8232.48372828904  2.346234E-16
8234.56014412422  2.184618E-16
8236.6365599594  2.007821E-16
8238.71297579458  1.953561E-16
8240.78939162976  1.895202E-16
8242.86580746494  1.790209E-16
8244.94222330012  1.710759E-16
8247.0186391353  1.859209E-16
8249.09505497048  2.055723E-16
8251.17147080566  1.990640E-16
8253.24788664085  1.748141E-16
8255.32430247603  1.738564E-16
8257.40071831121  1.968314E-16
8259.47713414639  1.916507E-16
8261.55354998157  1.513316E-16
8263.62996581675  1.406704E-16
8265.70638165193  1.488460E-16
8267.78279748711  1.740249E-16
8269.8592133223  2.043130E-16
8271.93562915748  1.870979E-16
8274.01204499266  1.542954E-16
8276.08846082784  1.756474E-16
8278.16487666302  1.956335E-16
8280.2412924982  1.983705E-16
8282.31770833338  1.912698E-16
8284.39412416856  1.861142E-16
8286.47054000374  1.814010E-16
8288.54695583892  1.908423E-16
8290.62337167411  1.969918E-16
8292.69978750929  1.679470E-16
8294.77620334447  1.491996E-16
8296.85261917965  1.477804E-16
8298.92903501483  1.591091E-16
8301.00545085001  2.133835E-16
8303.08186668519  2.223394E-16
8305.15828252037  2.252772E-16
8307.23469835556  2.412048E-16
8309.31111419074  2.230075E-16
8311.38753002592  2.155896E-16
8313.4639458611  2.114740E-16
8315.54036169628  1.822804E-16
8317.61677753146  1.645972E-16
8319.69319336664  1.695673E-16
8321.76960920182  1.758126E-16
8323.846025037  1.835659E-16
8325.92244087219  1.903891E-16
8327.99885670737  1.940481E-16
8330.07527254255  1.940754E-16
8332.15168837773  1.980322E-16
8334.22810421291  1.989552E-16
8336.30452004809  2.088428E-16
8338.38093588327  1.922990E-16
8340.45735171845  1.370773E-16
8342.53376755363  1.438559E-16
8344.61018338881  1.883741E-16
8346.686599224  1.734366E-16
8348.76301505918  1.490472E-16
8350.83943089436  1.682876E-16
8352.91584672954  2.028361E-16
8354.99226256472  2.152389E-16
8357.0686783999  2.349245E-16
8359.14509423508  2.293126E-16
8361.22151007026  2.170473E-16
8363.29792590544  1.969275E-16
8365.37434174062  2.238276E-16
8367.45075757581  2.333397E-16
8369.52717341099  2.232347E-16
8371.60358924617  2.212331E-16
8373.68000508135  2.233422E-16
8375.75642091653  2.152374E-16
8377.83283675171  2.269630E-16
8379.90925258689  2.619909E-16
8381.98566842207  2.505527E-16
8384.06208425726  2.248204E-16
8386.13850009244  2.221328E-16
8388.21491592762  2.168767E-16
8390.2913317628  2.346244E-16
8392.36774759798  2.548379E-16
8394.44416343316  2.620813E-16
8396.52057926834  2.582158E-16
8398.59699510352  2.421351E-16
8400.67341093871  2.260525E-16
8402.74982677389  2.232855E-16
8404.82624260907  2.236662E-16
8406.90265844425  2.024612E-16
8408.97907427943  1.941007E-16
8411.05549011461  2.231093E-16
8413.13190594979  2.471481E-16
8415.20832178497  2.395963E-16
8417.28473762015  2.342449E-16
8419.36115345533  2.246652E-16
8421.43756929051  2.409115E-16
8423.5139851257  2.428119E-16
8425.59040096088  2.411022E-16
8427.66681679606  2.599720E-16
8429.74323263124  2.621758E-16
8431.81964846642  2.399658E-16
8433.8960643016  2.245651E-16
8435.97248013678  2.364846E-16
8438.04889597196  2.316331E-16
8440.12531180714  2.205696E-16
8442.20172764233  2.135097E-16
8444.27814347751  2.090682E-16
8446.35455931269  2.271764E-16
8448.43097514787  2.493071E-16
8450.50739098305  2.797186E-16
8452.58380681823  2.712395E-16
8454.66022265341  2.560047E-16
8456.7366384886  2.627585E-16
8458.81305432378  2.484147E-16
8460.88947015896  2.228604E-16
8462.96588599414  2.375918E-16
8465.04230182932  2.431243E-16
8467.1187176645  2.321661E-16
8469.19513349968  2.379070E-16
8471.27154933486  2.564881E-16
8473.34796517004  2.545654E-16
8475.42438100522  2.384073E-16
8477.50079684041  2.305310E-16
8479.57721267558  2.332930E-16
8481.65362851077  2.536813E-16
8483.73004434595  2.524279E-16
8485.80646018113  2.516005E-16
8487.88287601631  2.797868E-16
8489.95929185149  2.967960E-16
8492.03570768667  2.769273E-16
8494.11212352185  2.805034E-16
8496.18853935703  2.801830E-16
8498.26495519222  2.794815E-16
8500.3413710274  2.768671E-16
8502.41778686258  2.894745E-16
8504.49420269776  3.285888E-16
8506.57061853294  3.210215E-16
8508.64703436812  2.951858E-16
8510.7234502033  2.676805E-16
8512.79986603848  2.440779E-16
8514.87628187366  2.669266E-16
8516.95269770885  3.035158E-16
8519.02911354403  3.116836E-16
8521.10552937921  2.808769E-16
8523.18194521439  2.640848E-16
8525.25836104957  2.789228E-16
8527.33477688475  2.891480E-16
8529.41119271993  2.973600E-16
8531.48760855511  3.141603E-16
8533.56402439029  3.170638E-16
8535.64044022548  3.124249E-16
8537.71685606066  3.020437E-16
8539.79327189584  2.863058E-16
8541.86968773102  2.738180E-16
8543.9461035662  2.842638E-16
8546.02251940138  3.128884E-16
8548.09893523656  2.955810E-16
8550.17535107174  2.579126E-16
8552.25176690692  2.674312E-16
8554.32818274211  2.978227E-16
8556.40459857729  3.118368E-16
8558.48101441247  3.112689E-16
8560.55743024765  3.063884E-16
8562.63384608283  2.997559E-16
8564.71026191801  2.898298E-16
8566.78667775319  2.874566E-16
8568.86309358837  2.982192E-16
8570.93950942355  3.082213E-16
8573.01592525874  3.140160E-16
8575.09234109392  3.137617E-16
8577.1687569291  3.131436E-16
8579.24517276428  3.120756E-16
8581.32158859946  2.923992E-16
8583.39800443464  3.055214E-16
8585.47442026982  3.312433E-16
8587.55083610501  3.559845E-16
8589.62725194018  3.670026E-16
8591.70366777536  3.309193E-16
8593.78008361055  3.215026E-16
8595.85649944573  3.392384E-16
8597.93291528091  3.369125E-16
8600.00933111609  3.198235E-16
8602.08574695127  3.205077E-16
8604.16216278645  3.217870E-16
8606.23857862163  3.223196E-16
8608.31499445681  3.329410E-16
8610.391410292  3.324050E-16
8612.46782612718  3.202260E-16
8614.54424196235  3.271286E-16
8616.62065779754  3.441585E-16
8618.69707363272  3.581911E-16
8620.7734894679  3.397907E-16
8622.84990530308  3.436906E-16
8624.92632113826  3.803451E-16
8627.00273697344  3.712427E-16
8629.07915280863  3.534172E-16
8631.15556864381  3.426458E-16
8633.23198447899  3.411630E-16
8635.30840031417  3.708075E-16
8637.38481614935  3.774367E-16
8639.46123198453  3.514635E-16
8641.53764781971  3.258745E-16
8643.61406365489  3.115720E-16
8645.69047949008  3.111458E-16
8647.76689532526  3.324435E-16
8649.84331116044  3.700102E-16
8651.91972699562  3.785477E-16
8653.9961428308  3.648286E-16
8656.07255866598  3.647587E-16
8658.14897450116  3.486402E-16
8660.22539033634  3.336302E-16
8662.30180617152  3.420644E-16
8664.3782220067  3.712920E-16
8666.45463784188  3.690345E-16
8668.53105367706  3.450788E-16
8670.60746951225  3.286625E-16
8672.68388534743  3.529598E-16
8674.76030118261  3.566359E-16
8676.83671701779  3.417462E-16
8678.91313285297  3.402259E-16
8680.98954868815  3.450711E-16
8683.06596452333  3.480738E-16
8685.14238035852  3.512747E-16
8687.2187961937  3.352264E-16
8689.29521202888  3.128786E-16
8691.37162786406  3.262310E-16
8693.44804369924  3.467394E-16
8695.52445953442  3.381989E-16
8697.6008753696  3.580290E-16
8699.67729120478  3.784944E-16
8701.75370703996  3.750396E-16
8703.83012287515  3.470415E-16
8705.90653871033  3.316807E-16
8707.98295454551  3.184521E-16
8710.05937038069  3.337571E-16
8712.13578621587  3.508326E-16
8714.21220205105  3.281506E-16
8716.28861788623  3.112537E-16
8718.36503372141  3.328245E-16
8720.44144955659  3.443935E-16
8722.51786539178  3.350367E-16
8724.59428122695  3.342357E-16
8726.67069706214  3.418413E-16
8728.74711289732  3.558605E-16
8730.8235287325  3.558956E-16
8732.89994456768  3.450405E-16
8734.97636040286  3.354384E-16
8737.05277623804  3.078616E-16
8739.12919207322  3.227351E-16
8741.2056079084  3.591509E-16
8743.28202374358  3.475667E-16
8745.35843957877  3.184196E-16
8747.43485541395  2.884734E-16
8749.51127124913  2.789407E-16
8751.58768708431  3.044343E-16
8753.66410291949  3.248670E-16
8755.74051875467  3.274743E-16
8757.81693458985  2.975349E-16
8759.89335042503  3.067130E-16
8761.96976626022  3.065195E-16
8764.0461820954  3.290149E-16
8766.12259793058  3.144205E-16
8768.19901376576  2.973114E-16
8770.27542960094  3.238837E-16
8772.35184543612  3.100751E-16
8774.4282612713  2.914455E-16
8776.50467710648  2.568212E-16
8778.58109294166  2.486664E-16
8780.65750877685  2.878237E-16
8782.73392461203  3.041706E-16
8784.81034044721  3.127448E-16
8786.88675628239  3.263337E-16
8788.96317211757  3.310166E-16
8791.03958795275  3.033214E-16
8793.11600378793  2.754809E-16
8795.19241962311  2.860429E-16
8797.26883545829  3.078431E-16
8799.34525129347  3.173296E-16
8801.42166712866  2.835175E-16
8803.49808296384  2.961477E-16
8805.57449879902  3.092948E-16
8807.6509146342  3.040463E-16
8809.72733046938  3.112910E-16
8811.80374630456  3.104333E-16
8813.88016213974  2.840781E-16
8815.95657797492  3.005785E-16
8818.0329938101  3.070933E-16
8820.10940964529  3.222228E-16
8822.18582548047  3.538148E-16
8824.26224131565  3.597578E-16
8826.33865715083  3.565084E-16
8828.41507298601  3.353894E-16
8830.49148882119  2.869551E-16
8832.56790465637  3.157731E-16
8834.64432049155  3.421355E-16
8836.72073632674  3.308154E-16
8838.79715216192  3.040168E-16
8840.8735679971  2.960085E-16
8842.94998383228  2.839409E-16
8845.02639966746  2.844468E-16
8847.10281550264  2.846559E-16
8849.17923133782  2.794292E-16
8851.255647173  3.045068E-16
8853.33206300818  3.354345E-16
8855.40847884336  3.280647E-16
8857.48489467855  2.690580E-16
8859.56131051373  2.481244E-16
8861.63772634891  2.938767E-16
8863.71414218409  3.172671E-16
8865.79055801927  2.978697E-16
8867.86697385445  3.193951E-16
8869.94338968963  3.077632E-16
8872.01980552481  2.534521E-16
8874.09622136  2.424967E-16
8876.17263719518  2.405550E-16
8878.24905303036  2.500924E-16
8880.32546886554  2.789521E-16
8882.40188470072  2.835866E-16
8884.4783005359  2.448964E-16
8886.55471637108  2.178271E-16
8888.63113220626  2.745935E-16
8890.70754804144  3.077881E-16
8892.78396387663  3.043110E-16
8894.8603797118  2.933085E-16
8896.93679554699  2.817305E-16
8899.01321138217  2.772938E-16
8901.08962721735  2.859012E-16
8903.16604305253  2.446948E-16
8905.24245888771  2.127694E-16
8907.31887472289  2.574404E-16
8909.39529055807  2.895592E-16
8911.47170639325  2.772193E-16
8913.54812222844  2.801260E-16
8915.62453806362  2.765793E-16
8917.7009538988  2.129796E-16
8919.77736973398  2.027924E-16
8921.85378556916  2.554085E-16
8923.93020140434  2.696481E-16
8926.00661723952  2.709957E-16
8928.0830330747  2.923149E-16
8930.15944890989  2.838593E-16
8932.23586474507  2.464350E-16
8934.31228058025  2.071689E-16
8936.38869641543  2.101529E-16
8938.46511225061  2.323978E-16
8940.54152808579  2.534913E-16
8942.61794392097  2.488982E-16
8944.69435975615  2.639091E-16
8946.77077559133  2.538832E-16
8948.84719142651  2.579263E-16
8950.9236072617  2.750071E-16
8953.00002309688  2.863569E-16
8955.07643893206  3.077775E-16
8957.15285476724  2.583349E-16
8959.22927060242  1.933732E-16
8961.3056864376  1.919703E-16
8963.38210227278  2.350263E-16
8965.45851810796  2.329512E-16
8967.53493394314  2.333202E-16
8969.61134977832  2.456258E-16
8971.68776561351  2.124148E-16
8973.76418144869  1.982585E-16
8975.84059728387  2.274138E-16
8977.91701311905  2.544614E-16
8979.99342895423  2.718839E-16
8982.06984478941  2.795830E-16
8984.14626062459  2.872072E-16
8986.22267645978  2.340976E-16
8988.29909229496  1.797967E-16
8990.37550813013  1.789484E-16
8992.45192396532  2.256199E-16
8994.5283398005  2.669013E-16
8996.60475563568  2.243171E-16
8998.68117147086  1.782598E-16
9000.75758730604  1.573419E-16
9002.83400314122  1.859638E-16
9004.9104189764  2.277906E-16
9006.98683481159  2.519873E-16
9009.06325064677  2.621504E-16
9011.13966648195  2.916237E-16
9013.21608231713  2.905080E-16
9015.29249815231  2.858852E-16
9017.36891398749  3.093792E-16
9019.44532982267  2.803378E-16
9021.52174565785  2.243449E-16
9023.59816149303  2.142584E-16
9025.67457732821  2.441658E-16
9027.7509931634  2.471281E-16
9029.82740899858  2.433788E-16
9031.90382483376  2.374696E-16
9033.98024066894  2.255755E-16
9036.05665650412  2.224111E-16
9038.1330723393  2.095878E-16
9040.20948817448  2.368181E-16
9042.28590400966  2.542224E-16
9044.36231984484  2.420670E-16
9046.43873568002  2.393073E-16
9048.51515151521  2.428085E-16
9050.59156735039  2.555455E-16
9052.66798318557  2.843777E-16
9054.74439902075  2.520245E-16
9056.82081485593  2.172025E-16
9058.89723069111  2.412453E-16
9060.9736465263  2.287865E-16
9063.05006236148  2.006852E-16
9065.12647819666  2.270515E-16
9067.20289403184  2.822836E-16
9069.27930986702  2.752295E-16
9071.3557257022  2.341959E-16
9073.43214153738  1.987206E-16
9075.50855737256  2.072953E-16
9077.58497320774  2.183575E-16
9079.66138904292  2.385125E-16
9081.73780487811  2.246614E-16
9083.81422071329  1.861653E-16
9085.89063654847  1.915188E-16
9087.96705238365  2.274124E-16
9090.04346821883  2.642705E-16
9092.11988405401  2.406378E-16
9094.19629988919  2.544338E-16
9096.27271572437  2.589931E-16
9098.34913155955  2.523373E-16
9100.42554739473  2.896626E-16
9102.50196322992  2.844544E-16
9104.5783790651  2.424586E-16
9106.65479490028  2.406229E-16
9108.73121073546  2.601850E-16
9110.80762657064  2.440959E-16
9112.88404240582  2.180665E-16
9114.960458241  2.058381E-16
9117.03687407618  2.490941E-16
9119.11328991136  2.479042E-16
9121.18970574655  2.338316E-16
9123.26612158173  2.703718E-16
9125.34253741691  2.492324E-16
9127.41895325209  2.179882E-16
9129.49536908727  1.970009E-16
9131.57178492245  2.100044E-16
9133.64820075763  2.399292E-16
9135.72461659281  2.571603E-16
9137.801032428  3.079359E-16
9139.87744826317  2.869624E-16
9141.95386409836  2.600214E-16
9144.03027993354  2.469838E-16
9146.10669576872  2.708178E-16
9148.1831116039  2.753946E-16
9150.25952743908  2.334103E-16
9152.33594327426  2.603791E-16
9154.41235910944  2.570764E-16
9156.48877494462  2.320567E-16
9158.56519077981  2.485085E-16
9160.64160661499  2.810663E-16
9162.71802245017  2.908368E-16
9164.79443828535  2.670975E-16
9166.87085412053  2.606637E-16
9168.94726995571  2.587972E-16
9171.02368579089  2.597004E-16
9173.10010162607  2.323907E-16
9175.17651746125  2.710140E-16
9177.25293329644  2.497665E-16
9179.32934913162  2.669611E-16
9181.4057649668  2.700018E-16
9183.48218080198  2.597021E-16
9185.55859663716  2.862809E-16
9187.63501247234  3.135371E-16
9189.71142830752  2.695468E-16
9191.7878441427  2.030839E-16
9193.86425997788  1.825783E-16
9195.94067581307  2.431515E-16
9198.01709164825  2.310598E-16
9200.09350748343  2.754202E-16
9202.16992331861  3.027993E-16
9204.24633915379  3.398669E-16
9206.32275498897  3.492147E-16
9208.39917082415  3.421218E-16
9210.47558665933  3.156306E-16
9212.55200249452  2.817635E-16
9214.62841832969  2.798265E-16
9216.70483416488  2.855371E-16
9218.78125000006  2.671454E-16
