3200.  -6.780306E-18
3201.968  7.002432E-18
3203.936  1.677983E-17
3205.904  1.570504E-17
3207.872  1.026470E-17
3209.84  8.300732E-18
3211.808  -3.982404E-18
3213.776  -9.744703E-18
3215.744  8.312135E-18
3217.712  2.415161E-17
3219.68  8.222768E-18
3221.648  8.369002E-18
3223.616  4.570785E-18
3225.584  5.611963E-18
3227.552  7.678506E-18
3229.52  -5.945655E-19
3231.488  4.621816E-18
3233.456  8.779290E-18
3235.424  1.182662E-17
3237.392  7.140306E-18
3239.36  7.643374E-18
3241.328  -3.350908E-18
3243.296  8.718139E-18
3245.264  2.066973E-17
3247.232  1.144811E-17
3249.2  7.183799E-18
3251.168  6.682006E-18
3253.136  6.518364E-18
3255.104  1.214900E-17
3257.072  1.062573E-17
3259.04  8.815875E-18
3261.008  3.636236E-18
3262.976  -1.916828E-18
3264.944  6.161749E-18
3266.912  3.326778E-18
3268.88  8.626032E-18
3270.848  1.627109E-17
3272.816  9.704909E-18
3274.784  8.161066E-18
3276.752  -2.677998E-18
3278.72  -7.545843E-18
3280.688  -5.331610E-18
3282.656  2.592207E-18
3284.624  2.604497E-18
3286.592  9.630335E-18
3288.56  1.263860E-17
3290.528  6.258810E-18
3292.496  7.898734E-18
3294.464  -3.486387E-18
3296.432  -7.000066E-18
3298.4  4.397709E-18
3300.368  5.970949E-18
3302.336  1.340548E-18
3304.304  1.799975E-18
3306.272  1.097584E-17
3308.24  -1.282011E-18
3310.208  2.590084E-18
3312.176  1.249792E-17
3314.144  3.478799E-18
3316.112  -1.035047E-19
3318.08  1.663317E-18
3320.048  3.051052E-18
3322.016  1.037208E-18
3323.984  1.138820E-17
3325.952  1.221541E-17
3327.92  1.358532E-18
3329.888  3.438377E-18
3331.856  4.258139E-18
3333.824  4.709705E-18
3335.792  -2.241548E-18
3337.76  -3.500307E-18
3339.728  1.005398E-19
3341.696  5.338110E-18
3343.664  -4.861139E-18
3345.632  -1.413036E-18
3347.6  -2.901006E-18
3349.568  -2.112903E-18
3351.536  2.655118E-18
3353.504  1.281130E-18
3355.472  1.252387E-18
3357.44  5.555211E-18
3359.408  7.284803E-18
3361.376  8.166547E-18
3363.344  -1.266912E-18
3365.312  -7.619265E-18
3367.28  5.842638E-18
3369.248  4.124208E-18
3371.216  -4.650524E-18
3373.184  -1.620488E-18
3375.152  -6.207229E-18
3377.12  -4.539234E-18
3379.088  3.073235E-18
3381.056  3.103014E-18
3383.024  -1.862050E-18
3384.992  2.491181E-19
3386.96  3.631251E-18
3388.928  1.148233E-17
3390.896  1.193305E-17
3392.864  6.400442E-18
3394.832  -3.523676E-18
3396.8  8.648016E-18
3398.768  1.742636E-18
3400.736  -6.036527E-18
3402.704  -6.282292E-18
3404.672  -2.611467E-18
3406.64  -1.728536E-18
3408.608  3.247614E-18
3410.576  6.136173E-18
3412.544  2.426656E-18
3414.512  1.877733E-18
3416.48  1.524074E-18
3418.448  4.317030E-18
3420.416  3.748778E-18
3422.384  -6.158952E-18
3424.352  -5.984089E-18
3426.32  -3.112041E-18
3428.288  -3.347043E-18
3430.256  -7.179247E-19
3432.224  -2.206819E-18
3434.192  5.053596E-19
3436.16  1.012031E-17
3438.128  7.422463E-18
3440.096  2.767539E-18
3442.064  6.425833E-18
3444.032  4.353507E-18
3446.  4.221060E-18
3447.968  -6.259087E-18
3449.936  -3.621207E-19
3451.904  -6.274811E-18
3453.872  -5.671074E-19
3455.84  2.227893E-18
3457.808  7.963772E-18
3459.776  5.054185E-18
3461.744  2.031954E-19
3463.712  2.722796E-18
3465.68  -1.276338E-18
3467.648  -3.941564E-18
3469.616  -1.412035E-19
3471.584  3.458161E-18
3473.552  6.240924E-18
3475.52  6.341449E-18
3477.488  3.354211E-18
3479.456  1.245077E-18
3481.424  1.803203E-18
3483.392  3.397062E-18
3485.36  3.150732E-18
3487.328  4.506847E-18
3489.296  2.997246E-18
3491.264  5.414161E-20
3493.232  4.583722E-18
3495.2  5.571392E-18
3497.168  8.840649E-19
3499.136  -1.459062E-19
3501.104  -5.409744E-18
3503.072  1.657529E-18
3505.04  4.064282E-18
3507.008  1.047530E-18
3508.976  3.767452E-18
3510.944  1.461137E-18
3512.912  -3.443991E-19
3514.88  -1.345857E-18
3516.848  4.331674E-18
3518.816  6.003613E-18
3520.784  7.949738E-19
3522.752  -3.256479E-18
3524.72  -4.453752E-18
3526.688  8.952248E-19
3528.656  4.744145E-18
3530.624  1.150630E-18
3532.592  -2.096821E-18
3534.56  1.311888E-19
3536.528  1.336369E-18
3538.496  3.905709E-18
3540.464  4.181960E-18
3542.432  -2.254287E-18
3544.4  -1.244175E-18
3546.368  3.224074E-18
3548.336  -5.040383E-19
3550.304  1.808357E-18
3552.272  1.173246E-19
3554.24  -1.343991E-18
3556.208  7.167374E-19
3558.176  9.066062E-19
3560.144  1.611748E-18
3562.112  4.555898E-20
3564.08  -3.230238E-18
3566.048  -1.371240E-18
3568.016  2.165866E-18
3569.984  -6.916625E-19
3571.952  -7.519286E-19
3573.92  -3.004730E-18
3575.888  -7.874104E-19
3577.856  -1.786377E-18
3579.824  3.292248E-18
3581.792  1.941957E-19
3583.76  -2.252518E-19
3585.728  3.612993E-18
3587.696  -8.995813E-19
3589.664  -1.498283E-18
3591.632  -2.103159E-18
3593.6  8.728136E-19
3595.568  -3.561565E-19
3597.536  1.675868E-18
3599.504  2.219865E-18
3601.472  2.247932E-18
3603.44  -1.038285E-18
3605.408  -3.350371E-18
3607.376  -2.199589E-18
3609.344  1.684136E-18
3611.312  2.943772E-18
3613.28  9.780163E-19
3615.248  5.012617E-19
3617.216  2.368679E-18
3619.184  1.133886E-18
3621.152  -1.884577E-18
3623.12  -3.656288E-19
3625.088  1.014011E-18
3627.056  -2.871451E-18
3629.024  -4.510113E-18
3630.992  -2.019804E-18
3632.96  -3.633840E-18
3634.928  -4.107853E-18
3636.896  -1.004018E-18
3638.864  -3.141243E-19
3640.832  6.096489E-19
3642.8  2.309352E-18
3644.768  1.514772E-18
3646.736  -2.185013E-18
3648.704  -2.932215E-18
3650.672  -5.750013E-19
3652.64  -5.114719E-20
3654.608  4.149118E-19
3656.576  2.353539E-18
3658.544  -6.018699E-19
3660.512  1.771743E-19
3662.48  2.790661E-18
3664.448  1.432746E-18
3666.416  -1.324698E-18
3668.384  -1.710814E-18
3670.352  2.609911E-19
3672.32  6.614427E-19
3674.288  -1.721665E-18
3676.256  -1.805870E-18
3678.224  2.885994E-19
3680.192  2.135707E-18
3682.16  1.527117E-18
3684.128  -1.785853E-18
3686.096  3.284271E-19
3688.064  8.579605E-20
3690.032  8.440102E-19
3692.  -1.770957E-18
3693.968  -1.197139E-18
3695.936  -3.547247E-18
3697.904  -2.737529E-18
3699.872  -1.687487E-19
3701.84  -5.850301E-19
3703.808  -1.343626E-18
3705.776  3.604479E-18
3707.744  2.557304E-18
3709.712  1.356958E-18
3711.68  1.934001E-18
3713.648  3.563737E-19
3715.616  -2.171333E-18
3717.584  3.679770E-19
3719.552  2.013849E-18
3721.52  9.067009E-19
3723.488  1.110748E-18
3725.456  2.325463E-18
3727.424  -3.432786E-19
3729.392  -1.966901E-18
3731.36  -9.237869E-19
3733.328  -2.861282E-19
3735.296  -2.631563E-18
3737.264  -2.510813E-18
3739.232  -2.660679E-18
3741.2  -1.431188E-18
3743.168  3.018032E-19
3745.136  8.702549E-19
3747.104  -9.728798E-20
3749.072  -4.828675E-20
3751.04  3.973334E-19
3753.008  4.841346E-19
3754.976  3.163890E-18
3756.944  3.250932E-18
3758.912  -8.445038E-19
3760.88  -1.267749E-18
3762.848  2.002310E-18
3764.816  1.059813E-18
3766.784  -1.552697E-18
3768.752  -9.585117E-19
3770.72  -9.866601E-19
3772.688  -2.339322E-18
3774.656  -8.974281E-19
3776.624  1.810297E-18
3778.592  2.300589E-18
3780.56  2.435990E-18
3782.528  2.207237E-18
3784.496  1.234792E-18
3786.464  -1.828330E-18
3788.432  -2.460845E-18
3790.4  -1.008012E-18
3792.368  -2.957998E-18
3794.336  -3.040178E-18
3796.304  -1.425589E-18
3798.272  2.687787E-20
3800.24  3.426654E-18
3802.208  -8.496478E-19
3804.176  -1.195544E-18
3806.144  -3.310398E-20
3808.112  -1.060487E-18
3810.08  1.785636E-18
3812.048  -2.633203E-19
3814.016  5.736127E-20
3815.984  -4.713934E-19
3817.952  7.307309E-19
3819.92  2.548358E-18
3821.888  2.332847E-18
3823.856  2.587809E-18
3825.824  -2.590332E-18
3827.792  -2.600250E-18
3829.76  2.119307E-18
3831.728  3.353404E-18
3833.696  1.576122E-18
3835.664  -1.430652E-19
3837.632  -6.234943E-19
3839.6  3.779828E-19
3841.568  -1.232850E-18
3843.536  -1.203927E-18
3845.504  -6.438335E-19
3847.472  -4.030210E-18
3849.44  -2.886868E-18
3851.408  -1.185214E-18
3853.376  4.382013E-19
3855.344  2.815775E-18
3857.312  2.095000E-18
3859.28  -2.181401E-18
3861.248  -3.847189E-19
3863.216  5.657258E-19
3865.184  -1.727245E-19
3867.152  1.135978E-18
3869.12  -3.531388E-19
3871.088  3.658411E-18
3873.056  1.212899E-18
3875.024  -1.022495E-18
3876.992  7.662987E-19
3878.96  -3.713617E-18
3880.928  -1.486040E-18
3882.896  5.111443E-20
3884.864  -8.849739E-19
3886.832  -3.361966E-19
3888.8  -2.072999E-18
3890.768  -2.750842E-18
3892.736  -2.627677E-18
3894.704  1.491126E-18
3896.672  2.338308E-18
3898.64  -5.988571E-19
3900.608  -1.931658E-18
3902.576  -1.763341E-18
3904.544  -3.114549E-18
3906.512  -2.475805E-18
3908.48  -1.553402E-18
3910.448  -9.545594E-19
3912.416  -1.267826E-18
3914.384  -4.873923E-19
3916.352  -4.086888E-20
3918.32  4.846083E-19
3920.288  -2.064390E-18
3922.256  2.143921E-19
3924.224  -2.438742E-18
3926.192  1.226057E-18
3928.16  2.287108E-18
3930.128  -1.903212E-19
3932.096  -1.283260E-18
3934.064  -1.109495E-18
3936.032  -8.362645E-19
3938.  -2.516275E-18
3939.968  -1.793304E-18
3941.936  -2.051171E-18
3943.904  -3.209607E-18
3945.872  -3.437692E-19
3947.84  -1.315037E-19
3949.808  -1.313994E-18
3951.776  -3.647765E-19
3953.744  -1.195467E-18
3955.712  -2.373141E-18
3957.68  -1.754856E-18
3959.648  -4.664247E-19
3961.616  -1.028566E-19
3963.584  -1.339877E-18
3965.552  -1.967168E-19
3967.52  -2.009242E-18
3969.488  -6.233289E-19
3971.456  -1.169231E-18
3973.424  -1.040572E-18
3975.392  1.430746E-18
3977.36  1.548475E-18
3979.328  -2.546912E-18
3981.296  -1.543250E-18
3983.264  2.718534E-19
3985.232  -2.629535E-18
3987.2  -4.001705E-19
3989.168  8.680829E-19
3991.136  -1.023970E-18
3993.104  -5.886655E-19
3995.072  -4.314036E-19
3997.04  -1.010153E-18
3999.008  -8.792385E-20
4000.976  5.541598E-19
4002.944  -2.961999E-19
4004.912  -1.884416E-18
4006.88  -2.133569E-18
4008.848  8.270437E-19
4010.816  1.808867E-18
4012.784  -1.435035E-18
4014.752  -1.903821E-18
4016.72  -2.174076E-19
4018.688  -1.000073E-18
4020.656  -5.581938E-19
4022.624  -2.249281E-19
4024.592  -1.322568E-19
4026.56  -2.312833E-18
4028.528  -1.492817E-18
4030.496  1.048486E-19
4032.464  -1.729567E-18
4034.432  -1.343615E-20
4036.4  -1.065631E-18
4038.368  -7.882480E-19
4040.336  -1.169520E-18
4042.304  -6.737686E-19
4044.272  -2.317807E-18
4046.24  -7.932856E-19
4048.208  9.768661E-19
4050.176  8.688464E-19
4052.144  6.986553E-19
4054.112  1.464288E-18
4056.08  -9.836153E-19
4058.048  4.887983E-19
4060.016  1.198051E-18
4061.984  -2.511917E-19
4063.952  -4.033661E-19
4065.92  -3.832200E-19
4067.888  9.651967E-19
4069.856  -1.538057E-18
4071.824  -1.425547E-18
4073.792  -7.664698E-19
4075.76  2.511763E-19
4077.728  -8.452506E-19
4079.696  1.936195E-19
4081.664  3.921149E-19
4083.632  -1.345450E-18
4085.6  -1.349916E-18
4087.568  1.050779E-18
4089.536  1.939929E-18
4091.504  8.347607E-19
4093.472  -3.631407E-19
4095.44  -2.190249E-19
4097.408  -2.003490E-18
4099.376  -9.397724E-19
4101.344  -2.744720E-19
4103.312  -1.866046E-18
4105.28  8.180236E-20
4107.248  2.315990E-19
4109.216  1.134189E-18
4111.184  1.010732E-18
4113.152  -5.009481E-19
4115.12  8.958250E-19
4117.088  2.401685E-19
4119.056  -3.480471E-19
4121.024  -1.057579E-18
4122.992  -1.370166E-18
4124.96  -1.508176E-19
4126.928  6.222392E-19
4128.896  4.354333E-19
4130.864  -1.150811E-18
4132.832  -1.144121E-18
4134.8  -1.460861E-18
4136.768  -1.998198E-18
4138.736  -1.665572E-18
4140.704  -1.841129E-18
4142.672  -2.501683E-18
4144.64  -1.275925E-18
4146.608  8.131621E-19
4148.576  2.178661E-19
4150.544  2.199643E-19
4152.512  -1.092507E-18
4154.48  -1.126000E-18
4156.448  8.213785E-19
4158.416  -6.639355E-19
4160.384  -9.853815E-19
4162.352  -7.632875E-19
4164.32  1.217617E-18
4166.288  8.147246E-19
4168.256  5.939670E-19
4170.224  -1.398586E-18
4172.192  -8.963486E-19
4174.16  9.329482E-19
4176.128  -2.842035E-19
4178.096  -2.793113E-18
4180.064  -1.494231E-18
4182.032  -1.374568E-19
4184.  4.672524E-19
4185.968  -8.632905E-19
4187.936  -1.591665E-18
4189.904  -5.741397E-19
4191.872  -5.232402E-19
4193.84  -1.482982E-18
4195.808  -2.296633E-18
4197.776  1.017472E-18
4199.744  -1.201355E-18
4201.712  -2.206060E-19
4203.68  -1.356519E-18
4205.648  -2.532617E-18
4207.616  -2.782280E-18
4209.584  -2.275290E-18
4211.552  -8.669805E-19
4213.52  2.614458E-19
4215.488  2.185197E-19
4217.456  -3.444927E-19
4219.424  1.091514E-18
4221.392  1.403534E-18
4223.36  1.832233E-19
4225.328  -1.277985E-18
4227.296  -1.945222E-18
4229.264  -2.159409E-18
4231.232  -9.212236E-19
4233.2  -8.712294E-19
4235.168  -2.934959E-18
4237.136  -1.935968E-18
4239.104  -8.294868E-20
4241.072  1.397559E-18
4243.04  -5.464024E-20
4245.008  -2.838700E-18
4246.976  -1.077974E-18
4248.944  1.184889E-19
4250.912  -8.301854E-19
4252.88  -9.177151E-20
4254.848  2.324680E-19
4256.816  -3.057570E-19
4258.784  2.347501E-20
4260.752  -8.709279E-19
4262.72  -2.133471E-18
4264.688  -1.365444E-18
4266.656  -5.731515E-19
4268.624  -9.197647E-19
4270.592  -1.550071E-19
4272.56  -2.348824E-20
4274.528  -1.822873E-18
4276.496  -1.290520E-18
4278.464  -1.983027E-18
4280.432  -2.276373E-19
4282.4  8.444475E-19
4284.368  -2.026163E-18
4286.336  -1.680904E-18
4288.304  -2.249221E-18
4290.272  -6.980962E-19
4292.24  -2.517067E-19
4294.208  -5.956991E-19
4296.176  4.949591E-19
4298.144  -6.338518E-19
4300.112  -6.141227E-19
4302.08  -1.935787E-19
4304.048  -1.420178E-18
4306.016  -1.874182E-19
4307.984  -1.800035E-18
4309.952  -1.434432E-18
4311.92  -2.557698E-19
4313.888  8.659985E-19
4315.856  5.548514E-19
4317.824  3.570044E-19
4319.792  -1.208555E-18
4321.76  -3.087194E-19
4323.728  3.748457E-19
4325.696  7.957035E-19
4327.664  -5.127196E-19
4329.632  1.864186E-20
4331.6  1.855901E-19
4333.568  5.995866E-19
4335.536  6.265952E-19
4337.504  -9.046827E-19
4339.472  -2.039632E-20
4341.44  -1.349991E-18
4343.408  -2.642522E-18
4345.376  -2.306510E-18
4347.344  -3.952487E-19
4349.312  -6.528359E-19
4351.28  -1.806444E-18
4353.248  -1.736131E-18
4355.216  -8.715731E-19
4357.184  -1.634589E-18
4359.152  -1.238882E-18
4361.12  -6.311851E-19
4363.088  -1.817314E-18
4365.056  -2.702644E-19
4367.024  5.831068E-20
4368.992  -7.428576E-19
4370.96  -6.476820E-19
4372.928  -1.242872E-18
4374.896  -9.160143E-20
4376.864  2.132881E-19
4378.832  -1.382877E-18
4380.8  -1.334739E-18
4382.768  -6.098374E-19
4384.736  -5.522880E-19
4386.704  1.371547E-19
4388.672  5.350873E-19
4390.64  3.386334E-19
4392.608  -1.389689E-18
4394.576  -2.054679E-18
4396.544  -2.467317E-18
4398.512  -1.854602E-18
4400.48  -1.103703E-18
4402.448  1.596875E-19
4404.416  -9.129378E-19
4406.384  -2.443696E-18
4408.352  -1.964972E-18
4410.32  5.420139E-19
4412.288  -6.809664E-20
4414.256  -1.691611E-19
4416.224  -1.129565E-18
4418.192  -1.130593E-19
4420.16  2.180532E-19
4422.128  4.591640E-19
4424.096  -5.391527E-19
4426.064  6.321749E-19
4428.032  9.490617E-19
4430.  1.997685E-19
4431.968  3.664052E-19
4433.936  1.363727E-18
4435.904  2.564451E-19
4437.872  -8.413794E-19
4439.84  -1.083905E-18
4441.808  -5.590346E-19
4443.776  -8.195475E-19
4445.744  -2.454151E-18
4447.712  -3.635138E-19
4449.68  -1.041979E-19
4451.648  -1.731081E-18
4453.616  -1.519279E-18
4455.584  -1.975585E-18
4457.552  -1.172021E-18
4459.52  4.751826E-19
4461.488  3.546302E-19
4463.456  6.838752E-19
4465.424  -2.539485E-19
4467.392  -3.958536E-19
4469.36  -7.176714E-19
4471.328  -1.947926E-18
4473.296  -2.442212E-19
4475.264  -6.137061E-19
4477.232  -4.773447E-20
4479.2  -6.314930E-19
4481.168  -5.711368E-19
4483.136  -9.643454E-19
4485.104  -1.734729E-18
4487.072  -4.316460E-19
4489.04  7.095772E-19
4491.008  -8.819884E-19
4492.976  -8.336414E-19
4494.944  1.695408E-18
4496.912  6.072578E-20
4498.88  -1.678524E-18
4500.848  -1.593677E-18
4502.816  -1.617310E-18
4504.784  -8.264741E-20
4506.752  1.639659E-18
4508.72  -9.433357E-20
4510.688  -1.230106E-18
4512.656  1.890313E-18
4514.624  9.074879E-19
4516.592  5.280980E-19
4518.56  -4.526130E-19
4520.528  -1.363672E-18
4522.496  4.200240E-19
4524.464  1.266841E-18
4526.432  1.420935E-18
4528.4  -1.565002E-18
4530.368  2.626614E-20
4532.336  9.458407E-19
4534.304  7.514734E-19
4536.272  1.598882E-18
4538.24  -2.348730E-18
4540.208  -4.795589E-19
4542.176  -2.216450E-19
4544.144  -8.093139E-19
4546.112  -6.975940E-19
4548.08  1.208604E-18
4550.048  -5.587800E-19
4552.016  -2.890441E-20
4553.984  -1.015112E-18
4555.952  4.328780E-19
4557.92  -9.915830E-19
4559.888  -7.355411E-19
4561.856  -1.027655E-18
4563.824  -1.789447E-18
4565.792  1.150624E-18
4567.76  1.203543E-18
4569.728  2.440196E-18
4571.696  1.783047E-18
4573.664  6.634057E-19
4575.632  -1.079286E-19
4577.6  7.199883E-21
4579.568  4.667714E-19
4581.536  -2.038312E-19
4583.504  -2.489967E-18
4585.472  -1.349952E-18
4587.44  -2.713073E-19
4589.408  -4.737324E-19
4591.376  3.318839E-19
4593.344  2.130602E-19
4595.312  -2.893085E-20
4597.28  6.544971E-19
4599.248  1.972898E-18
4601.216  9.112335E-19
4603.184  -1.550474E-19
4605.152  -5.864422E-19
4607.12  1.646875E-19
4609.088  6.998169E-19
4611.056  1.461497E-18
4613.024  1.268193E-18
4614.992  9.376131E-19
4616.96  1.959384E-18
4618.928  9.440232E-19
4620.896  2.258299E-19
4622.864  1.698992E-18
4624.832  1.369862E-18
4626.8  -9.224004E-19
4628.768  -1.495722E-18
4630.736  -1.327403E-18
4632.704  5.648289E-19
4634.672  2.811093E-18
4636.64  1.891164E-18
4638.608  8.443457E-19
4640.576  1.208010E-18
4642.544  7.244307E-19
4644.512  2.268349E-18
4646.48  2.901315E-18
4648.448  1.543600E-18
4650.416  -4.315162E-19
4652.384  -1.843077E-20
4654.352  1.545629E-18
4656.32  5.515080E-19
4658.288  -4.315616E-19
4660.256  8.662012E-21
4662.224  9.237124E-19
4664.192  1.687619E-19
4666.16  4.941912E-19
4668.128  1.611808E-18
4670.096  2.400912E-18
4672.064  1.562906E-18
4674.032  -8.619119E-19
4676.  -9.958627E-19
4677.968  -6.117710E-19
4679.936  -6.410797E-19
4681.904  -3.766333E-19
4683.872  1.056863E-18
4685.84  -1.452143E-18
4687.808  -1.592375E-18
4689.776  -7.088111E-19
4691.744  -9.519412E-19
4693.712  9.999206E-19
4695.68  -7.686940E-21
4697.648  -1.718249E-18
4699.616  -7.031774E-19
4701.584  1.011479E-18
4703.552  2.578326E-18
4705.52  9.669040E-19
4707.488  2.833901E-19
4709.456  -2.097033E-19
4711.424  -3.428474E-19
4713.392  -1.407318E-18
4715.36  7.998863E-19
4717.328  -3.318493E-19
4719.296  -2.043249E-18
4721.264  -7.436509E-19
4723.232  -1.094285E-19
4725.2  1.073319E-19
4727.168  2.166048E-19
4729.136  -1.611951E-18
4731.104  -2.646490E-18
4733.072  -1.203069E-18
4735.04  5.898797E-19
4737.008  1.200426E-19
4738.976  -1.452589E-18
4740.944  -7.747111E-19
4742.912  5.426380E-19
4744.88  -1.857340E-19
4746.848  -8.675825E-19
4748.816  -1.477023E-18
4750.784  -2.202871E-18
4752.752  -1.465529E-18
4754.72  -6.795523E-19
4756.688  1.353738E-19
4758.656  -8.557294E-19
4760.624  -1.187687E-18
4762.592  -2.184643E-18
4764.56  -1.756015E-18
4766.528  -1.643919E-19
4768.496  -1.851103E-18
4770.464  -8.120869E-19
4772.432  -5.817547E-19
4774.4  -4.985393E-19
4776.368  -1.322780E-18
4778.336  -7.866666E-20
4780.304  3.810235E-19
4782.272  3.244924E-19
4784.24  7.790970E-19
4786.208  3.044191E-19
4788.176  -1.206663E-18
4790.144  -2.350282E-18
4792.112  -1.114779E-18
4794.08  -4.538229E-19
4796.048  -1.027264E-18
4798.016  -1.374033E-18
4799.984  -1.652190E-18
4801.952  5.706917E-19
4803.92  -1.325829E-18
4805.888  -2.403348E-18
4807.856  -9.207708E-19
4809.824  1.318948E-18
4811.792  -1.497921E-19
4813.76  4.058429E-19
4815.728  9.766333E-19
4817.696  -1.090211E-18
4819.664  -2.950153E-19
4821.632  9.424913E-19
4823.6  8.799579E-19
4825.568  -6.511183E-19
4827.536  1.930272E-20
4829.504  2.868029E-19
4831.472  -1.411406E-18
4833.44  -1.517320E-18
4835.408  9.205099E-20
4837.376  -3.520854E-19
4839.344  -8.512408E-19
4841.312  -3.459152E-19
4843.28  1.398216E-18
4845.248  7.728805E-19
4847.216  -2.833871E-19
4849.184  -4.594714E-19
4851.152  -3.719725E-19
4853.12  -6.258603E-19
4855.088  -4.014568E-19
4857.056  4.979894E-19
4859.024  -5.305012E-19
4860.992  -1.489170E-18
4862.96  -2.203947E-18
4864.928  -1.249132E-18
4866.896  -1.107567E-18
4868.864  -1.723326E-18
4870.832  -5.169527E-19
4872.8  -1.043300E-18
4874.768  -4.929338E-19
4876.736  -1.180169E-18
4878.704  -8.125594E-19
4880.672  -3.925355E-19
4882.64  -1.298693E-18
4884.608  -3.203818E-19
4886.576  -1.031432E-18
4888.544  -7.647983E-19
4890.512  -1.556165E-18
4892.48  -1.630886E-18
4894.448  3.561171E-19
4896.416  4.986175E-19
4898.384  2.335216E-19
4900.352  -1.230219E-18
4902.32  -7.104493E-19
4904.288  -8.201632E-19
4906.256  -8.128728E-19
4908.224  -3.021633E-19
4910.192  1.503265E-18
4912.16  -2.330995E-18
4914.128  -5.512895E-19
4916.096  -4.659133E-19
4918.064  -8.446771E-19
4920.032  1.437509E-19
4922.  -3.200760E-19
4923.968  -8.369351E-19
4925.936  8.638592E-20
4927.904  8.135831E-19
4929.872  5.735650E-19
4931.84  -1.190377E-18
4933.808  -1.998043E-18
4935.776  -1.435998E-18
4937.744  -4.684963E-19
4939.712  -5.680095E-19
4941.68  -9.170674E-20
4943.648  -1.016787E-18
4945.616  -5.014467E-19
4947.584  -1.218538E-18
4949.552  -1.616088E-18
4951.52  -6.156905E-19
4953.488  -6.473561E-20
4955.456  -6.513048E-19
4957.424  -6.521788E-19
4959.392  -3.829434E-19
4961.36  -8.938790E-19
4963.328  -9.835778E-19
4965.296  -1.192076E-18
4967.264  -3.623407E-20
4969.232  -1.032063E-18
4971.2  -1.175593E-18
4973.168  -5.163568E-19
4975.136  -4.197655E-19
4977.104  -1.428875E-19
4979.072  8.914306E-19
4981.04  1.258269E-18
4983.008  -4.088071E-19
4984.976  -1.402753E-18
4986.944  -5.340367E-20
4988.912  8.111778E-19
4990.88  -1.163922E-18
4992.848  -1.125818E-18
4994.816  2.358260E-20
4996.784  -4.923715E-20
4998.752  -2.352427E-19
5000.72  -1.859058E-18
5002.688  -1.770959E-18
5004.656  -1.082918E-18
5006.624  -5.277712E-19
5008.592  -1.718439E-18
5010.56  -1.311701E-18
5012.528  -1.131446E-18
5014.496  -4.812084E-19
5016.464  -1.345776E-18
5018.432  -8.572665E-19
5020.4  3.583282E-19
5022.368  -1.181170E-18
5024.336  -8.082954E-20
5026.304  -9.360071E-19
5028.272  -1.446189E-18
5030.24  2.448133E-19
5032.208  -9.996249E-19
5034.176  1.107007E-18
5036.144  -7.903439E-19
5038.112  -4.730697E-19
5040.08  -4.231434E-19
5042.048  -1.325512E-19
5044.016  -9.237198E-19
5045.984  -2.385145E-18
5047.952  -6.848907E-19
5049.92  -1.328568E-18
5051.888  -1.657024E-18
5053.856  -1.602339E-18
5055.824  3.801327E-19
5057.792  2.142945E-18
5059.76  1.450319E-19
5061.728  -4.608249E-19
5063.696  -1.797857E-18
5065.664  -1.928388E-18
5067.632  1.421865E-19
5069.6  3.310403E-19
5071.568  -1.031104E-18
5073.536  1.924590E-18
5075.504  2.134204E-18
5077.472  4.698001E-21
5079.44  1.024159E-18
5081.408  2.544810E-18
5083.376  2.117363E-18
5085.344  9.042521E-19
5087.312  -3.671892E-19
5089.28  -1.128256E-18
5091.248  -8.321348E-19
5093.216  -5.147369E-19
5095.184  -5.482281E-19
5097.152  7.763078E-19
5099.12  5.526428E-19
5101.088  -9.065780E-19
5103.056  2.759167E-20
5105.024  -5.385413E-19
5106.992  -8.277448E-19
5108.96  -2.073482E-19
5110.928  9.451572E-20
5112.896  2.733213E-19
5114.864  3.484357E-20
5116.832  9.431108E-20
5118.8  6.010829E-19
5120.768  1.246960E-18
5122.736  -2.371270E-19
5124.704  -3.286733E-19
5126.672  2.570795E-19
5128.64  1.994471E-18
5130.608  8.227132E-19
5132.576  5.287120E-20
5134.544  -1.195480E-19
5136.512  7.837756E-19
5138.48  1.027941E-18
5140.448  -4.072934E-19
5142.416  -6.169337E-19
5144.384  7.490960E-19
5146.352  3.607626E-20
5148.32  -6.127286E-19
5150.288  -7.468907E-19
5152.256  -1.062425E-18
5154.224  5.219643E-19
5156.192  1.271922E-19
5158.16  -6.658759E-19
5160.128  3.157690E-19
5162.096  -2.684740E-18
5164.064  -9.992461E-19
5166.032  -7.119054E-20
5168.  -1.543067E-18
5169.968  -1.603510E-18
5171.936  -1.378912E-18
5173.904  7.389370E-19
5175.872  5.109348E-19
5177.84  -1.684461E-18
5179.808  -2.688083E-18
5181.776  5.174650E-19
5183.744  5.302792E-20
5185.712  -1.645753E-18
5187.68  -7.390587E-21
5189.648  -2.533296E-19
5191.616  -8.088858E-19
5193.584  4.645618E-19
5195.552  -1.638512E-19
5197.52  -1.188722E-18
5199.488  -1.080273E-18
5201.456  -3.048402E-19
5203.424  1.159748E-18
5205.392  -2.021388E-20
5207.36  1.414198E-18
5209.328  3.863560E-20
5211.296  3.916057E-20
5213.264  1.737643E-18
5215.232  1.104055E-19
5217.2  -1.377352E-18
5219.168  -1.753694E-18
5221.136  -2.706503E-18
5223.104  -2.374102E-18
5225.072  -7.370116E-19
5227.04  -1.128169E-18
5229.008  -4.433312E-19
5230.976  8.040873E-20
5232.944  -1.732234E-18
5234.912  -1.269804E-18
5236.88  -1.482865E-19
5238.848  -7.277962E-20
5240.816  -4.295983E-19
5242.784  -2.205452E-19
5244.752  -8.942575E-20
5246.72  1.408330E-20
5248.688  -3.982602E-19
5250.656  -1.037450E-18
5252.624  6.706821E-19
5254.592  2.035568E-18
5256.56  3.448558E-19
5258.528  -3.971705E-19
5260.496  -2.716168E-19
5262.464  1.942458E-19
5264.432  -5.745318E-19
5266.4  -4.231683E-19
5268.368  -5.873954E-19
5270.336  2.144237E-18
5272.304  1.168120E-18
5274.272  -9.699525E-19
5276.24  -7.481210E-20
5278.208  3.031430E-19
5280.176  -3.035840E-19
5282.144  -2.540784E-19
5284.112  -1.791267E-18
5286.08  -5.577644E-19
5288.048  -2.888079E-19
5290.016  -2.905616E-19
5291.984  -1.237638E-18
5293.952  1.255458E-18
5295.92  1.035737E-18
5297.888  -1.210306E-18
5299.856  -1.031184E-18
5301.824  -5.107417E-19
5303.792  -1.333799E-18
5305.76  -1.565506E-18
5307.728  -9.914062E-19
5309.696  -1.002579E-18
5311.664  -2.978060E-18
5313.632  -2.368875E-18
5315.6  -9.923548E-19
5317.568  -7.316970E-19
5319.536  1.153496E-18
5321.504  1.163931E-18
5323.472  2.694792E-19
5325.44  1.002397E-19
5327.408  2.541262E-19
5329.376  5.621773E-19
5331.344  -4.540705E-19
5333.312  7.870730E-20
5335.28  6.434232E-19
5337.248  -4.517658E-20
5339.216  -5.908811E-19
5341.184  -2.890249E-19
5343.152  -3.634068E-19
5345.12  3.715942E-21
5347.088  5.805844E-19
5349.056  -1.075469E-18
5351.024  -2.352581E-18
5352.992  -5.690382E-19
5354.96  5.043729E-19
5356.928  -4.738903E-19
5358.896  -1.339676E-18
5360.864  -7.275623E-19
5362.832  4.864829E-19
5364.8  1.148338E-18
5366.768  -1.302460E-20
5368.736  -2.547153E-18
5370.704  -1.001006E-18
5372.672  -6.049147E-19
5374.64  -2.275267E-18
5376.608  -1.135193E-18
5378.576  -2.002800E-19
5380.544  4.793104E-20
5382.512  6.414019E-19
5384.48  2.404133E-18
5386.448  3.193137E-19
5388.416  -1.184338E-18
5390.384  1.285712E-18
5392.352  -1.065654E-19
5394.32  1.155330E-18
5396.288  1.553007E-18
5398.256  3.092295E-20
5400.224  -7.597701E-20
5402.192  1.778751E-18
5404.16  -2.361070E-21
5406.128  -2.796528E-19
5408.096  9.375870E-20
5410.064  -1.260304E-18
5412.032  -6.820250E-19
5414.  6.617346E-19
5415.968  1.296805E-18
5417.936  1.656595E-18
5419.904  -1.985967E-19
5421.872  -7.613873E-19
5423.84  -1.361198E-19
5425.808  -2.186240E-18
5427.776  -2.055434E-18
5429.744  -9.135361E-19
5431.712  -1.400423E-18
5433.68  7.773554E-19
5435.648  4.832817E-19
5437.616  -9.003956E-19
5439.584  -4.212717E-19
5441.552  -1.509767E-18
5443.52  -1.642536E-18
5445.488  4.516673E-19
5447.456  3.325590E-19
5449.424  2.149108E-18
5451.392  1.279946E-18
5453.36  -1.806879E-18
5455.328  -6.427626E-20
5457.296  8.931414E-19
5459.264  -8.494991E-19
5461.232  -1.639072E-18
5463.2  -8.387692E-19
5465.168  6.235812E-19
5467.136  5.689787E-19
5469.104  1.072292E-18
5471.072  -4.159808E-19
5473.04  -1.319934E-18
5475.008  1.232484E-19
5476.976  1.456818E-18
5478.944  2.719651E-18
5480.912  9.278264E-19
5482.88  -2.774163E-19
5484.848  -6.765853E-19
5486.816  -2.400714E-20
5488.784  1.136138E-18
5490.752  5.723143E-19
5492.72  2.167859E-18
5494.688  9.572016E-19
5496.656  -2.744948E-19
5498.624  -6.130334E-19
5500.592  4.362039E-19
5502.56  -1.059124E-18
5504.528  -1.619140E-18
5506.496  1.548875E-18
5508.464  1.662981E-18
5510.432  4.102761E-20
5512.4  -2.678267E-19
5514.368  1.320043E-19
5516.336  8.278231E-19
5518.304  2.438337E-18
5520.272  9.910904E-19
5522.24  -1.331626E-18
5524.208  -2.029296E-19
5526.176  -2.479557E-19
5528.144  2.866906E-18
5530.112  2.152469E-18
5532.08  -6.944429E-19
5534.048  9.896892E-19
5536.016  3.985344E-19
5537.984  3.113896E-19
5539.952  -1.314804E-18
5541.92  4.284679E-19
5543.888  1.449525E-18
5545.856  1.573630E-18
5547.824  1.613668E-18
5549.792  6.388806E-19
5551.76  7.427030E-19
5553.728  -1.645122E-18
5555.696  -1.219452E-18
5557.664  8.603110E-19
5559.632  1.116917E-18
5561.6  -3.479845E-19
5563.568  2.349333E-18
5565.536  -2.886088E-19
5567.504  -1.871691E-18
5569.472  -5.643336E-19
5571.44  -8.132705E-19
5573.408  -2.577926E-18
5575.376  -1.979766E-18
5577.344  -6.000888E-20
5579.312  -4.565118E-19
5581.28  3.960486E-19
5583.248  1.397736E-18
5585.216  4.711672E-19
5587.184  -7.121294E-19
5589.152  8.589233E-19
5591.12  2.993523E-18
5593.088  1.867040E-18
5595.056  1.316632E-18
5597.024  1.852639E-18
5598.992  2.425661E-18
5600.96  9.243222E-19
5602.928  -1.474469E-19
5604.896  2.503682E-18
5606.864  3.441429E-18
5608.832  2.225579E-18
5610.8  1.123733E-18
5612.768  3.001540E-19
5614.736  -5.847638E-19
5616.704  -6.574894E-20
5618.672  7.686443E-19
5620.64  2.169447E-18
5622.608  2.987709E-18
5624.576  -5.897694E-19
5626.544  1.345541E-19
5628.512  2.152290E-18
5630.48  -1.437473E-18
5632.448  -1.246895E-18
5634.416  -4.465950E-19
5636.384  9.074821E-19
5638.352  8.181624E-19
5640.32  3.342926E-18
5642.288  3.749383E-18
5644.256  6.694118E-19
5646.224  2.418993E-18
5648.192  9.158913E-20
5650.16  -7.856524E-19
5652.128  3.028859E-18
5654.096  3.353521E-18
5656.064  -1.702852E-18
5658.032  5.790660E-19
5660.  1.512231E-18
5661.968  1.856306E-18
5663.936  2.838013E-18
5665.904  -7.061534E-20
5667.872  -5.214745E-19
5669.84  4.416103E-18
5671.808  4.551980E-18
5673.776  -1.547691E-18
5675.744  -9.272774E-19
5677.712  -2.515919E-18
5679.68  -1.825096E-18
5681.648  -2.280278E-19
5683.616  2.403450E-18
5685.584  4.212413E-18
5687.552  -1.089636E-18
5689.52  -1.434696E-18
5691.488  3.899819E-18
5693.456  6.791974E-18
5695.424  -2.400615E-18
5697.392  -2.924087E-18
5699.36  1.372467E-18
5701.328  2.000978E-19
5703.296  1.362756E-18
5705.264  5.795824E-18
5707.232  7.227639E-18
5709.2  -2.226122E-19
5711.168  -1.842686E-18
5713.136  -3.197847E-18
5715.104  3.541001E-18
5717.072  -1.154506E-18
5719.04  4.667803E-18
5721.008  -2.496900E-18
5722.976  -4.111423E-18
5724.944  4.611273E-18
5726.912  7.462268E-18
5728.88  4.312498E-18
5730.848  2.039094E-18
5732.816  6.771379E-18
5734.784  5.196683E-18
5736.752  1.890843E-18
5738.72  2.417039E-19
5740.688  -1.135296E-18
5742.656  2.456717E-19
5744.624  1.296880E-18
5746.592  4.571729E-19
5748.56  9.115597E-19
5750.528  8.607608E-19
5752.496  -1.549960E-18
5754.464  -7.196661E-19
5756.432  9.196000E-20
5758.4  1.126872E-18
5760.368  -2.155894E-19
5762.336  -5.136758E-20
5764.304  5.666767E-19
5766.272  -2.556290E-20
5768.24  -6.666510E-19
5770.208  2.212244E-19
5772.176  6.693836E-19
5774.144  6.494363E-19
5776.112  4.185516E-19
5778.08  -2.287985E-19
5780.048  -9.540912E-19
5782.016  -5.671853E-19
5783.984  1.518435E-18
5785.952  2.619812E-18
5787.92  1.338997E-18
5789.888  1.922902E-19
5791.856  -9.540222E-20
5793.824  -5.373126E-19
5795.792  -1.352993E-18
5797.76  -7.649672E-19
5799.728  -3.021782E-19
5801.696  8.591411E-19
5803.664  4.470273E-19
5805.632  1.378613E-19
5807.6  -1.403394E-18
5809.568  -1.528928E-18
5811.536  -8.206479E-19
5813.504  -8.107855E-19
5815.472  -6.275778E-19
5817.44  -7.253915E-19
5819.408  -3.145366E-19
5821.376  -2.720582E-20
5823.344  -5.425400E-19
5825.312  -1.132493E-18
5827.28  -9.858158E-19
5829.248  -4.241745E-19
5831.216  -5.548450E-19
5833.184  7.718446E-19
5835.152  1.697084E-18
5837.12  1.468309E-19
5839.088  8.888007E-20
5841.056  5.764049E-19
5843.024  -4.931880E-19
5844.992  -8.808967E-19
5846.96  -5.958658E-19
5848.928  -1.303284E-18
5850.896  -7.669847E-19
5852.864  1.271892E-18
5854.832  1.233400E-18
5856.8  7.276029E-19
5858.768  8.034980E-19
5860.736  -3.417439E-20
5862.704  -1.572645E-18
5864.672  -2.144374E-18
5866.64  -1.413213E-18
5868.608  2.702008E-19
5870.576  8.474949E-19
5872.544  1.122262E-18
5874.512  -5.415111E-20
5876.48  -1.049580E-18
5878.448  -1.576139E-19
5880.416  4.270677E-19
5882.384  -2.861562E-19
5884.352  1.832537E-18
5886.32  1.050509E-18
5888.288  -2.277711E-18
5890.256  -2.062289E-18
5892.224  -1.219668E-18
5894.192  -6.507905E-19
5896.16  3.754822E-19
5898.128  -2.823408E-19
5900.096  -1.432873E-18
5902.064  -6.637317E-19
5904.032  7.959675E-20
5906.  -1.246708E-18
5907.968  4.089326E-19
5909.936  2.021144E-18
5911.904  7.797159E-20
5913.872  8.533371E-19
5915.84  1.354091E-18
5917.808  5.966012E-19
5919.776  8.603024E-19
5921.744  6.359810E-19
5923.712  6.949155E-19
5925.68  -1.522409E-19
5927.648  -9.254288E-19
5929.616  -1.896908E-19
5931.584  -1.238522E-19
5933.552  -7.754399E-19
5935.52  -7.138493E-19
5937.488  1.001774E-18
5939.456  1.753286E-18
5941.424  1.314368E-18
5943.392  8.368056E-19
5945.36  -7.525897E-19
5947.328  -1.452764E-18
5949.296  9.030421E-21
5951.264  1.210970E-18
5953.232  4.946967E-19
5955.2  4.469715E-19
5957.168  1.111861E-18
5959.136  4.763590E-19
5961.104  6.025823E-19
5963.072  9.678343E-19
5965.04  6.495605E-19
5967.008  8.446966E-19
5968.976  1.648181E-19
5970.944  -3.743913E-19
5972.912  -1.022086E-18
5974.88  -7.460237E-19
5976.848  1.642810E-18
5978.816  2.115265E-18
5980.784  9.706683E-19
5982.752  4.786226E-19
5984.72  1.125695E-18
5986.688  1.505812E-18
5988.656  1.756740E-18
5990.624  1.399881E-18
5992.592  1.149360E-18
5994.56  1.247510E-18
5996.528  2.487005E-19
5998.496  -5.281637E-19
6000.464  1.621220E-18
6002.432  2.247241E-18
6004.4  1.593463E-18
6006.368  9.058129E-19
6008.336  6.776434E-19
6010.304  1.215758E-18
6012.272  1.503900E-18
6014.24  2.457258E-19
6016.208  1.622101E-18
6018.176  2.609819E-18
6020.144  -3.458782E-19
6022.112  -6.551571E-19
6024.08  -1.483112E-18
6026.048  -1.182920E-18
6028.016  -4.187542E-20
6029.984  2.451969E-19
6031.952  4.844772E-19
6033.92  1.046336E-18
6035.888  5.116843E-19
6037.856  3.478272E-19
6039.824  1.865867E-18
6041.792  1.296379E-18
6043.76  -7.849359E-20
6045.728  -4.765229E-19
6047.696  -1.940084E-19
6049.664  -2.101279E-19
6051.632  -6.986819E-20
6053.6  7.872184E-19
6055.568  1.731004E-18
6057.536  2.127445E-18
6059.504  1.479800E-18
6061.472  2.065619E-20
6063.44  -5.544681E-19
6065.408  5.807111E-19
6067.376  1.241026E-18
6069.344  9.992413E-19
6071.312  7.698453E-19
6073.28  7.750342E-19
6075.248  7.811488E-19
6077.216  1.028535E-18
6079.184  9.783516E-19
6081.152  4.743915E-19
6083.12  1.110359E-18
6085.088  1.539925E-18
6087.056  3.149521E-19
6089.024  -5.650089E-19
6090.992  -9.989817E-19
6092.96  -4.776776E-19
6094.928  1.577465E-19
6096.896  4.809308E-19
6098.864  6.162306E-19
6100.832  -5.590897E-19
6102.8  -8.110073E-19
6104.768  -2.745013E-20
6106.736  6.104096E-19
6108.704  -1.966406E-20
6110.672  -6.838808E-19
6112.64  -1.640110E-19
6114.608  3.888287E-19
6116.576  1.048714E-18
6118.544  1.916289E-18
6120.512  1.384153E-18
6122.48  -1.374267E-19
6124.448  -8.051560E-19
6126.416  4.107197E-19
6128.384  1.269573E-18
6130.352  6.234082E-19
6132.32  3.672554E-19
6134.288  9.173105E-19
6136.256  5.000220E-19
6138.224  -6.142503E-19
6140.192  -1.218286E-19
6142.16  1.003939E-18
6144.128  5.520917E-19
6146.096  -1.654254E-19
6148.064  -6.965545E-19
6150.032  -8.917338E-19
6152.  -5.151539E-19
6153.968  8.167596E-19
6155.936  2.271478E-19
6157.904  -6.702817E-19
6159.872  -1.067817E-18
6161.84  -1.002495E-18
6163.808  -1.289016E-18
6165.776  -1.038351E-18
6167.744  -3.619459E-19
6169.712  2.600250E-19
6171.68  4.625454E-20
6173.648  9.600559E-20
6175.616  2.049258E-19
6177.584  4.700403E-19
6179.552  4.175089E-19
6181.52  1.074529E-18
6183.488  1.579466E-18
6185.456  1.466229E-18
6187.424  -2.703801E-19
6189.392  -6.925041E-19
6191.36  4.703109E-19
6193.328  5.837785E-19
6195.296  -2.797901E-19
6197.264  -8.818615E-19
6199.232  -3.351532E-19
6201.2  9.878223E-19
6203.168  1.039986E-18
6205.136  4.954958E-20
6207.104  2.120600E-19
6209.072  7.042500E-19
6211.04  5.904452E-19
6213.008  9.742112E-19
6214.976  9.044543E-19
6216.944  2.586278E-19
6218.912  9.536205E-20
6220.88  3.631482E-19
6222.848  1.536661E-18
6224.816  1.538674E-18
6226.784  -5.316207E-19
6228.752  -4.594306E-19
6230.72  -2.767561E-19
6232.688  -1.254364E-18
6234.656  -1.001265E-18
6236.624  1.378364E-18
6238.592  1.165549E-18
6240.56  1.731536E-19
6242.528  -7.622615E-19
6244.496  2.662713E-19
6246.464  7.146746E-19
6248.432  8.736004E-19
6250.4  1.160055E-18
6252.368  1.493924E-19
6254.336  -9.951379E-19
6256.304  -6.843565E-19
6258.272  -2.018948E-19
6260.24  -4.603927E-19
6262.208  -6.678245E-19
6264.176  -7.926559E-19
6266.144  1.227824E-19
6268.112  2.155979E-18
6270.08  1.345112E-18
6272.048  -1.234563E-19
6274.016  7.223016E-19
6275.984  8.081738E-19
6277.952  1.144976E-18
6279.92  1.446851E-18
6281.888  1.076194E-18
6283.856  -2.260742E-19
6285.824  -1.158689E-18
6287.792  1.097069E-19
6289.76  -1.975922E-19
6291.728  -9.503524E-20
6293.696  6.272279E-19
6295.664  7.835944E-19
6297.632  1.218933E-18
6299.6  2.860880E-18
6301.568  1.099519E-18
6303.536  -3.343871E-19
6305.504  9.166502E-19
6307.472  -3.546381E-19
6309.44  3.113628E-19
6311.408  1.383549E-18
6313.376  1.160102E-18
6315.344  1.018494E-18
6317.312  1.918756E-18
6319.28  1.735947E-18
6321.248  9.067965E-19
6323.216  1.888959E-18
6325.184  2.345582E-18
6327.152  1.535308E-18
6329.12  1.801798E-18
6331.088  1.886153E-18
6333.056  1.717768E-18
6335.024  1.724966E-18
6336.992  2.177364E-18
6338.96  2.319615E-18
6340.928  2.125338E-18
6342.896  2.814348E-18
6344.864  4.120499E-18
6346.832  4.916619E-18
6348.8  3.888964E-18
6350.768  2.933393E-18
6352.736  2.766155E-18
6354.704  3.584942E-18
6356.672  4.626621E-18
6358.64  4.813919E-18
6360.608  4.238582E-18
6362.576  3.580679E-18
6364.544  3.959145E-18
6366.512  4.244286E-18
6368.48  4.756344E-18
6370.448  4.468963E-18
6372.416  4.395810E-18
6374.384  4.222584E-18
6376.352  4.529542E-18
6378.32  5.489067E-18
6380.288  6.057984E-18
6382.256  6.343666E-18
6384.224  6.510692E-18
6386.192  5.942749E-18
6388.16  5.593624E-18
6390.128  6.419964E-18
6392.096  7.168589E-18
6394.064  7.030080E-18
6396.032  6.845845E-18
6398.  6.892559E-18
6399.968  8.103281E-18
6401.936  8.430496E-18
6403.904  7.693527E-18
6405.872  7.972777E-18
6407.84  8.546969E-18
6409.808  8.188531E-18
6411.776  8.103953E-18
6413.744  9.409063E-18
6415.712  9.136614E-18
6417.68  8.680414E-18
6419.648  8.141687E-18
6421.616  7.361742E-18
6423.584  7.174190E-18
6425.552  6.604071E-18
6427.52  7.489213E-18
6429.488  7.951082E-18
6431.456  7.095863E-18
6433.424  6.991582E-18
6435.392  6.898036E-18
6437.36  6.079296E-18
6439.328  4.953682E-18
6441.296  5.514515E-18
6443.264  5.479206E-18
6445.232  4.567592E-18
6447.2  4.527711E-18
6449.168  4.328290E-18
6451.136  4.738623E-18
6453.104  5.411851E-18
6455.072  5.144424E-18
6457.04  4.728486E-18
6459.008  4.737262E-18
6460.976  4.864603E-18
6462.944  4.740702E-18
6464.912  4.058015E-18
6466.88  3.147547E-18
6468.848  3.210100E-18
6470.816  3.644605E-18
6472.784  3.522040E-18
6474.752  3.673859E-18
6476.72  4.110959E-18
6478.688  4.081559E-18
6480.656  3.761022E-18
6482.624  4.074536E-18
6484.592  4.363281E-18
6486.56  3.887444E-18
6488.528  3.264084E-18
6490.496  3.140675E-18
6492.464  3.209658E-18
6494.432  3.264594E-18
6496.4  2.745649E-18
6498.368  3.276125E-18
6500.336  2.651069E-18
6502.304  1.597809E-18
6504.272  1.731092E-18
6506.24  1.665033E-18
6508.208  1.445002E-18
6510.176  1.567424E-18
6512.144  1.218843E-18
6514.112  1.075350E-18
6516.08  1.009793E-18
6518.048  1.774704E-18
6520.016  1.626699E-18
6521.984  2.454132E-18
6523.952  1.291155E-18
6525.92  8.021707E-19
6527.888  1.170339E-18
6529.856  1.853506E-18
6531.824  6.840953E-19
6533.792  4.467381E-19
6535.76  6.719349E-19
6537.728  7.932258E-19
6539.696  3.756296E-19
6541.664  -5.889961E-20
6543.632  9.026532E-19
6545.6  1.445084E-18
6547.568  5.233233E-19
6549.536  3.856456E-19
6551.504  -1.209471E-19
6553.472  4.070664E-19
6555.44  1.476137E-18
6557.408  5.381399E-19
6559.376  8.506579E-19
6561.344  1.326984E-18
6563.312  5.922158E-19
6565.28  7.320198E-19
6567.248  6.833258E-19
6569.216  4.228301E-19
6571.184  2.932599E-19
6573.152  7.864548E-21
6575.12  2.989374E-19
6577.088  -2.895313E-19
6579.056  -8.314829E-19
6581.024  4.523875E-19
6582.992  1.202455E-18
6584.96  3.022811E-19
6586.928  -2.162937E-19
6588.896  3.684651E-19
6590.864  1.110229E-18
6592.832  1.470545E-18
6594.8  1.290880E-18
6596.768  9.685880E-19
6598.736  1.217204E-18
6600.704  1.367182E-18
6602.672  1.027808E-18
6604.64  1.288738E-18
6606.608  7.768602E-19
6608.576  1.381444E-19
6610.544  4.745824E-20
6612.512  1.365377E-19
6614.48  4.838908E-19
6616.448  9.636449E-20
6618.416  6.483689E-20
6620.384  8.371877E-19
6622.352  5.805434E-19
6624.32  -5.333120E-21
6626.288  -3.722851E-19
6628.256  -5.154964E-19
6630.224  -6.393957E-19
6632.192  -4.985617E-19
6634.16  4.799087E-19
6636.128  5.605381E-19
6638.096  3.987374E-19
6640.064  1.131086E-18
6642.032  7.031342E-19
6644.  1.956001E-19
6645.968  5.858160E-19
6647.936  5.238095E-19
6649.904  4.437016E-20
6651.872  -7.248493E-19
6653.84  6.684339E-19
6655.808  1.747177E-18
6657.776  3.448347E-19
6659.744  5.063874E-19
6661.712  7.070894E-19
6663.68  2.828051E-19
6665.648  5.370714E-19
6667.616  -4.156804E-19
6669.584  -5.787547E-19
6671.552  -1.531154E-18
6673.52  -1.628860E-18
6675.488  -5.423241E-19
6677.456  -3.293955E-20
6679.424  -1.585197E-18
6681.392  -1.989607E-18
6683.36  -8.169676E-19
6685.328  9.559767E-19
6687.296  7.776473E-19
6689.264  2.082473E-19
6691.232  -4.183701E-19
6693.2  -2.631060E-19
6695.168  -2.810928E-19
6697.136  -7.573702E-19
6699.104  -1.045053E-18
6701.072  -1.367464E-18
6703.04  -1.585449E-18
6705.008  -5.857109E-19
6706.976  4.499373E-19
6708.944  6.997884E-20
6710.912  -3.952263E-19
6712.88  -4.740507E-19
6714.848  7.860955E-20
6716.816  5.046643E-19
6718.784  -1.131082E-20
6720.752  -3.536823E-19
6722.72  -7.409554E-19
6724.688  -1.038436E-18
6726.656  -6.369940E-19
6728.624  -3.631291E-19
6730.592  -8.069680E-19
6732.56  -5.204574E-19
6734.528  -2.477792E-19
6736.496  6.745183E-21
6738.464  4.403081E-19
6740.432  5.986026E-19
6742.4  2.791555E-19
6744.368  1.074520E-18
6746.336  6.768762E-19
6748.304  -3.086209E-19
6750.272  1.433729E-19
6752.24  7.134651E-19
6754.208  1.068106E-18
6756.176  1.462552E-18
6758.144  1.232841E-18
6760.112  1.261071E-18
6762.08  1.626384E-19
6764.048  -1.124000E-19
6766.016  2.763956E-19
6767.984  2.871988E-19
6769.952  -2.522518E-19
6771.92  -5.458441E-19
6773.888  6.240291E-20
6775.856  1.052524E-18
6777.824  -9.016844E-20
6779.792  -5.116117E-19
6781.76  5.514696E-19
6783.728  4.566073E-19
6785.696  2.710293E-19
6787.664  -5.427708E-19
6789.632  -4.255348E-19
6791.6  1.333352E-18
6793.568  1.216072E-18
6795.536  1.764135E-18
6797.504  1.551560E-18
6799.472  1.327650E-18
6801.44  1.304952E-18
6803.408  8.128401E-19
6805.376  3.159838E-19
6807.344  -4.479384E-20
6809.312  2.598305E-19
6811.28  1.101341E-18
6813.248  2.542272E-19
6815.216  1.230443E-19
6817.184  8.479812E-20
6819.152  8.008135E-20
6821.12  -1.827129E-19
6823.088  -1.289415E-18
6825.056  -4.732863E-19
6827.024  1.614386E-18
6828.992  1.093670E-18
6830.96  6.947990E-19
6832.928  1.101660E-18
6834.896  -2.745754E-19
6836.864  -1.520942E-19
6838.832  9.567596E-19
6840.8  7.521434E-19
6842.768  6.167714E-19
6844.736  1.714899E-18
6846.704  1.961428E-18
6848.672  2.330143E-19
6850.64  -6.269911E-19
6852.608  -4.810787E-19
6854.576  -3.048818E-19
6856.544  -7.527251E-19
6858.512  3.890875E-19
6860.48  2.304616E-18
6862.448  1.318243E-19
6864.416  -2.214187E-18
6866.384  -7.866267E-19
6868.352  9.378742E-21
6870.32  8.284893E-21
6872.288  -5.916888E-19
6874.256  -3.228630E-19
6876.224  -1.902894E-18
6878.192  -1.165227E-18
6880.16  4.689149E-19
6882.128  7.639453E-19
6884.096  -5.596620E-19
6886.064  -1.719544E-19
6888.032  -2.046211E-18
6890.  1.466159E-19
6891.968  1.677156E-19
6893.936  -1.539157E-18
6895.904  -1.572255E-18
6897.872  1.633712E-20
6899.84  1.495774E-18
6901.808  -3.026637E-19
6903.776  -2.323209E-19
6905.744  5.769915E-19
6907.712  2.003251E-18
6909.68  6.683329E-19
6911.648  -1.332819E-19
6913.616  4.980008E-19
6915.584  8.492652E-19
6917.552  1.487845E-18
6919.52  4.761526E-19
6921.488  -1.295739E-18
6923.456  -1.526245E-19
6925.424  2.437460E-19
6927.392  -1.064968E-18
6929.36  -5.731254E-19
6931.328  4.853806E-19
6933.296  1.123959E-18
6935.264  1.506171E-18
6937.232  1.752773E-18
6939.2  -9.778135E-19
6941.168  -1.863604E-18
6943.136  -6.259883E-19
6945.104  -2.074460E-18
6947.072  -4.637204E-20
6949.04  -1.340607E-19
6951.008  -1.287857E-18
6952.976  9.730349E-19
6954.944  -2.953391E-19
6956.912  -1.921812E-18
6958.88  -1.141181E-18
6960.848  5.108497E-19
6962.816  1.027067E-18
6964.784  -1.094460E-18
6966.752  -1.547698E-18
6968.72  2.707560E-19
6970.688  4.562129E-19
6972.656  2.458373E-20
6974.624  -1.223204E-18
6976.592  -5.309872E-19
6978.56  1.489924E-18
6980.528  3.232611E-19
6982.496  3.992459E-19
6984.464  1.472623E-18
6986.432  7.361065E-19
6988.4  9.226323E-19
6990.368  9.352151E-19
6992.336  3.405769E-19
6994.304  2.566896E-19
6996.272  1.265911E-18
6998.24  1.098797E-18
7000.208  -3.046952E-19
7002.176  -1.612836E-18
7004.144  -1.684410E-18
7006.112  -1.025572E-18
7008.08  2.525000E-20
7010.048  -1.083595E-18
7012.016  -7.413264E-19
7013.984  1.153137E-18
7015.952  1.080982E-18
7017.92  -3.642650E-19
7019.888  -4.751138E-19
7021.856  -1.367617E-19
7023.824  3.656898E-19
7025.792  -6.478540E-19
7027.76  -1.006140E-18
7029.728  4.680762E-19
7031.696  7.791382E-19
7033.664  2.338233E-19
7035.632  -7.545335E-19
7037.6  -2.653654E-19
7039.568  1.999793E-19
7041.536  -3.537993E-19
7043.504  -2.653766E-19
7045.472  6.116932E-19
7047.44  1.111728E-18
7049.408  2.787578E-19
7051.376  4.833509E-19
7053.344  1.072812E-18
7055.312  -3.049193E-19
7057.28  -1.577478E-18
7059.248  -6.751944E-19
7061.216  7.903469E-19
7063.184  5.808916E-19
7065.152  2.579077E-19
7067.12  3.360970E-19
7069.088  5.843577E-19
7071.056  1.041098E-18
7073.024  2.386180E-19
7074.992  -1.105760E-19
7076.96  2.116234E-19
7078.928  4.614342E-19
7080.896  3.385599E-19
7082.864  -7.006395E-19
7084.832  -1.506785E-19
7086.8  9.429854E-19
7088.768  8.121681E-19
7090.736  4.140423E-19
7092.704  -7.862886E-21
7094.672  1.361936E-19
7096.64  1.016283E-18
7098.608  1.020903E-18
7100.576  2.906759E-19
7102.544  2.311969E-19
7104.512  -6.574919E-19
7106.48  -1.015747E-18
7108.448  -5.222307E-19
7110.416  -4.579211E-19
7112.384  -6.744131E-19
7114.352  -8.374221E-19
7116.32  -3.702570E-20
7118.288  2.506763E-19
7120.256  -6.972583E-20
7122.224  8.656769E-19
7124.192  1.743237E-18
7126.16  1.332616E-18
7128.128  6.133076E-20
7130.096  -6.959648E-19
7132.064  4.209802E-19
7134.032  4.072192E-19
7136.  -7.265575E-19
7137.968  -6.507581E-19
7139.936  -2.637825E-19
7141.904  -6.609495E-19
7143.872  -6.160097E-19
7145.84  -4.162203E-19
7147.808  5.213042E-19
7149.776  8.276972E-19
7151.744  -2.098979E-19
7153.712  3.136236E-20
7155.68  -1.917436E-19
7157.648  -1.014103E-18
7159.616  3.896300E-19
7161.584  4.496308E-19
7163.552  5.053145E-20
7165.52  1.261605E-18
7167.488  1.947116E-18
7169.456  2.066525E-19
7171.424  -4.840472E-19
7173.392  -1.914213E-20
7175.36  2.553884E-19
7177.328  5.363890E-19
7179.296  9.246946E-19
7181.264  8.447914E-19
7183.232  1.039091E-20
7185.2  -6.540425E-19
7187.168  1.792440E-20
7189.136  3.152714E-19
7191.104  -7.087763E-19
7193.072  -3.569569E-19
7195.04  4.761259E-19
7197.008  5.229063E-19
7198.976  3.237416E-19
7200.944  -7.766315E-20
7202.912  -1.915115E-19
7204.88  -4.524206E-19
7206.848  -7.863054E-19
7208.816  -4.520439E-19
7210.784  4.737130E-19
7212.752  4.055812E-19
7214.72  -5.492428E-19
7216.688  -1.109589E-19
7218.656  5.156263E-19
7220.624  1.817370E-19
7222.592  3.443792E-19
7224.56  3.110990E-20
7226.528  -4.617884E-19
7228.496  -5.317197E-19
7230.464  -4.295001E-19
7232.432  -4.603377E-19
7234.4  -1.737781E-18
7236.368  -1.963011E-18
7238.336  -1.225123E-19
7240.304  -2.988453E-19
7242.272  -1.274946E-18
7244.24  -1.707424E-18
7246.208  3.033252E-19
7248.176  2.044359E-18
7250.144  1.691547E-18
7252.112  1.270026E-18
7254.08  9.053645E-19
7256.048  -6.324560E-19
7258.016  7.544950E-19
7259.984  1.771882E-18
7261.952  3.642190E-19
7263.92  3.764385E-19
7265.888  7.214166E-19
7267.856  8.736239E-19
7269.824  1.327676E-18
7271.792  3.874709E-19
7273.76  1.684476E-18
7275.728  1.934811E-18
7277.696  1.356454E-18
7279.664  1.992998E-18
7281.632  1.660281E-18
7283.6  -2.384834E-19
7285.568  -1.200880E-18
7287.536  -1.155537E-18
7289.504  -3.012150E-19
7291.472  4.305045E-19
7293.44  8.266080E-19
7295.408  9.215484E-19
7297.376  4.167218E-19
7299.344  5.018955E-19
7301.312  9.014826E-19
7303.28  1.296388E-18
7305.248  1.305220E-18
7307.216  1.965008E-19
7309.184  -1.008382E-19
7311.152  -8.911355E-21
7313.12  -4.385348E-19
7315.088  4.462103E-19
7317.056  1.708460E-18
7319.024  1.397708E-18
7320.992  1.437685E-18
7322.96  2.196509E-18
7324.928  1.738843E-18
7326.896  1.142333E-18
7328.864  1.204342E-18
7330.832  6.444158E-19
7332.8  7.269797E-19
7334.768  1.516792E-18
7336.736  9.770834E-19
7338.704  2.598270E-20
7340.672  -8.784097E-19
7342.64  -1.265732E-18
7344.608  -5.488314E-19
7346.576  -1.640178E-19
7348.544  6.186615E-19
7350.512  9.770663E-19
7352.48  1.503750E-18
7354.448  8.929627E-19
7356.416  7.172630E-19
7358.384  2.099268E-18
7360.352  2.591180E-18
7362.32  1.803243E-18
7364.288  4.600155E-19
7366.256  -6.752016E-19
7368.224  5.515626E-19
7370.192  3.266516E-18
7372.16  3.546049E-18
7374.128  1.798907E-18
7376.096  1.495650E-18
7378.064  1.969057E-18
7380.032  1.821204E-18
7382.  2.061348E-18
7383.968  2.551737E-18
7385.936  2.756983E-18
7387.904  2.318977E-18
7389.872  2.428968E-18
7391.84  6.055534E-19
7393.808  1.387560E-18
7395.776  2.733280E-18
7397.744  2.848728E-18
7399.712  1.140102E-18
7401.68  2.076840E-18
7403.648  3.537291E-18
7405.616  3.452244E-18
7407.584  3.442161E-18
7409.552  3.267702E-18
7411.52  2.740535E-18
7413.488  2.800827E-18
7415.456  3.161927E-18
7417.424  3.712959E-18
7419.392  3.547745E-18
7421.36  3.328782E-18
7423.328  2.938110E-18
7425.296  2.415461E-18
7427.264  1.562794E-18
7429.232  3.438571E-18
7431.2  4.678162E-18
7433.168  3.688300E-18
7435.136  3.194958E-18
7437.104  2.817768E-18
7439.072  2.501618E-18
7441.04  2.613782E-18
7443.008  2.436675E-18
7444.976  2.203113E-18
7446.944  2.929459E-18
7448.912  3.153839E-18
7450.88  3.130642E-18
7452.848  3.155631E-18
7454.816  2.751349E-18
7456.784  2.875346E-18
7458.752  2.618773E-18
7460.72  2.726989E-18
7462.688  2.668299E-18
7464.656  2.503397E-18
7466.624  2.479585E-18
7468.592  1.948283E-18
7470.56  1.153061E-18
7472.528  1.849959E-18
7474.496  2.886504E-18
7476.464  3.249098E-18
7478.432  4.009033E-18
7480.4  2.163250E-18
7482.368  1.531144E-18
7484.336  1.653873E-18
7486.304  1.113111E-18
7488.272  1.461907E-18
7490.24  1.885845E-18
7492.208  2.234733E-18
7494.176  2.434219E-18
7496.144  2.560521E-18
7498.112  1.970871E-18
7500.08  9.776458E-19
7502.048  5.268839E-20
7504.016  2.823394E-19
7505.984  -1.134016E-19
7507.952  2.259958E-19
7509.92  9.288179E-19
7511.888  1.815027E-19
7513.856  6.577040E-19
7515.824  1.851390E-18
7517.792  1.598163E-18
7519.76  9.662846E-19
7521.728  9.422802E-19
7523.696  1.215206E-18
7525.664  3.176774E-19
7527.632  9.249716E-19
7529.6  1.673532E-18
7531.568  9.609952E-19
7533.536  3.816092E-19
7535.504  -4.178247E-21
7537.472  5.287937E-19
7539.44  8.735882E-19
7541.408  9.333502E-19
7543.376  1.580598E-18
7545.344  2.317797E-18
7547.312  1.902836E-18
7549.28  1.584835E-18
7551.248  1.089977E-18
7553.216  3.366297E-20
7555.184  1.084486E-18
7557.152  1.800813E-18
7559.12  6.552633E-19
7561.088  2.910712E-19
7563.056  3.946575E-19
7565.024  5.391394E-19
7566.992  4.671174E-19
7568.96  3.185438E-19
7570.928  1.153642E-18
7572.896  1.629117E-18
7574.864  1.206957E-18
7576.832  3.341050E-19
7578.8  -6.479413E-19
7580.768  -8.958355E-19
7582.736  -4.313050E-19
7584.704  1.274163E-18
7586.672  2.451506E-18
7588.64  2.037604E-18
7590.608  1.303008E-18
7592.576  1.635523E-19
7594.544  1.151367E-19
7596.512  -2.275255E-19
7598.48  -9.573848E-19
7600.448  8.037727E-20
7602.416  -2.140919E-18
7604.384  -1.965931E-18
7606.352  -8.414766E-19
7608.32  3.171051E-18
7610.288  3.357632E-18
7612.256  1.215546E-18
7614.224  7.253700E-19
7616.192  6.042079E-20
7618.16  2.415645E-18
7620.128  2.888779E-18
7622.096  -1.253279E-19
7624.064  -1.417726E-18
7626.032  7.612582E-19
7628.  1.775723E-18
7629.968  1.504827E-18
7631.936  -6.335598E-19
7633.904  -7.072989E-19
7635.872  1.089819E-18
7637.84  2.031604E-18
7639.808  2.626180E-18
7641.776  6.528062E-19
7643.744  -3.240231E-19
7645.712  -4.169326E-19
7647.68  -8.500418E-19
7649.648  -1.659936E-18
7651.616  -3.955047E-19
7653.584  1.515968E-18
7655.552  2.057948E-18
7657.52  5.864425E-19
7659.488  2.383390E-18
7661.456  2.412153E-18
7663.424  -7.346317E-19
7665.392  -1.028624E-18
7667.36  4.267787E-19
7669.328  -2.773661E-19
7671.296  -1.103412E-18
7673.264  -9.114891E-20
7675.232  7.804562E-19
7677.2  3.686797E-19
7679.168  6.597823E-19
7681.136  5.815306E-19
7683.104  3.571515E-19
7685.072  -2.199418E-19
7687.04  -7.846070E-19
7689.008  -2.716157E-19
7690.976  -1.029855E-19
7692.944  9.674100E-19
7694.912  8.775448E-19
7696.88  -6.424486E-19
7698.848  3.910602E-19
7700.816  7.933945E-19
7702.784  1.157185E-18
7704.752  2.703945E-18
7706.72  1.498694E-18
7708.688  8.723245E-19
7710.656  1.311001E-18
7712.624  1.323243E-18
7714.592  7.597137E-19
7716.56  -6.365390E-19
7718.528  1.000816E-18
7720.496  6.918636E-19
7722.464  4.928106E-19
7724.432  -2.011637E-19
7726.4  2.155399E-18
7728.368  2.738124E-18
7730.336  4.616548E-19
7732.304  -2.408821E-19
7734.272  1.235621E-18
7736.24  -1.908814E-19
7738.208  -8.806713E-19
7740.176  -9.664531E-19
7742.144  -1.648765E-19
7744.112  2.410821E-18
7746.08  1.745037E-18
7748.048  -1.332701E-18
7750.016  5.224392E-19
7751.984  2.775845E-18
7753.952  2.069636E-18
7755.92  9.187221E-19
7757.888  1.664201E-19
7759.856  -3.917405E-19
7761.824  -1.304641E-19
7763.792  -9.912216E-19
7765.76  -1.716099E-18
7767.728  -5.478057E-19
7769.696  4.547692E-19
7771.664  6.236743E-19
7773.632  1.073397E-18
7775.6  5.691800E-19
7777.568  -2.337687E-19
7779.536  -5.059123E-20
7781.504  8.331056E-19
7783.472  9.956640E-19
7785.44  6.935740E-19
7787.408  -9.482051E-19
7789.376  -1.538975E-18
7791.344  8.639056E-19
7793.312  9.805147E-19
7795.28  -9.041315E-19
7797.248  -1.656971E-18
7799.216  -1.108982E-18
7801.184  -2.891865E-19
7803.152  -1.741944E-19
7805.12  -1.086460E-18
7807.088  -1.729766E-18
7809.056  -5.390056E-19
7811.024  6.737842E-19
7812.992  1.077712E-18
7814.96  1.441927E-18
7816.928  -1.411502E-18
7818.896  -3.117610E-18
7820.864  -3.250292E-18
7822.832  3.613946E-19
7824.8  1.180444E-18
7826.768  -3.823192E-19
7828.736  -1.301109E-18
7830.704  -4.394426E-19
7832.672  -9.315996E-19
7834.64  -9.371067E-19
7836.608  -9.582453E-19
7838.576  -1.078621E-18
7840.544  -1.223462E-19
7842.512  -4.684893E-19
7844.48  -1.603392E-18
7846.448  1.097066E-18
7848.416  2.761853E-18
7850.384  1.412443E-18
7852.352  -1.977522E-18
7854.32  -1.216396E-18
7856.288  -1.537792E-19
7858.256  3.663553E-19
7860.224  1.627977E-18
7862.192  1.061080E-18
7864.16  1.139526E-19
7866.128  2.084964E-18
7868.096  -3.080207E-19
7870.064  -1.468351E-18
7872.032  -5.510253E-19
7874.  -1.485113E-18
7875.968  4.759460E-19
7877.936  3.661419E-18
7879.904  3.855940E-18
7881.872  2.836739E-18
7883.84  1.720411E-18
7885.808  4.966778E-19
7887.776  -1.003014E-18
7889.744  -9.394692E-19
7891.712  8.149174E-19
7893.68  1.933661E-18
7895.648  1.148611E-18
7897.616  9.763212E-19
7899.584  3.271555E-19
7901.552  8.151833E-19
7903.52  7.715650E-19
7905.488  5.324993E-19
7907.456  2.519131E-19
7909.424  2.282478E-19
7911.392  -5.278776E-19
7913.36  -2.706957E-18
7915.328  -3.004522E-18
7917.296  -1.984829E-18
7919.264  3.358750E-18
7921.232  3.732199E-19
7923.2  -9.564070E-19
7925.168  1.382808E-18
7927.136  1.709754E-18
7929.104  3.020099E-18
7931.072  3.467359E-18
7933.04  4.058694E-18
7935.008  2.292963E-18
7936.976  9.372690E-19
7938.944  1.287025E-18
7940.912  3.191055E-18
7942.88  3.189140E-18
7944.848  1.253339E-18
7946.816  1.460989E-20
7948.784  -6.942956E-19
7950.752  -1.677594E-19
7952.72  1.076299E-18
7954.688  1.900402E-19
7956.656  -1.580366E-18
7958.624  -1.277179E-18
7960.592  1.988556E-19
7962.56  3.235147E-19
7964.528  -5.688996E-19
7966.496  -1.120399E-18
7968.464  9.637196E-19
7970.432  2.103000E-18
7972.4  6.667061E-19
7974.368  -1.555155E-19
7976.336  -7.558093E-19
7978.304  3.160717E-19
7980.272  4.398224E-19
7982.24  -2.328199E-18
7984.208  -1.881591E-18
7986.176  -4.165733E-21
7988.144  6.348215E-19
7990.112  -1.599016E-18
7992.08  -8.612216E-19
7994.048  1.820271E-18
7996.016  2.157807E-18
7997.984  5.909961E-19
7999.952  -2.610047E-19
8001.92  -1.396098E-19
8003.888  -3.000097E-19
8005.856  -5.874399E-19
8007.824  2.566922E-19
8009.792  9.588980E-19
8011.76  -2.129618E-19
8013.728  -2.063965E-19
8015.696  7.466534E-19
8017.664  9.572375E-19
8019.632  7.369773E-19
8021.6  1.114949E-18
8023.568  2.457152E-18
8025.536  2.282671E-18
8027.504  2.109642E-18
8029.472  1.828553E-18
8031.44  1.025667E-18
8033.408  2.414445E-19
8035.376  2.485888E-19
8037.344  -8.256103E-19
8039.312  -4.756393E-19
8041.28  9.012120E-19
8043.248  7.346279E-19
8045.216  8.112887E-19
8047.184  5.295550E-19
8049.152  -1.981098E-19
8051.12  2.246823E-19
8053.088  7.603112E-20
8055.056  -1.458271E-18
8057.024  -2.202542E-18
8058.992  -1.330556E-18
8060.96  1.649258E-19
8062.928  1.233663E-18
8064.896  -7.873967E-20
8066.864  -1.294197E-18
8068.832  -2.458869E-19
8070.8  -1.776445E-19
8072.768  -1.191552E-19
8074.736  1.571217E-19
8076.704  -1.576412E-19
8078.672  2.148702E-19
8080.64  6.378351E-19
8082.608  1.103480E-18
8084.576  9.363308E-19
8086.544  2.025557E-19
8088.512  1.068878E-18
8090.48  2.045506E-18
8092.448  7.973654E-19
8094.416  -2.548610E-20
8096.384  -4.157731E-19
8098.352  4.988103E-20
8100.32  9.546317E-19
8102.288  4.646789E-19
8104.256  5.321673E-19
8106.224  1.002030E-18
8108.192  9.463342E-19
8110.16  4.955874E-19
8112.128  9.264583E-19
8114.096  9.753556E-20
8116.064  -2.225338E-19
8118.032  1.668740E-18
8120.  1.160092E-18
8121.968  1.501628E-19
8123.936  8.820796E-19
8125.904  7.297156E-19
8127.872  -2.357753E-19
8129.84  7.572698E-19
8131.808  1.014110E-18
8133.776  -8.381095E-20
8135.744  5.282792E-19
8137.712  1.144404E-18
8139.68  9.611454E-19
8141.648  1.686832E-19
8143.616  1.042037E-19
8145.584  8.316124E-20
8147.552  -4.525743E-19
8149.52  2.489855E-19
8151.488  7.516729E-19
8153.456  1.042171E-19
8155.424  4.044716E-20
8157.392  3.123280E-19
8159.36  1.616871E-19
8161.328  1.364591E-19
8163.296  -4.833384E-20
8165.264  3.586914E-19
8167.232  9.336246E-19
8169.2  9.574742E-20
8171.168  8.201711E-19
8173.136  1.653719E-18
8175.104  1.003517E-18
8177.072  1.265057E-18
8179.04  1.010475E-18
8181.008  -4.235583E-19
8182.976  -6.183319E-19
8184.944  2.749735E-19
8186.912  8.290087E-20
8188.88  4.019146E-19
8190.848  6.541889E-19
8192.816  -2.135075E-19
8194.784  1.109472E-20
8196.752  5.294457E-19
8198.72  8.277683E-19
8200.688  -1.299892E-19
8202.656  -4.197529E-19
8204.624  -2.931088E-19
8206.592  -4.298335E-19
8208.56  -1.927776E-19
8210.528  -1.359213E-19
8212.496  3.803569E-19
8214.464  9.108177E-19
8216.432  1.274718E-18
8218.4  2.485361E-18
8220.368  1.388498E-18
8222.336  7.156575E-19
8224.304  3.635232E-19
8226.272  -7.760026E-20
8228.24  9.024350E-20
8230.208  -9.082118E-19
8232.176  -9.566612E-19
8234.144  -1.334664E-19
8236.112  -7.614981E-20
8238.08  5.756010E-19
8240.048  8.752297E-19
8242.016  -1.046058E-18
8243.984  -5.634983E-19
8245.952  8.867595E-19
8247.92  6.341774E-19
8249.888  5.143248E-19
8251.856  1.150192E-18
8253.824  1.678400E-18
8255.792  2.053815E-18
8257.76  1.839949E-18
8259.728  1.548939E-18
8261.696  1.275718E-18
8263.664  7.792580E-19
8265.632  -4.771456E-19
8267.6  -5.522401E-20
8269.568  1.864917E-18
8271.536  1.285321E-18
8273.504  -5.572421E-19
8275.472  -2.739491E-19
8277.44  8.896469E-20
8279.408  4.415287E-19
8281.376  -1.138538E-18
8283.344  6.050073E-19
8285.312  2.442676E-18
8287.28  -9.335079E-20
8289.248  -3.300397E-18
8291.216  -3.086021E-18
8293.184  6.252545E-20
8295.152  3.114280E-18
8297.12  3.287345E-18
8299.088  -1.373771E-18
8301.056  -2.790993E-18
8303.024  -3.234050E-18
8304.992  -9.651099E-19
8306.96  1.188608E-18
8308.928  9.222225E-19
8310.896  1.569849E-18
8312.864  3.116971E-19
8314.832  -3.316033E-19
8316.8  1.762838E-18
8318.768  2.321280E-18
8320.736  1.746691E-18
8322.704  2.635904E-18
8324.672  1.246181E-18
8326.64  6.667821E-19
8328.608  7.375895E-19
8330.576  2.626804E-19
8332.544  1.162497E-19
8334.512  2.190459E-19
8336.48  2.055314E-18
8338.448  2.291331E-18
8340.416  3.713380E-19
8342.384  -1.786112E-18
8344.352  -3.432332E-18
8346.32  -4.319831E-18
8348.288  -3.810394E-18
8350.256  -9.518562E-19
8352.224  -1.723645E-18
8354.192  -3.654981E-18
8356.16  -3.010671E-18
8358.128  -1.789678E-18
8360.096  -2.134135E-18
8362.064  -2.691401E-18
8364.032  -1.244898E-18
8366.  3.150670E-19
8367.968  1.606362E-18
8369.936  1.422158E-18
8371.904  7.241597E-19
8373.872  -7.688959E-19
8375.84  3.908889E-19
8377.808  3.060950E-18
8379.776  9.286095E-19
8381.744  9.056907E-20
8383.712  -1.543668E-18
8385.68  -2.687368E-18
8387.648  -1.370052E-18
8389.616  2.134999E-19
8391.584  4.382194E-19
8393.552  2.062008E-18
8395.52  4.129585E-18
8397.488  1.480802E-18
8399.456  -3.854924E-18
8401.424  -3.361160E-18
8403.392  -2.115242E-18
8405.36  1.504727E-18
8407.328  2.163575E-18
8409.296  5.398807E-19
8411.264  1.031398E-18
8413.232  -6.392838E-19
8415.2  -2.331258E-19
8417.168  3.126519E-18
8419.136  4.578604E-18
8421.104  3.981708E-18
8423.072  2.484494E-18
8425.04  3.273338E-18
8427.008  3.059183E-18
8428.976  -6.952815E-19
8430.944  -2.059764E-18
8432.912  -2.569200E-18
8434.88  -2.857372E-18
8436.848  -2.583564E-18
8438.816  -5.245299E-19
8440.784  2.510692E-19
8442.752  6.301290E-20
8444.72  1.047654E-18
8446.688  8.601192E-19
8448.656  2.749535E-19
8450.624  1.143724E-18
8452.592  1.474621E-18
8454.56  2.129241E-18
8456.528  3.546050E-18
8458.496  3.578424E-18
8460.464  2.813552E-18
8462.432  1.072423E-19
8464.4  -2.109415E-18
8466.368  -2.878589E-18
8468.336  -3.814257E-18
8470.304  -6.773191E-19
8472.272  9.511373E-19
8474.24  -3.545830E-19
8476.208  9.565353E-19
8478.176  1.544496E-18
8480.144  5.020351E-19
8482.112  1.440675E-18
8484.08  1.277822E-18
8486.048  3.834842E-19
8488.016  1.376153E-18
8489.984  2.154604E-18
8491.952  -1.150284E-18
8493.92  -1.618626E-18
8495.888  -2.335393E-18
8497.856  -1.518901E-18
8499.824  2.127833E-18
8501.792  2.779115E-18
8503.76  2.380718E-18
8505.728  3.776474E-18
8507.696  2.558264E-19
8509.664  -2.569200E-18
8511.632  -1.957119E-18
8513.6  3.683000E-19
8515.568  -5.243754E-19
8517.536  -1.422461E-19
8519.504  -9.798079E-19
8521.472  -7.889253E-19
8523.44  -7.436027E-20
8525.408  -1.329221E-18
8527.376  -3.026041E-18
8529.344  -1.352733E-18
8531.312  -1.244360E-20
8533.28  -1.106805E-18
8535.248  -5.568886E-20
8537.216  2.550502E-18
8539.184  -1.251286E-18
8541.152  -9.685203E-19
8543.12  1.380188E-18
8545.088  1.186037E-18
8547.056  -5.691239E-19
8549.024  -1.857407E-18
8550.992  2.767408E-18
8552.96  4.255781E-18
8554.928  2.313773E-18
8556.896  1.127642E-19
8558.864  -8.217209E-19
8560.832  -2.011158E-18
8562.8  -4.352552E-19
8564.768  4.228049E-19
8566.736  6.244385E-19
8568.704  1.496111E-18
8570.672  1.140658E-18
8572.64  4.968699E-19
8574.608  1.423073E-18
8576.576  2.861387E-18
8578.544  4.748310E-18
8580.512  5.339967E-18
8582.48  4.978547E-18
8584.448  3.129590E-18
8586.416  -3.143448E-19
8588.384  -6.294507E-19
8590.352  -5.828074E-19
8592.32  -3.612468E-19
8594.288  4.620994E-19
8596.256  -1.838565E-21
8598.224  9.040741E-19
8600.192  2.670357E-18
8602.16  2.293133E-18
8604.128  7.922223E-19
8606.096  2.848065E-19
8608.064  6.489689E-19
8610.032  1.368089E-19
8612.  1.335543E-19
8613.968  2.471392E-19
8615.936  -1.079574E-18
8617.904  -9.105792E-19
8619.872  1.929666E-18
8621.84  3.644702E-18
8623.808  2.094841E-18
8625.776  1.670463E-18
8627.744  5.179983E-18
8629.712  3.858639E-18
8631.68  -1.082163E-18
8633.648  -1.518325E-18
8635.616  2.443246E-18
8637.584  2.802568E-18
8639.552  2.964076E-18
8641.52  3.406859E-18
8643.488  4.241429E-18
8645.456  5.137854E-18
8647.424  2.094814E-18
8649.392  2.037031E-18
8651.36  2.368114E-18
8653.328  7.718102E-19
8655.296  9.770147E-19
8657.264  1.443316E-18
8659.232  1.595420E-18
8661.2  5.250098E-19
8663.168  -1.889903E-18
8665.136  -2.435439E-18
8667.104  5.413497E-19
8669.072  2.967381E-18
8671.04  -5.014746E-19
8673.008  -9.334566E-19
8674.976  -5.462440E-20
8676.944  -8.837278E-19
8678.912  1.021767E-18
8680.88  1.984683E-18
8682.848  8.850640E-19
8684.816  1.627221E-19
8686.784  3.188520E-19
8688.752  9.705810E-19
8690.72  5.867346E-19
8692.688  7.870256E-19
8694.656  1.360581E-18
8696.624  1.053768E-18
8698.592  1.110142E-18
8700.56  7.289450E-20
8702.528  1.540193E-18
8704.496  1.885514E-18
8706.464  2.731974E-18
8708.432  3.298627E-18
8710.4  3.194457E-18
8712.368  2.852631E-18
8714.336  8.146428E-19
8716.304  -1.131916E-19
8718.272  1.171245E-18
8720.24  7.282350E-19
8722.208  -9.401080E-19
8724.176  -1.716528E-18
8726.144  -1.777085E-18
8728.112  1.348890E-19
8730.08  6.342952E-19
8732.048  -5.804308E-19
8734.016  -1.530383E-19
8735.984  1.898921E-19
8737.952  -1.095356E-19
8739.92  7.537932E-20
8741.888  -5.367657E-19
8743.856  -1.179394E-18
8745.824  1.939389E-20
8747.792  -1.202022E-18
8749.76  -1.055022E-18
8751.728  -2.087148E-19
8753.696  2.986424E-19
8755.664  7.034957E-19
8757.632  -3.825531E-19
8759.6  -8.392450E-19
8761.568  -3.185402E-18
8763.536  -3.627361E-18
8765.504  -2.701219E-18
8767.472  8.632626E-19
8769.44  -2.362808E-18
8771.408  -2.720557E-18
8773.376  1.512237E-18
8775.344  4.285507E-18
8777.312  3.575471E-18
8779.28  2.325764E-18
8781.248  1.304020E-18
8783.216  3.564884E-19
8785.184  2.111069E-18
8787.152  4.717506E-18
8789.12  5.262207E-18
8791.088  4.548490E-18
8793.056  2.307200E-18
8795.024  -7.026568E-19
8796.992  -1.835542E-18
8798.96  -2.180238E-18
8800.928  -1.884449E-18
8802.896  -6.491018E-19
8804.864  -1.113767E-18
8806.832  -1.301792E-18
8808.8  3.806407E-19
8810.768  5.130019E-19
8812.736  -3.160553E-19
8814.704  -2.847615E-19
8816.672  -1.293464E-18
8818.64  -1.433481E-18
8820.608  -6.549948E-20
8822.576  -3.481627E-20
8824.544  3.373194E-19
8826.512  1.836658E-19
8828.48  5.556770E-19
8830.448  2.436341E-18
8832.416  -5.018194E-19
8834.384  7.981173E-19
8836.352  2.772948E-18
8838.32  4.196902E-18
8840.288  1.780363E-18
8842.256  -8.690674E-19
8844.224  -1.499546E-19
8846.192  3.213166E-18
8848.16  1.370408E-18
8850.128  1.787671E-18
8852.096  4.600867E-18
8854.064  1.152629E-18
8856.032  -1.023122E-18
8858.  5.734049E-19
8859.968  1.293393E-18
8861.936  -1.306805E-18
8863.904  6.884869E-19
8865.872  2.914953E-18
8867.84  3.674426E-18
8869.808  1.897542E-18
8871.776  7.995248E-19
8873.744  -8.051541E-19
8875.712  1.708694E-19
8877.68  1.042990E-18
8879.648  -3.633600E-19
8881.616  -1.612443E-18
8883.584  -1.049283E-18
8885.552  -1.255879E-18
8887.52  1.384059E-18
8889.488  2.875925E-18
8891.456  8.456763E-19
8893.424  -2.226909E-18
8895.392  -1.810776E-19
8897.36  2.269625E-18
8899.328  1.575609E-18
8901.296  1.829304E-19
8903.264  -2.631336E-18
8905.232  -2.056842E-18
8907.2  -1.292984E-18
8909.168  -8.335473E-19
8911.136  1.954519E-18
8913.104  -4.139931E-20
8915.072  -2.405339E-18
8917.04  -1.128709E-18
8919.008  -3.185402E-18
8920.976  -3.332457E-18
8922.944  -9.778172E-19
8924.912  -3.788800E-20
8926.88  -1.871101E-19
8928.848  -1.555434E-18
8930.816  -3.257579E-18
8932.784  -2.307272E-18
8934.752  3.090957E-19
8936.72  3.320722E-18
8938.688  3.742233E-18
8940.656  2.682217E-18
8942.624  1.789502E-18
8944.592  9.688043E-19
8946.56  3.969844E-19
8948.528  -2.669173E-18
8950.496  -8.611523E-19
8952.464  2.640386E-18
8954.432  2.826018E-18
8956.4  4.398832E-18
8958.368  4.354912E-18
8960.336  2.531645E-18
8962.304  1.440024E-18
8964.272  1.328498E-18
8966.24  -2.108417E-18
8968.208  -1.757824E-18
8970.176  9.605847E-19
8972.144  1.169590E-19
8974.112  8.977365E-20
8976.08  7.511943E-19
8978.048  -2.051467E-19
8980.016  -1.227458E-18
8981.984  1.634102E-18
8983.952  2.352016E-18
8985.92  -3.111938E-18
8987.888  -3.477676E-18
8989.856  2.218041E-18
8991.824  2.270921E-18
8993.792  -1.268231E-18
8995.76  -1.989998E-18
8997.728  -1.491314E-18
8999.696  -1.249623E-18
9001.664  -1.502046E-18
9003.632  -3.452981E-18
9005.6  -3.324181E-18
9007.568  -1.903223E-18
9009.536  3.926393E-19
9011.504  2.233675E-18
9013.472  3.320741E-19
9015.44  -1.571936E-18
9017.408  -2.361515E-18
9019.376  -1.567481E-18
9021.344  -5.424459E-19
9023.312  1.482093E-18
9025.28  5.188138E-19
9027.248  3.024131E-19
9029.216  1.742278E-18
9031.184  4.268740E-19
9033.152  -9.737335E-19
9035.12  1.644073E-18
9037.088  1.267849E-18
9039.056  -3.717762E-18
9041.024  -3.373073E-18
9042.992  -8.620624E-19
9044.96  1.617332E-18
9046.928  3.965030E-18
9048.896  4.259198E-18
9050.864  4.196902E-18
9052.832  6.824910E-19
9054.8  2.062737E-20
9056.768  -1.854709E-18
9058.736  -2.601476E-19
9060.704  4.142633E-18
9062.672  4.399071E-18
9064.64  1.862172E-20
9066.608  -1.859404E-18
9068.576  -1.025089E-18
9070.544  -1.577213E-18
9072.512  -1.104997E-18
9074.48  -1.558239E-18
9076.448  5.314918E-19
9078.416  1.118780E-18
9080.384  -2.200904E-18
9082.352  -1.617389E-18
9084.32  -8.139745E-19
9086.288  -1.074657E-18
9088.256  -1.065816E-18
9090.224  -2.249260E-19
9092.192  1.410811E-18
9094.16  1.930108E-18
9096.128  3.484899E-18
9098.096  -2.042772E-18
9100.064  -2.701821E-18
9102.032  -1.926673E-19
9104.  -1.627052E-18
9105.968  -2.257136E-18
9107.936  -9.695460E-19
9109.904  -2.773671E-18
9111.872  7.514289E-20
9113.84  3.711591E-18
9115.808  2.324667E-18
9117.776  5.224162E-19
9119.744  3.332019E-19
9121.712  2.629508E-18
9123.68  1.782409E-18
9125.648  -1.315374E-19
9127.616  7.558026E-19
9129.584  2.477176E-18
9131.552  1.176616E-18
9133.52  -1.747358E-18
9135.488  -3.564550E-18
9137.456  -1.020128E-18
9139.424  6.464309E-19
9141.392  1.561038E-18
9143.36  2.393668E-18
9145.328  1.852141E-18
9147.296  8.932827E-19
9149.264  -7.205073E-19
9151.232  -2.382814E-18
9153.2  -2.955824E-18
9155.168  -6.852607E-19
9157.136  -1.486255E-18
9159.104  -1.911753E-18
9161.072  2.123997E-18
9163.04  2.168991E-18
9165.008  1.612749E-18
9166.976  3.574895E-18
9168.944  1.595817E-18
9170.912  -9.210276E-19
9172.88  3.919021E-19
9174.848  1.115356E-18
9176.816  1.340114E-18
9178.784  1.531406E-18
9180.752  1.575222E-19
9182.72  6.331797E-19
9184.688  1.050092E-18
9186.656  7.348719E-19
9188.624  6.736417E-20
9190.592  -8.085891E-20
9192.56  1.333336E-18
9194.528  1.200604E-18
9196.496  1.750894E-18
9198.464  1.359208E-18
9200.432  3.921668E-19
9202.4  1.903204E-18
9204.368  2.054890E-18
9206.336  1.741376E-18
9208.304  3.157862E-18
9210.272  2.654296E-18
9212.24  5.446638E-19
9214.208  8.340549E-19
9216.176  -2.603919E-19
9218.144  1.005899E-18
9220.112  5.028537E-18
9222.08  4.273539E-18
9224.048  2.764523E-19
9226.016  -2.532258E-18
9227.984  1.819950E-18
9229.952  1.602141E-18
9231.92  -7.587241E-19
9233.888  1.907090E-18
9235.856  3.325634E-18
9237.824  6.292808E-18
9239.792  4.844960E-18
9241.76  4.151408E-18
9243.728  5.119105E-18
9245.696  1.943482E-18
9247.664  1.282627E-18
9249.632  2.420746E-18
9251.6  7.504367E-19
9253.568  8.723637E-19
9255.536  3.403985E-18
9257.504  1.935025E-18
9259.472  2.144041E-18
9261.44  4.078817E-18
9263.408  1.279694E-18
9265.376  -1.108377E-18
9267.344  -1.831651E-18
9269.312  -2.669867E-18
9271.28  -1.245373E-18
9273.248  2.509628E-18
9275.216  3.684399E-18
9277.184  1.646871E-18
9279.152  5.368078E-18
9281.12  2.302997E-18
9283.088  1.898698E-19
9285.056  1.854226E-18
9287.024  1.602801E-18
9288.992  3.516730E-18
9290.96  2.006286E-18
9292.928  -6.230416E-19
9294.896  -3.599324E-19
9296.864  1.350360E-18
9298.832  7.695737E-19
9300.8  1.129841E-18
9302.768  2.313583E-18
9304.736  1.462541E-18
9306.704  4.267201E-18
9308.672  6.478486E-18
9310.64  2.509054E-18
9312.608  -2.201627E-18
9314.576  1.031736E-18
9316.544  4.772202E-19
9318.512  -4.090094E-18
9320.48  -2.486660E-18
9322.448  -2.781516E-18
9324.416  6.650480E-19
9326.384  2.665789E-18
9328.352  2.586158E-18
9330.32  3.155121E-18
9332.288  4.855206E-18
9334.256  6.292517E-18
9336.224  7.988859E-18
9338.192  4.284499E-18
9340.16  6.636486E-19
9342.128  -4.783356E-18
9344.096  7.661664E-19
9346.064  1.230180E-19
9348.032  -1.100340E-18
9350.  -1.695587E-18
