# OBJECT=ZTF22aapubuy
# PIPELINE=PypeIt v1.8.1
# RA=8.69154164617719
# DEC=-8.38818506781525
# DATE-OBS=2022-11-25T00:01:46.610
# JD=2459908.50123
# MJD=59908.00123
# EXPTIME=1200.0
# TELESCOPE=NOT
# INSTRUMENT=ALFOSC
# SLIT=Slit_1.0
# DISERPER=Grism_4
# WLENSYSTEM=air
# FLUX_FACTOR=1e-17
# OBSERVER=Jesper Sollerman, Steve Schulze
# REDUCER=Steve Schulze
# PROPID=64-501
# COLUMNS: WAVE FLUX FLUX_ERR
3501.2468592560094 48.76277757688521 0.0012741183683762413
3504.0372071194756 37.58849124342075 0.0013450754609626824
3506.8294559670508 46.14925661185094 0.0012971842295686198
3509.623297920856 133.44740546627494 0.0012366777667736613
3512.4189744277164 43.17286696239246 0.0014660388646415827
3515.216500541063 69.72498878677153 0.0014665136802719336
3518.015482948476 29.930844419373777 0.0016550021269805175
3520.816302852374 41.04284871113191 0.0016566626537590067
3523.6190123182782 3.49107093311783 0.001872438407132011
3526.4234345368545 90.92486759396998 0.0016245997349606872
3529.2297099371963 105.37568436858551 0.0016328148589959798
3532.037541110183 63.093018284843694 0.001809331615805815
3534.847132266215 48.57543566820923 0.0019111036274232726
3537.658674359403 17.10342796820934 0.0021392036258407977
3540.471739063321 57.32680396354937 0.002011657930656966
3543.286706771984 26.61740539311349 0.0022834423584647077
3546.1032027410424 69.56973339553441 0.0021987977152539513
3548.9216321694093 39.308867822486725 0.002372211045956266
3551.741743375197 4.79031023824692 0.002681900303645832
3554.563554210616 39.501671612539 0.00261140419187116
3557.3869536093084 34.74446408855428 0.00278219072880581
3560.2122890970895 38.49172370338304 0.0028183146388475093
3563.0394361953117 30.57998917146753 0.003019040826780366
3565.8679532976385 42.03144906158878 0.0029981422861646394
3568.698484653153 66.15986988078255 0.002828640095968685
3571.530589052363 34.374837336358055 0.0031799674921128857
3574.3644980413237 66.06221395885721 0.0031878328490689695
3577.1999583474285 42.874511165505254 0.003395049537106821
3580.0372116107937 42.97674945246387 0.003604332303368069
3582.8762140812537 55.9478153935324 0.0036851459363179155
3585.716844602589 73.4547258348195 0.0036623694059379
3588.5591284424377 37.36971099780158 0.004068286366142436
3591.4032367317254 53.251493081882515 0.0040609715903863804
3594.2488259587117 74.35207591408464 0.003990207014119233
3597.096437519225 69.81612430283587 0.004056568471665639
3599.945487280021 53.88718641922502 0.004735791458785902
3602.796279107989 51.767236104951046 0.0045673016837298195
3605.6487451238145 50.00236556722917 0.004782044527176862
3608.5029555528226 57.48908894314949 0.004853666400070435
3611.358677744171 35.57002597712868 0.005259297187049899
3614.216185949993 81.37163627240304 0.004862570818514588
3617.0747120253895 49.65882354144505 0.005483734255740655
3619.9361330541824 49.88219619848911 0.005472998805967177
3622.798734133884 68.61302342433648 0.0055046048658013635
3625.6628435059033 35.17228849965777 0.006395743736857141
3628.528764637304 62.03582217474386 0.005989216943081113
3631.3961143613806 62.465598417255926 0.006125239456191455
3634.265368756336 74.26746435360934 0.005662554329983952
3637.1360731786635 42.79310341578134 0.0067616527195783534
3640.0083918887376 39.78493192471006 0.006945548625355183
3642.8824614862874 42.024950833899226 0.007514383492406101
3645.7582567594563 72.50194682176163 0.006809061088441675
3648.636357103931 75.83772672127546 0.006705406296234984
3651.5145819668423 49.78896105508802 0.00789521325368507
3654.3953194732576 40.41346870193179 0.008427012949583442
3657.2776459294505 49.34368290094513 0.008251991083034156
3660.1615261498614 49.95334114139839 0.008648437311785676
3663.047046381217 66.8822932844027 0.008406172180294295
3665.9341652004546 63.81427478846494 0.00859227501667109
3668.822991079204 30.345595098281237 0.01000396789524297
3671.713520028202 44.254465854110016 0.010029720284917693
3674.605530814077 40.909303806534744 0.010156059330042164
3677.499329651235 46.529399460054904 0.010527506065147008
3680.3944126141805 39.37844549451724 0.010943613270227389
3683.291274080027 57.59970192747463 0.010416882966019352
3686.189731461461 44.048074458505454 0.011353910364456113
3689.089871621847 59.92031716899351 0.010784981778953585
3691.9915635647294 35.33388231937334 0.012503441637956083
3694.894734145732 54.74415091859055 0.011853752373029523
3697.7998959158135 52.25353067288634 0.012227808975682538
3700.706385423892 59.95492518671175 0.01192717297311155
3703.6142583508026 49.236518918018625 0.013049855059452895
3706.524040510122 46.74251680800917 0.013043367548531436
3709.4352999601365 68.32723361422768 0.012671719537857522
3712.3480297185306 62.9252656300245 0.01297754995747855
3715.262693223069 65.58480731691512 0.013504079945203274
3718.178614955149 67.63448400128169 0.013008923306095786
3721.096261051495 68.80279951016624 0.014013633726066852
3724.015378500807 66.80222307016358 0.01371549299647095
3726.9355088378597 61.61308674063296 0.014561896964976263
3729.858333523777 66.40150197982865 0.014227444655791538
3732.782245665527 59.60020584472228 0.014533638562825751
3735.7077093320527 73.61680047859966 0.01443951179647534
3738.634759024507 71.55933589130638 0.01532158711673772
3741.563308786783 57.03639435118332 0.015623426150147066
3744.493262400751 73.7519304087113 0.015307184278874003
3747.425109872 65.08436254724624 0.01618319666242715
3750.3583804282916 56.94172724083223 0.01680879494148912
3753.293315628943 57.69733180928046 0.017675905500170244
3756.2294750408114 65.95113641082388 0.017603557206773122
3759.16745230483 56.84176642114738 0.018957455868998118
3762.106963977493 57.644121296244464 0.019240894860356315
3765.0478642722032 87.54026116351892 0.017011424551860457
3767.9905336075713 60.67655315870783 0.0199916387551546
3770.9344282621323 64.55400170336648 0.02009256207290428
3773.8800730647645 47.49392142986312 0.021998614027768593
3776.827280528893 59.43199343052715 0.021438884030389783
3779.7757496292675 72.89966376547198 0.020478866535184912
3782.7259017526694 67.43249350584445 0.02043687099954556
3785.6779171189296 77.36850169217685 0.020444067017768793
3788.6309322196926 69.46630561283179 0.022469192614465085
3791.5856765475414 77.20335800582477 0.02192245769155902
3794.5419722135634 68.63846717314685 0.02335086630049271
3797.49976899579 54.17932183722277 0.025091896079823654
3800.459016928515 58.0329683911727 0.025400118888892972
3803.4193869811293 59.21333147150165 0.026270572682750307
3806.3821178196413 51.59394957048937 0.027522009264837447
3809.345099012242 40.563176136898285 0.028536141205940536
3812.3104132793114 47.65959551028874 0.02937653205389657
3815.2780144109597 52.1555791476848 0.029110277095478795
3818.2464847254573 64.0380552052126 0.028160611635116895
3821.216295134173 49.84474377926104 0.030749395006516803
3824.187572771389 40.10037548979586 0.031728243660091665
3827.160354626512 47.192909532209605 0.03125358510587459
3830.1345083213696 50.63598028834046 0.03151467132156316
3833.1104219673853 53.21887312307801 0.031267830997804766
3836.087529033015 43.8811390845095 0.03333877005823737
3839.0663202191117 46.06317973456863 0.033559396882389694
3842.046511923534 44.58108629471945 0.03409632080766411
3845.028213086961 42.077556745368675 0.03600251650515133
3848.011469005501 36.29691363924133 0.03871085862478129
3850.9958483473647 49.57779272220521 0.03715236111501227
3853.9829926991724 45.15862910157952 0.038226942053327176
3856.969709157567 27.575042179606598 0.045317245405384426
3859.9587980741267 40.904949428086525 0.0410648124762277
3862.949189325266 43.510091081980924 0.04100117685984957
3865.9411780056803 30.310728473624575 0.04556909151855862
3868.9345943482003 50.71635476985622 0.03939830788236633
3871.929539908662 46.32592067641098 0.042375624999340174
3874.925798213083 41.302072680516666 0.04375481972725684
3877.92353504814 49.08146472917301 0.04275840520425484
3880.922630791269 41.24022627828576 0.0445603839486726
3883.9234332337205 46.62259384437014 0.04514686347856028
3886.9250571076846 36.38445280188525 0.04871273570521324
3889.9290149051058 48.00847636958238 0.046689570040540584
3892.9340313023126 45.38509644020038 0.0472797041665804
3895.9403136485157 42.656329976853335 0.04862267007094066
3898.9482720071123 46.951931307282194 0.05023548906836668
3901.9574668065943 45.384850342835804 0.05159242630797686
3904.9682821642086 51.55506625769508 0.04893855315861962
3907.980397401122 62.25031574206194 0.04730348856090626
3910.9939504504446 64.49217290775016 0.04735231435457181
3914.008845252808 61.36850132858115 0.04820471549661568
3917.025333265101 63.897735415119186 0.0487457087299337
3920.0431952825124 66.4736018809197 0.04780646174353539
3923.062327564932 78.94255445472363 0.04442440110784694
3926.0829880773717 84.23896384409119 0.04455979286712375
3929.1050870759227 71.99191188046231 0.04837608131500492
3932.128523335672 75.34660192371152 0.047903052516879915
3935.152752424312 77.12059425981579 0.04832254047906307
3938.1795312109875 78.6522298290538 0.04882677200743931
3941.2064659112357 89.39939247077068 0.0462627270134677
3944.236473141686 89.11468096781391 0.0463892627032869
3947.2667576500435 97.95498787034606 0.044542111974051876
3950.298642545082 101.42767867102216 0.04533933711891848
3953.3312616948524 95.76728351029493 0.0476436602761988
3956.366392008874 106.41878937243592 0.04404430357274122
3959.402596963508 103.16926973886977 0.045403154475983726
3962.43985314651 112.47739722399413 0.04562383888103918
3965.478707136974 117.1114572189872 0.045165547015625
3968.51892718849 117.74564126990919 0.045400815292025797
3971.5593594403363 117.9472457646442 0.04547942845747913
3974.604163907549 129.53410997755472 0.04465362872882349
3977.6470329543044 130.9595483370566 0.044281291418385514
3980.6933147837717 133.55684627097702 0.04478911707364808
3983.740205418595 128.48484884841986 0.045757529323948935
3986.7887794854587 139.08580426075326 0.04471025878697081
3989.8385686568263 125.41967365641167 0.04844380546828153
3992.8895480422275 127.8689205761161 0.04869485792146172
3995.942195340902 122.23965091505619 0.051642350352414546
3998.99572398832 120.94110973982963 0.050403421102016586
4002.051148487281 117.93703338719206 0.05151767633594581
4005.1076621150255 120.45346211619287 0.05254921409353808
4008.164573780304 116.44962786871838 0.052453162042459596
4011.2246846375747 125.448131668407 0.05047784610686093
4014.2853381256464 120.58832124930325 0.05259314737680222
4017.3473510919503 126.57951708362292 0.051981504561709
4020.4106074450983 117.71263240681515 0.05534665213122599
4023.4751905849644 124.25066569210487 0.05469008943098284
4026.5412439508086 113.81317153941364 0.05754478285245069
4029.6084025611112 115.49128954162856 0.05756449340517425
4032.677144889534 126.12926989299328 0.05547067150714541
4035.7471049156975 113.74370387710934 0.06019779662018313
4038.818400092104 120.44052965772353 0.05917778533049392
4041.8907606152534 110.79636059928221 0.0617476254588905
4044.9648904654337 110.75966572351267 0.06054288316692323
4048.0402276761633 117.41020480730432 0.06084125313542462
4051.1167181833935 114.29088441333468 0.062309450791119395
4054.194545108707 112.28998717349633 0.06359264176274708
4057.273739052982 112.85635629323185 0.0644216052723004
4060.3548979434304 106.30065429690383 0.06762845758083194
4063.4361155279007 113.51298608788078 0.0641699016983852
4066.5191442079413 112.78843262277222 0.06591179905041199
4069.603680270299 106.47120475932778 0.0682638769417582
4072.689306608388 113.3175429094069 0.06627919308059327
4075.7762592166005 109.22141330628962 0.06894438293211598
4078.864595390923 110.76040026114218 0.06920800904716898
4081.9531311130613 97.32774832137042 0.0747571779327145
4085.044549158489 101.84282649297778 0.07606243321810063
4088.1373021471477 100.26811771521574 0.0744178245397503
4091.230923475336 88.61836249834138 0.08196517091307398
4094.3257114567537 88.66099525833819 0.08151958694355635
4097.421795119828 86.63774529961735 0.08366772752938977
4100.5190555379395 84.53619127504365 0.08660791463098226
4103.617651357033 74.84264608439486 0.09412997541567186
4106.717639195352 79.42012418881058 0.09089025605401532
4109.818748127991 70.55763929656072 0.097376816835145
4112.921285937308 70.0342009846067 0.09935973409555063
4116.02505200644 72.32938713382374 0.1013751769566522
4119.129992153204 73.62366580229673 0.0996508762208858
4122.236242791291 79.1277850188192 0.09722977449915174
4125.343763534797 79.01420936593094 0.10024656549139276
4128.452605652103 77.0773131287258 0.10140340112085798
4131.562787442592 80.98944784023044 0.09567635286259368
4134.673873127546 71.87144342691778 0.10316076777728937
4137.7867148852165 76.28779787014238 0.10026107120684344
4140.900340103887 74.06457540078486 0.10267857470114519
4144.015539598355 71.61995682287528 0.10533383115025013
4147.131856374315 68.97970343605851 0.1083743421429701
4150.249483687698 72.8266338755549 0.10843107388545321
4153.368379097387 69.6258346433579 0.11240966484948431
4156.488436208427 67.77005369206337 0.11054385977867669
4159.609757034692 69.89840684870423 0.11213799177953206
4162.732226838346 63.5240108373493 0.11820903730641717
4165.856150062197 57.976847300147725 0.12345467179270288
4168.98118312453 71.8957728202519 0.11112280018700303
4172.107420952623 69.45203900109782 0.11636963656348566
4175.23481235291 74.68388048892285 0.11105793684284443
4178.363618532614 74.9129538536489 0.11258442182143835
4181.493494603043 77.05277149060655 0.11160780999027518
4184.624622982356 85.33516095658659 0.10587275785384707
4187.757213670317 83.21165338591575 0.1087270822323351
4190.890649864112 81.68366307763152 0.11049150013008233
4194.025561506962 89.4833428845419 0.10562981092673011
4197.16160544262 85.7757354417344 0.11038816618100189
4200.29883901584 94.54134708516514 0.10393550941052107
4203.437515352615 85.28088407434514 0.1106430582826206
4206.576876592881 91.01032535009774 0.10347845663122114
4209.717626582161 81.61515478525554 0.11248206402933031
4212.859993179264 81.73179725185665 0.11297115508283337
4216.00351640568 74.87171910368616 0.122365123169307
4219.14777175707 75.48310125545648 0.11901416935244342
4222.293556181905 75.06269498696145 0.12065162524564321
4225.439656307662 73.50578402754063 0.1301935093491131
4228.588519349214 68.62481941701601 0.13319534801999322
4231.737626219707 68.53997828756555 0.13270827786765732
4234.888320514997 70.04733956238606 0.13441889439196125
4238.040677527999 69.26081382444859 0.13955935293902658
4241.192718290898 76.6379028165372 0.12839150721094977
4244.346779750258 76.75916576470172 0.13109881524423878
4247.5021346290905 84.07681401875774 0.12627090187386886
4250.658236035228 75.25289285864 0.13678351228237498
4253.8159553341275 72.26953210608178 0.13752903991062831
4256.974819559084 80.64204661120714 0.1345002503499788
4260.133982029408 87.15353743189371 0.12661262511665355
4263.295669052614 87.33399423295609 0.13041233706444413
4266.4580895168565 85.01144909341387 0.12869665391456042
4269.620452218024 77.74071673293659 0.13391787944140515
4272.786184408502 85.64102099907302 0.1303521871632377
4275.95206372003 86.280624646362 0.13253268464465695
4279.118888444142 87.08651902219738 0.13020058262350276
4282.286933765148 81.62088886949464 0.13989848146261508
4285.4562033638995 92.04663064587594 0.12476680946486768
4288.626611395835 85.89499796619879 0.13228060619245363
4291.798234440627 86.95829299806599 0.13298369334780885
4294.970676619765 88.88980667466471 0.1297838764791981
4298.143964882554 96.46635520279787 0.12380780255965444
4301.3198157022525 93.53405403270365 0.12396955529733347
4304.49595973405 89.72974107015439 0.13091399220762676
4307.673052115919 91.35781936659994 0.12739549632009614
4310.851694648895 95.07622268723622 0.12594514835469217
4314.031165430915 98.44250490033909 0.12150856010472968
4317.211940635089 93.10254543111083 0.12464658009990903
4320.393831932721 91.33066892146141 0.13076019447741502
4323.576648484615 96.37679159785918 0.12427325673959952
4326.760789219884 96.8602736806685 0.12807789920219528
4329.946512011598 102.1791154130204 0.12628699151797837
4333.132318106899 101.71820212355742 0.12286576312949521
4336.319773857536 101.12292826143442 0.12715820780748657
4339.508593245539 101.10560946911562 0.12939092775574718
4342.698206863145 102.90806795694694 0.1279849239804651
4345.88907874696 103.04879702811255 0.1281084203586346
4349.08093358226 106.11837429641112 0.12525933764815214
4352.274108104481 102.87055306837188 0.12990754542889496
4355.468418393601 112.75286868033696 0.12282755759295062
4358.663564307836 115.5826473518216 0.11755974207782804
4361.859967028676 119.8836134744727 0.11575630360853341
4365.058216014533 120.39445612712748 0.11757947911014469
4368.255898817228 117.08459189096952 0.11958409442575492
4371.455709606642 114.13566421374261 0.1209816788600719
4374.656470378364 117.3232038795838 0.12000101644605568
4377.858544743061 105.34102303226751 0.13002120039207235
4381.061623379365 107.2062811364408 0.12778320960099265
4384.264940513911 115.15103198139862 0.1260228759328847
4387.470796873946 104.15547180240323 0.13220957137960287
4390.677317408167 105.8201804047387 0.13218500287040533
4393.883240770255 108.47816863616657 0.13238467953468067
4397.093214619741 102.0981606118146 0.13779657428477896
4400.3025228721035 99.73833886805016 0.13766311424692862
4403.513380465283 102.65558815271174 0.13740716175270518
4406.724991487171 98.72267400787513 0.1390986202005028
4409.937784887692 95.2182900102149 0.14572856944584006
4413.151786834769 99.4844479592789 0.13953683273513
4416.366731299012 97.70533275674904 0.1405640997305135
4419.583883493377 93.74220577376225 0.14366271378879475
4422.799774122631 94.346232572528 0.1427001513598822
4426.017852731549 92.28291812242576 0.14755118740715867
4429.2370263298 91.65921170342796 0.14993488117239226
4432.457454276765 86.74487046723382 0.15564476810360134
4435.678685637142 86.28281680732893 0.15545571804934777
4438.902684944467 82.53595781008886 0.16009187501191638
4442.124068611496 80.19132952987812 0.16596352263681136
4445.349302020931 80.07279922366752 0.16294977186844437
4448.574951878696 74.73923365242959 0.17445457247943327
4451.801519040776 77.99439601294429 0.16944683679284928
4455.028628444 79.60453345472057 0.17163502274889847
4458.257965547372 73.1449528626781 0.17805761911908868
4461.48774876935 76.46323116759386 0.1750171625274281
4464.718585456233 73.16417847878893 0.18010996892991638
4467.950593179119 68.1227976145518 0.19038998882110275
4471.183898566097 67.08824359770433 0.1798709655326526
4474.417518227827 70.42069414678336 0.18711801111842943
4477.652307396739 71.71123711867095 0.18470951854402348
4480.888493299876 67.0748575922115 0.1900161717413919
4484.126119842466 73.47905135106429 0.18691470237002025
4487.363746852965 73.56583036711804 0.18283171963426342
4490.6028851634455 73.35015744151177 0.1835185199696065
4493.84292326327 75.8476983499124 0.18328052560876035
4497.084306225613 76.07839210267319 0.1813086734375992
4500.32643456396 76.02697511404006 0.18493288106952804
4503.569106668973 82.62440990767651 0.17846981760064298
4506.813838375499 77.43608476490125 0.18717732216976368
4510.059109084322 82.50063137198944 0.17732247761399367
4513.305466086018 85.50780072068015 0.17403615076724238
4516.55317640312 94.12050964947136 0.1575495190370203
4519.8012553586605 91.46437918883684 0.16936168985913988
4523.050519882318 93.44641431331176 0.1662414490710193
4526.300786411903 94.38508809842946 0.1640788802836464
4529.55215544048 100.42365038534805 0.1604892899116076
4532.804538747125 98.82892065001295 0.1600912842362214
4536.057865078784 105.8430278293856 0.15642958983183264
4539.312130897867 104.62563402209216 0.15507935981335977
4542.567696191136 102.77232793822616 0.15789722050343943
4545.8240073677025 104.00166564310243 0.16074711174076262
4549.081471796172 102.64861380390069 0.16114060514136078
4552.339658751446 100.84518982393247 0.16226640678679935
4555.599536625902 100.78682339511305 0.1622057782429471
4558.859408835744 108.42660546285697 0.1561263872599394
4562.120783932884 110.16537866139694 0.15555411819085382
4565.383048416668 114.6248187278213 0.15038448192748527
4568.646359625139 121.88802722044733 0.14450440576989396
4571.9105992026225 118.28978653860115 0.1472013548316902
4575.175736632531 122.89087804869635 0.144132895238212
4578.442170601059 124.69690766574581 0.1417197348158199
4581.709301361809 129.25492533129588 0.1410924006242236
4584.977555476921 129.00577407069335 0.14018324448157893
4588.246644026216 134.79824136689405 0.13735180805818709
4591.516896410265 136.9690050229844 0.13598308416822694
4594.787868611137 142.31926427011652 0.13207241659255226
4598.059953412018 138.5629435257372 0.136322168269533
4601.333093273369 137.67922070452207 0.1363426292810747
4604.607296383414 149.53053236401962 0.12891686182783438
4607.882114155896 137.57894266732308 0.13621853333342585
4611.158040648042 140.42629519373037 0.1357379178571044
4614.434951526855 142.6978571972193 0.131800985340347
4617.712910539355 142.42275623893158 0.13307868672830087
4620.99173265571 141.80737299621066 0.13684549245185967
4624.271485220182 139.8122024152791 0.13712612064402557
4627.552180882344 139.703794091487 0.13809047838978095
4630.833906362131 144.52944831492113 0.13515175094387083
4634.116393627858 144.66005957771162 0.1352341682869118
4637.400070130602 145.65859822601917 0.13424414000619922
4640.684520110872 144.74452547792814 0.13614915554141355
4643.969999063704 147.47392569336444 0.13530294498741569
4647.25644162244 139.6744261665842 0.14131772077191226
4650.543751551839 144.79498367811306 0.1397286682462556
4653.830644265857 132.85408132281302 0.14731144384954659
4657.119953243977 132.79625542247973 0.1484463763932071
4660.411584691112 133.95205652309374 0.1499739401307505
4663.703298476357 136.43865009843347 0.1469941083929043
4666.994680577706 135.76548410424166 0.14681180033348423
4670.287674710333 139.18994201488164 0.14450285563579549
4673.58151818359 135.16211303333748 0.1485033058552809
4676.876320648232 136.28279834393695 0.1457719721043179
4680.17194516333 133.51368940616885 0.15094920785581387
4683.468773277625 129.3324792246155 0.15344173575504166
4686.766289714517 127.24502740759144 0.15490716646139974
4690.064915379174 123.71903503548764 0.1590397709777254
4693.364347020576 113.89546374458965 0.16907670278870274
4696.664661343628 107.13371988390796 0.17693526089501213
4699.9658037832005 107.1865880626362 0.18247399500415584
4703.26810325971 101.8399912517428 0.18750172041182134
4706.571072606815 99.91640155488983 0.18909567427994423
4709.875027810184 96.76601294431039 0.19630053638457798
4713.180031614381 93.64869037514406 0.19864623024171177
4716.48579312792 92.46929604487353 0.20263617529144712
4719.792445073326 91.01057623275713 0.20571987207725875
4723.100200234082 86.33604201910418 0.2138789530667766
4726.408595738287 83.68907430069837 0.2198521834591121
4729.717967743028 81.45176019620317 0.22519040068387994
4733.028412392377 82.08514213929008 0.22663611462631164
4736.339570223705 77.68422536315279 0.23479386382087986
4739.651587581186 75.49276302577898 0.2380394967535453
4742.964618658998 76.61652424854856 0.23412619811648808
4746.278490229267 77.01384991357182 0.23472068197457505
4749.593367680025 75.56476004723767 0.23844280546179433
4752.908875070302 73.73918449426245 0.24184563735770512
4756.22533049236 72.2795479263165 0.24611897878700972
4759.542820702967 65.52772002614076 0.26431969463916266
4762.860488416347 64.93521645160288 0.2729899762742683
4766.180284535037 67.17995457979846 0.2611630745050038
4769.5012843337645 66.38702108725653 0.266045220685378
4772.821199659346 66.22463399366544 0.268742668177188
4776.143042384725 61.991008079762985 0.2797166320761994
4779.465752394274 63.2600484272003 0.2758878323529844
4782.78928335042 58.702766942464336 0.2943750643384794
4786.113671101203 64.94385455190489 0.2759602309881667
4789.438673722503 62.75304899900076 0.2875122909582332
4792.765144896181 56.532233131386896 0.2990477888294217
4796.092039559088 56.447558858519166 0.29891250434935
4799.4199214004175 57.62314324598528 0.29874921999240417
4802.748298697636 58.53639720927237 0.29609478175393966
4806.078326267178 59.460248039468595 0.2930147380295753
4809.408608919049 55.74834079002662 0.3076410474142412
4812.739963406516 60.93572470145765 0.29178696328483666
4816.072123972291 58.15021488163113 0.2967947717604521
4819.405162708781 54.701686513480695 0.30857565481562693
4822.73910761119 55.60679786692811 0.30562507732612904
4826.073745029803 55.71682101677535 0.30857310554145867
4829.409246464364 54.33573831509899 0.31271350390776825
4832.745714915516 50.707797032178405 0.32729541074067775
4836.08291925191 55.929316501383816 0.30717640849804045
4839.420968405154 50.44347101188235 0.33073829468768234
4842.759901797685 52.05048605709945 0.3243453544049042
4846.099656182981 54.66700956233822 0.3166600616605269
4849.439960069109 58.333315434829764 0.3079577035814912
4852.781671447808 61.53185683796864 0.2957461044616437
4856.12395340444 64.96186388003261 0.29149500513566684
4859.467144849494 68.23845794642745 0.2810794810331303
4862.810986038555 71.03453401129119 0.2784175417055497
4866.155694577645 81.1959930012164 0.2553571095672343
4869.501285373527 79.61992597005914 0.2569294369264507
4872.8477979757645 82.11278327513322 0.25166224629925926
4876.194935280192 83.10479562821277 0.24979762302410657
4879.543091230164 79.5316598488806 0.2623341378571179
4882.890340590851 79.87818470410696 0.2543723780701492
4886.241493321142 79.47934283751731 0.25954919715054375
4889.592126321466 79.666844889558 0.25778467248401765
4892.941767314605 75.65364563540949 0.26106041257445894
4896.295561612041 76.93296743388449 0.2674063893301731
4899.648588463511 75.68612508631875 0.2738449063820281
4903.002342823191 76.02838921670995 0.27532829588788665
4906.356761455021 74.40608702885675 0.27787550410284767
4909.712221449982 72.94688153820401 0.2751832797355714
4913.068429775761 73.52131532414941 0.2798612632815826
4916.425448086763 74.37376029658458 0.2760095441557795
4919.7832296298375 71.60149235861574 0.28359085144741114
4923.141785522601 69.2832948947821 0.29214567053126494
4926.501287936907 69.83488759993362 0.2892489533100083
4929.861431273772 70.58273168892279 0.28592943394984544
4933.222476266828 70.47437398530343 0.28584822747302174
4936.584264564404 75.5888564370283 0.27585277118160584
4939.946762010949 78.86585296713983 0.2693487807310033
4943.310192819694 85.61512387075828 0.25233175863212887
4946.67430061511 86.60041645784719 0.2538962946028813
4950.039278738661 90.81603535329847 0.2463267870884618
4953.405039247986 92.542027749383 0.2391380340067034
4956.771730930817 97.47355012848779 0.23272036379758904
4960.13890572654 99.10346096654482 0.22838513864642274
4963.507115813399 104.42002605702393 0.22127330032438494
4966.876076339008 105.20444822979282 0.2217110094372244
4970.24555989852 103.30559165697663 0.22251774403500624
4973.615950946108 99.1640226003869 0.23120247817524014
4976.987906196935 102.33415806797125 0.2235577702840853
4980.359205749834 98.24405042505492 0.23410995623740546
4983.731921271534 101.35337987893762 0.2245087383609523
4987.105390031757 100.88100194676181 0.23007110158625138
4990.479698059215 101.7191685399716 0.22994596802940273
4993.854762236158 99.22421491550153 0.23273992530232354
4997.230284445854 107.89010129321653 0.22002051720442323
5000.607180601053 108.9100404648641 0.21834290254696653
5003.984546480934 110.1570583382694 0.2180834403335684
5007.362749123097 115.92927952837083 0.2095712556618612
5010.741560045589 115.13804493344942 0.2101021122630849
5014.12122666863 113.79797409813762 0.21259250732930546
5017.501642878059 118.13555593485599 0.20764357332666772
5020.882655978678 118.16922336322375 0.20591647072773622
5024.264738785437 122.47586702089569 0.20142236839715771
5027.647280308048 122.22431882628722 0.20280074799962097
5031.030682431101 123.97387907084826 0.20059748983966852
5034.414955642242 125.22577901674225 0.20025660044297874
5037.7998458408065 124.29095539143886 0.20054348020736287
5041.185652892553 118.13522130014184 0.21036597169238438
5044.571847536002 115.68387111587332 0.2147539313611437
5047.9589754585095 111.48696388945605 0.22268739874063756
5051.346983754405 109.1569286381127 0.2260641129115949
5054.735654572087 100.79031911874033 0.23846308071414965
5058.1249707514635 94.78008436841483 0.25393034548529503
5061.515051341357 92.90496311806423 0.2570020275917584
5064.905984606415 81.14244831338583 0.2817831994761161
5068.29737365091 77.6610952376396 0.29240986729804075
5071.6874895097135 75.36957362437299 0.30444477528530683
5075.08282158213 73.00810885334043 0.3087783190225278
5078.477510078028 66.25690826715692 0.3328574359685082
5081.871090430027 64.67053024746508 0.33195817892409396
5085.266409119525 65.09472069648447 0.3337434644483364
5088.66236254001 65.74719675131583 0.32898897986846043
5092.059186169892 64.85717839183405 0.33235073696306144
5095.456445564822 65.11590442007433 0.33000987045947144
5098.854539489761 68.82153164682444 0.3245498216586984
5102.253523458681 65.90915811099677 0.33873574393520994
5105.653022902986 69.08477510712144 0.32326147343244765
5109.053316279956 65.14801410017506 0.3351598252349755
5112.45423424843 71.19990591448652 0.32004279594085716
5115.855990655576 70.8535287119128 0.3214811632084416
5119.258392144117 67.51866502950081 0.32543657942284215
5122.660544187578 70.80602617225682 0.3257144167519664
5126.065546849434 71.1877361756717 0.32374568619194055
5129.470016223273 70.30465281600117 0.3249533058552183
5132.875407649084 72.47374760550876 0.31790670099938956
5136.281289283592 71.11107801613063 0.32341808941502287
5139.688037202993 78.80353778535563 0.3054589396993366
5143.095440869918 76.05662330053994 0.3103545871845097
5146.503365748178 80.40266166331926 0.2954349000871726
5149.912078866871 82.45898624755085 0.2936980951055751
5153.321813280769 84.69714493388038 0.2826357744567298
5156.731792638443 89.87772252710367 0.27539105706414035
5160.142737714072 91.61589763619077 0.26939992149896375
5163.5542395499615 94.51719319581541 0.2681842839359404
5166.966537380179 104.82402195633779 0.24547794180807597
5170.381108897784 104.24559893665388 0.24632878442739617
5173.793156918017 110.88866088019898 0.2393986260345135
5177.2073923920825 114.11725114600235 0.23564726752612836
5180.622529983941 119.92090636288125 0.22557663641682765
5184.038134928963 124.41103257134974 0.21778908041779976
5187.454484059006 128.9936784562707 0.21110391679492566
5190.871584564302 131.74921700419844 0.20975548862344023
5194.288184589951 134.568710556276 0.20654793838173288
5197.7076624047795 133.38777614653964 0.2078502667098968
5201.126825707766 137.62042380974185 0.20300199422311102
5204.546727296574 142.9062423063908 0.19772685228662706
5207.967116295553 139.46604000544735 0.201682734898965
5211.3872125400185 143.6971295227023 0.1977775582087448
5214.810146920504 143.13349995761084 0.19895446706153988
5218.232538896174 138.11612375209396 0.2051546892118421
5221.655603056 134.31442652102368 0.2093755292870762
5225.079458673713 130.4147425325365 0.2133028883449797
5228.503961096973 132.44132950618345 0.21417026828441166
5231.92909541302 129.08150605002612 0.21493011482374041
5235.3549419338715 128.4069930590744 0.21573253475441226
5238.781363371387 132.61386434804356 0.21363988020116984
5242.208993536588 133.15045922690925 0.21355675557611511
5245.636211509624 128.94957086957035 0.2193021473134158
5249.064838789587 136.71830245758505 0.20661363886549694
5252.493883081491 132.91173923291652 0.2118713548049172
5255.923665189337 135.7595213056197 0.20787031246563506
5259.354126948311 137.19093757061853 0.20969237554811018
5262.785198819139 133.5666137975926 0.2127323557788152
5266.216957266803 135.91468507669663 0.21128353858551938
5269.649320024163 137.82892510033753 0.20914495893356924
5273.082326775112 132.90002938097325 0.21367073186239488
5276.514310437807 133.40606602947315 0.21215072723520487
5279.950339186322 139.9448226223051 0.20580398030675845
5283.385416457818 140.1104432753096 0.20803007195123782
5286.820852679872 142.7856868980546 0.20433402803808265
5290.257102518543 148.0467783740474 0.1976972211836268
5293.694132026614 145.9846873479563 0.2017825113475323
5297.131655366537 147.4835598151904 0.1999175501461131
5300.5697712956835 150.25027735000512 0.19665988273713184
5304.008611392617 138.12645794545787 0.20910682144398304
5307.448133802234 140.07793498559138 0.20835248772577938
5310.888199676527 144.13071929555807 0.2012896207359751
5314.328960858967 137.91957205175993 0.21078938269009828
5317.770417942828 146.61650792828425 0.20060371159129953
5321.212283884189 148.77170354854806 0.197903778681738
5324.654807281757 149.26180506415977 0.1988206418535356
5328.098270832872 152.83960850795233 0.19218988971789736
5331.541990008402 151.03049105661435 0.19504815963224892
5334.9865122449155 148.49630545831968 0.1980924804015669
5338.431555021723 151.08698950630838 0.1954224741681417
5341.87738611122 151.3297084844954 0.1968958460438711
5345.323650896845 149.63268965429663 0.1984684771493351
5348.770697687582 150.5446792283495 0.19878923896567738
5352.21832252124 149.89223723265957 0.1977924172970016
5355.666561314058 148.25756692291475 0.20219881445036267
5359.115323874397 142.33702549632127 0.2095129964550399
5362.564776089106 149.5109039675785 0.20211260195588723
5366.014884607383 147.36273523424754 0.20365736522815417
5369.463841603441 138.0861948080505 0.21205267224200627
5372.916897828259 134.6533787911164 0.21904418640513093
5376.368741234766 140.03772132693558 0.2153209038249073
5379.821329996235 137.64673757407297 0.21601004222775338
5383.274411696375 133.75578877492086 0.2226575925845049
5386.7281064430745 136.55155901322303 0.21831742163830573
5390.182576724492 129.32575118544173 0.22904746571729037
5393.637401511455 124.0819414256728 0.23789334129342013
5397.092962188243 123.63544948200018 0.23779409100136883
5400.549144226896 120.25174126151192 0.24504352555206527
5404.005816088086 120.30669022730055 0.24402177479025436
5407.463193634301 113.19264364468911 0.25766283445885324
5410.921184317816 114.07777431331814 0.25364878941460256
5414.379724437822 107.94566057044392 0.2658720325050014
5417.83877610421 112.59857601364213 0.2600859630672069
5421.298584376696 110.67754065204898 0.2615196092667418
5424.7588749942815 111.95172742095909 0.25930419021278034
5428.219739972973 107.77683361680894 0.26997533370292315
5431.6812451178685 111.93638900158133 0.2617105924758824
5435.14329828692 107.21194996480008 0.27291858992616946
5438.60607409246 105.0455018821245 0.27727828611636035
5442.0692651486615 108.03402343077656 0.2702104718019573
5445.533043441278 106.76049095119636 0.27400190577769723
5448.997485229546 103.22316352640115 0.28130329759011075
5452.462577621879 100.89618747461782 0.2853838745459696
5455.928186518881 99.16826213796928 0.2873984170606718
5459.395967573096 96.08477146619158 0.2977728939251418
5462.860906831043 96.54990059658465 0.2963473198359494
5466.328651645774 90.36993647480136 0.31244281436170346
5469.796289898155 88.95178828290992 0.3155062778176421
5473.264733866807 87.0295854234025 0.3197543251179431
5476.733799834595 84.63219530845612 0.3279311047406311
5480.203891756401 84.89527055970221 0.3292098403632361
5483.673606448228 81.27030628730631 0.3381664990841174
5487.144310131919 83.15937221645382 0.33531810644015064
5490.615692617915 78.7674119174152 0.3459201715058694
5494.087944961522 77.11308299966774 0.3563746337360238
5497.56000902613 74.53902486293941 0.36469433387615835
5501.033148209256 72.56454786905616 0.36650228770546944
5504.506723617053 74.93312365631311 0.3631390973043064
5507.9809219606195 73.28555537544077 0.3683270496791079
5511.455548634293 70.58853444961974 0.37770849210761953
5514.930940822697 72.52891861927377 0.3713157354323654
5518.404973058609 69.83336941576353 0.37559914459426874
5521.883153431774 74.93211893168011 0.3615265650393964
5525.360038678928 76.06883247667479 0.3555044865563432
5528.837632621118 77.8752476494894 0.35557170719084447
5532.315687559282 77.66649158423404 0.35408153315807356
5535.794354246452 78.6970168576727 0.35030904101465016
5539.273436118382 79.5436698996311 0.34327317319329664
5542.753213177959 86.52236156608501 0.3296709987533248
5546.233468057558 83.93271455642065 0.33319323433720816
5549.714273884434 87.40751207172487 0.3228698039779782
5553.195601929041 90.44148590535559 0.31368679490379775
5556.677577110881 87.80754700684963 0.3246913676339032
5560.159943742438 89.85202972057024 0.314272579878265
5563.643107185196 89.63971009770042 0.3197176557419893
5567.126537818217 83.73752742400491 0.3190235321664578
5570.609170144043 82.31123174649562 0.2142117060663353
5574.095332994679 75.73179077968011 0.16437082794945262
5577.58052939264 79.95051544075541 0.16400451284904205
5581.066272628042 76.7371706690632 0.1631906794312747
5584.552533610685 81.45388789098259 0.17492161127351907
5588.039426826493 77.92767547363951 0.2939479289391495
5591.526596099449 79.4263808023507 0.35389203716154316
5595.014422387677 75.82815837391117 0.3579362042439502
5598.502753626911 78.80400924125892 0.3515779966055899
5601.991781330874 68.23666025083757 0.38540856699774423
5605.481210575974 69.43366661113242 0.388054823137739
5608.971192660305 67.5673080606152 0.39313107475990533
5612.461799080377 63.16675769412656 0.4112127696187857
5615.952820367516 60.89330595247804 0.4217604250991933
5619.444322501341 58.72248096281108 0.4352962197573005
5622.936430592437 54.57730393504777 0.4552166447523573
5626.429011072451 53.407915561352624 0.4641399755837618
5629.922150749709 51.00332546301789 0.476549772172838
5633.415778683292 49.835095076366855 0.49215221089399164
5636.909976012924 48.70538827098105 0.49540349048694204
5640.404747988166 50.252000736753814 0.4864479085934763
5643.899986455739 48.63816780130456 0.4942123203326722
5647.395657081626 48.15434322491461 0.5031638615660488
5650.891889367621 46.82188476027382 0.5092200304095484
5654.389064710346 43.86893508079856 0.5389295375070603
5657.8859103457335 42.665127641734294 0.5357016579000634
5661.383809789422 45.86824183193442 0.5158873295571654
5664.882026512213 42.83059024118057 0.5319562597317439
5668.380925319204 43.62248018859342 0.5307803197203633
5671.880395905872 47.67168898645068 0.5193510588519191
5675.379878583557 47.35378246748094 0.5077150010871484
5678.880462949696 45.81099317574448 0.5242325011572707
5682.381169428926 43.445855326235346 0.5295824954579416
5685.882511148475 43.975371014389246 0.5231814110194046
5689.384426724693 45.0791870683436 0.5187871523356835
5692.886813794903 47.62380743454692 0.5069018487572152
5696.389652068444 43.8086339826653 0.5248179194431095
5699.894776083948 45.075098689140475 0.5167394885361438
5703.396831829469 42.20958016954287 0.5481711068205211
5706.901213751153 40.98373490818506 0.5525998371220445
5710.406076531713 41.88556587494282 0.551488906815192
5713.912681567801 37.38588845565755 0.5815492108637407
5717.4173497384445 38.52346056004383 0.5735159548464714
5720.923654179264 37.262659253435324 0.5797868059789614
5724.430487681798 38.891150525580954 0.5711405910318494
5727.935961280055 30.630462683373644 0.6258035743482734
5731.44561747587 31.417367686636922 0.6389688169821524
5734.954055806206 31.045356025910408 0.6590967932532676
5738.462657211895 28.148072919797947 0.6845632157511861
5741.972064773596 27.09249910621123 0.6930728108121309
5745.481921060929 27.001610160610813 0.7107185666661837
5748.992247888421 24.841007023658257 0.7392361630334974
5752.502815252598 23.994972739480986 0.7528867187681725
5756.014097967923 19.12556210808437 0.8212085080544218
5759.525867531706 18.746882448181786 0.8396848162008455
5763.038045391687 18.028947818911266 0.864727407947893
5766.550757637056 18.178635328123217 0.8457369341074297
5770.063929134675 17.984197491129642 0.8410601406198559
5773.577468138729 19.776622126613187 0.8126920650368061
5777.091662143058 19.13096573785316 0.8214772805145955
5780.6062996058145 18.21423686395574 0.846764831912361
5784.121319165628 19.368988513856443 0.8161349690226856
5787.636884497757 16.533094293968045 0.8790384484701342
5791.152926758749 18.17853797361347 0.8457453569596134
5794.669427238922 17.544620627587697 0.8485795348071171
5798.186472140671 18.322732382737545 0.8462542199837565
5801.7036160739035 17.492692851097473 0.8625875365206263
5805.221714559385 20.672051194357795 0.7957774991105543
5808.7401379257135 21.044868678747186 0.7922961590874174
5812.258906111192 20.42550997756569 0.8113778399235602
5815.77839344992 23.452204349659716 0.7584558365557701
5819.299338013963 22.576416441347224 0.7599806501086599
5822.818216827023 27.315361107318733 0.706659945697333
5826.337074461673 26.745883606980694 0.6835211617020756
5829.86019752871 28.220697559998396 0.6821380496760285
5833.38195941601 31.166966740925357 0.6592650490144893
5836.905208084814 29.24307862610912 0.6479703665166879
5840.426614106524 29.454069771217817 0.6686953231383929
5843.949544746212 31.323781929609215 0.6495416534357179
5847.473102728449 32.75046727183268 0.6408012361010587
5850.996904083444 31.95582241461357 0.6535227123004183
5854.521349848527 33.207561225592 0.6401734217812503
5858.048072786134 34.44131366657236 0.6165800853944328
5861.571483874932 33.09911044925602 0.6217260509745977
5865.097225634219 36.856499311733025 0.5859838585238023
5868.6235037707465 33.295142376078985 0.6017121110203849
5872.150134056025 36.64737075194321 0.5860018607339635
5875.67742200789 37.26284330630976 0.5836228623855816
5879.204861033549 36.82582026412714 0.5878655923359353
5882.7328617026715 39.404461082199695 0.5037798804625223
5886.261243769606 38.95939383628359 0.4437793514010684
5889.789004949162 40.81032016376258 0.40703521012425053
5893.319557959597 41.57606919035751 0.3761479534624376
5896.849404517862 49.03347413759937 0.3586382483285488
5900.37971544956 52.62493966241764 0.39281323160742065
5903.91036183397 60.215671270034484 0.3963198564213567
5907.441506804838 62.685451085532115 0.4265138616041626
5910.973010326737 64.53687852195186 0.4148805625347507
5914.505069470153 67.14549511148633 0.40422662959025096
5918.03752888486 67.89978537224597 0.4049352324781525
5921.570370284315 67.14259760876499 0.40658038863293533
5925.103703091518 67.8220286567495 0.40636280793491825
5928.637510090533 67.36160726416631 0.4057800032835698
5932.171766464932 68.46316861191183 0.39922962862951566
5935.706314001936 69.34478434210764 0.4006581262987225
5939.241401689925 71.78215580713783 0.39361552597707583
5942.7770521223765 68.34648168273078 0.4064412169773292
5946.312936032526 66.71211654565984 0.4130012472914709
5949.849310547516 69.3274589809692 0.3920483587959615
5953.386182384851 67.14415282481225 0.410703834298082
5956.923480547567 62.57780118382759 0.4280910409165654
5960.460925755075 64.3878182139502 0.4249023498881635
5963.99913240543 63.494155209707344 0.42806487574329966
5967.537615879792 60.90063375220856 0.4412697699218616
5971.076593946374 57.28836742847889 0.46038796001797627
5974.615812804596 57.76212119050595 0.46172397637984314
5978.15575428849 57.21495911127849 0.4575890836770518
5981.69606477632 51.72565302958855 0.49462514187480067
5985.236704796781 53.48712705711136 0.4846559762895877
5988.777813027802 53.75563920934545 0.4832915109632587
5992.319262776306 54.0813688767088 0.48503535383158425
5995.861151200351 51.874737793561366 0.4923535756674106
5999.403523528291 54.655425639127856 0.47981339048323907
6002.9462023669375 52.680006905831576 0.4925372356779537
6006.489379824986 51.86779225217581 0.49546478489370627
6010.0329906658035 56.09304841103104 0.4708901869637887
6013.576981012922 56.51710405427361 0.47491213319823555
6017.12140939986 54.81235418120956 0.483251231178674
6020.666205009404 52.6204826042744 0.49937070609802653
6024.211429132903 51.55246532298603 0.5068222183042056
6027.757219818444 48.090835475556084 0.5214750628123885
6031.303287123674 46.850516261086476 0.5346919882914397
6034.84966927047 44.41474226753947 0.5524657041083706
6038.396591985722 46.69360902913786 0.5368387169035904
6041.94387124318 48.1509802412922 0.532671253279646
6045.491635091661 43.48164596657397 0.5686837796318014
6049.038360887898 41.37146863885925 0.5911816978835381
6052.588274181534 44.74206439079306 0.558264799401645
6056.139108754555 42.983676624457715 0.5628928912997613
6059.6864240914265 44.37827285463248 0.560291719762544
6063.236967987625 45.98769029585356 0.5517940562630944
6066.788102177609 42.9272724856521 0.5764200376142276
6070.3369568103435 44.09064266700639 0.5603669799948812
6073.8878671316625 40.4207408801305 0.5872506918792386
6077.439248739073 42.342311936213456 0.5700200819384561
6080.991004255846 43.93774506098133 0.5662660245771993
6084.543081508354 42.67325889322378 0.5665544933361223
6088.0956474728855 41.62302860474931 0.5839190666996814
6091.648550041644 43.80986263107075 0.562470742076171
6095.201796104002 43.30621039387302 0.5724687415249873
6098.756040821679 45.83946812206207 0.5567523879971763
6102.309831239701 46.88128543447054 0.5440255238184852
6105.8643132043235 47.20859356348301 0.5444053980102285
6109.419302105391 48.72036533634781 0.5348098133840742
6112.974565260221 49.38651788908506 0.5250347633373618
6116.530374529794 50.220120566441594 0.5305955852839772
6120.08639750303 48.530159178523235 0.5335046483000776
6123.642992938331 52.30719922166747 0.5167835924777758
6127.199782394643 51.97165660350867 0.5153803389472238
6130.757159718872 52.896641772206195 0.5075314575494054
6134.314808930537 49.501287694167324 0.5289911720573571
6137.872815590072 52.54287425438892 0.5055349390319972
6141.431489330051 52.918412680390375 0.500180687742424
6144.990117176172 55.566905202634295 0.48030425730894444
6148.5491719951115 55.992691135408926 0.48191715050591827
6152.108958833418 58.653863556061864 0.465579967462631
6155.668873301043 61.65885800358026 0.44798254887408656
6159.229548708963 62.71187818377603 0.449687474472363
6162.790018207113 65.2904290469679 0.43904984577124334
6166.351097544506 69.08538321017151 0.41487327944219904
6169.912607671584 72.55669530306353 0.40155792913916305
6173.47450468349 71.95378506705806 0.4057977187818335
6177.036668991739 75.53307582892833 0.39340544774447594
6180.59958786222 74.98729319966495 0.3933873979529146
6184.162357116563 74.57106710896878 0.3983291910724254
6187.725925908601 75.71253026291056 0.39456012459029743
6191.289419168366 76.60968803708796 0.39462852997792147
6194.853731289088 72.05670660899976 0.4052780427031598
6198.4182186160115 71.79671965852435 0.40882885221066306
6201.983325590762 70.29236722194321 0.4166923932314955
6205.548362148498 70.88854333752563 0.412997381998229
6209.1139785076275 67.88883857133712 0.42478403944025944
6212.6800665135725 67.8875262032289 0.42418441524294953
6216.246651233931 68.61835076715917 0.4239006166548804
6219.8131612950565 68.40712002555892 0.4225839512077542
6223.380537382093 68.01391426540222 0.42034610728159816
6226.947946794127 65.57729249989805 0.43199404075548054
6230.515903955508 67.2208892223244 0.4168772733872306
6234.084140578023 66.75764292054757 0.41729992335231925
6237.6527448488105 67.47213602372638 0.4117358557927653
6241.22158090624 67.93371486587608 0.40823280598650485
6244.791118757306 72.5160432552671 0.39287716557399693
6248.360735917769 70.08499303676403 0.41417777577780673
6251.93094984867 74.78969194862047 0.3933783271913432
6255.501252021081 77.45955920118296 0.38194011970220604
6259.072092965936 85.95751630027074 0.3553080442644188
6262.643121132356 81.29925899809747 0.3661823903094348
6266.214794644911 87.58742976708035 0.34728975135831125
6269.787080980158 84.97921057266292 0.3648189588348201
6273.358838759922 89.77719607157472 0.3504694312298185
6276.931445153552 86.98937343720355 0.3606760616118501
6280.504439473648 87.8501108615705 0.35722687963027955
6284.077572934988 85.24267415252208 0.3591853178737859
6287.651469181173 85.15172321341858 0.35873295717487785
6291.223579422249 83.68784882242824 0.3539232497895665
6294.799929775048 86.3190914206625 0.29485586618032666
6298.374648095663 89.27722912630355 0.2795582869822245
6301.949762447023 91.76628883176701 0.2720354448325139
6305.525172515869 87.36804547073633 0.27667262753994354
6309.10103378824 95.11825222690062 0.28096383164456407
6312.677136153309 95.53820680700746 0.32053889438056793
6316.253610821417 93.46024265943979 0.3277714308140999
6319.828629057644 91.34943581769964 0.3312874339585674
6323.407725156131 94.79455124192403 0.3269277856260109
6326.985456711057 93.2575738384799 0.3274438706491913
6330.563257259589 97.06873714407253 0.31901980187331436
6334.141594057839 91.20345366911617 0.3366363565601936
6337.720203216661 92.87357825283016 0.33430238812725327
6341.299161921273 86.6570013276651 0.3532969629129399
6344.8805466441045 85.51842440564658 0.36877214583859264
6348.458165388484 82.882362467955 0.37278077738088977
6352.038146517763 82.5323906911202 0.3723517432026186
6355.6186381131765 83.62992431844091 0.3561342445607925
6359.199212263986 82.39148207070897 0.34594964402262324
6362.780350511207 84.78889485178897 0.33514740084710365
6366.361565237688 83.2451797320659 0.34001116832673667
6369.943570358121 86.17647204616677 0.33293139172370156
6373.5253932135765 84.79881872597257 0.35461632836118556
6377.107880394581 87.81697838972676 0.3541250073458021
6380.690611613439 88.3726949835523 0.35089262481874006
6384.271999559907 84.82515360366831 0.36556125415942226
6387.8572640609445 86.16921331277214 0.3577348100106202
6391.440975761225 91.77567649907454 0.3453465775959815
6395.025069806088 84.75767912005021 0.3682466638575077
6398.609587491522 88.87216215713546 0.35466543304428777
6402.194406647598 84.05689907471277 0.3707367725370389
6405.779499648142 85.80302128089198 0.36198871713450687
6409.364994534334 83.51626956971594 0.3724362129626867
6412.9507904694465 84.86868060884817 0.36853378599673225
6416.53686960914 86.12338846346549 0.36004002443106486
6420.12343426832 87.51293341476357 0.35885441750436053
6423.708023965563 87.90344228787147 0.3561601685041534
6427.297266012478 91.1598887835967 0.34429794342627523
6430.884819893463 94.31261987932768 0.33942928195210836
6434.472679133244 93.61799271039801 0.33834366720364645
6438.06084905519 95.60231249266594 0.33670165865175733
6441.649300859344 95.2498205013942 0.3389987023199028
6445.238113827879 99.5619133257365 0.3234572282241012
6448.82718914459 96.8768089140422 0.32753789223410384
6452.416674238158 95.51165336079465 0.33074544424516683
6456.006472764753 95.0614468564177 0.333394193308998
6459.596636020923 94.67033943680703 0.32894185872291887
6463.186867490233 101.03138674886551 0.3134611469029337
6466.777844124777 100.8541819767837 0.3081285431930191
6470.36895695522 97.28954217347385 0.3186377838728862
6473.960861220542 99.6325675914375 0.3168328106900391
6477.552286805706 96.83407095789286 0.3240845143698731
6481.144256160438 97.57587074179206 0.3309578750756763
6484.736649243246 99.46235532668858 0.3239042843366396
6488.329303554273 99.0937033659003 0.32467722872734145
6491.9224630889385 96.23767998672889 0.3278721285185844
6495.515928655743 97.07193536780126 0.3223803088529604
6499.109442332618 99.37519714052694 0.3143186660623065
6502.703491807787 99.09239742047657 0.31622430710525057
6506.297944321653 98.31579096532026 0.31352411435290534
6509.8926363069895 97.52190294761984 0.3255368288348018
6513.487637913501 97.07649358682656 0.3288461627142656
6517.082825708961 100.21649193789754 0.3222247477499824
6520.678510467939 100.14474711486332 0.3221708854360056
6524.27308134765 97.44088495317361 0.3308058759803352
6527.870632232791 102.07977515086368 0.3121294329997836
6531.46730350055 104.64136773389113 0.3060088806729073
6535.064227431458 107.73828858936638 0.30076115633164474
6538.6634314453 104.50907262770261 0.3013962776526705
6542.25892661737 106.4137266337201 0.30278492590657125
6545.856738042955 108.87815835453407 0.2967362413522969
6549.454905054789 107.99706831227441 0.297697597687128
6553.052199262834 112.6047208819576 0.2787819071775473
6556.652221307611 111.36033544928242 0.2905324411939503
6560.251260338993 112.3168401981499 0.2906440376685739
6563.850884688951 118.7102115593842 0.2786996429095161
6567.450407073631 124.45812622835 0.2705491884922574
6571.0506034619275 129.86033043075608 0.2596991853844785
6574.650943689772 131.67917195144014 0.25359968739822786
6578.251493647956 138.50825058189585 0.24416976193588386
6581.852622335356 131.20733183653243 0.2520179689094569
6585.453750467688 127.50351744603896 0.26199757539038765
6589.055485424852 121.86152589313164 0.27403223280584355
6592.657635663597 118.79024063481296 0.2615205329700704
6596.259635396657 108.31448571621999 0.27298374483634585
6599.862043944304 105.90617154891598 0.2796361955087176
6603.4651282959685 99.84293850581975 0.29145893009163215
6607.07035074106 97.22647934642515 0.3011295890548343
6610.6715815447 99.4887731778549 0.32141804522016165
6614.275237260847 102.15315858911038 0.3125641639980045
6617.879398289597 98.80574816728915 0.3139118993548993
6621.483851337179 98.01541525861907 0.31714676441825107
6625.088450544282 97.98180149377063 0.31991902593443994
6628.69344739936 97.00641642405446 0.32668894006760446
6632.298775779819 95.3169992333564 0.34005438167042756
6635.9043017815075 88.50370670503118 0.35857866331862737
6639.5106523590475 89.2686058100725 0.3622561761728515
6643.116406320724 83.79304718971555 0.3778899935515827
6646.722959931617 81.12024156626948 0.38825657645084766
6650.329788470115 77.16183857858742 0.40381738562318803
6653.936909166708 73.54772693109483 0.41398819542542675
6657.544208119779 67.95755300964717 0.4435618286472148
6661.153620334979 65.87497216225076 0.4582385364172201
6664.758725758472 58.76534114564792 0.49559379543920434
6668.366552525576 60.52715490746704 0.486414903453654
6671.978301687137 53.69407116345702 0.5297085219800919
6675.5854599848135 53.91215326466216 0.5207512129868087
6679.195001263168 52.341729198458935 0.5394588595261683
6682.804328666019 48.66058383853698 0.556317996328918
6686.414166069185 48.233412508948234 0.5718757724560932
6690.024641208154 48.29447542612987 0.5712405787360926
6693.634545345377 48.05806348560327 0.5679446342982388
6697.245364947701 48.65187237618523 0.5637060715906432
6700.856413122275 43.98124810314048 0.6006959150729118
6704.46770990978 43.25656106897393 0.6115564328124078
6708.079231172789 41.39621868214454 0.6200389868556089
6711.690993534013 41.43796181789408 0.6193088011708806
6715.303201165747 40.59965231101742 0.6428927515536729
6718.915634874558 41.920665042579195 0.6253475764937004
6722.528462584878 41.598124670526985 0.628521040784717
6726.143498227121 37.374015298410036 0.6566460526023735
6729.754845924063 39.130594781019305 0.6510415476995166
6733.368312524632 38.96550850395746 0.6499512091395684
6736.982357043008 38.230820482485555 0.6513302383010372
6740.596556910557 38.44840238251975 0.6559618462019482
6744.210944002651 39.59740480289022 0.6434208122611939
6747.825820729854 35.88682145795098 0.6755461159980382
6751.441010883731 36.41103049317256 0.6606173428507858
6755.056176720141 36.904982448927804 0.6566030568918438
6758.671958908643 34.96685068482405 0.6678039246522242
6762.28803996613 34.869241924331064 0.6684846342609511
6765.904088832499 33.31838464928527 0.6984377636132084
6769.520709395913 31.527668447666397 0.7365350767028135
6773.137564970465 34.49333845412554 0.6913618575109352
6776.754724112983 31.210086569529576 0.7375072863884287
6780.372053015592 32.366554563296276 0.7336879477720105
6783.989827656561 28.631152392714252 0.7873699505332231
6787.605631019843 31.623426794728644 0.7362386951808056
6791.22599595921 30.368771942107394 0.7712683744325234
6794.844582061087 28.113601317962416 0.8008639153214303
6798.4633913208445 27.749250473787082 0.8041345667964499
6802.082627122191 31.14408924441537 0.756925438517659
6805.701837094721 28.479836247231322 0.7969552989822594
6809.321715091636 29.347328031867477 0.7867339563222956
6812.9415530374245 29.472163935999976 0.7712679509045294
6816.56108180535 28.71034872154586 0.8074578783504414
6820.182416639771 30.49595846075334 0.7514628294229776
6823.803298267374 29.649244997731483 0.7100235843930105
6827.424400791834 29.322027859478716 0.6904781341671109
6831.045862609965 28.927708366894173 0.6711361735064044
6834.667528214663 30.014948693455686 0.6587081290958399
6838.289572047154 31.102191567440528 0.667139013341664
6841.911674069735 31.392852280376232 0.6873041980277975
6845.534870793041 29.341619649643636 0.7653294982994675
6849.157049278477 29.57172441694647 0.7657587526056999
6852.7801525545265 30.453247769362353 0.7657746736242852
6856.4049527563675 28.76037357106974 0.7218881588407574
6860.027270931937 30.400261417048927 0.7020713028096349
6863.651176949114 26.00146005081947 0.753938365864778
6867.275498127947 24.929588318741665 0.7658938124818344
6870.8999031951125 23.72336410753516 0.7921832749419148
6874.524673283694 22.750116378802005 0.9132611175680884
6878.14985968302 21.61575182518958 0.9561201503708062
6881.775164403112 23.362910374581215 0.900247696636138
6885.4008297349155 26.67056047151545 0.8354015407268299
6889.026712772377 23.805817927927368 0.8554090335082716
6892.653005111208 23.034379813521742 0.8790435175931536
6896.2792424806075 24.072248356956 0.8549314727597677
6899.906155087588 24.758846648934355 0.8570064847580912
6903.533122366058 23.687160923124083 0.8775331062432031
6907.160340691571 26.5087676475587 0.8003754097580403
6910.786519177278 24.23173414519237 0.8321947049311614
6914.415942540026 25.874462942225552 0.8144512956892301
6918.044337137021 26.384294035772566 0.7678053985927393
6921.6723754374925 26.59430699086459 0.7598118041044376
6925.300989296274 26.984059173985777 0.778091010449951
6928.930042584739 26.013207328505327 0.7808122093519282
6932.559048665454 28.63268379137737 0.7450837040387779
6936.1887995177785 28.49762593992239 0.7833377454767172
6939.818575452922 27.41214330784768 0.7812836898710819
6943.448676370897 28.188404661813887 0.727876051247479
6947.078953505171 27.228500221191553 0.7256316813459492
6950.709529957826 29.583149385689353 0.7286230198870728
6954.340497821672 27.935174251294924 0.7372082575674849
6957.97170067796 30.838187868630484 0.7247895463941024
6961.602954152928 28.400630866526836 0.7890370906160877
6965.23481490323 30.840900453884906 0.7405365386504325
6968.866778224544 26.26277551931832 0.8043846648893163
6972.4990300361105 30.14165484532798 0.7250625979643622
6976.131512164368 29.406441858957674 0.7103820291108155
6979.764359259992 26.980567523230516 0.7603884353730147
6983.397480196284 27.63657629943456 0.7617085757352444
6987.030908027363 29.47223793928319 0.7582345494850005
6990.664392523256 31.903392776356515 0.7393666320617082
6994.298402089283 31.917815603161173 0.7456897521838467
6997.932370169065 31.554756792304843 0.7328587718077068
7001.567103478791 27.98812458588868 0.7797785219957732
7005.20146074928 33.94096321627235 0.6944355999242279
7008.836696462359 32.48738232732841 0.7083477005911905
7012.471908143214 35.927592951021985 0.6820817791872696
7016.107378481275 37.83899193836103 0.6607120563561237
7019.742804364771 37.145220232244434 0.6708616032595103
7023.379428350672 36.58593081638507 0.6864955856948398
7027.015609542158 39.06626379556995 0.6592511156930361
7030.6522852968 41.607576186391476 0.6245600994458649
7034.289148450506 40.34769626668929 0.6415937623115144
7037.926271677549 40.379332595352054 0.6473953730014111
7041.563473773678 40.59395231602089 0.6162221122785431
7045.201474736689 41.75613286101772 0.6114410790370501
7048.839277341208 39.737479701687114 0.6247655561384928
7052.477673247015 40.7087444675199 0.6201871784391498
7056.116110412423 41.2256345767578 0.6104417472470904
7059.754760790284 41.04135414909869 0.6257566690384309
7063.393949425161 42.912368725809166 0.6114076835072354
7067.033208118509 43.517540230131694 0.5995892297176301
7070.672821452706 45.328387586284364 0.5912063017145881
7074.311777534452 43.126086044269066 0.6079411569877686
7077.952606803172 45.17196003559967 0.5835708232841763
7081.593140075881 42.76790736382943 0.6028312623612005
7085.233661496633 43.463820551140714 0.6066356552353521
7088.87470757016 45.10377483424689 0.5856411409061344
7092.515880613464 41.698181417049035 0.6131116077149306
7096.157151092607 44.7284393656823 0.5908680995051501
7099.79900433316 45.295984128233215 0.5893928275845925
7103.4411265629005 43.65209338502368 0.6078168057276239
7107.083180096092 42.63064513696644 0.6163606633804966
7110.725821802959 44.92669811949022 0.5908052029060401
7114.368645362804 40.52490717069302 0.6283102585089583
7118.011561261909 44.597554181508215 0.5986013540564336
7121.65494570442 45.59363034740288 0.5893963707021207
7125.29842274992 46.77455656060203 0.5728011043761639
7128.942374549495 46.99670783293405 0.5794392251325079
7132.586594396373 45.13529500809535 0.5826956578309016
7136.230816352212 46.90949898927665 0.5693960949176263
7139.875666477294 45.99521411505357 0.5825855925886526
7143.520459249346 46.45939587843896 0.576791656597169
7147.165745062197 47.63641738714298 0.5695449911840703
7150.811229281856 45.664266997682795 0.5759915615777896
7154.456953729946 46.82305093502412 0.5784664386578142
7158.10279834555 47.134350077741594 0.5784760482024401
7161.749102131957 46.472183257691114 0.5821216460718165
7165.395527972574 44.42236413297293 0.6009124991914002
7169.042407345889 44.890912628172885 0.5958987535595766
7172.689369636504 44.25328115133368 0.6055185742968321
7176.336678967451 44.45010730834489 0.6057654230824037
7179.984298152704 43.11477542545583 0.6177732703236068
7183.632139882087 43.80350470223258 0.6132785958211334
7187.28016095266 45.65420303261395 0.6036416462084632
7190.928668713539 47.192582362421376 0.5936354439685133
7194.576830590531 44.16915983099597 0.6133942757485044
7198.226036367315 48.449213387065555 0.583816164007851
7201.875271878826 46.76291201143868 0.5914699931952041
7205.525615534911 49.11186490062115 0.5532163043572976
7209.174374538618 50.63217950278296 0.5527813100434051
7212.824480782989 49.792232412138105 0.5603996432462736
7216.474491894371 55.81183582025199 0.5144672771092995
7220.125125085245 55.92624970797285 0.5135560247443164
7223.77580937786 58.427447080817515 0.49242107996317996
7227.426794001569 58.12250452453387 0.5063472076713219
7231.0780285494575 57.76735034751759 0.4789582465044631
7234.72962158859 60.92299106376283 0.42788952900485316
7238.381679550752 63.3401310549734 0.38742859808088326
7242.033434282859 61.42686643045043 0.38440391748756236
7245.685902513683 62.02087117723507 0.37628404073955546
7249.338468406456 62.294760968952644 0.39232705356163744
7252.991319454914 63.60077530580817 0.4193961722987379
7256.644584624768 63.79865195999428 0.4496392499254238
7260.2977258441415 63.50429360521037 0.45654886558437174
7263.951474116338 64.87102958184641 0.45562065661852186
7267.605351172866 60.58132241317362 0.4601933484926948
7271.259548263832 63.86086549214585 0.3952656764497698
7274.914082596559 62.61225741702457 0.39436210696858087
7278.568556970027 66.5510642121844 0.36617159520630405
7282.223823529035 70.97696775037996 0.3478355765962329
7285.879034512763 72.38060525836758 0.37869529101940674
7289.534728488266 74.63169180913926 0.3835285573087579
7293.190353158911 73.01554141834531 0.394534132112214
7296.84618467093 78.21965224944044 0.3819072974403511
7300.50251275426 84.13102627137921 0.3574552845943733
7304.159208311805 84.35470983872348 0.3577792772908944
7307.815820104027 86.37647029558464 0.3446303762863189
7311.473105522773 88.00285632816451 0.31655011449962406
7315.13032259369 93.92825049653132 0.31005750059713194
7318.7879727886875 97.68986474470283 0.3026348572990634
7322.445810091027 103.9029139310735 0.28057525071939005
7326.103987682073 109.29303639915952 0.28339455919488504
7329.7623507806575 113.51455845954473 0.28060671682075483
7333.420932193294 119.0823047155002 0.2551945968091736
7337.079985808959 120.38477490604228 0.24422622239084033
7340.739072280388 121.89166343354329 0.24982193651151835
7344.398673422121 117.79193221559171 0.2547383260206769
7348.058456490756 114.85442348799734 0.2619884615743271
7351.718295399174 112.36343353281339 0.2838926327293532
7355.37846553255 108.02243125493824 0.2897883601510478
7359.039081742609 103.53261390340849 0.30111239431251235
7362.699815333767 101.15402358605441 0.28795959086585937
7366.361042784859 96.81290625005714 0.29196341620587934
7370.021334327184 95.77105657936295 0.3086244521885404
7373.683737061568 94.52821957385612 0.3077550535343339
7377.345764881265 90.49570927315871 0.32881742885634
7381.007712040304 90.03406178744007 0.35157826431039485
7384.670091439384 87.14049347267523 0.35496368444064824
7388.332613609474 82.72800473814567 0.36340248693623084
7391.995590343181 82.62370187110982 0.36874593469224476
7395.658751385545 82.42339164491862 0.34041065920533414
7399.322120742429 84.90313973190192 0.3419209720940974
7402.98814135947 78.28447720990371 0.3641751860096191
7406.650082567321 78.06978748321862 0.36887822498603723
7410.313969114496 76.4103094076013 0.38062082390843877
7413.9791208979395 74.51513971703174 0.4104814754611179
7417.643241819635 69.10748671639459 0.43188813567138407
7421.308172027021 69.90134917384496 0.4284180517195235
7424.973479051787 66.87998715962034 0.43374392132140677
7428.638852508259 66.0190961856416 0.44044239667462465
7432.304821677691 65.2863849639945 0.43194585239169314
7435.97092595971 63.78686617948234 0.4281078589200782
7439.637084025817 63.238483721800485 0.4393062459835608
7443.303771254383 61.10046838652917 0.4540389933769428
7446.97070629671 59.78934957951873 0.4722189654930764
7450.635857411048 57.97522185372772 0.49444453503633207
7454.305119089759 62.29944635744633 0.46491220203085193
7457.972982649151 60.46617740665963 0.47148663191446977
7461.640671243671 62.19676005339846 0.4541644995291239
7465.308874942533 61.10345403180025 0.44660275376721614
7468.977433321281 58.74705603325318 0.45185700862045636
7472.646210967186 61.73268261479662 0.42979017148337567
7476.315122226131 64.2277300954757 0.41379359129961507
7479.984404469689 60.0819349646294 0.4302657957468066
7483.653785736818 61.01708505689936 0.43644195602250263
7487.323727237122 62.02278635314319 0.43639966152559284
7490.993762325163 60.96483833425599 0.45608459968911996
7494.664135769269 59.544883738113576 0.47547733500078976
7498.334612730289 63.67820326342672 0.44974071017455663
7502.005614383285 58.34378758877675 0.4789380484546019
7505.676522851006 57.15063166365728 0.5006546837222609
7509.348032750628 56.152237144009376 0.5025937563967947
7513.019538750371 57.09761490505028 0.4888702832513202
7516.691706171265 55.32612386967327 0.46762934010422236
7520.363731179612 52.06460949567158 0.45311120392940896
7524.036152121177 53.72445442937387 0.4491573721219882
7527.708880134513 54.21481511001229 0.4433799220397099
7531.38193934118 51.09872301485128 0.46760010605699903
7535.055175819411 49.811197903401876 0.5179355374585117
7538.728379201698 51.24021225365219 0.5277281329826061
7542.402541263334 49.99773369082157 0.5379426785120058
7546.076604245277 51.35295035078215 0.5234738747549563
7549.750844600164 49.70025073688886 0.5428104470728293
7553.42554784307 48.308540079480906 0.5413678035460557
7557.100715884871 44.38786064415226 0.5799116144613982
7560.775566724667 46.9634648911525 0.5442463358165749
7564.450858098269 45.08761900333484 0.5291528963323741
7568.126774584386 42.434056918397566 0.5417370380905112
7571.802177059999 39.010549744523715 0.5765734823285695
7575.478779732875 39.57431295493677 0.5619911138562979
7579.155111482834 38.92882581322666 0.5762223350411494
7582.832155202067 36.228425413765194 0.6399739036958044
7586.509351255097 35.849768325935756 0.6548360384188532
7590.186477460372 33.55903190910512 0.6827506400890915
7593.86397501076 23.826667193590357 0.8532606549189815
7597.541005003682 16.715196969012744 1.1470091558863322
7601.219571279355 11.202394552679335 1.4526881977849804
7604.896380552707 7.472865447823647 1.7530688062425692
7608.576858636966 9.506008273450336 1.6184356905981758
7612.256003797794 13.409215540452395 1.2473437855056964
7615.9350951227425 17.893457009806188 1.0603271141319173
7619.613704849142 19.382208179966568 1.0199802454514968
7623.294497498563 17.805386220631217 0.9847379513322037
7626.974063726244 16.96834820266726 1.078093212256079
7630.654681910986 16.61291818545367 1.088886932443228
7634.334730834706 16.88102453661952 1.117437381578674
7638.015686481986 17.92529540777911 1.1229751380636936
7641.6953989527565 17.52640453243572 1.1214969998415225
7645.377715458711 18.387010701150977 1.0816633610876165
7649.058991978612 20.806697922049874 0.9962499427855366
7652.7422084573745 22.638947765385232 0.9048809853348356
7656.424329667698 26.904259181911613 0.7946140946171365
7660.106432232242 25.99281408157153 0.8041341998302735
7663.789972734728 28.352483575570698 0.7554935838417687
7667.4726362177735 29.973233430526843 0.7251007447297994
7671.155929374128 32.16931998637985 0.7092893416774955
7674.839406496639 34.60751480432909 0.6976625129199612
7678.523591629452 37.93971254929501 0.649846723467323
7682.207420539951 42.085985460921194 0.601759686265609
7685.892084779829 40.566495375316016 0.6040822522429735
7689.576666593504 41.961291367069066 0.5940954977712293
7693.261339604799 44.967484110237784 0.5594493571254832
7696.94678443451 47.45271934140606 0.5414296112126488
7700.630969151953 49.05001176387089 0.5070702414466889
7704.31746840348 47.76477605105578 0.5051773257397075
7708.004164326917 44.91770846665004 0.45446692570518504
7711.690639413625 48.464476361329524 0.39547860512648436
7715.377192572051 47.38278612195297 0.3882678004870624
7719.0642039574805 48.432260065231006 0.3787426258213455
7722.75134962699 51.08658732387058 0.4014403921340825
7726.438897451742 54.559983470216224 0.4449957762057046
7730.126771638161 52.89291716924081 0.4644993014465405
7733.814549241442 51.46386265102836 0.48638107228797006
7737.504031707238 54.94965240361749 0.48804630324263637
7741.191440610248 56.530723216411715 0.44782493110715255
7744.880325599036 58.639028366881455 0.3762334768748632
7748.56973854043 59.04907286611369 0.37391458421240675
7752.258973626223 60.16273031851143 0.3508511851113596
7755.947630048476 55.46584300135069 0.3661920399326032
7759.638786036492 60.122232797370664 0.39081017565671905
7763.328826107627 59.969785141709366 0.4166108528827858
7767.019579133776 62.33343715997602 0.39448207671989904
7770.7104251562 68.58149361443513 0.3898336808831552
7774.401216017964 70.91593418255837 0.37087814445839556
7778.0927287833165 75.31479751784589 0.3490630444189412
7781.784296629996 87.81602231166703 0.317952433313269
7785.476567036576 96.63034412171103 0.2863170300784237
7789.169875276825 108.88360372097142 0.25372453621868624
7792.861404433637 112.31641762866172 0.24525499894023275
7796.554126977191 112.69716788949866 0.24671492444910348
7800.247441819214 116.26748465882275 0.23843944241886925
7803.940595048195 115.69882399093957 0.2515531430530971
7807.6344126012145 115.86400388357255 0.25353010616580923
7811.328702960904 122.37093414585644 0.24317277518070482
7815.022657803109 119.31941124679166 0.22482454800108173
7818.717165275869 116.06461449510738 0.23162914632874465
7822.411936343236 116.34100731488496 0.2315755687358167
7826.107260543047 109.34329638679576 0.24350784531023373
7829.802347001082 105.67571858828094 0.26841124062503535
7833.496234349406 105.10650309922815 0.27595130111761845
7837.194231556989 96.41416737370989 0.2959363738783571
7840.890310380002 91.3424646076599 0.305424611124391
7844.586924796836 88.12567860633018 0.29115387073869553
7848.283921734252 89.82384180030051 0.261006638025971
7851.981000329733 91.18331754568115 0.26211946089353794
7855.678468061942 95.64587270667026 0.24513490601639623
7859.376185808948 88.58919633533054 0.2578648459963545
7863.074189028622 90.06634531530442 0.2731156724600893
7866.77241662778 82.44290408804824 0.2971764374618319
7870.470824386054 74.02824565011915 0.32832864152379504
7874.169919631819 71.33662450684066 0.3244652695481567
7877.86907011207 65.52514445151272 0.3481623072841453
7881.56838105984 66.51046883703938 0.35381820726510477
7885.268392327227 61.34006024894943 0.3516480492889533
7888.96838353105 64.9712361616612 0.3584798282272982
7892.668775641945 65.23179220042347 0.36365477799500157
7896.369355360673 63.03426654760126 0.3797741017786061
7900.070412055427 65.28178887806766 0.3990273823943451
7903.771506246314 67.88497665379161 0.3813732483859217
7907.473038307224 68.42467672513456 0.3092444625815087
7911.174992671037 65.30011879628502 0.30609529009765246
7914.877077756834 69.3382777314454 0.2779376298688607
7918.579520910968 66.73958140764763 0.27953959783486315
7922.282297518281 68.19157153613641 0.30658385251010783
7925.985197500106 67.34121193645058 0.32645420507272815
7929.688336249254 63.92648986733332 0.35363700400183407
7933.392238492028 63.044208010462405 0.37581659999986244
7937.095919066756 62.87080200451436 0.3822999679798327
7940.800182619542 63.89062933001286 0.3887562281559232
7944.5046509684635 57.50612728516417 0.4114271455570798
7948.210646552511 57.889769428162566 0.4140994225240245
7951.91447049375 53.346522698234075 0.4309702052775414
7955.62005366902 54.08406022749077 0.4114148015135555
7959.325655496137 53.01715148136158 0.3766629462851544
7963.031921041904 52.235397634462764 0.376040656953617
7966.737777963756 50.22892609806414 0.3834824292992659
7970.44451014577 51.85858333434665 0.36329865030671565
7974.15166906887 49.46956185417731 0.3987324278278613
7977.858716165485 46.748809904976255 0.4468649361186248
7981.566352879888 47.29562692544794 0.43579752715895154
7985.274133804384 46.80365438668817 0.3991944845517042
7988.982250119728 45.16658072622109 0.38141488967092446
7992.692193320525 45.60681253888072 0.40455631671517917
7996.39912669105 46.156731199963126 0.38656977142524956
8000.108156698601 42.79071736003736 0.420951432353344
8003.817814860678 37.20167613977179 0.5452092690794221
8007.52743320719 38.250552495742184 0.5295661459223554
8011.237371059111 38.32639784885638 0.5122804253982326
8014.94770477887 39.27702755230872 0.5027064819326436
8018.658183619714 37.13517141896908 0.44748841717379484
8022.369123398577 37.51736658720351 0.4352520776289883
8026.080197720722 40.18061843608257 0.4352841568986495
8029.79187166094 38.00170932906718 0.44852149603570224
8033.503650724524 38.20664032868385 0.47978300617718006
8037.21557753388 39.33651610477099 0.5421142438464712
8040.928057330411 35.85556987683813 0.5872463493827642
8044.640933859397 35.168745489246646 0.5643755041679764
8048.3536618029 31.65266448096802 0.5941024546147431
8052.067291685537 33.58521172573088 0.5565912558499558
8055.7809676920415 30.51282906269038 0.5382819258815698
8059.495059132027 33.66277142285555 0.5254683551837738
8063.209398429629 34.0552686310395 0.5352352416975152
8066.923921850189 30.47761223055217 0.5593305697074779
8070.639344298323 32.95460521070738 0.575764933092135
8074.354199427338 33.32901837667533 0.6069429371048413
8078.069749040414 31.96411453645959 0.6107659917290065
8081.785620420864 32.804600608194704 0.5917317232539366
8085.501905091483 29.71571837861674 0.6237559579700069
8089.2179535276 32.6279024015584 0.5901610601124656
8092.934626303054 31.536636651155924 0.6184271868706213
8096.652489790278 32.25438808919013 0.5708625450598843
8100.369611949385 30.283615754934992 0.5891154410356237
8104.087535758075 30.412081350102007 0.5949805259716042
8107.8056903421275 32.88423458660008 0.5755515216403075
8111.524140287191 32.167106487591326 0.6020354182045127
8115.242836893854 29.865248066314784 0.6446725226794022
8118.962028341957 32.81359430378921 0.6182956549635085
8122.681344527961 30.00904768936189 0.6376514234534454
8126.400999331277 31.51941473493149 0.6201961403274917
8130.121083754074 30.132479450971584 0.6359653903313865
8133.841519834491 30.983303003687222 0.6199954534613081
8137.5621164537915 29.138949338693603 0.6278317738023982
8141.283015305111 30.54228308527262 0.6148124713508675
8145.004423812049 28.558169011866372 0.6331577161639428
8148.726101956671 29.94317539972083 0.6379119553560785
8152.448163059219 28.533195940951252 0.6510639098077939
8156.170464249348 28.454063036687646 0.6652126695997072
8159.892664941741 25.197008654547098 0.7166645313348774
8163.615887748061 27.39522408835964 0.6846263161398299
8167.339353948925 26.20520313225616 0.6904998038961861
8171.062270917127 25.273912809901653 0.7172378838596315
8174.786965150799 25.938907895978083 0.6820479638012064
8178.511143920436 26.47334114437149 0.6868592810390924
8182.235880384749 27.15354097986939 0.671048265524416
8185.960712087417 25.13738244762904 0.6941227235244332
8189.686101283999 25.0509645295025 0.6800723055237704
8193.411790886874 27.247603214328613 0.6424373975215879
8197.137221116493 25.056297528814092 0.6705898647625967
8200.86390573576 28.238061388859165 0.6387811209685426
8204.590437609852 29.255071280343444 0.6212560831466603
8208.316997507587 32.09749746097944 0.61226502565752
8212.044345634598 32.05026932000499 0.6011407145259252
8215.77224325696 34.981190035643344 0.5730951062441211
8219.499828636475 33.39892139320159 0.5880374847487061
8223.22835615897 32.04483078274998 0.5913949603926941
8226.957068508214 31.774836699071155 0.6144640936332622
8230.686735454427 36.82229189415229 0.5685322007398906
8234.415470207425 38.45275992371206 0.5383309609604562
8238.144763702549 39.68277677354589 0.5247385872031192
8241.874983252148 41.009901939085374 0.4983866700474485
8245.60518069102 43.59661441510974 0.4866595701621128
8249.335312821308 44.6346966316424 0.4950320907412143
8253.066525701615 43.205026336788485 0.5064516291235348
8256.798146972465 43.47669021404768 0.5014391970927313
8260.529864392227 43.78721220059368 0.4911924612274497
8264.261097184457 42.304638867298905 0.5152713844108859
8267.994273585064 43.700197721073486 0.5016016927375764
8271.72702376425 41.91057703681667 0.47469900499729367
8275.459991421561 39.989195587135036 0.4301399308467415
8279.193505314995 42.79624467424637 0.4005544786434253
8282.927171370025 39.11531723280505 0.3647245061531338
8286.661474410774 37.325594376618604 0.36810981616187116
8290.395286552986 35.4710149688329 0.3689237096044489
8294.130801650246 35.599629162846675 0.3488371166375202
8297.865835151755 31.77581543007479 0.4040539867119016
8301.60129736418 33.89085618540219 0.4163660810214234
8305.337015504912 30.528823197986256 0.4355753918372995
8309.073290645209 30.002793298337025 0.5158583702941806
8312.809875790874 29.151567076124003 0.5570020799174533
8316.546752833165 29.61271396575046 0.570891730901115
8320.283638963147 25.206816077585984 0.640396179905186
8324.021692522747 23.775446720854738 0.6892909864170296
8327.759465184798 25.54005831613843 0.6639289283073891
8331.49798948955 23.839076170959554 0.6919501470240887
8335.236278654795 21.73935291108141 0.611773724680921
8338.97546599147 20.665896904324306 0.4055789734072687
8342.714767073696 19.96388870070074 0.3812496772964228
8346.45465674945 18.569432525120405 0.3513097904104864
8350.19483481493 18.434950039125205 0.3420904679573181
8353.935282474566 22.592518781635476 0.4362394606366296
8357.67607656757 18.377719822759026 0.549848155254476
8361.417414120271 17.134859164859932 0.6242088589961514
8365.158706141336 16.51374165052534 0.7117433018946236
8368.900475203927 15.928693043227906 0.7292396409178101
8372.642939904092 16.5726680207282 0.7140665508494325
8376.385662522469 16.18077766495259 0.6825689640341807
8380.128734180937 16.59825734407771 0.6445146099908686
8383.871848818182 16.673468636376708 0.6489838614033836
8387.615499152647 17.404409510133814 0.6379291654127089
8391.359503221462 16.68146269689561 0.5487574356018899
8395.103946426687 18.863924924141877 0.4649783061135208
8398.848827174654 20.82743334590534 0.4401734161023841
8402.591810435879 21.565085921848862 0.4390228157342574
8406.339691643603 24.727028623766465 0.43226298775087063
8410.085505990619 25.914276846283062 0.49309810207483884
8413.83118761508 34.14997357838614 0.4460535672794821
8417.578534365744 35.60543230357558 0.45772338138307944
8421.324589196412 33.79939052744117 0.4301364729392491
8425.07309941832 34.79149442881305 0.3337946066243465
8428.833154617956 37.37145863543043 0.2738633179249553
8432.581239307465 45.93780633442482 0.2156512758730571
8436.328916845561 43.8408204108718 0.22244209930910785
8440.069248618223 45.759293317612105 0.2944388450023558
8443.815530395657 48.68827351578782 0.4092153931786365
8447.56508258003 52.030526999386254 0.3602920953052605
8451.315139161668 58.01283277666197 0.33638964404879124
8455.065812180348 60.11468815301418 0.3200824162062793
8458.816385219954 65.35759491093621 0.2687918761484807
8462.567580119561 67.45909119392505 0.25896625752081026
8466.319166356652 69.98550308062671 0.26231055152889954
8470.070951282276 68.0448968341155 0.2616194149218894
8473.823580657778 67.09315788060607 0.29094656415356945
8477.575926920315 61.41331458403245 0.3608445041199969
8481.32903367019 61.80668966620599 0.3622212607296508
8485.082470983705 60.462164645969494 0.3599040899291634
8488.836329749522 63.00380177975337 0.33793419326769963
8492.590604491352 59.644082279247755 0.3398613058308201
8496.345184865875 60.95502109227307 0.3218229916982009
8500.10004529981 58.57650413375954 0.29914843702126753
8503.85564483575 56.942687646435445 0.3191220164537154
8507.611398839965 62.825531049361814 0.30884432703522746
8511.367581401348 60.05187933578516 0.32251873961751903
8515.124159448784 65.45638995255406 0.33203775868574237
8518.880602324325 66.81585657515824 0.3353418406321189
8522.638237075795 70.58539555845748 0.32098125378138226
8526.395967367751 81.44874101632819 0.2935190697220156
8530.154159717571 86.43842071738898 0.2767784944352334
8533.912316579183 95.23548271395003 0.2522863978349107
8537.671476158202 104.12358758880336 0.2370558087868702
8541.430552065149 109.55482486702486 0.22112684709297098
8545.1903036706 116.3544300890731 0.20492111058080664
8548.95029705954 119.89191587344438 0.20188335251947284
8552.711452791375 126.68458170656389 0.19515894876953727
8556.471904824668 129.00743780120646 0.19151980564469728
8560.232967087979 137.2015220003569 0.186188813556943
8563.994783555157 139.91861295685845 0.18630215085820956
8567.756737897924 144.12152151677793 0.1780770655263343
8571.519465153862 146.79633573067798 0.17623126943408182
8575.28219635345 141.4488780135484 0.18168905876940883
8579.045656575761 149.9514775231066 0.1716934042880019
8582.80908617387 152.05082902056236 0.170579284125669
8586.573278478572 153.8726613677574 0.16995066788109345
8590.33778812808 156.29260525416723 0.16351032027382328
8594.102645735225 153.01371390812517 0.16713457455066197
8597.867784766877 148.40203105829318 0.17097264181445504
8601.636309334855 140.8749647335656 0.17734076860637166
8605.399847272696 136.19270781654592 0.18431371108177655
8609.166114403166 128.3288086527329 0.19107483224711175
8612.93323214044 129.0560046669284 0.18333560100022345
8616.700754616728 128.93610607534558 0.17507632448652094
8620.468129187742 128.90994647073276 0.16700377803863564
8624.236742395668 132.084835905438 0.15731371618907564
8628.004798123655 135.95636910480377 0.1512507849478674
8631.77439463043 131.022735905283 0.1520816333108784
8635.543814353448 136.45321712033828 0.15122476466712312
8639.311927223669 133.95003002058516 0.1590279239670449
8643.083604744907 125.11016206418964 0.16570501744097527
8646.854840941596 129.2197532468945 0.16307481968439697
8650.625551377834 122.0696393899093 0.1708776130547096
8654.399905393304 117.36760115324297 0.166606376368951
8658.16918534086 117.22082003350954 0.16540699169186993
8661.941584012782 120.96425813954585 0.16195129863892746
8665.711772935214 124.28171164856045 0.160703394868027
8669.48755143523 125.7864785409502 0.1616819353435251
8673.261074899649 127.53881299820655 0.1649910481134166
8677.033956226933 133.4707769288006 0.1639440168216235
8680.809806466208 143.53060991387784 0.15458771739743604
8684.581833151591 150.09490776068355 0.1506741626650763
8688.359899321576 148.06828471470845 0.15604076715727266
8692.135525373176 146.45471755355138 0.15890886653765876
8695.9117829299 144.68935864192622 0.16414391011026375
8699.688539062927 148.56244549042165 0.1610903925813098
8703.465363868534 148.86635236785534 0.1610216040751655
8707.246299148448 149.19135530328043 0.16068069292243373
8711.02068275337 146.27988655381327 0.16409291995746494
8714.799184666688 143.87633823875703 0.16332271214028776
8718.578106578996 140.7015581183052 0.1700140791278012
8722.357417617044 140.86974598997782 0.16951195367014454
8726.136771588024 136.89330885495946 0.1758691801951961
8729.917164120941 136.79556736327353 0.17362914275993055
8733.697585864416 140.23965254509042 0.16648702460556278
8737.478602723744 131.9188472288326 0.1740014737929422
8741.259905588799 135.1594211092036 0.1721354534733195
8745.041774981613 132.30508939850262 0.17916402267898865
8748.824205611574 132.3019582184834 0.17909399670480514
8752.606998883828 132.59492327514695 0.17295321216383247
8756.38993490362 134.50151109756425 0.15485135187928278
8760.173972058103 138.7489442522377 0.1391983897892116
8763.957884622927 133.08987441651755 0.12694578667376188
8767.742455929736 132.44439401069187 0.12524044506497362
8771.527302555452 124.68087918557724 0.1298363052110696
8775.312955249565 119.16563003901467 0.12865606633018153
8779.098776070203 116.56770718351694 0.1424001731095447
8782.88501651601 114.5284150171181 0.1522478471779277
8786.671724331396 113.51478768039395 0.15220311827103641
8790.459040568225 107.57973362544374 0.17716404109597006
8794.246460793545 107.92919408940385 0.18952528811161717
8798.03479398326 104.4900082580863 0.19060496311659453
8801.823439686314 100.77978000106255 0.20104375512533115
8805.61215901804 95.31471062267815 0.21785963918738205
8809.40193534383 93.7265001186602 0.2202021641409298
8813.191824018571 90.80964027406516 0.22296704581345758
8816.982327730377 94.09897331582704 0.21467018816197356
8820.773203079547 90.13436052554839 0.18665598417266474
8824.564535134641 96.68927042760964 0.14185626621862374
8828.356367620872 90.9425442531657 0.14185886895832622
8832.148744096012 94.00356798882379 0.1263861278570699
8835.94150275411 91.88447190714437 0.1293782340007729
8839.734523734422 90.85365323508421 0.1612158805405595
8843.528039093588 85.64744689456059 0.18417238756866977
8847.322470352976 88.59346340225247 0.19046179319339568
8851.116851552297 87.38921302347751 0.21178097014274097
8854.911964922236 87.52217407920968 0.21138087771459962
8858.707602037563 83.93504842673691 0.22241639471453142
8862.5033380601 85.03559493038411 0.21399541230576996
8866.299977793726 80.46372120215995 0.21178256658768316
8870.097000146121 77.41580353307162 0.21698160897230892
8873.894556199673 73.56298651222711 0.22251819697831995
8877.692216530604 66.02973575595858 0.2354098768859078
8881.490584586876 68.38495592361986 0.19924695227574934
8885.289562443742 71.68889639650803 0.17541633016873687
8889.08908759129 65.88961760983169 0.18340331312425287
8892.888430797864 63.17920530158122 0.18779238049752034
8896.689153125735 62.58328230021741 0.2003614281821378
8900.488916558385 53.826790824737394 0.2527128927354839
8904.290898465844 61.38975013995838 0.23070063947352923
8908.092981918473 58.72820576811431 0.23187066000589576
8911.89494352008 53.652810293940746 0.2366368412419282
8915.697658477036 53.77611348469786 0.2012415084651692
8919.500892903581 52.49269672789386 0.18714342651575638
8923.304567602192 49.228089883411336 0.19487358731249502
8927.108739193187 50.88308761682873 0.19337828925038736
8930.913593813642 45.08654542764162 0.22935409866544468
8934.718627693741 43.31034917471813 0.3167673792940962
8938.52460549723 47.257287065075936 0.2958911940234764
8942.330434454614 44.83700195856153 0.274121903844657
8946.136836352589 42.54301274586852 0.28416528483800374
8949.94513879204 44.53073441570874 0.2755515932117683
8953.747753122405 37.451910369037364 0.2585872889425266
8957.559979971837 40.00791172607581 0.22762266167229475
8961.368249521474 39.89412055747761 0.23012347338487596
8965.177453549335 36.23288087213601 0.237014254747507
8968.98644427257 38.838282116500196 0.2558423834929368
8972.797266692167 37.052682595167035 0.333242084180567
8976.610041321945 40.669442083784396 0.34979189705416597
8980.4192122658 37.09964920483122 0.34870898668089556
8984.230648172219 38.10100352261317 0.3348042987342529
8988.042557832008 33.09212704484106 0.3164746137720741
8991.854970719052 31.940799408315517 0.3313203541003129
8995.668473640877 33.70897998540421 0.3100361804775646
8999.482095839396 32.65111547531083 0.2741405846533216
9003.296290723583 34.691405996703686 0.2761554285620462
9007.110736670329 35.909337496460935 0.27954684876362496
9010.926013913082 31.414177536844356 0.28921995642058523
9014.741731531873 32.60272522147683 0.3284026025136659
9018.55797588178 33.09309680606213 0.36129957026389553
9022.374707976249 33.691492750796925 0.36556738219035473
9026.191826434695 37.26700307843594 0.3473380206929781
9030.009368560066 36.773033525774565 0.3483057031717297
9033.828012308239 37.70320858148036 0.33892024710790575
9037.646669377431 37.783570190029046 0.313187605708983
9041.46606446466 37.10073726384269 0.3070673552478066
9045.28572536893 39.95780232745096 0.28363823375663305
9049.105871393449 39.67886336400616 0.26873815354016434
9052.926819437633 36.986985654258696 0.28269637269453324
9056.748336316814 35.458665009367465 0.29684257271591935
9060.569977200184 35.79634292049842 0.30291267503784425
9064.392738643815 36.404815965470576 0.31466718625863477
9068.215741633476 34.05095060926449 0.3356992723423775
9072.03620286531 37.09574337897303 0.32166394109716057
9075.863172392099 33.73001800629883 0.33928660917376335
9079.687180138884 33.43505607859549 0.3497699878655546
9083.51281762284 35.28109814407919 0.3391892465229013
9087.338006236947 33.83303255407229 0.34501906906321334
9091.164486285263 35.278950522486014 0.3305202778526436
9094.991560124301 32.99059298654594 0.33061997195303056
9098.818150119725 32.87136543921485 0.31267676164240266
9102.646201253983 33.615206627763634 0.29765468936724926
9106.474540101268 34.42850259258111 0.30111301758286313
9110.303516274726 37.70075131751344 0.29617517081200356
9114.132498937393 36.21880036991132 0.3010597459011745
9117.96117939435 34.514941289288345 0.32396060148743866
9121.793344270356 34.18062426329933 0.3213192950252876
9125.624382423519 39.19568255728167 0.29664019854938606
9129.455570041822 35.72556403487092 0.31488386335893254
9133.287763068574 37.237198271183196 0.30395286898044493
9137.12044579785 33.621842705463244 0.3222453573759651
9140.953801466918 37.593213643659 0.3060644904245493
9144.78751588236 35.88238907805097 0.3117203497966347
9148.621777388767 34.74612089189317 0.2990268185114562
9152.456614780904 34.67872426704654 0.29187165123615316
9156.291917697396 34.93912906902234 0.2865707273987349
9160.128016910097 37.33618344467102 0.2757221845255831
9163.964432959949 35.62337244123552 0.28131733994620123
9167.801786460206 35.81800941304137 0.2834896328244745
9171.63950005932 37.677546513367176 0.279949130755347
9175.477347150727 38.56417524387163 0.27747476827989126
9179.316314552612 37.038370588149775 0.2842630102127302
9183.155787480628 33.52000891714736 0.2920106208814291
9186.995635047873 38.63816575105907 0.27352348174302954
9190.836085984458 35.44116472501066 0.2900104562292271
9194.677074156758 41.532177501003396 0.2699733715147458
9198.518615623854 35.59159338412331 0.2870986974984493
9202.360657725561 41.84434049325339 0.2621555203562751
9206.20626836529 47.50855854993056 0.2336787347785503
9210.04692249172 47.70295508623265 0.23704128055952634
9213.890784721201 41.79280092708002 0.2445795508920597
9217.73521809598 43.17248758628192 0.24184514235735965
9221.580407184123 45.738537942577096 0.2256318194816922
9225.425833832667 48.87260907590723 0.20846721750506592
9229.272052277729 52.394934763322155 0.19616205274368656
9233.118718323447 56.72593188089084 0.1809340370576897
9236.963664747607 52.52871803088591 0.1865276164086046
9240.81406669075 59.012326467809686 0.18874915008108903
9244.662227644601 58.923624801401864 0.1927982857857854
9248.511654071715 58.14216326348636 0.1993930273369328
9252.361171029595 61.94302248493813 0.1873690639254098
9256.211386264404 64.01099075281338 0.18080304596681554
9260.0622901485 70.34846535154736 0.1681134292996731
9263.913809212661 72.70408245215611 0.15800690114161858
9267.765752181629 71.99746490839347 0.15624218809828191
9271.618111217276 78.46247581749121 0.15051375978171738
9275.471499589861 87.779378863254 0.1427216328932238
9279.325333096476 81.8439361979136 0.15071185219221436
9283.179729669519 85.52520757441603 0.1462998103175136
9287.034624213764 78.65389406599724 0.15233397441174082
9290.890131073187 82.13059878439635 0.14104313202814972
9294.746485192505 84.01998951250171 0.13740068595586322
9298.602949799677 86.84143700751659 0.1347058066123383
9302.460479649733 81.96952701254192 0.13942300095514082
9306.318851133896 78.8052462298403 0.13213770358411195
9310.176998652369 81.03996830604257 0.11338000994195652
9314.036240438916 72.09203226107832 0.098800782364519
9317.896173514677 79.66520264480633 0.08434125976270453
9321.756380090867 74.59159326131905 0.08361061744081652
9325.617759213745 64.7450209580452 0.08722511584399023
9329.479193653706 60.43594576253436 0.09625856839479882
9333.34157000124 56.74697973217939 0.1195939964820891
9337.204100823385 49.99558874012875 0.13461717886130153
9341.06793155345 50.004890679901564 0.1434492887494095
9344.93171069053 43.92795897904384 0.17899814991107485
9348.796313693994 38.53522719385388 0.18862877289747143
9352.659193118223 42.625499970949896 0.17441957205874567
9356.527666277661 38.9758543993309 0.19423353440020813
9360.39421320952 37.20733152756185 0.2017095199972314
9364.261430441242 42.67919335589898 0.19432140619758823
9368.129291944046 38.251420278624664 0.20375220147499415
9371.997506256042 37.15792651984837 0.2003264423643873
9375.867817921742 29.383582232815776 0.17588313631514987
9379.736460362441 34.92646611462891 0.103832989722601
9383.606715579137 29.503360564857406 0.09663006204817201
9387.477645902361 31.861141142696717 0.09729449554211793
9391.34937149556 32.39268080718967 0.10440101005427276
9395.221454258484 36.163569773391885 0.13645573383845677
9399.094265665059 30.28354976648235 0.19726310191861118
9402.967472299662 36.095884176393454 0.18983204848062638
9406.841836787427 32.19083732936785 0.17308821363191412
9410.71658623695 38.4818355097171 0.15365912397484957
9414.592087944007 32.60663398967921 0.16945468203242084
9418.467856809282 32.89588127812812 0.16909081901226333
9422.344679075217 39.68323300401051 0.15222441688577387
9426.221798514813 36.8688759659339 0.14669000409261942
9430.099805389742 39.677963048261596 0.14393191609437694
9433.978291194484 32.322411504962346 0.14871155522365476
9437.857908600014 31.932411200524506 0.1473042582607293
9441.73705806491 32.95053421684579 0.14093029117663783
9445.617828404138 37.836372242111075 0.10445418484028526
9449.499179688188 35.17457328387863 0.10749244829329903
9453.38101366515 41.15311770735722 0.10292679476410234
9457.26341462547 36.55497253755033 0.11241323547146585
9461.146800159155 39.358576182570495 0.12495846964948822
9465.030165067046 38.76916851397433 0.12513334182525196
9468.914598092164 39.32393047338281 0.11803140463475441
9472.799949186605 40.80119363321513 0.11554553672642788
9476.685761205315 43.4549702629764 0.11689010178630228
9480.572212087081 38.86463428331723 0.11815153465468323
9484.456739329058 41.38815706214614 0.09866334186304368
9488.346941004287 37.257387988012965 0.10123087921734066
9492.235524481712 43.36269259018027 0.09345113311744323
9496.124428455343 37.96075196870496 0.1066277157843872
9500.014278237157 39.93005958351688 0.12803474342073645
9503.904686506461 38.37913801551072 0.13606838158069748
9507.795609457755 38.45115052484088 0.1258134330386596
9511.687498813568 36.655447078342334 0.11920957076758337
9515.57991795226 40.48234476296516 0.11407694967161677
9519.473135041231 45.789473336973884 0.10849055893367603
9523.363810864725 44.49639373716404 0.10431891733983646
9527.261443990841 44.76791712607827 0.10500423106097993
9531.156700073634 39.33811987884372 0.10867223400187496
9535.052214048106 36.8425847111308 0.11272784622334824
9538.949011063782 37.53705702705553 0.11815660690455658
9542.846024163515 37.40280669690354 0.1266015723714912
9546.743892831339 37.278683024693734 0.1334852174990695
9550.642360725806 38.370384997221265 0.13274214268461226
9554.541866507434 39.37429709909602 0.12456386741361038
9558.441798426653 33.9236733529694 0.11688993185114155
9562.3423733962 39.002936520650536 0.10328931833108396
9566.243931815347 33.58025128447951 0.10914192543936611
9570.1457912457 31.71199210943306 0.10978598587102889
9574.04842534708 33.32230414687401 0.09605937369206727
9577.951744972233 30.550869126779595 0.0966954520403087
9581.856041730667 33.3347711900882 0.09134220200872542
9585.760730363188 33.935380182236976 0.09113604837303649
9589.666401352333 34.537013306867884 0.09625015394203125
9593.572657682013 32.95775054746327 0.11379355480848732
9597.47909379942 30.563647549593718 0.12272260691277576
9601.386921442387 26.499154194651418 0.12882865412014136
9605.29552911726 25.443257406760658 0.1366245507676353
9609.204427287412 26.191847222129745 0.1317702761439771
9613.114189210324 30.2324757028058 0.12474450020008948
9617.024276619983 31.855267941115038 0.11009692230125362
9620.93585267396 25.93085394015818 0.10981849617898413
9624.847568394462 31.393127637258964 0.10098863088465901
9628.760417714455 32.90873614769677 0.095729928770685
9632.676528152402 27.444530978027764 0.10182383921582318
9636.587909648795 30.098316879743063 0.10150690977437132
9640.502423841823 32.372353657669564 0.09904208504178172
9644.417618769998 30.946816052514304 0.10550040189873736
9648.334242413195 30.679087007561368 0.10593720586524576
9652.250984341796 30.335629803935863 0.10219105228323554
9656.168424535857 39.305415840635064 0.09355968931600793
9660.086855203015 39.162118646812026 0.08992370657166625
9664.00628187631 39.992788123647784 0.08980567706463834
9667.926202532166 41.285997938678996 0.09038647908672481
9671.846673000873 41.090979044178376 0.08663858986453307
9675.767474900143 43.61258545733089 0.08045778510613658
9679.689793574473 37.86426268848145 0.07661437050476454
9683.612396063554 44.81675586827383 0.06993526046506292
9687.536049315844 38.57369757083302 0.06781270648105349
9691.459929112241 47.23773650931836 0.05779783291289608
9695.385401559113 46.391985919089564 0.060854473925856384
9699.311170027257 36.308558751338495 0.06293969268774749
9703.237384088568 44.59985945829322 0.05973869284909541
9707.16457814728 46.70990312121854 0.05754648044144084
9711.09271385286 44.99436659279291 0.05503782046767109
