# OBJECT=ZTF22aapubuy
# RA=8.6903808
# DEC=-8.3867056
# DATE-OBS=2022-08-06T04:43:26.510
# JD=2459797.69683461
# MJD=59797.19683461
# EXPTIME=300
# TELESCOPE=NOT
# INSTRUMENT=ALFOSC
# SLIT=Slit_1.0
# DISERPER=Grism_4
# OBSERVER=Meghana Killi, Natalie Allen, Kate Gould, Dazhi Zhou
# REDUCER=Johan Fynbo
# PROPID=65-802
# COLUMNS: WAVE FLUX FLUX_ERR
3566.3535 1.851735e-15 3.5340034e-15
3569.8396 2.2398918e-15 1.8485365e-15
3573.326 2.1833488e-15 1.8549685e-15
3576.812 -2.8269272e-16 3.4993963e-15
3580.298 4.012736e-16 2.1338933e-15
3583.7844 1.2495803e-15 3.0482408e-15
3587.2705 2.9647822e-15 2.172615e-15
3590.7566 2.8304461e-15 1.1300044e-15
3594.243 2.0336363e-15 2.6335961e-15
3597.729 1.7803915e-15 1.9182946e-15
3601.215 1.7604324e-15 2.265231e-15
3604.7014 1.93905e-15 1.9195063e-15
3608.1875 2.5231333e-15 1.2137731e-15
3611.6736 2.8540894e-15 1.9044068e-15
3615.16 1.974898e-15 1.7579365e-15
3618.646 4.4422304e-16 2.572141e-15
3622.132 1.7169646e-15 1.6479389e-15
3625.6184 1.8239296e-15 1.4902683e-15
3629.1045 2.3866348e-15 1.7348466e-15
3632.5906 2.809494e-15 1.7933598e-15
3636.077 2.8104407e-15 1.9582252e-15
3639.563 2.9353645e-15 1.4885193e-15
3643.049 1.876381e-15 1.1455226e-15
3646.5354 1.3763533e-15 1.4470373e-15
3650.0215 1.1323637e-15 1.7847901e-15
3653.5076 2.0315253e-15 4.4348123e-16
3656.994 1.6176704e-15 8.8503926e-16
3660.48 1.1327857e-15 1.3454607e-15
3663.966 1.7894005e-15 1.4842816e-15
3667.4524 1.90894e-15 1.2293587e-15
3670.9385 1.2738426e-15 1.296749e-15
3674.4248 1.7744064e-15 8.8705287e-16
3677.911 2.17091e-15 9.122445e-16
3681.397 6.827215e-16 1.597795e-15
3684.8833 1.5807351e-15 1.1633646e-15
3688.3694 1.4435087e-15 8.236933e-16
3691.8555 1.9274343e-15 8.3563284e-16
3695.3418 1.6215275e-15 1.381122e-15
3698.828 1.433138e-15 1.5324503e-15
3702.314 1.95148e-15 1.0893756e-15
3705.8003 1.7788713e-15 9.660706e-16
3709.2864 2.2625919e-15 1.304036e-15
3712.7725 2.0603992e-15 9.794362e-16
3716.2588 1.747796e-15 1.1624631e-15
3719.7449 1.9365725e-15 1.0505532e-15
3723.231 2.6057027e-15 7.99924e-16
3726.7173 1.8666762e-15 1.0574142e-15
3730.2034 2.0111103e-15 8.669779e-16
3733.6895 3.8569937e-15 4.9427443e-16
3737.1758 2.819061e-15 7.891079e-16
3740.6619 2.076253e-15 8.3782586e-16
3744.148 3.0515558e-15 6.887075e-16
3747.6343 2.6071075e-15 8.995472e-16
3751.1204 2.3850284e-15 1.028348e-15
3754.6064 1.3306196e-15 1.0480869e-15
3758.0928 1.9784962e-15 1.0033653e-15
3761.5789 2.489725e-15 5.2587045e-16
3765.065 1.7860973e-15 7.137733e-16
3768.5513 1.6018812e-15 7.69051e-16
3772.0374 1.8038202e-15 6.443204e-16
3775.5234 1.3795337e-15 7.7170493e-16
3779.0098 1.7202681e-15 9.296477e-16
3782.4958 1.4974769e-15 6.3365164e-16
3785.982 1.4529546e-15 6.3886793e-16
3789.4683 1.7794845e-15 7.015786e-16
3792.9543 1.0474448e-15 9.570051e-16
3796.4404 1.953135e-15 5.9680814e-16
3799.9268 1.1932236e-15 5.72171e-16
3803.4128 1.1115527e-15 8.945555e-16
3806.899 1.5122423e-15 4.7930815e-16
3810.3853 1.5979554e-15 5.3302317e-16
3813.8713 1.1677108e-15 7.5082133e-16
3817.3574 1.5974784e-15 6.849034e-16
3820.8438 1.1292795e-15 5.4331377e-16
3824.3298 1.4273797e-15 5.2345837e-16
3827.816 1.2374093e-15 5.433694e-16
3831.3022 1.3140355e-15 5.127091e-16
3834.7883 1.0633545e-15 7.4100454e-16
3838.2744 1.0503951e-15 7.824127e-16
3841.7607 1.1272281e-15 7.0561804e-16
3845.2468 8.089249e-16 6.059429e-16
3848.733 1.0819317e-15 3.8291183e-16
3852.2192 9.764893e-16 5.7420056e-16
3855.7053 1.2518967e-15 4.900468e-16
3859.1914 7.3048894e-16 5.5393737e-16
3862.6777 1.3376664e-15 5.73272e-16
3866.1638 1.1243769e-15 4.9521395e-16
3869.65 1.3918684e-15 3.8624652e-16
3873.1362 1.1001805e-15 4.644462e-16
3876.6223 1.4026234e-15 4.465354e-16
3880.1084 1.3572799e-15 5.545936e-16
3883.5947 1.7077145e-15 3.9520998e-16
3887.0808 1.5496962e-15 4.2607314e-16
3890.5671 1.4020342e-15 5.242357e-16
3894.0532 1.6883945e-15 3.6170496e-16
3897.5393 1.5700531e-15 5.207006e-16
3901.0256 1.766612e-15 5.241492e-16
3904.5117 1.8898982e-15 4.4522164e-16
3907.9978 2.218161e-15 4.4191096e-16
3911.4841 2.3592055e-15 4.7196475e-16
3914.9702 2.4217144e-15 4.36098e-16
3918.4563 2.4352864e-15 5.5777633e-16
3921.9426 2.4639587e-15 5.2824527e-16
3925.4287 2.908199e-15 3.1686687e-16
3928.9148 2.965295e-15 3.937572e-16
3932.4011 2.6312462e-15 4.2996253e-16
3935.8872 2.781704e-15 4.2489888e-16
3939.3733 2.7605757e-15 3.8853576e-16
3942.8596 2.860711e-15 3.9058645e-16
3946.3457 2.9745847e-15 5.1451285e-16
3949.8318 3.3997694e-15 3.992392e-16
3953.318 3.0851917e-15 3.9178765e-16
3956.8042 3.0122942e-15 3.4480713e-16
3960.2903 3.3418793e-15 3.67709e-16
3963.7766 3.3535648e-15 3.2656593e-16
3967.2627 3.7379894e-15 2.5812548e-16
3970.7488 3.724397e-15 3.3013257e-16
3974.235 3.5251197e-15 4.712981e-16
3977.7212 3.885073e-15 3.5394563e-16
3981.2073 3.81248e-15 3.9182884e-16
3984.6936 3.6527754e-15 3.926199e-16
3988.1797 4.0935247e-15 2.8354288e-16
3991.6658 3.6437972e-15 4.0993454e-16
3995.152 4.134031e-15 2.7155318e-16
3998.6382 3.9961405e-15 2.7233364e-16
4002.1243 3.724937e-15 3.8187228e-16
4005.6106 4.079802e-15 3.1016205e-16
4009.0967 4.168682e-15 3.5251555e-16
4012.5828 3.646641e-15 4.6399946e-16
4016.069 3.8380003e-15 3.603766e-16
4019.5552 4.2459983e-15 3.2618974e-16
4023.0413 4.199161e-15 3.5743094e-16
4026.5276 4.1754396e-15 2.9511388e-16
4030.0137 3.871711e-15 3.0968337e-16
4033.4998 3.9840843e-15 3.8936974e-16
4036.986 3.9944587e-15 3.8382737e-16
4040.4722 4.014497e-15 4.807214e-16
4043.9583 3.7718407e-15 3.3054098e-16
4047.4446 3.7628833e-15 3.4314186e-16
4050.9307 3.917062e-15 3.8201027e-16
4054.4167 3.760302e-15 3.4652025e-16
4057.903 3.561328e-15 3.075218e-16
4061.3892 3.1265324e-15 4.163705e-16
4064.8752 3.375304e-15 4.168148e-16
4068.3616 3.363569e-15 3.4894901e-16
4071.8477 3.1404807e-15 3.4081774e-16
4075.3337 3.383468e-15 3.061466e-16
4078.82 3.1197231e-15 3.7942023e-16
4082.3062 3.2277287e-15 3.7894219e-16
4085.7922 2.9234281e-15 3.6302718e-16
4089.2786 2.7237755e-15 3.8459602e-16
4092.7646 2.8025066e-15 2.8293328e-16
4096.251 2.4302915e-15 3.0202087e-16
4099.737 2.6938826e-15 2.2308664e-16
4103.223 2.4232084e-15 3.069088e-16
4106.7095 2.2477756e-15 3.933911e-16
4110.1953 2.2941466e-15 3.2059175e-16
4113.6816 2.4319716e-15 3.547773e-16
4117.168 2.5106196e-15 2.9260324e-16
4120.654 2.3469701e-15 2.5886904e-16
4124.14 2.5809947e-15 2.4700463e-16
4127.6265 2.625368e-15 3.3067547e-16
4131.1123 2.832259e-15 2.6775707e-16
4134.5986 2.7833016e-15 3.0194586e-16
4138.085 2.6486468e-15 2.893806e-16
4141.571 2.7065659e-15 2.9812704e-16
4145.057 2.4981951e-15 3.18482e-16
4148.5435 2.6478796e-15 2.8844847e-16
4152.0293 2.3967259e-15 3.8670379e-16
4155.5156 2.373773e-15 2.6999061e-16
4159.002 2.503043e-15 3.0533987e-16
4162.488 2.3047328e-15 2.7304234e-16
4165.974 2.369901e-15 3.0337636e-16
4169.4604 2.3875468e-15 3.0152795e-16
4172.9463 2.5390588e-15 2.7766486e-16
4176.4326 2.5462945e-15 3.4960681e-16
4179.919 2.651075e-15 3.0905405e-16
4183.405 2.7848753e-15 2.639691e-16
4186.891 2.8424285e-15 3.1288825e-16
4190.3774 2.8698334e-15 3.8161558e-16
4193.8633 2.9190763e-15 3.6310574e-16
4197.3496 3.1190906e-15 2.673628e-16
4200.836 2.964939e-15 2.6845277e-16
4204.3223 2.6119483e-15 2.7646282e-16
4207.808 2.770528e-15 2.9064265e-16
4211.2944 2.3481246e-15 3.012933e-16
4214.781 2.6652927e-15 2.736909e-16
4218.2666 2.6063816e-15 2.999809e-16
4221.753 2.4279331e-15 3.362681e-16
4225.2393 2.5367845e-15 2.6401837e-16
4228.725 2.6575964e-15 2.1705877e-16
4232.2114 2.5099797e-15 2.3202212e-16
4235.6978 2.3559093e-15 2.7363516e-16
4239.1836 2.5334211e-15 3.4237286e-16
4242.67 2.6540731e-15 3.0272132e-16
4246.1562 2.6292322e-15 2.956695e-16
4249.642 2.8631982e-15 2.6479573e-16
4253.1284 2.6667829e-15 2.7484477e-16
4256.6147 2.8121324e-15 2.7774364e-16
4260.1006 2.7109313e-15 2.7407334e-16
4263.587 2.6532617e-15 2.966766e-16
4267.073 2.9262238e-15 1.7615882e-16
4270.559 2.5890913e-15 3.1582418e-16
4274.0454 2.8020724e-15 2.8951022e-16
4277.5317 2.7453024e-15 2.7026037e-16
4281.0176 2.7649197e-15 2.0413734e-16
4284.504 2.67293e-15 2.9156925e-16
4287.99 2.8863628e-15 2.9605056e-16
4291.476 2.6670272e-15 3.1942986e-16
4294.9624 2.8479065e-15 2.6708132e-16
4298.4487 2.8410821e-15 3.3093482e-16
4301.9346 2.8421123e-15 3.251579e-16
4305.421 2.738773e-15 3.0675012e-16
4308.907 2.7507522e-15 2.9040985e-16
4312.393 2.784413e-15 3.0493943e-16
4315.8794 2.7886745e-15 2.9750388e-16
4319.3657 2.7997785e-15 2.8829351e-16
4322.8516 2.8280435e-15 2.8872386e-16
4326.338 3.0345267e-15 2.7552012e-16
4329.824 2.9660373e-15 2.7526977e-16
4333.31 2.955738e-15 2.4200118e-16
4336.7964 3.0012656e-15 2.5772465e-16
4340.2827 3.0962646e-15 2.245824e-16
4343.7686 3.304766e-15 3.1547057e-16
4347.255 3.3351253e-15 2.3437923e-16
4350.741 3.234726e-15 2.2534292e-16
4354.227 3.3386373e-15 2.2325983e-16
4357.7134 3.4398463e-15 2.6693235e-16
4361.1997 3.5370546e-15 2.680545e-16
4364.6855 3.4471397e-15 2.9627248e-16
4368.172 3.6652966e-15 2.4181742e-16
4371.658 3.5367518e-15 2.5287412e-16
4375.144 3.4542832e-15 2.1932898e-16
4378.6304 3.349919e-15 2.8036497e-16
4382.1167 3.4060838e-15 2.556365e-16
4385.6025 3.2415851e-15 2.1666104e-16
4389.089 3.0739563e-15 2.5004405e-16
4392.575 3.031515e-15 2.1161488e-16
4396.061 2.849386e-15 2.4548137e-16
4399.5474 3.0811003e-15 2.2129449e-16
4403.0337 2.9816485e-15 2.3599796e-16
4406.5195 2.8713947e-15 2.387734e-16
4410.006 2.4869866e-15 2.9718418e-16
4413.492 2.4752312e-15 3.0814222e-16
4416.978 2.474137e-15 3.031899e-16
4420.4644 2.2368783e-15 2.5963193e-16
4423.9507 2.2043645e-15 2.4599777e-16
4427.4365 2.0776253e-15 3.216241e-16
4430.923 2.2034734e-15 2.5432662e-16
4434.409 2.1846947e-15 2.3043013e-16
4437.895 2.0026669e-15 2.9820525e-16
4441.3813 2.0493848e-15 3.0700222e-16
4444.8677 1.9876187e-15 2.8579037e-16
4448.3535 1.9169453e-15 2.7886739e-16
4451.84 2.0080182e-15 2.5773098e-16
4455.326 1.9674028e-15 2.625535e-16
4458.812 2.0923914e-15 2.260546e-16
4462.2983 1.8775237e-15 3.133354e-16
4465.7847 1.9603898e-15 2.4374832e-16
4469.2705 2.087176e-15 2.2610271e-16
4472.757 2.0957706e-15 2.0275628e-16
4476.243 1.9480494e-15 2.960937e-16
4479.729 1.995484e-15 2.995398e-16
4483.2153 1.9384489e-15 2.2907352e-16
4486.7017 2.050998e-15 2.2309466e-16
4490.1875 2.0124586e-15 2.7706135e-16
4493.674 2.0771313e-15 3.0088177e-16
4497.16 2.259046e-15 2.623759e-16
4500.646 2.2994749e-15 2.6213062e-16
4504.1323 2.449023e-15 2.4432702e-16
4507.6187 2.321063e-15 2.7115605e-16
4511.1045 2.6119961e-15 2.6896912e-16
4514.591 2.5594655e-15 2.6607912e-16
4518.077 2.8727967e-15 2.5954387e-16
4521.563 2.9832807e-15 2.5587814e-16
4525.0493 3.138883e-15 2.7235767e-16
4528.5356 3.071368e-15 2.9040797e-16
4532.0215 3.1560456e-15 2.7457439e-16
4535.508 3.1780875e-15 2.5802942e-16
4538.994 3.2207477e-15 2.7821358e-16
4542.48 3.2922851e-15 2.6272342e-16
4545.9663 3.1562292e-15 2.9731354e-16
4549.4526 3.2463455e-15 2.8169772e-16
4552.9385 3.106299e-15 2.7742142e-16
4556.425 3.276733e-15 2.6407626e-16
4559.911 3.2846858e-15 2.339005e-16
4563.397 3.507979e-15 2.4671325e-16
4566.8833 3.6172106e-15 2.4431604e-16
4570.3696 3.7404293e-15 2.380807e-16
4573.8555 3.724655e-15 2.7074794e-16
4577.342 3.7315486e-15 2.6817513e-16
4580.828 3.8083237e-15 2.5801825e-16
4584.314 4.088991e-15 2.4002603e-16
4587.8003 3.886588e-15 2.9363287e-16
4591.2866 4.009525e-15 2.3023592e-16
4594.7725 4.275059e-15 2.422084e-16
4598.259 4.152574e-15 2.5364198e-16
4601.745 4.5392703e-15 2.33262e-16
4605.231 4.7919703e-15 2.1795562e-16
4608.7173 4.834665e-15 2.3046395e-16
4612.2036 4.793635e-15 2.6567628e-16
4615.6895 4.89076e-15 2.6206993e-16
4619.176 4.833036e-15 2.4200089e-16
4622.662 4.877862e-15 2.2603463e-16
4626.1484 4.616207e-15 2.6982285e-16
4629.6343 4.8511224e-15 2.1169133e-16
4633.1206 4.800973e-15 2.2450876e-16
4636.607 4.7271066e-15 2.8031647e-16
4640.093 4.785202e-15 2.7343407e-16
4643.579 4.695192e-15 2.2300914e-16
4647.0654 4.765684e-15 2.3777893e-16
4650.5513 4.6623645e-15 2.339809e-16
4654.0376 4.6675408e-15 2.653876e-16
4657.524 4.7594383e-15 2.6079856e-16
4661.01 4.74795e-15 2.4354648e-16
4664.496 4.7454004e-15 2.257351e-16
4667.9824 4.926466e-15 2.3743337e-16
4671.4683 4.9309748e-15 2.4007505e-16
4674.9546 5.1098592e-15 2.5590866e-16
4678.441 5.1468526e-15 2.2969522e-16
4681.927 5.159032e-15 2.1195014e-16
4685.413 5.0506525e-15 2.704357e-16
4688.8994 4.8992767e-15 2.663611e-16
4692.3853 4.993234e-15 2.2299826e-16
4695.8716 4.8319477e-15 2.6907905e-16
4699.358 4.577984e-15 2.550485e-16
4702.8438 4.508572e-15 2.419489e-16
4706.33 4.3482762e-15 2.4700209e-16
4709.8164 4.288411e-15 2.403986e-16
4713.3022 4.1080386e-15 2.3876848e-16
4716.7886 4.145233e-15 2.4077227e-16
4720.275 3.882497e-15 2.297976e-16
4723.7607 3.689252e-15 2.4608036e-16
4727.247 3.568666e-15 2.0142508e-16
4730.7334 3.5313676e-15 2.2066336e-16
4734.219 3.398362e-15 2.4304065e-16
4737.7056 3.1535958e-15 2.2673958e-16
4741.192 3.1102885e-15 2.200047e-16
4744.6777 3.0435857e-15 2.072891e-16
4748.164 2.95848e-15 1.8996129e-16
4751.6504 3.0762877e-15 2.064362e-16
4755.136 2.9908911e-15 2.2176896e-16
4758.6226 2.8102959e-15 2.1727557e-16
4762.109 2.8868228e-15 1.9570466e-16
4765.5947 2.9262987e-15 2.0423733e-16
4769.081 2.7178255e-15 2.2476043e-16
4772.5674 2.7610381e-15 1.983298e-16
4776.053 2.6314019e-15 1.912426e-16
4779.5396 2.60732e-15 1.9703314e-16
4783.026 2.421804e-15 1.8508676e-16
4786.5117 2.5039963e-15 2.1080738e-16
4789.998 2.4058457e-15 2.0258925e-16
4793.4844 2.4681278e-15 2.2823432e-16
4796.97 2.3920738e-15 2.3089658e-16
4800.4565 2.4021117e-15 2.1421668e-16
4803.943 2.2658074e-15 2.2512415e-16
4807.4287 2.1816934e-15 2.1336595e-16
4810.915 2.2141691e-15 2.2628665e-16
4814.4014 2.0710608e-15 2.2459433e-16
4817.887 2.0509374e-15 2.4867042e-16
4821.3735 2.0686154e-15 2.40298e-16
4824.86 1.924305e-15 2.304245e-16
4828.3457 1.8998324e-15 2.1804717e-16
4831.832 1.7162948e-15 2.2657623e-16
4835.3184 1.9355205e-15 2.0069989e-16
4838.804 1.971927e-15 1.8874654e-16
4842.2905 2.0077633e-15 1.7584812e-16
4845.777 1.9535229e-15 2.2709795e-16
4849.2627 2.0344548e-15 1.820927e-16
4852.749 2.3088174e-15 2.0760725e-16
4856.2354 2.2384173e-15 2.0126252e-16
4859.721 2.6316265e-15 2.0801054e-16
4863.2075 2.740662e-15 2.2436714e-16
4866.694 2.824261e-15 2.1724084e-16
4870.1797 2.9905525e-15 1.9214732e-16
4873.666 3.1651535e-15 2.0207515e-16
4877.1523 3.1891316e-15 2.0404531e-16
4880.638 3.017324e-15 2.0317789e-16
4884.1245 3.0418395e-15 2.1375258e-16
4887.611 2.8763932e-15 2.460729e-16
4891.0967 2.7642003e-15 2.5957814e-16
4894.583 2.738249e-15 2.3427274e-16
4898.0693 2.669833e-15 2.1948651e-16
4901.555 2.5561637e-15 2.157948e-16
4905.0415 2.4930666e-15 1.9540321e-16
4908.528 2.3679062e-15 2.0865689e-16
4912.0137 2.2064647e-15 2.1253489e-16
4915.5 2.282568e-15 1.7103402e-16
4918.9863 2.2002524e-15 1.9430471e-16
4922.472 2.1293157e-15 1.7622224e-16
4925.9585 2.1563259e-15 2.0489407e-16
4929.445 2.2766806e-15 2.0919909e-16
4932.9307 2.372473e-15 1.7777813e-16
4936.417 2.4230182e-15 2.0459422e-16
4939.9033 2.6112613e-15 1.8485742e-16
4943.389 2.820916e-15 1.830007e-16
4946.8755 2.9055022e-15 1.8895626e-16
4950.362 3.1544212e-15 1.9004837e-16
4953.8477 3.4728876e-15 1.911938e-16
4957.334 3.616877e-15 2.0870689e-16
4960.8203 3.6790423e-15 1.9054547e-16
4964.306 3.6500916e-15 1.8503823e-16
4967.7925 3.760989e-15 1.8073167e-16
4971.279 3.8380435e-15 2.0453978e-16
4974.7646 3.7196207e-15 2.0304548e-16
4978.251 3.6600294e-15 1.94825e-16
4981.7373 3.558927e-15 2.0707457e-16
4985.223 3.4415954e-15 2.1663805e-16
4988.7095 3.672978e-15 1.7937963e-16
4992.196 3.7434363e-15 1.8454707e-16
4995.6816 3.6508505e-15 1.9506266e-16
4999.168 3.5724042e-15 2.0916519e-16
5002.6543 3.6265546e-15 2.2069401e-16
5006.14 3.8231455e-15 2.088384e-16
5009.6265 3.6401847e-15 2.0903491e-16
5013.113 3.9014994e-15 1.7174124e-16
5016.5986 3.7790947e-15 1.6751112e-16
5020.085 3.8468323e-15 1.6330586e-16
5023.5713 3.7948694e-15 1.9965559e-16
5027.057 3.7810445e-15 2.1490201e-16
5030.5435 3.9308626e-15 2.3103046e-16
5034.03 3.8582334e-15 1.7992156e-16
5037.516 3.658632e-15 2.2121736e-16
5041.002 3.5977724e-15 1.9733194e-16
5044.4883 3.476025e-15 1.9436948e-16
5047.9746 3.315372e-15 2.0643543e-16
5051.4604 3.1394444e-15 1.9311438e-16
5054.947 2.9769706e-15 2.1047916e-16
5058.433 2.7559477e-15 1.9615711e-16
5061.919 2.525498e-15 1.914966e-16
5065.4053 2.3405672e-15 2.011241e-16
5068.8916 2.2564039e-15 1.9284755e-16
5072.3774 2.2334865e-15 1.8991319e-16
5075.864 2.0925864e-15 2.0628778e-16
5079.35 2.1433127e-15 1.7481184e-16
5082.836 2.1134018e-15 1.7871151e-16
5086.3223 2.223759e-15 1.805273e-16
5089.8086 2.2806616e-15 2.0123747e-16
5093.2944 2.371228e-15 1.9343703e-16
5096.781 2.4570482e-15 1.8585486e-16
5100.267 2.4401052e-15 1.5352861e-16
5103.753 2.4100495e-15 1.7791825e-16
5107.2393 2.4869218e-15 1.8570026e-16
5110.7256 2.6112419e-15 1.6366044e-16
5114.2114 2.508291e-15 1.8070315e-16
5117.6978 2.530533e-15 2.0702613e-16
5121.184 2.6142573e-15 1.6093356e-16
5124.67 2.5167335e-15 1.6464757e-16
5128.1562 2.5841838e-15 1.4312926e-16
5131.6426 2.5780242e-15 1.7309465e-16
5135.1284 2.5774965e-15 1.729929e-16
5138.6147 2.5189752e-15 1.7892649e-16
5142.101 2.5368597e-15 2.0035813e-16
5145.587 2.5631266e-15 1.8856301e-16
5149.073 2.5126445e-15 2.021313e-16
5152.5596 2.5803512e-15 1.7567527e-16
5156.0454 2.8041716e-15 1.9820886e-16
5159.5317 2.7426791e-15 1.7142543e-16
5163.018 2.7994793e-15 1.7719364e-16
5166.504 2.948321e-15 1.6614583e-16
5169.99 2.8325345e-15 1.6951358e-16
5173.4766 2.897715e-15 1.6470663e-16
5176.9624 3.052292e-15 1.6912398e-16
5180.4487 2.9714714e-15 1.8895514e-16
5183.935 2.9887782e-15 1.6968824e-16
5187.421 3.0340201e-15 1.6050214e-16
5190.907 3.087326e-15 1.7053833e-16
5194.3936 3.0351844e-15 2.0212181e-16
5197.8794 3.303237e-15 1.5227495e-16
5201.3657 3.3362171e-15 1.5376639e-16
5204.852 3.2283447e-15 1.4444383e-16
5208.338 3.327172e-15 1.5625806e-16
5211.824 3.3546539e-15 1.915177e-16
5215.3105 3.3810589e-15 1.722397e-16
5218.7964 3.3781607e-15 1.5797745e-16
5222.2827 3.2996084e-15 1.7879313e-16
5225.769 3.2990544e-15 1.8534727e-16
5229.255 3.3016036e-15 1.8144741e-16
5232.741 3.348575e-15 1.7535592e-16
5236.2275 3.4848676e-15 1.4629962e-16
5239.7134 3.5545657e-15 1.405711e-16
5243.1997 3.611873e-15 1.7046962e-16
5246.686 3.599361e-15 1.7183685e-16
5250.172 3.8537462e-15 1.430675e-16
5253.658 3.903301e-15 1.5536824e-16
5257.1445 3.9207605e-15 1.5424883e-16
5260.6304 4.0165455e-15 1.6224249e-16
5264.1167 3.920088e-15 1.830762e-16
5267.603 4.0197914e-15 1.7194102e-16
5271.089 4.0368985e-15 1.7375115e-16
5274.575 4.0832706e-15 1.5812203e-16
5278.0615 3.9933783e-15 1.7899995e-16
5281.5474 4.174915e-15 1.6378716e-16
5285.0337 4.42825e-15 1.7721479e-16
5288.52 4.560023e-15 1.5529686e-16
5292.006 4.4215497e-15 1.6343023e-16
5295.492 4.6139566e-15 1.5889266e-16
5298.9785 4.782819e-15 1.5229791e-16
5302.4644 4.7243055e-15 1.8930902e-16
5305.9507 4.6606467e-15 1.5732826e-16
5309.437 4.6780634e-15 1.5171723e-16
5312.923 4.6755854e-15 1.5267569e-16
5316.409 4.743757e-15 1.4252708e-16
5319.8955 4.524194e-15 1.487027e-16
5323.3813 4.529319e-15 1.6389677e-16
5326.8677 4.605805e-15 1.6737575e-16
5330.354 4.551053e-15 1.5089543e-16
5333.84 4.5635933e-15 1.775153e-16
5337.326 4.6011562e-15 1.7063918e-16
5340.8125 4.721114e-15 1.6246817e-16
5344.2983 4.724482e-15 1.5668435e-16
5347.7847 4.7908353e-15 1.5601823e-16
5351.271 4.928357e-15 1.6970832e-16
5354.757 5.0241213e-15 1.6883352e-16
5358.243 4.8336744e-15 1.8323362e-16
5361.7295 4.865012e-15 1.6024049e-16
5365.2153 4.873318e-15 1.6210874e-16
5368.7017 4.898126e-15 1.4697818e-16
5372.188 4.7634046e-15 1.3609016e-16
5375.674 4.91824e-15 1.4693091e-16
5379.16 4.754501e-15 1.4305432e-16
5382.6465 4.7764247e-15 1.3695067e-16
5386.1323 4.785765e-15 1.5085157e-16
5389.6187 4.756035e-15 1.5619736e-16
5393.105 4.6265723e-15 1.4958651e-16
5396.591 4.534425e-15 1.6442171e-16
5400.077 4.4395834e-15 1.4634407e-16
5403.5635 4.236182e-15 1.4314918e-16
5407.0493 4.3247868e-15 1.4017617e-16
5410.5356 4.3138317e-15 1.7182622e-16
5414.022 4.2270497e-15 1.6449099e-16
5417.508 4.2287802e-15 1.8105593e-16
5420.994 4.1895973e-15 1.5626467e-16
5424.4805 4.3053956e-15 1.5275405e-16
5427.9663 4.246553e-15 1.4312482e-16
5431.4526 4.2085243e-15 1.4044565e-16
5434.939 4.1989177e-15 1.5560865e-16
5438.425 4.1172078e-15 1.651521e-16
5441.911 4.1647958e-15 1.4900673e-16
5445.3975 4.2656063e-15 1.5323774e-16
5448.8833 4.2463206e-15 1.3870973e-16
5452.3696 4.1813176e-15 1.4491719e-16
5455.856 4.169946e-15 1.4278254e-16
5459.3423 4.2070763e-15 1.0661141e-16
5462.828 4.1752765e-15 1.5308675e-16
5466.3145 4.082648e-15 1.4836556e-16
5469.801 4.1090606e-15 1.379132e-16
5473.2866 4.0618423e-15 1.6651635e-16
5476.773 4.0571925e-15 1.5032897e-16
5480.2593 4.0082827e-15 1.5289385e-16
5483.745 3.984963e-15 1.7372938e-16
5487.2314 3.8853164e-15 1.677155e-16
5490.718 3.9473993e-15 1.6329948e-16
5494.2036 3.9821416e-15 1.6352706e-16
5497.69 3.8004844e-15 1.4492728e-16
5501.1763 3.6385825e-15 1.5680075e-16
5504.662 3.589656e-15 1.7662769e-16
5508.1484 3.5623804e-15 1.6939918e-16
5511.635 3.5668413e-15 1.6591538e-16
5515.1206 3.607222e-15 1.5864617e-16
5518.607 3.5658444e-15 1.48143e-16
5522.0933 3.6888408e-15 1.5575567e-16
5525.579 3.747616e-15 1.6001377e-16
5529.0654 3.683114e-15 1.4404129e-16
5532.552 3.8512792e-15 1.5470795e-16
5536.0376 3.8941954e-15 1.5343839e-16
5539.524 3.886003e-15 1.3713804e-16
5543.0103 3.958893e-15 1.532481e-16
5546.496 3.9518064e-15 1.5829855e-16
5549.9824 4.079722e-15 1.4970476e-16
5553.4688 4.1170007e-15 1.3984466e-16
5556.9546 4.0375435e-15 1.5568963e-16
5560.441 4.0213944e-15 1.7198051e-16
5563.9272 3.960969e-15 1.7215491e-16
5567.413 3.8409658e-15 2.5300533e-16
5570.8994 3.906329e-15 4.4274275e-16
5574.3857 3.8389363e-15 7.37214e-16
5577.8716 3.7861577e-15 8.805048e-16
5581.358 3.7385095e-15 8.7350056e-16
5584.844 3.6832343e-15 7.533271e-16
5588.33 3.6909562e-15 4.4036044e-16
5591.8164 3.704164e-15 2.2089838e-16
5595.3027 3.6583345e-15 1.6714303e-16
5598.7886 3.5899963e-15 1.5651724e-16
5602.275 3.5554343e-15 1.5029786e-16
5605.761 3.2513792e-15 1.7456941e-16
5609.247 3.1431334e-15 1.7203984e-16
5612.7334 3.2483527e-15 1.4927455e-16
5616.2197 3.0868576e-15 1.5364413e-16
5619.7056 2.8864261e-15 1.545851e-16
5623.192 2.8626084e-15 1.4638392e-16
5626.678 2.7518563e-15 1.575912e-16
5630.164 2.7090244e-15 1.4886059e-16
5633.6504 2.7315722e-15 1.3650853e-16
5637.1367 2.6009659e-15 1.5871833e-16
5640.6226 2.4924256e-15 1.6223624e-16
5644.109 2.5399503e-15 1.4588787e-16
5647.595 2.5486031e-15 1.4317878e-16
5651.081 2.5808666e-15 1.3757526e-16
5654.5674 2.458154e-15 1.449486e-16
5658.0537 2.4212301e-15 1.4233644e-16
5661.5396 2.4312876e-15 1.7074061e-16
5665.026 2.350055e-15 1.7935482e-16
5668.512 2.3992507e-15 1.372993e-16
5671.998 2.3379143e-15 1.4681365e-16
5675.4844 2.4458297e-15 1.6446749e-16
5678.9707 2.4038325e-15 1.718522e-16
5682.4565 2.372243e-15 1.6971648e-16
5685.943 2.4157047e-15 1.4986137e-16
5689.429 2.3359528e-15 1.5611138e-16
5692.915 2.3119955e-15 1.7645386e-16
5696.4014 2.2440541e-15 1.5617915e-16
5699.8877 2.2271243e-15 1.5078452e-16
5703.3735 2.1101378e-15 1.8453701e-16
5706.86 2.0908428e-15 1.7199926e-16
5710.346 2.0034087e-15 1.7052324e-16
5713.832 1.9681276e-15 1.9288298e-16
5717.3184 1.9475217e-15 1.8815116e-16
5720.8047 1.8718704e-15 1.6288555e-16
5724.2905 1.8488487e-15 1.5545392e-16
5727.777 1.7324454e-15 1.499325e-16
5731.263 1.633935e-15 1.6168187e-16
5734.749 1.5887128e-15 1.4029596e-16
5738.2354 1.541121e-15 1.529656e-16
5741.7217 1.4633857e-15 1.7026039e-16
5745.2075 1.4395453e-15 1.7066e-16
5748.694 1.3084847e-15 1.7577673e-16
5752.18 1.3223993e-15 1.4675145e-16
5755.666 1.2333141e-15 1.4696484e-16
5759.1523 1.1241491e-15 1.692467e-16
5762.6387 1.1078763e-15 1.6440928e-16
5766.1245 1.0964663e-15 1.7660683e-16
5769.611 1.0902469e-15 1.659296e-16
5773.097 1.1286004e-15 1.4506309e-16
5776.583 1.1111751e-15 1.7731936e-16
5780.0693 1.1760713e-15 1.500535e-16
5783.5557 1.1719089e-15 1.5693521e-16
5787.0415 1.2235386e-15 1.6599477e-16
5790.528 1.1454288e-15 1.613903e-16
5794.014 1.1826942e-15 1.6736054e-16
5797.5 1.2018593e-15 1.4743978e-16
5800.9863 1.20058e-15 1.5767925e-16
5804.4727 1.2529218e-15 1.4483715e-16
5807.9585 1.325467e-15 1.4556851e-16
5811.445 1.2211192e-15 1.555073e-16
5814.931 1.3243478e-15 1.7886436e-16
5818.417 1.40441e-15 1.5440479e-16
5821.9033 1.453032e-15 1.6679683e-16
5825.3896 1.6629258e-15 1.4825423e-16
5828.8755 1.6755878e-15 1.7792647e-16
5832.362 1.7637065e-15 1.4263405e-16
5835.848 1.7510471e-15 1.5904648e-16
5839.334 1.8642145e-15 1.469058e-16
5842.8203 1.7696364e-15 1.660748e-16
5846.3066 1.7744286e-15 1.5558309e-16
5849.7925 1.7188469e-15 2.0026658e-16
5853.279 1.7560131e-15 1.6997263e-16
5856.765 1.8744225e-15 1.143977e-16
5860.251 1.8044493e-15 1.6356687e-16
5863.7373 1.9046694e-15 1.5608034e-16
5867.2236 1.8612668e-15 1.6999078e-16
5870.7095 1.9499687e-15 1.6668317e-16
5874.196 1.9270984e-15 2.0058411e-16
5877.682 2.12255e-15 1.5739716e-16
5881.1685 2.0294213e-15 1.6189985e-16
5884.6543 1.977165e-15 2.435213e-16
5888.1406 2.0869865e-15 2.7203736e-16
5891.627 1.9786628e-15 3.3681622e-16
5895.113 2.0557492e-15 3.292204e-16
5898.599 2.227544e-15 2.922675e-16
5902.0854 2.2580473e-15 2.6607507e-16
5905.5713 2.351914e-15 2.1190358e-16
5909.0576 2.548678e-15 1.5432338e-16
5912.544 2.4675806e-15 1.6875354e-16
5916.03 2.573821e-15 1.4853587e-16
5919.516 2.6217387e-15 1.5700556e-16
5923.0024 2.5416318e-15 1.5443324e-16
5926.4883 2.4459756e-15 1.7095197e-16
5929.9746 2.5864515e-15 1.5679816e-16
5933.461 2.6564152e-15 1.636546e-16
5936.947 2.792858e-15 1.5652993e-16
5940.433 2.772625e-15 1.6794321e-16
5943.9194 2.6609862e-15 1.7977883e-16
5947.4053 2.6130566e-15 1.6004857e-16
5950.8916 2.6861564e-15 1.4585312e-16
5954.378 2.7118658e-15 1.6312333e-16
5957.864 2.6780029e-15 1.5556964e-16
5961.35 2.6904017e-15 1.7328501e-16
5964.8364 2.6823897e-15 1.6515558e-16
5968.3223 2.6740718e-15 1.5668302e-16
5971.8086 2.6803106e-15 1.4616743e-16
5975.295 2.6803267e-15 1.394627e-16
5978.781 2.7322191e-15 1.5154371e-16
5982.267 2.7476468e-15 1.4434296e-16
5985.7534 2.7083773e-15 1.4109398e-16
5989.2393 2.7476747e-15 1.35203e-16
5992.7256 2.7236334e-15 1.3537973e-16
5996.212 2.6776168e-15 1.5238487e-16
5999.6978 2.7347873e-15 1.6705671e-16
6003.184 2.764069e-15 1.5369044e-16
6006.6704 2.75642e-15 1.360034e-16
6010.1562 2.7512954e-15 1.5619089e-16
6013.6426 2.727471e-15 1.728361e-16
6017.129 2.6647894e-15 1.443793e-16
6020.6147 2.6668525e-15 1.2597122e-16
6024.101 2.5326114e-15 1.5052526e-16
6027.5874 2.4160965e-15 1.4856434e-16
6031.073 2.4215484e-15 1.7543224e-16
6034.5596 2.3687221e-15 1.5918583e-16
6038.046 2.3157493e-15 1.593026e-16
6041.5317 2.216431e-15 1.6122489e-16
6045.018 2.2076474e-15 1.58925e-16
6048.5044 2.215658e-15 1.3129634e-16
6051.99 2.229026e-15 1.5615676e-16
6055.4766 2.2669736e-15 1.3905637e-16
6058.963 2.1928116e-15 1.784099e-16
6062.4487 2.2495041e-15 1.5923038e-16
6065.935 2.2501322e-15 1.6844294e-16
6069.4214 2.2726567e-15 1.3426384e-16
6072.907 2.2905105e-15 1.5300001e-16
6076.3936 2.2766168e-15 1.4639077e-16
6079.88 2.3318038e-15 1.44058e-16
6083.3657 2.3552304e-15 1.2733318e-16
6086.852 2.3732406e-15 1.49542e-16
6090.3384 2.2979112e-15 1.7402277e-16
6093.824 2.3181829e-15 1.5680311e-16
6097.3105 2.4088749e-15 1.3535905e-16
6100.797 2.4149377e-15 1.5290084e-16
6104.2827 2.487452e-15 1.6051351e-16
6107.769 2.379515e-15 1.5420312e-16
6111.2554 2.5107952e-15 1.6660517e-16
6114.741 2.4230644e-15 1.3342824e-16
6118.2275 2.3596432e-15 1.4265201e-16
6121.714 2.3741431e-15 1.3038525e-16
6125.1997 2.3059852e-15 1.3538747e-16
6128.686 2.3337007e-15 1.5525238e-16
6132.1724 2.3288438e-15 1.4255497e-16
6135.658 2.3187703e-15 1.5650904e-16
6139.1445 2.3805956e-15 1.6120865e-16
6142.631 2.3268207e-15 1.5816518e-16
6146.1167 2.3965508e-15 1.5688411e-16
6149.603 2.5007341e-15 1.618651e-16
6153.0894 2.474436e-15 1.4725975e-16
6156.575 2.625925e-15 1.3113464e-16
6160.0615 2.7435895e-15 1.4218865e-16
6163.548 2.8359972e-15 1.3095173e-16
6167.0337 3.0071302e-15 1.2540873e-16
6170.52 3.089954e-15 1.3463935e-16
6174.0063 3.1774264e-15 1.3032064e-16
6177.492 3.2485446e-15 1.4359374e-16
6180.9785 3.2863993e-15 1.5632422e-16
6184.465 3.2375713e-15 1.5432791e-16
6187.9507 3.3497457e-15 1.541783e-16
6191.437 3.3665375e-15 1.5736498e-16
6194.9233 3.2514135e-15 1.5892587e-16
6198.409 3.263164e-15 1.2602201e-16
6201.8955 3.1527746e-15 1.3541378e-16
6205.382 3.2150544e-15 1.4875088e-16
6208.8677 3.080059e-15 1.4663946e-16
6212.354 3.2026136e-15 1.3227746e-16
6215.8403 3.174871e-15 1.1958465e-16
6219.326 2.9706684e-15 1.5874323e-16
6222.8125 2.9281995e-15 1.6442848e-16
6226.299 2.979804e-15 1.3710576e-16
6229.7847 2.9921026e-15 1.5149436e-16
6233.271 3.0187193e-15 1.5514885e-16
6236.7573 2.8357863e-15 1.5227368e-16
6240.243 2.7600738e-15 1.6393031e-16
6243.7295 2.8004525e-15 1.5845738e-16
6247.216 2.7384965e-15 1.5731011e-16
6250.7017 2.8260191e-15 1.500195e-16
6254.188 2.921566e-15 1.413382e-16
6257.6743 2.9159996e-15 1.364263e-16
6261.16 2.8430756e-15 1.608711e-16
6264.6465 2.8244614e-15 1.4996967e-16
6268.133 2.861989e-15 1.5169615e-16
6271.6187 2.9432337e-15 1.4080107e-16
6275.105 2.8621017e-15 1.65133e-16
6278.5913 2.8150894e-15 1.5680828e-16
6282.077 2.7207698e-15 1.3746597e-16
6285.5635 2.5767498e-15 1.5708877e-16
6289.05 2.6950778e-15 1.5688202e-16
6292.5356 2.6731163e-15 1.7211852e-16
6296.022 2.6401547e-15 2.157381e-16
6299.5083 2.6106047e-15 2.728674e-16
6302.9946 2.5203497e-15 2.6691673e-16
6306.4805 2.5664143e-15 2.4422353e-16
6309.967 2.5439351e-15 2.4757823e-16
6313.453 2.5036104e-15 1.7749258e-16
6316.939 2.3426193e-15 1.4869551e-16
6320.4253 2.3963405e-15 1.383503e-16
6323.9116 2.384161e-15 1.4477457e-16
6327.3975 2.2660647e-15 1.5169174e-16
6330.884 2.354615e-15 1.5657726e-16
6334.37 2.4384867e-15 1.4854348e-16
6337.856 2.3830347e-15 1.4921888e-16
6341.3423 2.4978068e-15 1.1983908e-16
6344.8286 2.305874e-15 1.5898741e-16
6348.3145 2.4133044e-15 1.2555293e-16
6351.801 2.4262524e-15 1.2535376e-16
6355.287 2.5292755e-15 1.457052e-16
6358.773 2.6145218e-15 1.5499505e-16
6362.2593 2.6809552e-15 1.498932e-16
6365.7456 2.6761618e-15 1.8418424e-16
6369.2314 2.7760217e-15 1.7653534e-16
6372.718 2.8510788e-15 1.7398504e-16
6376.204 2.932646e-15 1.7509387e-16
6379.69 2.91462e-15 1.4910411e-16
6383.1763 2.9898287e-15 1.4141046e-16
6386.6626 3.1007333e-15 1.328454e-16
6390.1484 3.2354859e-15 1.3833111e-16
6393.635 3.1981275e-15 1.4332052e-16
6397.121 3.1039999e-15 1.6345037e-16
6400.607 3.1928028e-15 1.52098e-16
6404.0933 3.187369e-15 1.4989459e-16
6407.5796 3.2080204e-15 1.3121108e-16
6411.0654 3.2847038e-15 1.1819318e-16
6414.552 3.238053e-15 1.3208826e-16
6418.038 3.3172677e-15 1.4938034e-16
6421.524 3.4572594e-15 1.562965e-16
6425.0103 3.4694425e-15 1.3764183e-16
6428.4966 3.5511844e-15 1.3741112e-16
6431.9824 3.6417737e-15 1.3007651e-16
6435.4688 3.6719132e-15 1.3041573e-16
6438.955 3.791251e-15 1.3948264e-16
6442.441 3.8197654e-15 1.3642326e-16
6445.9272 3.87669e-15 1.2062294e-16
6449.4136 3.965637e-15 1.3301328e-16
6452.8994 3.877394e-15 1.3821709e-16
6456.3857 4.001002e-15 1.2697484e-16
6459.872 3.8484358e-15 1.4096388e-16
6463.358 3.881153e-15 1.3402887e-16
6466.844 3.946316e-15 1.2495364e-16
6470.3306 3.9071546e-15 1.4941727e-16
6473.8164 3.851422e-15 1.4649681e-16
6477.3027 3.9232715e-15 1.3131331e-16
6480.789 3.792344e-15 1.4144275e-16
6484.275 3.9688906e-15 1.4388488e-16
6487.761 3.7963098e-15 1.2547701e-16
6491.2476 3.748615e-15 1.3356188e-16
6494.7334 3.805631e-15 1.4359264e-16
6498.2197 3.692665e-15 1.4060564e-16
6501.706 3.58482e-15 1.3079019e-16
6505.192 3.7786457e-15 1.419708e-16
6508.678 3.7356847e-15 1.6190002e-16
6512.1646 3.7403624e-15 1.4697176e-16
6515.6504 3.757344e-15 1.3979825e-16
6519.1367 3.6931848e-15 1.308269e-16
6522.623 3.660898e-15 1.2238097e-16
6526.109 3.710678e-15 1.3154048e-16
6529.595 3.854862e-15 1.4049571e-16
6533.0815 3.906481e-15 1.3361798e-16
6536.5674 4.003395e-15 1.3267614e-16
6540.0537 4.0340965e-15 1.4685784e-16
6543.54 4.083899e-15 1.168402e-16
6547.026 4.0695867e-15 1.5504168e-16
6550.512 4.1867797e-15 1.5008046e-16
6553.9985 4.23394e-15 1.5793082e-16
6557.4844 4.286921e-15 1.5035327e-16
6560.9707 4.231107e-15 1.5161992e-16
6564.457 4.325666e-15 1.6710195e-16
6567.943 4.3469528e-15 1.4532527e-16
6571.429 4.3506746e-15 1.4268915e-16
6574.9155 4.4761714e-15 1.6903948e-16
6578.4014 4.2717074e-15 1.4324934e-16
6581.8877 4.3399643e-15 1.5498131e-16
6585.374 4.3530688e-15 1.740026e-16
6588.86 4.2439883e-15 1.7564552e-16
6592.346 4.1177698e-15 1.9372583e-16
6595.8325 3.976253e-15 2.893067e-16
6599.3184 3.9497743e-15 3.4633203e-16
6602.8047 3.7921013e-15 3.4066275e-16
6606.291 3.7529523e-15 3.2768192e-16
6609.777 3.8751596e-15 2.645546e-16
6613.263 3.9401847e-15 1.7677248e-16
6616.7495 3.9802887e-15 1.8583724e-16
6620.2354 3.95007e-15 2.0865193e-16
6623.7217 3.906926e-15 2.0220148e-16
6627.208 3.8232577e-15 2.0027979e-16
6630.694 3.7186953e-15 1.6245111e-16
6634.18 3.655604e-15 1.4260562e-16
6637.6665 3.5553327e-15 1.2433111e-16
6641.1523 3.623998e-15 1.0514958e-16
6644.6387 3.5007889e-15 1.1185836e-16
6648.125 3.3144956e-15 1.3302973e-16
6651.611 3.2037037e-15 1.2475443e-16
6655.097 3.1357757e-15 1.19989e-16
6658.5835 3.1197327e-15 1.07842455e-16
6662.0693 2.869792e-15 1.3408128e-16
6665.5557 2.8523574e-15 1.01646336e-16
6669.042 2.653265e-15 1.3180296e-16
6672.528 2.72182e-15 1.06946426e-16
6676.014 2.5279431e-15 1.1243624e-16
6679.5005 2.4848959e-15 1.1947834e-16
6682.9863 2.3849648e-15 9.7064444e-17
6686.4727 2.2902301e-15 1.1163975e-16
6689.959 2.2014333e-15 1.2193796e-16
6693.445 2.1325672e-15 1.5124313e-16
6696.931 2.1638734e-15 1.3059509e-16
6700.4175 2.114605e-15 1.0527962e-16
6703.9033 2.1372094e-15 1.2273853e-16
6707.3896 2.1316546e-15 1.2658888e-16
6710.876 2.1338583e-15 1.1548074e-16
6714.362 2.1687756e-15 1.1064459e-16
6717.848 2.0976458e-15 1.2234222e-16
6721.3345 2.0725448e-15 1.226051e-16
6724.821 1.998354e-15 1.16728e-16
6728.3066 1.8957038e-15 1.3454776e-16
6731.793 1.9212242e-15 1.0669121e-16
6735.2793 1.9995492e-15 1.01106604e-16
6738.765 1.986892e-15 1.280717e-16
6742.2515 1.9921018e-15 1.0193781e-16
6745.738 1.9043717e-15 1.3244869e-16
6749.2236 1.9700483e-15 1.2593812e-16
6752.71 1.8869588e-15 1.5438054e-16
6756.1963 1.941145e-15 1.3515923e-16
6759.682 1.8132538e-15 1.4035417e-16
6763.1685 1.7889713e-15 1.4392509e-16
6766.655 1.7247321e-15 1.7800853e-16
6770.1406 1.6340655e-15 1.640851e-16
6773.627 1.643246e-15 1.3630977e-16
6777.1133 1.731306e-15 1.1897597e-16
6780.599 1.6834122e-15 1.2387153e-16
6784.0854 1.6058844e-15 1.2856708e-16
6787.572 1.6247811e-15 1.1641013e-16
6791.0576 1.648029e-15 1.10485105e-16
6794.544 1.6229203e-15 1.0086115e-16
6798.0303 1.6107926e-15 1.0289366e-16
6801.516 1.6173592e-15 1.20439e-16
6805.0024 1.5587854e-15 1.2410733e-16
6808.489 1.5002391e-15 1.1545767e-16
6811.9746 1.478355e-15 1.0764768e-16
6815.461 1.4888536e-15 1.0855179e-16
6818.9473 1.5674588e-15 1.1036082e-16
6822.433 1.4774509e-15 1.2262971e-16
6825.9194 1.5073629e-15 1.1424893e-16
6829.406 1.5678409e-15 1.4413326e-16
6832.8916 1.5211817e-15 1.5195693e-16
6836.378 1.5501467e-15 1.4526966e-16
6839.8643 1.5195224e-15 1.5704225e-16
6843.35 1.5649835e-15 1.3099768e-16
6846.8364 1.5113158e-15 1.2799249e-16
6850.3228 1.5515096e-15 1.10721765e-16
6853.8086 1.5028919e-15 1.1330621e-16
6857.295 1.5095087e-15 1.4342098e-16
6860.7812 1.5240396e-15 1.3258375e-16
6864.267 1.5275249e-15 1.3619542e-16
6867.7534 1.4887586e-15 1.4617712e-16
6871.2397 1.3902724e-15 1.3078456e-16
6874.7256 1.2439915e-15 1.2500294e-16
6878.212 1.1566326e-15 1.2651043e-16
6881.698 1.1226206e-15 1.1004109e-16
6885.184 1.2136043e-15 9.6349005e-17
6888.6704 1.3232205e-15 1.1213512e-16
6892.1567 1.2961673e-15 1.2548327e-16
6895.6426 1.2949384e-15 1.168611e-16
6899.129 1.2209535e-15 1.1726764e-16
6902.615 1.2672438e-15 1.1602218e-16
6906.101 1.3341973e-15 1.1818907e-16
6909.5874 1.1926173e-15 1.1094674e-16
6913.0737 1.2810781e-15 1.1470156e-16
6916.5596 1.2361136e-15 1.2416533e-16
6920.046 1.3734493e-15 1.226216e-16
6923.532 1.2973312e-15 1.3169055e-16
6927.018 1.287901e-15 1.4230556e-16
6930.5044 1.2247715e-15 1.4169547e-16
6933.9907 1.2660447e-15 1.2760046e-16
6937.4766 1.3028355e-15 1.2221302e-16
6940.963 1.3712754e-15 9.920944e-17
6944.449 1.3608066e-15 1.3161373e-16
6947.935 1.316936e-15 1.4106814e-16
6951.4214 1.4430586e-15 1.3551627e-16
6954.9077 1.4180528e-15 1.427713e-16
6958.3936 1.3739995e-15 1.2875784e-16
6961.88 1.4211037e-15 1.2135986e-16
6965.366 1.4080414e-15 1.02760846e-16
6968.852 1.4557022e-15 9.6473976e-17
6972.3384 1.4650639e-15 1.2148757e-16
6975.8247 1.4605502e-15 1.2185727e-16
6979.3105 1.491337e-15 1.5298948e-16
6982.797 1.4768797e-15 1.406694e-16
6986.283 1.5549e-15 1.0330261e-16
6989.769 1.5590406e-15 1.3192365e-16
6993.2554 1.4964873e-15 1.10788654e-16
6996.7417 1.5109861e-15 1.326698e-16
7000.2275 1.4864052e-15 1.201939e-16
7003.714 1.4537764e-15 1.2081748e-16
7007.2 1.5574589e-15 1.3153878e-16
7010.686 1.5499121e-15 1.1455538e-16
7014.1724 1.5647727e-15 1.1057909e-16
7017.6587 1.5714505e-15 1.2161193e-16
7021.1445 1.6312049e-15 1.2064865e-16
7024.631 1.5516214e-15 1.078466e-16
7028.117 1.5696549e-15 9.381226e-17
7031.603 1.5788378e-15 1.02529315e-16
7035.0894 1.5330016e-15 1.4138495e-16
7038.5757 1.6060788e-15 1.4496091e-16
7042.0615 1.60438e-15 1.2052494e-16
7045.548 1.5990209e-15 1.2095506e-16
7049.034 1.6804045e-15 1.1557087e-16
7052.52 1.6870235e-15 1.0795717e-16
7056.0063 1.6850981e-15 1.1342527e-16
7059.4927 1.6668549e-15 1.1553811e-16
7062.9785 1.7769373e-15 1.1562222e-16
7066.465 1.7038241e-15 1.2436604e-16
7069.951 1.7160791e-15 1.1377885e-16
7073.437 1.7708452e-15 1.1306402e-16
7076.9233 1.7088404e-15 1.1606903e-16
7080.4097 1.8676287e-15 1.2732795e-16
7083.8955 1.8793408e-15 1.2108254e-16
7087.382 1.8157998e-15 1.0521126e-16
7090.868 1.894169e-15 1.1685185e-16
7094.354 1.8116785e-15 1.3028713e-16
7097.8403 1.8040745e-15 1.1635207e-16
7101.3267 1.8977157e-15 9.884209e-17
7104.8125 1.8039093e-15 1.075207e-16
7108.299 1.7351016e-15 1.10997686e-16
7111.785 1.7678018e-15 1.2339778e-16
7115.271 1.7448571e-15 1.2864645e-16
7118.7573 1.7675569e-15 1.07061987e-16
7122.2437 1.7995994e-15 1.0453986e-16
7125.7295 1.7350535e-15 1.0807727e-16
7129.216 1.7294191e-15 1.1086471e-16
7132.702 1.7835433e-15 1.05313214e-16
7136.1885 1.7294104e-15 1.066601e-16
7139.6743 1.7100832e-15 1.1611719e-16
7143.1606 1.7910556e-15 1.08808794e-16
7146.647 1.6647506e-15 1.2681395e-16
7150.133 1.6815371e-15 1.1050066e-16
7153.619 1.7735573e-15 1.0266634e-16
7157.1055 1.6651085e-15 1.1433289e-16
7160.5913 1.6399982e-15 9.5490994e-17
7164.0776 1.6598573e-15 7.801854e-17
7167.564 1.5832785e-15 1.1571034e-16
7171.05 1.5539684e-15 1.1287998e-16
7174.536 1.4912237e-15 8.775077e-17
7178.0225 1.4191512e-15 8.687369e-17
7181.5083 1.3746303e-15 1.1138782e-16
7184.9946 1.3553584e-15 1.2352255e-16
7188.481 1.3930891e-15 1.0110281e-16
7191.967 1.3700323e-15 8.956303e-17
7195.453 1.2898473e-15 9.595951e-17
7198.9395 1.3457719e-15 1.0615118e-16
7202.4253 1.4309734e-15 1.1124121e-16
7205.9116 1.4038202e-15 8.958171e-17
7209.398 1.535301e-15 9.5936394e-17
7212.884 1.6041006e-15 1.0898319e-16
7216.37 1.6874749e-15 8.842256e-17
7219.8564 1.8333471e-15 1.0004071e-16
7223.3423 1.8219336e-15 1.266307e-16
7226.8286 1.9121877e-15 8.7432666e-17
7230.315 1.9049987e-15 8.9929144e-17
7233.801 1.9267753e-15 1.10581e-16
7237.287 1.8725169e-15 1.10003686e-16
7240.7734 1.889725e-15 1.3981204e-16
7244.2593 1.910315e-15 1.8053349e-16
7247.7456 1.8775061e-15 1.8337778e-16
7251.232 1.896998e-15 1.8892003e-16
7254.718 1.9648786e-15 1.8646156e-16
7258.204 2.023432e-15 1.6054095e-16
7261.6904 2.0370026e-15 1.3001662e-16
7265.1763 2.0533478e-15 1.00732255e-16
7268.6626 2.0939014e-15 9.9369544e-17
7272.149 2.069707e-15 1.1527353e-16
7275.635 2.049049e-15 1.4545612e-16
7279.121 2.1121334e-15 1.4952106e-16
7282.6074 2.2041665e-15 1.6130463e-16
7286.0933 2.1539302e-15 1.8878521e-16
7289.5796 2.2818242e-15 1.8809979e-16
7293.066 2.3475757e-15 1.5081775e-16
7296.552 2.4430537e-15 1.3050266e-16
7300.038 2.3041598e-15 1.1837855e-16
7303.5244 2.4413198e-15 1.06662346e-16
7307.0103 2.5130182e-15 1.2620391e-16
7310.4966 2.540527e-15 1.3855748e-16
7313.983 2.6537729e-15 1.1243003e-16
7317.4688 2.664404e-15 1.1568169e-16
7320.955 2.6894306e-15 1.4670506e-16
7324.4414 2.7784703e-15 1.4621117e-16
7327.9272 2.840473e-15 1.3657656e-16
7331.4136 2.9983516e-15 1.3617863e-16
7334.9 3.1691113e-15 1.3622946e-16
7338.3857 3.1401476e-15 1.4176462e-16
7341.872 3.1118013e-15 1.466205e-16
7345.3584 3.2185005e-15 1.7029339e-16
7348.844 3.2260459e-15 1.6111697e-16
7352.3306 3.254046e-15 1.6001772e-16
7355.817 3.115578e-15 1.5852813e-16
7359.3027 3.1778338e-15 1.2906659e-16
7362.789 3.2405367e-15 1.2587233e-16
7366.2754 3.265888e-15 1.4971351e-16
7369.761 3.2869274e-15 1.5265332e-16
7373.2476 3.24467e-15 1.5785016e-16
7376.734 3.2467097e-15 1.4941991e-16
7380.2197 3.321305e-15 1.5464654e-16
7383.706 3.2757477e-15 1.480288e-16
7387.1924 3.2912446e-15 1.2075895e-16
7390.678 3.2840412e-15 1.264882e-16
7394.1646 3.1349958e-15 1.222797e-16
7397.651 3.0608512e-15 1.0828329e-16
7401.1367 3.038302e-15 1.2752719e-16
7404.623 2.9879202e-15 1.266308e-16
7408.1094 2.9007412e-15 1.2907562e-16
7411.595 2.833943e-15 1.3626269e-16
7415.0815 2.7993357e-15 1.235984e-16
7418.568 2.6454397e-15 1.1274781e-16
7422.0537 2.5982772e-15 1.015195e-16
7425.54 2.5207152e-15 9.3184146e-17
7429.0264 2.3825449e-15 1.0002907e-16
7432.512 2.4345129e-15 1.115603e-16
7435.9985 2.337657e-15 1.0876651e-16
7439.485 2.3709464e-15 1.1120243e-16
7442.9707 2.4133648e-15 1.04725823e-16
7446.457 2.266858e-15 1.10562026e-16
7449.9434 2.266019e-15 1.2369349e-16
7453.429 2.2834498e-15 1.0890227e-16
7456.9155 2.2889983e-15 1.0558497e-16
7460.402 2.293466e-15 1.1240447e-16
7463.8877 2.2700515e-15 1.1341979e-16
7467.374 2.3282458e-15 1.1606654e-16
7470.8604 2.2808785e-15 1.0482374e-16
7474.346 2.2199105e-15 1.1665219e-16
7477.8325 2.2597634e-15 1.2159887e-16
7481.319 2.3081176e-15 1.2728012e-16
7484.8047 2.2252907e-15 1.4024176e-16
7488.291 2.3800868e-15 1.1749796e-16
7491.7773 2.3460407e-15 1.3257683e-16
7495.263 2.3268173e-15 1.3089556e-16
7498.7495 2.3851397e-15 1.00072416e-16
7502.236 2.3954503e-15 1.0473718e-16
7505.7217 2.3612363e-15 1.0139735e-16
7509.208 2.3034688e-15 1.0936053e-16
7512.6943 2.2985474e-15 1.1257732e-16
7516.18 2.288152e-15 9.5884824e-17
7519.6665 2.2349746e-15 1.0430646e-16
7523.153 2.2443546e-15 1.3593632e-16
7526.6387 2.278721e-15 1.3312062e-16
7530.125 2.175138e-15 1.2469243e-16
7533.6113 2.140525e-15 1.4326122e-16
7537.097 2.2463083e-15 1.4134306e-16
7540.5835 2.160778e-15 1.3242219e-16
7544.07 2.1542811e-15 1.1035426e-16
7547.5557 2.1077182e-15 8.910123e-17
7551.042 2.075244e-15 9.220744e-17
7554.5283 2.0930665e-15 1.0620546e-16
7558.0146 2.0918527e-15 1.10893395e-16
7561.5005 2.0663057e-15 1.1178266e-16
7564.987 2.0715315e-15 9.572593e-17
7568.473 1.9198281e-15 1.0635184e-16
7571.959 1.927479e-15 1.1351452e-16
7575.4453 1.8365762e-15 1.2633453e-16
7578.9316 1.7801873e-15 1.2391412e-16
7582.4175 1.8194094e-15 1.25553e-16
7585.904 1.7540537e-15 1.3249242e-16
7589.39 1.6990874e-15 1.1690153e-16
7592.876 1.6620351e-15 9.631516e-17
7596.3623 1.5435592e-15 8.743434e-17
7599.8486 1.3605034e-15 9.917421e-17
7603.3345 1.0836447e-15 1.0589063e-16
7606.821 7.9321126e-16 6.787493e-17
7610.307 5.04333e-16 5.310835e-17
7613.793 4.7815804e-16 7.3070885e-17
7617.2793 5.119138e-16 6.151831e-17
7620.7656 5.794858e-16 6.687297e-17
7624.2515 7.977335e-16 8.892692e-17
7627.738 9.042647e-16 9.839056e-17
7631.224 8.974248e-16 1.1043761e-16
7634.71 7.7426064e-16 1.10825936e-16
7638.1963 7.4748863e-16 8.430858e-17
7641.6826 6.564192e-16 8.42599e-17
7645.1685 6.680838e-16 7.708693e-17
7648.655 7.9986645e-16 6.5222027e-17
7652.141 7.8513824e-16 9.0230436e-17
7655.627 7.681554e-16 1.00208206e-16
7659.1133 8.754306e-16 9.142504e-17
7662.5996 9.78552e-16 1.0248884e-16
7666.0854 1.0168778e-15 1.08010247e-16
7669.572 1.0296246e-15 1.1364315e-16
7673.058 1.1295174e-15 1.0741653e-16
7676.544 1.1174681e-15 1.1606812e-16
7680.0303 1.1892208e-15 1.0032618e-16
7683.5166 1.2697393e-15 1.01099126e-16
7687.0024 1.3846578e-15 9.7387666e-17
7690.489 1.4340032e-15 1.1269657e-16
7693.975 1.4553774e-15 1.0688402e-16
7697.461 1.5317786e-15 1.07274645e-16
7700.9473 1.5533884e-15 1.08096704e-16
7704.4336 1.6043921e-15 1.3322263e-16
7707.9194 1.5780249e-15 1.319688e-16
7711.406 1.5624315e-15 1.1999028e-16
7714.892 1.5821319e-15 1.5134925e-16
7718.378 1.5493863e-15 2.0110599e-16
7721.8643 1.574235e-15 2.1958603e-16
7725.3506 1.5878463e-15 2.1619497e-16
7728.8364 1.5615222e-15 2.1703552e-16
7732.3228 1.5901452e-15 1.6264364e-16
7735.809 1.6404548e-15 1.3227094e-16
7739.295 1.6507207e-15 1.1950145e-16
7742.7812 1.6539086e-15 1.0992327e-16
7746.2676 1.648674e-15 8.594129e-17
7749.7534 1.7240618e-15 1.4364349e-16
7753.2397 1.7305318e-15 1.7487098e-16
7756.726 1.7685661e-15 1.9060375e-16
7760.212 1.7869176e-15 1.8477821e-16
7763.698 1.7905495e-15 1.9609755e-16
7767.1846 1.801045e-15 1.563931e-16
7770.6704 1.8369152e-15 1.3832088e-16
7774.1567 1.8343938e-15 1.4018675e-16
7777.643 1.9191158e-15 1.202519e-16
7781.129 2.0536329e-15 1.2638246e-16
7784.615 2.0728141e-15 1.3443154e-16
7788.1016 2.1862662e-15 1.2989792e-16
7791.5874 2.3334792e-15 1.2875691e-16
7795.0737 2.4050844e-15 1.515781e-16
7798.56 2.568193e-15 1.5955638e-16
7802.046 2.7077875e-15 1.5005336e-16
7805.532 2.7565976e-15 1.8111903e-16
7809.0186 2.8406063e-15 1.6294978e-16
7812.5044 2.851982e-15 1.431214e-16
7815.9907 2.848211e-15 1.482531e-16
7819.477 3.0036978e-15 1.5419949e-16
7822.963 3.017723e-15 1.8701464e-16
7826.449 3.032617e-15 1.8896766e-16
7829.9355 3.0701207e-15 1.7946059e-16
7833.4214 3.0216183e-15 1.7742897e-16
7836.9077 3.0188415e-15 1.4657012e-16
7840.394 2.9733518e-15 1.1908771e-16
7843.88 2.9040033e-15 1.2863376e-16
7847.366 2.9415695e-15 1.2586638e-16
7850.8525 2.8948317e-15 1.3196649e-16
7854.3384 2.8860994e-15 1.8411439e-16
7857.8247 2.8813984e-15 1.8039782e-16
7861.311 2.7309975e-15 2.1053924e-16
7864.797 2.777758e-15 2.2581433e-16
7868.283 2.9242313e-15 2.0193386e-16
7871.7695 2.8651108e-15 1.8359246e-16
7875.2554 2.8193746e-15 1.8233532e-16
7878.7417 2.839411e-15 1.522278e-16
7882.228 2.6996475e-15 1.535964e-16
7885.714 2.667083e-15 1.6099946e-16
7889.2 2.7636563e-15 1.5631797e-16
7892.6865 2.8414768e-15 1.6065911e-16
7896.1724 2.8580376e-15 1.4050109e-16
7899.6587 2.7647022e-15 1.367297e-16
7903.145 2.790867e-15 1.48159e-16
7906.631 2.945031e-15 1.1232217e-16
7910.117 2.9219416e-15 1.051532e-16
7913.6035 2.9380202e-15 1.5132878e-16
7917.0894 3.0418681e-15 1.8383041e-16
7920.5757 3.0675273e-15 1.9434512e-16
7924.062 3.0177681e-15 2.290573e-16
7927.548 3.0727808e-15 2.1423014e-16
7931.034 3.0926647e-15 1.8302194e-16
7934.5205 3.1634576e-15 1.4982024e-16
7938.0063 3.080565e-15 1.3429497e-16
7941.4927 3.1420736e-15 1.4164704e-16
7944.979 3.1930652e-15 1.4056457e-16
7948.465 3.1148629e-15 1.1517434e-16
7951.951 3.0465844e-15 1.0562055e-16
7955.4375 2.942351e-15 9.7731595e-17
7958.9233 2.8608227e-15 9.615192e-17
7962.4097 2.8374932e-15 1.1677891e-16
7965.896 2.7917583e-15 1.3660417e-16
7969.382 2.6968682e-15 1.60483e-16
7972.868 2.4933997e-15 1.7218331e-16
7976.3545 2.3690086e-15 1.7187409e-16
7979.841 2.3567277e-15 1.8493466e-16
7983.3267 2.3483984e-15 1.5856678e-16
7986.813 2.2967406e-15 1.3485224e-16
7990.2993 2.2388076e-15 1.3059146e-16
7993.785 2.1371459e-15 1.6807638e-16
7997.2715 2.0973853e-15 1.737092e-16
8000.758 2.022612e-15 1.8109758e-16
8004.2437 1.9178852e-15 1.8399232e-16
8007.73 1.8926958e-15 1.4097118e-16
8011.2163 1.8401365e-15 9.6437335e-17
8014.702 1.7631687e-15 1.2190316e-16
8018.1885 1.737335e-15 1.3062507e-16
8021.675 1.6767117e-15 1.1117372e-16
8025.1606 1.608274e-15 1.2809835e-16
8028.647 1.624072e-15 1.4300461e-16
8032.1333 1.6192812e-15 1.6120972e-16
8035.619 1.5862343e-15 1.5942506e-16
8039.1055 1.607988e-15 1.418232e-16
8042.592 1.5953866e-15 1.2675571e-16
8046.0776 1.5901515e-15 8.7996294e-17
8049.564 1.5039978e-15 1.1702488e-16
8053.0503 1.40803e-15 1.1788879e-16
8056.536 1.4433566e-15 9.524707e-17
8060.0225 1.5030095e-15 1.1802196e-16
8063.509 1.4446937e-15 1.3333338e-16
8066.9946 1.4043428e-15 1.297163e-16
8070.481 1.4082863e-15 1.127291e-16
8073.9673 1.3561626e-15 1.1570248e-16
8077.453 1.3093748e-15 1.2096917e-16
8080.9395 1.3893702e-15 9.349732e-17
8084.426 1.441896e-15 7.760538e-17
8087.9116 1.3587394e-15 9.506876e-17
8091.398 1.3607198e-15 9.83391e-17
8094.8843 1.3994266e-15 8.2732626e-17
8098.37 1.3473039e-15 9.7745114e-17
8101.8564 1.3906952e-15 1.0370927e-16
8105.343 1.38436e-15 9.9921214e-17
8108.8286 1.3624479e-15 1.1851402e-16
8112.315 1.3583607e-15 1.0151123e-16
8115.8013 1.3867935e-15 1.07971224e-16
8119.287 1.3499272e-15 9.8292794e-17
8122.7734 1.3332776e-15 8.408923e-17
8126.26 1.343733e-15 9.1115976e-17
8129.7456 1.3265159e-15 9.09304e-17
8133.232 1.3132171e-15 9.313122e-17
8136.7183 1.3716501e-15 8.850247e-17
8140.204 1.317707e-15 1.001319e-16
8143.6904 1.1953672e-15 1.2245438e-16
8147.177 1.2337486e-15 1.0082006e-16
8150.6626 1.2762106e-15 8.439777e-17
8154.149 1.273987e-15 8.269795e-17
8157.6353 1.1902527e-15 8.814404e-17
8161.121 1.1707715e-15 1.0220553e-16
8164.6074 1.2075799e-15 6.101453e-17
8168.0938 1.1316972e-15 9.819555e-17
8171.5796 1.1955472e-15 7.5668954e-17
8175.066 1.1379673e-15 6.356302e-17
8178.5522 1.178383e-15 7.1518406e-17
8182.038 1.1613795e-15 8.368066e-17
8185.5244 1.0719053e-15 1.1211778e-16
8189.0107 1.0631815e-15 1.0135934e-16
8192.497 1.1565671e-15 9.057099e-17
8195.983 1.144218e-15 1.0618416e-16
8199.469 1.1175995e-15 1.0600566e-16
8202.955 1.1758831e-15 1.064387e-16
8206.441 1.1661404e-15 9.866126e-17
8209.928 1.2166587e-15 7.2214906e-17
8213.414 1.2776677e-15 9.617663e-17
8216.9 1.2633062e-15 1.2481743e-16
8220.386 1.3210819e-15 9.3949586e-17
8223.872 1.3472407e-15 8.733428e-17
8227.358 1.3762418e-15 1.0378504e-16
8230.845 1.2684161e-15 8.2799674e-17
8234.331 1.1976855e-15 1.0488882e-16
8237.817 1.2239213e-15 1.0714124e-16
8241.303 1.3694863e-15 1.00727e-16
8244.789 1.4597283e-15 7.9019135e-17
8248.275 1.6230889e-15 8.196908e-17
8251.762 1.6365066e-15 1.0150034e-16
8255.248 1.5685477e-15 1.0720377e-16
8258.734 1.7044791e-15 9.4432196e-17
8262.22 1.7517702e-15 8.814361e-17
8265.706 1.6634939e-15 1.00049864e-16
8269.192 1.6666743e-15 8.8226965e-17
8272.679 1.6342829e-15 7.819054e-17
8276.165 1.6156204e-15 9.15809e-17
8279.651 1.5672856e-15 1.3342038e-16
8283.137 1.5421289e-15 1.3596857e-16
8286.623 1.5547289e-15 1.5552745e-16
8290.109 1.4873685e-15 1.8200447e-16
8293.596 1.4327686e-15 1.9579578e-16
8297.082 1.4684254e-15 2.1309084e-16
8300.568 1.4376394e-15 2.0207028e-16
8304.054 1.4147769e-15 1.9433184e-16
8307.54 1.3427757e-15 1.6908022e-16
8311.026 1.2920006e-15 1.6676235e-16
8314.513 1.2474173e-15 1.4953258e-16
8317.999 1.1453366e-15 1.1438441e-16
8321.485 1.0684104e-15 1.1509273e-16
8324.971 1.0257691e-15 1.1538836e-16
8328.457 9.935147e-16 1.0224745e-16
8331.943 9.159843e-16 7.3422384e-17
8335.43 8.8459007e-16 1.0942461e-16
8338.916 8.7401195e-16 8.7794045e-17
8342.402 8.3814355e-16 1.5506067e-16
8345.888 7.0170745e-16 2.316038e-16
8349.374 6.7260414e-16 2.7643775e-16
8352.86 7.150827e-16 2.7557171e-16
8356.347 7.431623e-16 2.7885807e-16
8359.833 7.349429e-16 2.0249403e-16
8363.319 6.662638e-16 1.8006549e-16
8366.805 6.4972806e-16 1.6199218e-16
8370.291 6.612127e-16 1.2348772e-16
8373.777 6.4508065e-16 1.1687914e-16
8377.264 6.3714755e-16 1.2116134e-16
8380.75 6.367543e-16 1.434594e-16
8384.236 6.479068e-16 1.4552688e-16
8387.722 6.992186e-16 1.2023862e-16
8391.208 7.4685934e-16 1.2592951e-16
8394.694 6.7687875e-16 1.1832473e-16
8398.181 6.6959003e-16 1.7127979e-16
8401.667 7.4504865e-16 1.8114084e-16
8405.153 6.8352615e-16 1.9439332e-16
8408.639 7.822129e-16 1.856792e-16
8412.125 8.6125685e-16 2.0777465e-16
8415.611 8.949614e-16 1.577637e-16
8419.098 8.989735e-16 1.4889266e-16
8422.584 1.0118616e-15 1.3122188e-16
8426.07 1.0403515e-15 1.7321854e-16
8429.556 1.0899123e-15 2.1507741e-16
8433.042 1.1500653e-15 2.171858e-16
8436.528 1.1113413e-15 2.1340979e-16
8440.015 1.1847485e-15 2.0901626e-16
8443.501 1.2787114e-15 1.9063538e-16
8446.987 1.2515875e-15 1.101147e-16
8450.473 1.2972427e-15 1.3361523e-16
8453.959 1.4165707e-15 1.4164813e-16
8457.445 1.3905855e-15 1.3829687e-16
8460.932 1.4066473e-15 1.4684642e-16
8464.418 1.4148838e-15 2.1256869e-16
8467.904 1.5728367e-15 2.1719447e-16
8471.39 1.536537e-15 1.9193703e-16
8474.876 1.4489119e-15 2.0090874e-16
8478.362 1.4182845e-15 1.5839566e-16
8481.849 1.3713038e-15 1.2668974e-16
8485.335 1.2724868e-15 1.0115231e-16
8488.821 1.2410947e-15 9.497618e-17
8492.307 1.20271e-15 1.2542495e-16
8495.793 1.2345157e-15 1.1531135e-16
8499.279 1.3097626e-15 1.1435225e-16
8502.766 1.2225304e-15 1.6083066e-16
8506.252 1.2330732e-15 1.5370685e-16
8509.738 1.2858197e-15 1.4085185e-16
8513.224 1.3409391e-15 1.4505247e-16
8516.71 1.3412569e-15 1.6033988e-16
8520.196 1.4456437e-15 1.1840593e-16
8523.683 1.5044768e-15 8.855065e-17
8527.169 1.546063e-15 1.1133344e-16
8530.655 1.7435379e-15 8.902471e-17
8534.141 1.8192449e-15 9.637517e-17
8537.627 1.8532128e-15 1.2580976e-16
8541.113 1.9813846e-15 1.1513732e-16
8544.6 2.0989758e-15 1.1118986e-16
8548.086 2.0889764e-15 1.3202994e-16
8551.572 2.1709308e-15 1.2544877e-16
8555.058 2.2968878e-15 1.2849704e-16
8558.544 2.2887207e-15 1.3497201e-16
8562.03 2.3639076e-15 1.1213704e-16
8565.517 2.4458775e-15 1.1700611e-16
8569.003 2.4722315e-15 9.339527e-17
8572.489 2.6185429e-15 1.00959485e-16
8575.975 2.6568501e-15 1.1183682e-16
8579.461 2.5801418e-15 8.261252e-17
8582.947 2.5327947e-15 8.847109e-17
8586.434 2.5553324e-15 1.1102896e-16
8589.92 2.6547067e-15 8.8626765e-17
8593.406 2.5377694e-15 1.3569301e-16
8596.892 2.5952992e-15 1.2079266e-16
8600.378 2.4385727e-15 1.2478509e-16
8603.864 2.4135514e-15 1.1158923e-16
8607.351 2.511894e-15 9.324074e-17
8610.837 2.4306902e-15 1.2441278e-16
8614.323 2.4111587e-15 1.281483e-16
8617.81 2.4061015e-15 1.4323833e-16
8621.295 2.3532526e-15 2.0727219e-16
8624.781 2.414826e-15 2.2944397e-16
8628.268 2.470531e-15 2.473106e-16
8631.754 2.4472281e-15 2.8713038e-16
8635.24 2.5110158e-15 2.5357009e-16
8638.727 2.4604348e-15 2.3168916e-16
8642.212 2.4826104e-15 2.2079163e-16
8645.698 2.3082016e-15 2.1315935e-16
8649.185 2.3368699e-15 2.104695e-16
8652.671 2.4254081e-15 2.2409093e-16
8656.157 2.388999e-15 2.3298282e-16
8659.644 2.4630539e-15 2.6400095e-16
8663.129 2.5704276e-15 2.6521433e-16
8666.615 2.5642203e-15 2.6265504e-16
8670.102 2.4671753e-15 2.447918e-16
8673.588 2.4305155e-15 2.2109758e-16
8677.074 2.5843346e-15 2.1152366e-16
8680.561 2.6721035e-15 1.8562104e-16
8684.046 2.6437461e-15 1.7178254e-16
8687.532 2.7318653e-15 1.4442596e-16
8691.019 2.6751344e-15 1.706472e-16
8694.505 2.7897708e-15 1.1182193e-16
8697.991 2.6991298e-15 1.1181634e-16
8701.478 2.8317548e-15 1.3758094e-16
8704.963 2.8316576e-15 1.0217733e-16
8708.449 2.9463912e-15 1.03347324e-16
8711.936 2.9537799e-15 1.1217147e-16
8715.422 2.8724833e-15 7.840384e-17
8718.908 2.7593936e-15 7.9346076e-17
8722.395 2.7664835e-15 9.225042e-17
8725.88 2.7737716e-15 1.08995035e-16
8729.366 2.7850644e-15 1.0739025e-16
8732.853 2.8334794e-15 9.506249e-17
8736.339 2.8018257e-15 9.7635536e-17
8739.825 2.7808403e-15 9.748694e-17
8743.312 2.7413944e-15 1.020326e-16
8746.797 2.6497274e-15 1.0042393e-16
8750.283 2.72425e-15 1.2633758e-16
8753.77 2.8070642e-15 1.3224511e-16
8757.256 2.7733157e-15 1.8598539e-16
8760.742 2.8348543e-15 2.0122426e-16
8764.229 2.6790545e-15 3.194205e-16
8767.714 2.6439786e-15 3.2002882e-16
8771.2 2.6846862e-15 3.4210046e-16
8774.687 2.5963783e-15 3.3419126e-16
8778.173 2.512432e-15 2.9620626e-16
8781.659 2.5227894e-15 2.6655383e-16
8785.1455 2.5753791e-15 2.631505e-16
8788.631 2.5130297e-15 1.8033714e-16
8792.117 2.4394585e-15 1.0977196e-16
8795.604 2.516444e-15 1.3338718e-16
8799.09 2.5456546e-15 1.3784544e-16
8802.576 2.455339e-15 1.3091398e-16
8806.0625 2.3929987e-15 1.09620185e-16
8809.548 2.3374046e-15 1.09358584e-16
8813.034 2.3476577e-15 1.1762475e-16
8816.5205 2.3889211e-15 1.3407433e-16
8820.007 2.3283117e-15 2.3849166e-16
8823.493 2.224647e-15 3.776198e-16
8826.9795 2.2410802e-15 3.8266116e-16
8830.465 2.35033e-15 4.2688044e-16
8833.951 2.3353573e-15 4.3666317e-16
8837.4375 2.2781963e-15 2.5684593e-16
8840.924 2.2848144e-15 1.8640313e-16
8844.41 2.2212908e-15 1.8926072e-16
8847.896 2.194459e-15 1.5434825e-16
8851.382 2.2112157e-15 1.2791308e-16
8854.868 2.2366585e-15 1.280428e-16
8858.3545 2.2107496e-15 1.4460617e-16
8861.841 2.0930292e-15 1.3943764e-16
8865.327 2.0124717e-15 1.530771e-16
8868.813 1.9648596e-15 1.8038697e-16
8872.299 2.1149417e-15 1.3258035e-16
8875.785 2.010906e-15 1.385882e-16
8879.271 1.8559928e-15 2.09935e-16
8882.758 1.8404988e-15 3.0439762e-16
8886.244 1.894632e-15 2.7399308e-16
8889.73 1.813932e-15 2.6804215e-16
8893.216 1.7894998e-15 2.5837184e-16
8896.702 1.8426221e-15 1.8589064e-16
8900.188 1.7865507e-15 1.4531364e-16
8903.675 1.8184963e-15 1.9017168e-16
8907.161 1.7518511e-15 2.1289035e-16
8910.647 1.6670036e-15 2.4037384e-16
8914.133 1.6496889e-15 2.9123529e-16
8917.619 1.6592072e-15 3.0234674e-16
8921.105 1.6065621e-15 3.211276e-16
8924.592 1.5207801e-15 3.013101e-16
8928.078 1.6364697e-15 1.7230316e-16
8931.564 1.5602734e-15 1.0851255e-16
8935.05 1.4939861e-15 1.410043e-16
8938.536 1.5106207e-15 1.6877998e-16
8942.022 1.5648801e-15 1.7426251e-16
8945.509 1.4670707e-15 1.8080827e-16
8948.995 1.4998775e-15 2.1801422e-16
8952.481 1.4385395e-15 2.273895e-16
8955.967 1.3771345e-15 2.5087697e-16
8959.453 1.4329192e-15 2.4602061e-16
8962.939 1.4212982e-15 2.3122655e-16
8966.426 1.3889847e-15 1.3161887e-16
8969.912 1.3253781e-15 7.3277436e-17
8973.398 1.3584792e-15 1.124834e-16
8976.884 1.3953657e-15 1.4182018e-16
8980.37 1.3092295e-15 1.3814774e-16
8983.856 1.3041639e-15 1.453228e-16
8987.343 1.2288149e-15 1.4805335e-16
8990.829 1.0595123e-15 1.5628702e-16
8994.315 1.155064e-15 2.1513401e-16
8997.801 1.2256934e-15 1.7822032e-16
9001.287 1.2835447e-15 1.7142008e-16
9004.773 1.3058489e-15 1.6978513e-16
9008.26 1.3155007e-15 1.3327107e-16
9011.746 1.2514764e-15 1.0921363e-16
9015.232 1.1637478e-15 1.3522676e-16
9018.718 1.2785982e-15 9.797887e-17
9022.204 1.2815139e-15 1.1340407e-16
9025.69 1.2455289e-15 1.2921691e-16
9029.177 1.4099896e-15 1.3763927e-16
9032.663 1.4125146e-15 1.1155401e-16
9036.149 1.369207e-15 1.1828762e-16
9039.636 1.4077404e-15 1.7674274e-16
9043.121 1.3861712e-15 1.8066076e-16
9046.607 1.3997871e-15 1.4844732e-16
9050.094 1.3692492e-15 1.6391256e-16
9053.58 1.2839315e-15 1.3826143e-16
9057.066 1.3182398e-15 6.943181e-17
9060.553 1.303177e-15 1.3277668e-16
9064.038 1.2363926e-15 9.226639e-17
9067.524 1.2273261e-15 1.1033365e-16
9071.011 1.2076554e-15 1.2295371e-16
9074.497 1.2281522e-15 1.072112e-16
9077.983 1.1824168e-15 8.9324885e-17
9081.47 1.1496044e-15 1.1817906e-16
9084.955 1.2183043e-15 1.04753345e-16
9088.441 1.1199725e-15 1.1261873e-16
9091.928 1.2201054e-15 1.4098539e-16
9095.414 1.1679923e-15 1.5335051e-16
9098.9 1.1461134e-15 1.3709108e-16
9102.387 1.3037495e-15 1.3459614e-16
9105.872 1.3729629e-15 1.3363787e-16
9109.358 1.3063315e-15 1.1546921e-16
9112.845 1.2655705e-15 1.318581e-16
9116.331 1.3382359e-15 1.1643451e-16
9119.817 1.2767207e-15 7.3098434e-17
9123.304 1.2855503e-15 1.0882843e-16
9126.789 1.3959208e-15 8.2603434e-17
9130.275 1.3308513e-15 1.0125296e-16
9133.762 1.3387965e-15 1.06906854e-16
9137.248 1.4129132e-15 1.2014434e-16
9140.734 1.4997183e-15 1.10137484e-16
9144.221 1.5096531e-15 1.3635477e-16
9147.706 1.3360313e-15 1.7105081e-16
9151.192 1.3874952e-15 1.439313e-16
9154.679 1.5106604e-15 1.3614343e-16
9158.165 1.4771435e-15 1.3241518e-16
9161.651 1.5902583e-15 1.1522328e-16
9165.138 1.5300237e-15 1.0618294e-16
9168.623 1.4594787e-15 1.0719418e-16
9172.109 1.4855184e-15 1.1778305e-16
9175.596 1.5084943e-15 1.2090776e-16
9179.082 1.6546597e-15 1.1893366e-16
9182.568 1.6325342e-15 1.299849e-16
9186.055 1.6451159e-15 1.1072984e-16
9189.54 1.8159584e-15 7.247857e-17
9193.026 1.8416478e-15 8.3849565e-17
9196.513 1.8772901e-15 9.869117e-17
9199.999 1.923914e-15 1.5542337e-16
9203.485 1.7558742e-15 1.4803039e-16
9206.972 1.9347414e-15 9.3039396e-17
9210.457 1.994914e-15 1.5949104e-16
9213.943 2.1453458e-15 1.7698346e-16
9217.43 2.1808303e-15 1.6892465e-16
9220.916 2.1391015e-15 1.625529e-16
9224.402 2.0958848e-15 1.8074198e-16
9227.889 2.2158687e-15 1.4707933e-16
9231.374 2.3289277e-15 1.2576488e-16
9234.86 2.3420971e-15 1.356386e-16
9238.347 2.4543982e-15 1.08006203e-16
9241.833 2.5093652e-15 1.4640874e-16
9245.319 2.5623748e-15 1.8150626e-16
9248.806 2.7846748e-15 1.2851687e-16
9252.291 2.8993199e-15 1.342897e-16
9255.777 2.977059e-15 1.2437329e-16
9259.264 2.9975607e-15 1.2177748e-16
9262.75 3.0171563e-15 1.0530015e-16
9266.236 3.0586857e-15 1.3777714e-16
9269.723 3.0339939e-15 1.786925e-16
9273.208 2.9353901e-15 1.6896965e-16
9276.694 3.139741e-15 1.9226724e-16
9280.181 3.1136012e-15 1.661328e-16
9283.667 3.1073063e-15 1.3652362e-16
9287.153 3.0062588e-15 2.0928135e-16
9290.64 2.8968614e-15 2.6551833e-16
9294.125 2.936909e-15 3.331119e-16
9297.611 2.884137e-15 4.1565453e-16
9301.098 2.6029204e-15 4.969139e-16
9304.584 2.2652037e-15 5.6913255e-16
9308.07 2.2689607e-15 5.046883e-16
9311.557 2.1969684e-15 3.708638e-16
9315.042 2.0040033e-15 3.200247e-16
9318.528 2.1232245e-15 2.4715347e-16
9322.015 1.9209848e-15 1.8229977e-16
9325.501 1.5936722e-15 2.1146731e-16
9328.987 1.4582309e-15 1.701796e-16
9332.474 1.5503663e-15 1.2347615e-16
9335.959 1.6379879e-15 1.2416027e-16
9339.445 1.7004739e-15 1.3952532e-16
9342.932 1.8225246e-15 1.8635564e-16
9346.418 1.5844143e-15 1.4753125e-16
9349.904 1.4614745e-15 2.1523285e-16
9353.391 1.602318e-15 2.634446e-16
9356.876 1.2966539e-15 4.6683956e-16
9360.362 1.1972114e-15 5.8833045e-16
9363.849 1.2795256e-15 5.9950107e-16
9367.335 1.3398565e-15 6.2900746e-16
9370.821 1.3505126e-15 3.532006e-16
9374.308 1.3673786e-15 1.9171502e-16
9377.793 1.7023082e-15 2.3180107e-16
9381.279 1.895776e-15 2.3847167e-16
9384.766 1.821091e-15 2.6872435e-16
9388.252 1.7469323e-15 1.9962457e-16
9391.738 1.5852547e-15 1.780009e-16
9395.225 1.5838478e-15 2.508806e-16
9398.71 1.4870879e-15 2.8338758e-16
9402.196 1.6889546e-15 2.9386683e-16
9405.683 1.5657138e-15 3.314048e-16
9409.169 1.6010709e-15 2.629837e-16
9412.655 1.5736524e-15 2.5950292e-16
9416.142 1.2363788e-15 3.546518e-16
9419.627 1.4663874e-15 4.8155094e-16
9423.113 1.6011251e-15 3.5914485e-16
9426.6 1.2485978e-15 4.2922524e-16
9430.086 1.3572864e-15 4.3891768e-16
9433.572 1.7234775e-15 3.344353e-16
9437.059 1.7165739e-15 3.4116947e-16
9440.544 1.586448e-15 3.1134358e-16
9444.03 1.4386719e-15 3.1934262e-16
9447.517 1.4155422e-15 3.0276338e-16
9451.003 1.6153424e-15 3.0322647e-16
9454.489 1.7451484e-15 3.8837628e-16
9457.976 1.7726853e-15 3.5458816e-16
9461.462 1.5899597e-15 3.5096704e-16
9464.947 1.4627253e-15 4.2855658e-16
9468.434 1.8271091e-15 3.0316148e-16
9471.92 1.8807073e-15 2.269007e-16
9475.406 1.7055678e-15 3.1523615e-16
9478.893 1.5725993e-15 2.9310974e-16
9482.379 1.403644e-15 3.104775e-16
9485.864 1.5196919e-15 3.376528e-16
9489.351 1.7874087e-15 3.3518962e-16
