# OBJECT=ZTF22aapubuy
# PIPELINE=PypeIt v1.8.1
# RA=8.69188127836941
# DEC=-8.38905694915126
# DATE-OBS=2022-09-21T05:19:09.402
# JD=2459843.72164
# MJD=59843.22164
# EXPTIME=1200.0
# TELESCOPE=NOT
# INSTRUMENT=ALFOSC
# SLIT=Slit_1.0
# DISERPER=Grism_4
# WLENSYSTEM=air
# FLUX_FACTOR=1e-17
# OBSERVER=Jesper Sollerman, Steve Schulze
# REDUCER=Steve Schulze
# PROPID=64-501
# COLUMNS: WAVE FLUX FLUX_ERR
3500.3001246761382 -45.54700635670178 0.0012948727517681099
3503.076022693429 -7.922644631593575 0.0012662917926684419
3505.8536599153927 -11.748043569331237 0.0013668872633214838
3508.6332029427676 -20.816560480340094 0.001379987992920163
3511.414568199349 17.05318206952239 0.0014177916840742938
3514.197622477251 -20.621624431001734 0.0015801569261291043
3516.9826912017375 64.31866868243831 0.0013729360315189803
3519.7694452401693 42.233254196036484 0.0014808014265765455
3522.5580784572917 -2.5679530959253785 0.001788526427710769
3525.3485741860936 -36.76030301231293 0.00195804570724562
3528.1408837340446 -1.7514413440091139 0.0017786300663524832
3530.934732453872 82.18970787322223 0.0015235754484484918
3533.730727157667 29.675031757036315 0.0019678541332391283
3536.528386905079 38.106454702270796 0.0018953566548854399
3539.3278960826087 53.436517287349005 0.001914698917008401
3542.1289934103343 -9.345686773336707 0.002406542649270031
3544.9321438060456 12.804349791332363 0.002212405153854581
3547.737117448492 5.188759395198229 0.0023862014139360435
3550.5437406885376 -15.418931438303689 0.0026924242411112643
3553.352160288365 2.7993772892069666 0.002662909640972457
3556.1623727787187 18.173831700664657 0.00270448608454169
3558.974291896422 44.18876938833548 0.0027915043510370946
3561.788124545997 1.430003215858825 0.003195027353415692
3564.603606976263 37.17433631671581 0.003108591345126894
3567.42098994485 26.073155044404313 0.003087092892061242
3570.2401418499 57.99214332908099 0.0030040039295816216
3573.0609314018225 25.255380702463142 0.0033967057641775015
3575.883592729783 19.538101562325206 0.0034928926567415037
3578.7079835436552 11.448371488510194 0.0038145526571261618
3581.5341058924964 54.66045082267922 0.003412206526428987
3584.362045009054 32.0629554709225 0.0037983784037337862
3587.19175940385 23.07263570803826 0.003932409123672712
3590.0229525564096 16.773412343551485 0.00432885602570378
3592.8567836222715 60.582250673554874 0.003892931204687321
3595.691154870872 37.693215717582426 0.00454432176922986
3598.527819508359 49.269598651913874 0.00454925886211384
3601.3661832222497 36.25082778321417 0.004847151583659381
3604.2061510733392 44.69920494993341 0.004961799454330706
3607.048141308499 -8.725438011758346 0.005859446619626976
3609.8916179366333 28.876586200739098 0.005480904550763696
3612.73708585954 31.84738768171082 0.0053484097634135756
3615.584063286413 45.073279693614104 0.005308731049028215
3618.432614479506 -31.009497049043 0.007626475040252811
3621.2830506018568 22.717085250033392 0.006763152430047496
3624.1355597624497 23.597660231839185 0.00632285823828395
3626.989074458148 33.396127608385605 0.006688515063505164
3629.8444268248204 10.826507364706316 0.007477850102118435
3632.7022226401164 19.004512785876543 0.007660581579205611
3635.5611042281766 10.771610601266286 0.007780138785665047
3638.421817689882 41.02733771807974 0.007942668655384223
3641.2842361977714 28.4804690087686 0.008266590069857457
3644.148596926403 26.306573170375184 0.008790256495745184
3647.0146768588734 39.06321748445471 0.007999775502444902
3649.8814104520234 14.811845735603184 0.010176284248222464
3652.7513571923914 23.296440512451454 0.009335521410801278
3655.621590868718 12.25375445546816 0.009443361759959787
3658.4945901787696 26.815918794827063 0.010049756488291619
3661.3683274082823 28.427032300072643 0.010212336724740248
3664.244374863334 15.583836142300159 0.011032844167789881
3667.122498793563 12.814034957309786 0.01085989254578289
3670.0020930105134 8.089096438855481 0.011680399943401297
3672.8827542853433 45.323418591672585 0.010549308841665949
3675.765783908642 35.492938674056504 0.011365350958269932
3678.649997378234 12.649345272123362 0.01226061674182666
3681.5358439387296 25.637338239848795 0.013180230092523773
3684.423691341824 37.21398088322832 0.012855981911394388
3687.3127444518955 32.93641165723929 0.0135352640345624
3690.203255456318 18.0698962719863 0.014011557057059832
3693.096743005658 31.546552653852622 0.013561188403926422
3695.9910966841458 39.256690525053 0.013122073907817292
3698.886687028993 27.315573117067068 0.015263920217334036
3701.7848819813066 46.91926226814861 0.01344450372980686
3704.681903215041 30.907643919584327 0.015508311783010252
3707.58420955663 33.040205668228936 0.01577443883599778
3710.4860476963368 31.08979304909319 0.016349138710184313
3713.3901776452776 24.841161973944136 0.017957897195487956
3716.2952729752783 7.581185025133557 0.019714133426944176
3719.2033597285313 36.203792168555744 0.0171445244728398
3722.113344849031 58.38725782841927 0.015445790625248782
3725.022005140425 31.687354664231723 0.018941500030580854
3727.9330613766083 24.313545455862 0.020690835584215448
3730.848064618951 54.51107954044742 0.018056720418646196
3733.765214491565 38.52237750545164 0.018852678744461757
3736.680979954438 26.366911617509846 0.021067769857535137
3739.599514875185 36.91716446639411 0.02109046705672191
3742.52000459328 32.39748332878969 0.021445003897209425
3745.440486158114 22.968273849962454 0.02194657641521639
3748.3663066878316 37.341252935862705 0.022155989237788415
3751.291562509817 40.95515028782683 0.021572403273899556
3754.2173402144986 32.668871553194634 0.022500587494034566
3757.146370481872 29.457471377091693 0.024306615165898934
3760.0763241386703 46.033178319220696 0.023845529941285065
3763.007912823343 61.771874382257835 0.02213896452496893
3765.9410204383516 44.034713328289136 0.02549982204631826
3768.8733722739603 18.012488429041305 0.027641810672273382
3771.8110807732596 36.4743630444903 0.02682748916042637
3774.7488337017107 39.57292112664181 0.026928310245146983
3777.6883151618035 34.783176298410694 0.029461282170546003
3780.629306507401 55.41310573921 0.024532392574589376
3783.572838568743 51.4895112895983 0.026763978792081627
3786.517713463697 59.83589631942871 0.02529835707578218
3789.4617802247503 31.565772995890235 0.03170247370561582
3792.409102699074 31.215879111795267 0.03165723641554078
3795.357829461319 41.84080493039495 0.030484242525543825
3798.3082265756434 50.025429811146196 0.0292700240793766
3801.2602523789437 32.89827065569783 0.03540672089934479
3804.2151471010616 31.784781889683536 0.03462796731110223
3807.168940952771 35.49151991723164 0.03419756641867842
3810.127164040934 46.970250805540736 0.03152930274451178
3813.0836950186645 21.025817497824033 0.04131570113893658
3816.043273623824 30.722857633202782 0.03633283736023019
3819.006218737944 38.48631073939869 0.03664179184414357
3821.967409681068 29.114850389741637 0.040978752350317844
3824.930347074347 24.1801692398302 0.04245137722103063
3827.8976137824425 26.911413883618504 0.04223013811818826
3830.865181798349 28.065016057362286 0.0453970278888521
3833.8349754023275 25.769177870886057 0.044954734183605044
3836.806477534582 45.227988920002424 0.0375441634797953
3839.777362314253 34.932791951369865 0.043312256813405975
3842.7508416347846 27.00531792787451 0.048553477548610856
3845.7248721948154 20.41067117762405 0.050564605261915675
3848.7014848722333 24.557370892706537 0.049505817433035705
3851.6803400915414 37.6522855170284 0.04872532392664515
3854.6605518365996 31.708995255325814 0.04788143333801029
3857.638537955561 28.982425918806697 0.051793495881940155
3860.623532465946 42.867740084985 0.04963867374245631
3863.608826697004 48.15255596621836 0.04723359696371365
3866.5946539604292 53.59944451143191 0.0438085365146621
3869.5792296961886 31.516091974619908 0.05350594142311887
3872.567949184234 29.670099547568846 0.05644963054772197
3875.557850328697 34.21201787223072 0.05456951818565358
3878.550320005383 53.26085031452154 0.04561876983749103
3881.5431954897826 39.95624068798684 0.054941820305766324
3884.5371031193586 34.52804987293477 0.058758750022853176
3887.531645937397 32.737508062745626 0.05893001297056152
3890.5303797035035 43.317155243664864 0.05680593311188412
3893.529405978891 49.213974234257144 0.053929741893182156
3896.529870309189 38.28059299090396 0.061852689834691936
3899.531775681591 48.64336495764817 0.05649364870250585
3902.534612818207 52.66274616335255 0.057962683972946266
3905.539608313516 55.343043377049725 0.05290621546723999
3908.5446345199866 58.989516196837194 0.05538677259750743
3911.551107077817 44.270343085756124 0.0575550049065183
3914.562197807881 59.91331157676722 0.05702326178908926
3917.5724010766316 64.0279478758648 0.05589674018467656
3920.5844573180234 58.33300502335187 0.06156945879084652
3923.598050099187 64.46762105761509 0.05848656644453046
3926.612600400792 53.95781111791257 0.059796051893714224
3929.629689567038 65.48135124224774 0.06122669885602133
3932.6477293100934 62.8630464240286 0.06197546402832851
3935.6705439306124 87.8834209999355 0.05590627466443821
3938.687854762174 79.77395599233932 0.05670391261309352
3941.7059873121793 69.78096350914642 0.048656375504677905
3944.733040970133 87.99045691741934 0.050168767137433616
3947.7597055713104 93.92880161050519 0.05194127661989575
3950.7844399450287 76.79764322520616 0.05913142127716041
3953.8165732871603 111.27124842915558 0.05122453383869296
3956.8422580798606 89.61125618816905 0.05465933064090908
3959.873169072853 79.16016307659014 0.06434099372584655
3962.9077585620003 107.8122850021992 0.053182721242951786
3965.941173738857 102.284655126942 0.055821504745739096
3968.976476942628 112.78855153277065 0.054202901573395
3972.011642012339 106.5183843636358 0.047538164675607654
3975.048918946047 102.78594291026134 0.055982618818337375
3978.0845768400627 84.41751424910395 0.054312203144143194
3981.129125491181 122.83194122020262 0.04930033849888263
3984.1754760599088 156.13223040761014 0.04616005921505424
3987.2149204148177 114.26111981255987 0.054567110914402674
3990.259102340126 111.90715496131119 0.056621030194507746
3993.3030644100563 92.844787376974 0.057344947540342486
3996.3554535777425 116.82124939407822 0.05956870971685023
3999.4020863783057 112.9543715660479 0.05589234061796071
4002.453697949674 102.34076077677452 0.06214197743100392
4005.5081204982603 142.4160899279069 0.0533172946844358
4008.5598746694063 126.88492147651418 0.054694429436212604
4011.613669371057 121.33397495001773 0.055442682791995455
4014.669218246223 101.40271579793507 0.06390419628816156
4017.7268683096995 120.62898881729978 0.05969187012555537
4020.7866695948164 121.36532493674547 0.05909000869223765
4023.845823820988 135.1443941836784 0.05356009737860164
4026.909930553782 139.3347764665049 0.056652459761189336
4029.9720475023028 120.40073099336588 0.06317705792231014
4033.0321182796783 104.34179028602006 0.057808781380952926
4036.101239418609 116.98136869099704 0.06029935325640516
4039.168203159535 114.56925965295902 0.06832201995780207
4042.2330800479526 93.87825825759583 0.06686142755447477
4045.309616786639 143.18622308861828 0.061906417259090636
4048.3775358421394 124.75047580089561 0.06372388403580181
4051.4496423651335 117.71643985206595 0.06769145210596916
4054.5277477385757 141.24451280930236 0.06671425485468256
4057.5999624976644 116.6715038202505 0.07059388515284926
4060.6749090092503 114.39523116460447 0.07052911370259084
4063.754809870316 125.56044468962833 0.06833601192443323
4066.834597650083 132.36462758524468 0.0678452596795539
4069.9095425528544 97.42353341195604 0.06761490248677725
4072.994980070008 115.58176006703941 0.07226141274088908
4076.082610477752 138.05056271088125 0.06759743343727798
4079.1657980038126 116.97559574347844 0.07057897040361048
4082.2516166420023 117.83496390709533 0.07830055963186709
4085.3324976243266 91.50306029850995 0.07419657351024993
4088.425924680928 95.09367964581767 0.08745484150719375
4091.5140950711507 97.38028203172517 0.0830251803303618
4094.604523024609 86.60430150079061 0.08753297383264458
4097.7012354131675 88.36995639357397 0.09863628618751277
4100.791984821433 83.08923094011615 0.09571627583920361
4103.890460687638 88.34935510387174 0.09732958974132055
4106.983889422556 83.24833859295697 0.09667760668762704
4110.082696118109 82.14443053661523 0.09816342717231316
4113.180651965149 82.28776096592698 0.1030742403180876
4116.280701567507 99.10008250529084 0.08594091261731784
4119.384170613648 94.8378093151957 0.092735254156539
4122.488372572477 101.00613925468038 0.09682549817522511
4125.593086857924 99.22655740897814 0.09764389069330637
4128.696906485171 96.80817504348275 0.09078835176243501
4131.8049514198265 96.44957584039268 0.09692553627089494
4134.91016602101 85.51620576327906 0.10637905999054702
4138.017751711156 82.59167239523401 0.09915969933186901
4141.13344938294 98.24918055672651 0.101385688036671
4144.242836077115 91.74572314613775 0.10456608298632349
4147.35653601395 84.86565331292873 0.10844582446185448
4150.473968762386 98.04509632000386 0.10687051598263166
4153.584153734595 79.06776303955293 0.10423734065779452
4156.704119726351 83.17288388424495 0.10864560750179064
4159.82568247226 98.1299241055042 0.1050697177234058
4162.945077257806 90.02619291390647 0.11603661967768908
4166.062593007152 89.74753063490257 0.11093149136316353
4169.188127713511 94.8249106623835 0.10785570086256274
4172.309733570425 94.45873801740603 0.10680421249560083
4175.434682480036 99.43752419052736 0.09995322531516845
4178.55924633357 96.6893915613633 0.11400019501764307
4181.691560702062 114.84609936770325 0.10318943735897382
4184.815054824569 98.58984597111906 0.11140911016375935
4187.947475291966 111.19799430064921 0.10737585672529638
4191.081055533575 126.7567770613621 0.09596742229574133
4194.206335266652 102.30695409516673 0.10222547884229415
4197.342016179415 116.32455459947168 0.09994246460932946
4200.477812039283 113.80566790905152 0.1000053242569708
4203.6146729849115 118.10447234794252 0.10084050567208112
4206.753824075365 113.92669318643446 0.10763960069566918
4209.892751444479 115.45083025391295 0.10549989606996851
4213.029771969508 104.29300389489529 0.10739868439297486
4216.1689840398785 97.40845464304773 0.1187702966099676
4219.318980849369 107.72394669265144 0.11311994063640024
4222.458200021318 102.72414907870645 0.11416707323625193
4225.5991955215995 91.49360472230784 0.12765657482132647
4228.745029373835 89.32181425190896 0.1270192784105669
4231.894950423886 107.39624241022595 0.11922011987025587
4235.040055586844 92.21335354014315 0.13257640323971612
4238.18902768505 102.4247883591254 0.12045738672711599
4241.345949571849 113.24139419896379 0.11354233114808059
4244.494493765489 109.48164332739405 0.12471989349519418
4247.6455698471855 104.71799780921744 0.12101883624473979
4250.805894548727 118.92887458926101 0.11960013737943659
4253.9631513073045 133.33136445490854 0.10474573189401952
4257.1145274221535 120.81306542495801 0.11118852658235091
4260.272410463644 118.02061218934072 0.12255837940387465
4263.431142391538 118.94009220266217 0.11800833608945639
4266.59369969393 119.28739488260501 0.11855724307293339
4269.749873394815 107.29460484485963 0.1194913103585426
4272.9131853263625 104.77392966277314 0.13152283434444909
4276.082042530835 119.8704392163599 0.12314565608729242
4279.241528755928 112.81689815631499 0.11657318222344702
4282.415385877048 125.41619343439599 0.11625052769600998
4285.580297228945 123.76705723140368 0.11891826732767033
4288.749682529034 124.92315602132844 0.11605430351070871
4291.915208790666 119.7353522895489 0.11949392373491351
4295.088990344835 123.58568730368519 0.12183223439156385
4298.263024232619 126.86073544620193 0.12114228701146562
4301.439076459763 140.07002812550076 0.10836727227021045
4304.608638865084 130.18326671111691 0.11363074510569818
4307.786585759533 127.14868232279142 0.11917512520622622
4310.959400207571 121.5745173660038 0.12458233627884255
4314.1424806851 127.3684226516535 0.12075730815136429
4317.324139442072 135.11241604371617 0.11533696615495474
4320.49940703872 126.79357437199134 0.12035724937382238
4323.683522563582 135.18456535978845 0.1153439214550625
4326.866699284537 140.768144742845 0.11395317654600554
4330.0484862620815 138.15880417762494 0.11737152702825111
4333.2350952596025 144.02657223464706 0.11255356667425143
4336.4203428719675 140.95972786178194 0.11549220797242221
4339.605761734544 135.14523628139455 0.11848922994962197
4342.793980282507 132.18707240430248 0.1230153375422544
4345.984185587681 148.1896595650129 0.1145019455885159
4349.176469761862 149.36850784192276 0.11360654907639445
4352.36859101103 148.2304826071955 0.11534105780786931
4355.558947594549 146.89183491320884 0.11365847997162089
4358.75561087139 160.34380588435366 0.10745470800902734
4361.94962883607 156.56121982181332 0.10794795042904719
4365.14716099565 163.48390244962968 0.10754675162070788
4368.343512226624 152.47303032508322 0.11299765162862299
4371.542733539904 155.45017445533742 0.11354468675586016
4374.742098183982 150.76351018900712 0.11868729894518329
4377.945076618221 158.5388567539878 0.11064065893809409
4381.147022841443 151.3328176790716 0.1176067972911577
4384.349112238199 147.3888695904766 0.11973755591925651
4387.553366764579 145.9492081718884 0.12192662559964096
4390.758574279965 139.3104662092351 0.12628616596734923
4393.966256378332 143.43799788009696 0.12434528597800647
4397.172714867197 141.00382707718842 0.12715706036943475
4400.381296546161 141.64741088317209 0.1263900167900453
4403.591227023639 136.82403754741347 0.1302088786149713
4406.802001347743 126.67907420454637 0.1399004934651474
4410.0141506492655 125.72425212002834 0.14024176386910306
4413.227085392892 123.86401364184688 0.13926348827087848
4416.441254509603 121.7477961360649 0.14211966170756826
4419.656519236839 116.51878982065925 0.1479892348151965
4422.872866761096 110.16736583924899 0.15502478551223653
4426.090457463111 115.84568420335181 0.14876665846919315
4429.308897019078 107.1658239596929 0.15777715311662116
4432.5285423651885 107.48454261056828 0.16093681561423187
4435.7492559210405 105.51391639034162 0.1638016544854529
4438.9712002928645 97.00687249965071 0.17023322857134443
4442.1939803672085 100.12393022500122 0.169358438677341
4445.417953765558 98.82718585927853 0.17277958992743428
4448.643038032328 101.04730833489512 0.16955753018112624
4451.869219799739 95.89701354375919 0.17835518301361453
4455.096269367555 95.14946590864741 0.1826529617543846
4458.32446715209 97.81939353331734 0.18007370185158558
4461.55406189159 97.27961093015844 0.1794066601163012
4464.784363092797 92.37812226734675 0.1877250939364935
4468.015842392216 89.58304121337828 0.187422775313805
4471.248272788376 94.57418795802984 0.18504445620479495
4474.48190506949 86.5537320425746 0.19883575516125615
4477.716674424999 89.66466822191505 0.18983795725585875
4480.952216226159 91.589554887292 0.19025098178240896
4484.18908182008 95.03939912093048 0.1856438448177358
4487.427621374997 94.75418422773956 0.179021645878193
4490.665681132876 97.57688833711426 0.18430869616814768
4493.905528005208 102.04702695716708 0.17855243382779304
4497.146463462915 106.03232254580354 0.17330463817794817
4500.388470758474 108.50547124356432 0.17353639451337913
4503.631414095974 107.98787060851923 0.1747208271640565
4506.875172404647 113.31819883616416 0.17244924255380265
4510.120656803061 117.2241079631677 0.16686189633312143
4513.366820591934 122.03904545931924 0.16314263933854822
4516.615250763808 127.42376091603916 0.15688385025999682
4519.862249172032 133.3877836131371 0.15503153156133812
4523.110977304066 137.8973968983628 0.15063751822292393
4526.3618193501425 136.60968183845173 0.15003987089446796
4529.613971985218 139.54118939729767 0.15024644628450246
4532.864808978445 145.65342594657793 0.14560338594439698
4536.118868778724 147.63095805800944 0.1425679215601785
4539.373105805732 150.89240277183083 0.1424609916659636
4542.628574342429 143.58645035185677 0.1485532402314528
4545.880033065458 156.46123729539784 0.13287628386713723
4549.141562971995 146.76258211435345 0.14761388509094364
4552.400761508382 146.5044973994163 0.1482116331984841
4555.661505970461 148.64336585478856 0.14649585376324958
4558.919578764639 162.26869469131597 0.13633390019771072
4562.181185793476 163.82604407589054 0.13485814057574588
4565.444555790664 167.10387552676852 0.13451816429546906
4568.708079663863 175.05054847001284 0.1304469279110766
4571.968747522051 181.1732737261713 0.12917793706135106
4575.236353986276 186.1695256649589 0.12171241411958401
4578.50549126977 187.83951658566266 0.12297469759838674
4581.768057074897 201.7171537853082 0.11719968240412372
4585.042444300527 186.2876512223547 0.12421310381280247
4588.309502442099 191.45085569486326 0.12275848876817849
4591.57945072925 197.65623456648268 0.12139382516350385
4594.850205298768 206.05554174416952 0.11586176497719271
4598.125479330031 196.17123191052232 0.12057726239311443
4601.397373289167 206.1812977002451 0.11745346748120919
4604.670350184922 217.11583773986456 0.11309845962119579
4607.945873201176 222.79390282253982 0.1095419736522997
4611.222962139503 219.99500379331468 0.11089395428189446
4614.502747815105 215.9634358268955 0.11114342644203011
4617.777881146818 215.6675665791495 0.1152907090376992
4621.058206771014 221.12529947056015 0.11076830536763065
4624.338749853079 220.72324130770167 0.11201099487546777
4627.619529611156 221.85097397335434 0.11071348109155325
4630.89949123074 226.15321104116202 0.10896866533181714
4634.183410345704 222.69971070284706 0.11058336975170782
4637.469681840644 218.0948542602879 0.11462782615246737
4640.755045524492 222.86749600764696 0.11172602448010034
4644.040708012211 215.93730807966915 0.1162344862957215
4647.324192792967 222.33936723229897 0.11479838476323209
4650.614587395225 213.34875317512868 0.11998916528566322
4653.902737414332 216.08080894812792 0.11797396084706752
4657.1917546002205 222.70915349098195 0.1138471497790816
4660.483924986562 218.0644778651875 0.11801556756710813
4663.775602021529 218.94246720546877 0.11791290841806501
4667.068204395339 218.27021954553877 0.11830497446709626
4670.3617419192615 221.5907852364109 0.11789245557951225
4673.656213124211 224.27469363341112 0.11709186629943551
4676.954211929345 221.0233969076304 0.11653634170392328
4680.248062572501 221.2791490598829 0.11814213590946251
4683.545419048025 222.6461489522368 0.1169242643006314
4686.843673126888 220.44430627024767 0.1184738028853753
4690.142929362511 212.0221438141199 0.12385913631161169
4693.442991421529 203.42813351739534 0.12820541131895508
4696.744063884093 198.097631380028 0.13250532520043035
4700.046030301651 189.49329648907766 0.1377030103073255
4703.349019434662 187.54054148812455 0.13931300666386653
4706.6528914611745 181.04846193249202 0.14314442573261063
4709.957518134915 174.5476543265204 0.15031018400555587
4713.2632717466395 170.36386272382566 0.15325923048905235
4716.569875761196 170.20543047506638 0.15412364247436625
4719.877282392339 158.3696230915319 0.16321101588028347
4723.185874923306 154.1368706241022 0.16893132297756808
4726.495148888033 144.73057250608403 0.17630308749583
4729.805389327268 139.84121208664305 0.18434901670895507
4733.116642955857 140.85171439158785 0.1842127667632347
4736.428588072482 136.64641227752105 0.1899438872907074
4739.741796496391 125.75003459652311 0.20322398152375476
4743.055714603145 133.32102414042924 0.19387493758397295
4746.370439433143 127.23743472621157 0.20013210600661752
4749.686140780695 125.48271473401151 0.20566661173909626
4753.002731254137 122.85878833217602 0.20793099252516173
4756.320361583217 121.96046992806635 0.21064034832329204
4759.638719435592 123.93892304511527 0.20763138506416168
4762.958029672004 122.83235257385248 0.2100171340581697
4766.27822619483 115.4164499566379 0.22128267288356906
4769.599308143248 113.88609658965639 0.2270110688098436
4772.921303699177 106.19932409602326 0.23602237433038917
4776.244295588446 109.48969440489165 0.23347126535353213
4779.567936164468 105.67836966625555 0.23906045014618227
4782.892747199283 104.65198694378552 0.24333203865369085
4786.218106805458 105.07774822761071 0.24181902060836263
4789.5445982873025 101.0137204415733 0.2523066772902369
4792.8718431143025 97.04428906052027 0.25803685004633686
4796.200085423294 96.20842365893074 0.26400539370024695
4799.52905458723 97.0008441292153 0.26400296621249925
4802.859047573348 94.55630531490146 0.27022308663726297
4806.189868915886 97.24134267547652 0.2608998831674184
4809.521427878339 93.04899788407202 0.2703171263081549
4812.853891878847 87.08751289727637 0.28489110142433766
4816.187397125274 87.89376345404854 0.28350767805195043
4819.521571248741 87.45214167607567 0.2867978245574304
4822.856702144495 84.99619189414149 0.2944310742730809
4826.192774250647 80.08224449726544 0.3056527881574367
4829.529504250571 81.70497084460379 0.30102752511281605
4832.86725614787 80.12327977101164 0.3069869728206941
4836.205851918405 79.98526794441759 0.3087838055183486
4839.545192410133 80.17974708706669 0.309775361781118
4842.885448815703 80.66523082483053 0.31078557699386367
4846.227864152905 88.7992456776245 0.29153428291343575
4849.568448899737 93.47315901417784 0.28064016380112444
4852.911288382752 96.87703028665136 0.27596063734030396
4856.25484473289 111.86805155643894 0.2451515119824595
4859.599387310179 113.2161137748182 0.24542768858306538
4862.944723078212 118.85704145475655 0.23633409747883152
4866.2908854755915 120.49065121607435 0.23502032833510908
4869.637858219122 128.18958215905482 0.22151649118716052
4872.985839969153 129.37783522782638 0.22002224333032078
4876.335773095728 133.61546645529384 0.21289725466141404
4879.684201600879 126.48688571441332 0.23096909762654505
4883.034225213948 131.36848878751385 0.21999042279754705
4886.385367420243 129.33557115491425 0.2225508269370074
4889.737337699322 125.73463998861237 0.230173601017221
4893.090192860818 122.62451124524789 0.23171308652747394
4896.44384692122 119.33725226862079 0.24091452611861705
4899.79830419845 116.60387790578369 0.24987825032522906
4903.153706418849 114.34150679926225 0.25160057863299684
4906.509893970288 112.84416432315322 0.2527606765312106
4909.865934937233 106.14625275038927 0.2722011573590903
4913.221333125568 101.69085670763646 0.2862383612065755
4916.575070694494 102.90283157767168 0.27769450835358883
4919.931257900834 98.35759732587788 0.2807614264249201
4923.285820072759 98.17599126593682 0.21927252658947746
4926.649902486826 102.6991201526856 0.1759279350408929
4930.029520449136 112.09101844028349 0.21028789548802504
4933.396605657965 119.17029714548717 0.2155536122737209
4936.753982228895 114.8312584822693 0.25603811255620595
4940.115610354746 125.4770948313999 0.23518751260800919
4943.480672537622 131.8052762119724 0.2287444448080236
4946.846351752591 138.42750532208171 0.2183579752251192
4950.213028454422 148.886514824271 0.20407470196309618
4953.580350125688 149.36444805579478 0.20353994737224412
4956.948609184311 158.28094550325702 0.19663186973926045
4960.317630241215 161.2084516270884 0.19171585977955985
4963.686697579396 158.88711372916927 0.19232038338498086
4967.057938625124 166.3980242477363 0.18811658128837802
4970.429323092747 162.3953116691213 0.1920771966890156
4973.801423636078 160.14310099869107 0.1954819087919907
4977.174320101957 156.34341265824074 0.19834447986717627
4980.548083116288 154.4481666639774 0.20204290662598448
4983.922559521731 154.6051889333659 0.2008061670475113
4987.297875422814 151.5743306975929 0.2043135827945377
4990.673871283185 153.7343717019531 0.20485838111457494
4994.050813425753 157.73212155443161 0.19938403733223004
4997.427112824994 162.97662757881326 0.1945632234706303
5000.806745139647 159.77876899199484 0.19825901036618307
5004.185839984819 163.7410918986858 0.1927592563300703
5007.565791133578 164.80617812896818 0.1929584421355432
5010.946438395526 167.94503301976502 0.18961039437242677
5014.327912535475 172.77103926819973 0.18510039137641682
5017.710172964731 175.8296535177946 0.18533002808163995
5021.094528421418 175.72003216098742 0.18249595567097637
5024.4768744317325 178.7459872164732 0.17960893029506753
5027.859904753425 179.7041837151405 0.17810101762162442
5031.247617823303 186.002037632065 0.17604192503589514
5034.632596887999 187.47476938652866 0.1730183703247323
5038.019372430979 180.1903969523339 0.18079392796809365
5041.406917994676 172.38873495379508 0.18929513557882877
5044.794132331857 165.00343058369845 0.197600554199293
5048.185633741813 157.98334058794154 0.20582709441423444
5051.5740064162355 153.08339686266677 0.21150003970771505
5054.964647525784 141.937723064173 0.22450987398905115
5058.356873697765 131.47776350376986 0.24391792579289226
5061.749391897714 120.02660770364541 0.26147236688249736
5065.140600196773 117.61539998378255 0.2661664741545635
5068.531936836016 110.29897887046312 0.27705503634486817
5071.928383724797 102.88482515744315 0.30048255515874717
5075.323336698641 102.05677490804024 0.3053097126895264
5078.719161056004 101.74989603760307 0.30502262618043324
5082.11554938507 100.85651354395631 0.3094195304978598
5085.512739164205 100.19955848688267 0.30898394567543636
5088.910644310226 102.14091677260792 0.30486636119204424
5092.309297767986 104.17379675779014 0.30378952100330336
5095.708700630481 104.56506166802991 0.30178979923165916
5099.108748048985 106.88710402476104 0.2953124048482767
5102.51096448647 103.78836393603362 0.3020794399212537
5105.912219993298 110.20892386781625 0.29071883319709213
5109.313486049472 112.1314943823862 0.2845518706153785
5112.716460178851 110.48079144819138 0.2919387300530136
5116.120223386745 113.34841365326075 0.2881556418231968
5119.524594029884 113.71379226923291 0.2806274389209464
5122.929741027548 112.56870172591682 0.2887483183392268
5126.335689373577 111.67198823512136 0.2890097930958659
5129.740797526645 111.79298327100875 0.2859330720846706
5133.149558496774 111.66456235231256 0.2933749195381624
5136.557517625821 115.66524743690022 0.2814408954280655
5139.964783094917 115.0734657401407 0.284815474238401
5143.377180447967 118.2748236527791 0.27298957815092884
5146.785787444712 118.18484769494016 0.27892358266365913
5150.196592520386 121.937913332301 0.27250194364807223
5153.608149856138 127.06158210494847 0.26418520781595717
5157.0203391504665 131.8069504698156 0.2544987667238448
5160.433351889348 133.64188362078684 0.25234390698675213
5163.846957394125 132.10818634565905 0.25648963473338027
5167.2613165943485 136.00760780324083 0.2513090780900068
5170.677420595441 142.36830139751117 0.24440188668968804
5174.09068046488 148.4678481298556 0.23437503639848853
5177.511613301311 148.83429055402436 0.22981297811909654
5180.924249643494 148.07187112967765 0.23182681316038128
5184.339720191687 158.43412017149973 0.2160977169906658
5187.764303630869 155.41168150128564 0.22736485244658208
5191.181012285106 162.86690717365053 0.21670940240606826
5194.600899368733 160.7619244964124 0.21873753394480677
5198.02308593529 165.16805946931254 0.21347538886486772
5201.441097600831 173.62653622616483 0.20160848217604263
5204.858018283923 178.26548471466748 0.19802150706394184
5208.294740983437 169.39601359479246 0.2090083333992404
5211.715610504295 171.29453180701444 0.20485250248130935
5215.137377092654 173.80681645352487 0.2040598137058282
5218.556286168482 168.05645172065866 0.21311189178105347
5221.984949214713 172.09084293074082 0.20738828448275215
5225.411464051452 169.21111683149567 0.2099532954877535
5228.8351894686875 173.72481864191366 0.20431648603064262
5232.261100496859 175.37520500488986 0.20140075133684962
5235.693431871043 173.23884515363014 0.20785738085576985
5239.128137788747 175.87831900157272 0.19784868033402106
5242.552526598966 180.3116176089478 0.20157091495420218
5245.986239342043 178.3569647740637 0.19987181240718407
5249.414045335927 186.87081671505257 0.1957427779850941
5252.847492529533 185.21237820216385 0.1909061297325181
5256.274403587445 187.60384263909324 0.19678740130534872
5259.703254768877 194.15151951467425 0.18826558747055716
5263.142514223811 193.39829368070025 0.18951531428595256
5266.574981482469 194.71171799510023 0.1891953557808195
5270.011081417795 193.98687231460548 0.19098799823266344
5273.441101635701 196.61148643157455 0.18276764328131861
5276.887237670765 199.6964964917649 0.179370861168694
5280.320360909745 201.08042466189167 0.1752149647385202
5283.754242742057 209.00115110154061 0.1774650612774612
5287.191682916418 210.5919586685549 0.17090776553299983
5290.629604427296 215.28155185924504 0.17097431010780503
5294.076813631784 212.6247162098335 0.17522236901613666
5297.510823582669 219.69200807175832 0.16954962372776272
5300.954594878409 220.22471839035504 0.16649186142477018
5304.384618003546 224.44285768688724 0.16397806295661155
5307.832247256861 221.68531824599583 0.16450630594817806
5311.274986842035 219.37040284312639 0.17136304169973793
5314.71909106513 220.06889467775176 0.1676116784407129
5318.167438268185 220.95879613531326 0.16788844792329932
5321.604037977932 226.71636844957513 0.16305269102159095
5325.0556430403885 225.9970712191087 0.15944538787589066
5328.495750674298 220.34679491546544 0.16586169586571056
5331.946580991511 225.59110779656248 0.16104293700029038
5335.39532814088 224.13080463959724 0.1675549703564172
5338.8351392889335 230.75902906049186 0.1636953121583854
5342.291130652596 234.09861784697662 0.1519695838603281
5345.731909774966 236.05249469541775 0.15916994068159182
5349.1747731004025 231.4062718678555 0.16123721000375985
5352.630028325374 234.8527524371214 0.16036344878759745
5356.084950169358 230.545527774584 0.16038941444538615
5359.5287792374875 236.38238467099018 0.15910099481983062
5362.989087069515 230.51224742361217 0.1600141468033032
5366.44233132109 231.98973729513636 0.1556596048162467
5369.885990780869 233.95862993044136 0.15933858626958328
5373.344042882518 234.39040244252723 0.16397133505609598
5376.800318525946 226.29983496740982 0.16539341748967315
5380.24965327237 230.28801230983504 0.1677241919837079
5383.713158451005 221.3164190818744 0.16729959375009126
5387.16211024255 220.48158923530022 0.16728273404954122
5390.622417060185 214.51247747895243 0.17891513398374548
5394.080600286987 215.37652238749234 0.17685984421259546
5397.538061794699 209.23750881966552 0.18209098640372098
5400.996320801338 206.29277788361725 0.18428878381310856
5404.45898121944 194.03266359662558 0.19447249551771303
5407.914567384101 203.08094140816604 0.18752088881074933
5411.368718410942 196.01192347612172 0.19255664787564244
5414.8272647422655 194.02048248986324 0.19279892832834872
5418.292283566412 186.38395351936063 0.19618620799713613
5421.76062811021 187.3929058241515 0.20717006602573126
5425.22231506923 185.54824413393854 0.20719650397371794
5428.674059151733 188.96185105995153 0.20218463804691414
5432.1433884715425 185.82991159505653 0.20857003234963126
5435.608038713531 185.81885764951068 0.21180575816155944
5439.068720363559 189.99595258731597 0.20515775107727316
5442.540382936932 184.76243454705434 0.2125155476932694
5446.001814911872 188.35378484284743 0.20693520652048206
5449.468126497214 185.3681632477755 0.2105637498929685
5452.943532308177 180.65817529391 0.21468648000645255
5456.417149475646 179.98169582114656 0.21048463391001626
5459.877506765198 175.07408510287155 0.2248572744998261
5463.337001296071 178.1508243410391 0.21571856145148144
5466.82062644468 170.03891085398837 0.23142920472366454
5470.2900737117425 168.7101658768129 0.2287497027951327
5473.761878128045 164.13723112163268 0.22887172612712414
5477.225592724744 162.21175311944657 0.2434487619830656
5480.702430308397 160.09544559701183 0.2394645461574993
5484.172203092575 158.71080864389816 0.248113582329906
5487.647790496748 153.1525770013905 0.24986409501710732
5491.110549885853 155.24716222676494 0.24822513698356619
5494.588994736696 153.39171581228723 0.2576472702512235
5498.067770789357 146.86838539428993 0.2646881580629375
5501.546459210499 141.17047471915686 0.2606870899496412
5505.018147190533 140.18166818264183 0.28327375007165023
5508.496161032163 141.61044168059746 0.27662234787825
5511.980921655709 134.08626883439925 0.27702602551923416
5515.451886001288 136.93754686431762 0.2792351404655099
5518.925274024476 140.76427693709667 0.28051543333162443
5522.407695104648 138.5517123280767 0.28001305365998175
5525.89415871347 140.32795158563695 0.27168943974335974
5529.363202417033 144.6492484470671 0.27342497836036095
5532.854523238543 145.28691989676298 0.2604339859180971
5536.3369067300555 148.45390064266957 0.25850566266634467
5539.812394125304 152.51769759741342 0.25538336784648785
5543.291062094616 156.7734275086451 0.25474398938499127
5546.773089521971 161.89661190609496 0.24282030526959222
5550.256071151779 163.37998798180934 0.24213807632830558
5553.743287318078 167.9450374021255 0.23864079980601632
5557.214320859138 172.70851687501957 0.22654035285074123
5560.703078378581 175.51601378147961 0.22664211212218321
5564.19901088469 161.95375895568912 0.23850123523665473
5567.6744321364495 160.53921904176238 0.2408583657668595
5571.160659168027 164.45287554744385 0.20365878536103352
5574.649560513094 154.39702249965111 0.19106411706308088
5578.139511048424 152.0188051828323 0.1957809124669831
5581.630195097508 147.9065461276198 0.18985966693589518
5585.1145783075 152.82363169856387 0.19878445573945172
5588.610097382967 153.01498012246213 0.24539285102268316
5592.100405185435 148.17072172442093 0.2632399882492254
5595.591849019884 147.74633703262487 0.26689285765731463
5599.071522115506 146.0106680823275 0.27230204324778107
5602.570694408672 134.54859251673807 0.28362611195891213
5606.064261392964 130.5122115241311 0.29571322703751324
5609.54452881865 127.57221370226146 0.30001342462757347
5613.047265182299 121.55434967418094 0.3125451999556768
5616.541727036882 110.50383152625129 0.33045563369924524
5620.02842949769 113.89884827597126 0.33536220095974567
5623.522767452788 108.72974257701246 0.35130022036855624
5627.017797480058 104.31671702735261 0.36727630140108
5630.511594416192 99.88941364062666 0.38015643640907704
5634.007425371676 102.93257899795451 0.3780034771239073
5637.5066390978645 97.03591460301669 0.3905404260197593
5641.000780983797 94.93870083541256 0.39844134377474033
5644.502072089616 94.16054541179064 0.4000679011832194
5647.996594996493 93.46607301752549 0.4045700603595976
5651.495705328217 92.79239056412185 0.4014056975198906
5654.990851892574 91.64961759833673 0.4028827217005972
5658.49401265587 88.16751246125706 0.4201893301089897
5661.995812299381 88.35763452381002 0.4193442852426625
5665.495799232821 85.90475814568643 0.43196708420127766
5668.997139142621 84.48369357405181 0.43446801557347386
5672.498097867768 87.75249118612979 0.4217864390901028
5675.9990908382 89.063932014059 0.4180455231023301
5679.501482252923 86.85159127037218 0.42469043460383504
5683.004480563927 87.84738420942175 0.4252534767399788
5686.509259366625 83.45200305151043 0.4264185615995028
5690.011991162048 86.80116568189948 0.4252920199437279
5693.516498099343 84.5328822653952 0.43389668944050214
5697.019885891271 83.22463454601451 0.43727873300612086
5700.527030318021 79.16754502672973 0.4469092321282086
5704.034539212577 81.10557769020474 0.4506802306691065
5707.540640460287 78.70534575640883 0.4599283977451672
5711.046496635636 77.14960819838672 0.4657666630843858
5714.55398305895 75.17715338910054 0.4783896645463492
5718.061821876756 71.65742297562083 0.4999669721228684
5721.570379598264 70.11836157122218 0.50614244872027
5725.078853568825 67.90778339834219 0.5177812304254963
5728.58724090519 64.25801064025971 0.5395760158547434
5732.098747427736 59.927248715631904 0.5677712663268824
5735.609148770734 56.33782587426671 0.5990787210152138
5739.120026434579 55.1460297914899 0.606827309853465
5742.631433647528 53.00209892711624 0.6263024211723193
5746.143373996703 47.322040016065664 0.6815833529211849
5749.655715109895 46.0625284456277 0.6891547248838845
5753.168622784205 44.44460775100656 0.7019766292713583
5756.681769218696 40.97286428068569 0.7451935721996955
5760.195673890454 37.37027505421168 0.7836011220107728
5763.70993431784 38.88313788648484 0.7825607823220936
5767.224714659515 36.93474785496244 0.7975032789231916
5770.739919653233 35.964565203377994 0.8126118485478753
5774.255636706884 38.547285244851835 0.7802487990908972
5777.771810789586 35.58191455039362 0.8211110034646754
5781.288466625125 37.45665554268174 0.7978543629001911
5784.805627481725 38.60026518469169 0.7832564966849497
5788.323203473621 38.739308010280325 0.7806812593719886
5791.8411761526495 38.84213558559022 0.7795548815572203
5795.359791958193 37.25564098525091 0.7938237291078946
5798.87884714703 37.667346833620265 0.7914308616338098
5802.398305078705 38.15118905984226 0.7837549428873753
5805.918187694639 43.1116450740964 0.725889085512508
5809.439845517951 43.284144460380894 0.7365791930693216
5812.961234404369 39.92386439700343 0.7549641312692694
5816.480839810632 44.14564136709504 0.7131152458783476
5820.0026519465155 48.274831271470774 0.6691886150276318
5823.524872552005 50.96623085370776 0.6454203900727176
5827.047600704027 54.92198075851368 0.6098412905995753
5830.570804486905 58.1215131247526 0.5929940213742304
5834.0944790934955 59.032655609263315 0.5810661561111179
5837.618514327424 61.82088742137099 0.5566181233089628
5841.143083060039 62.049951489620405 0.5605028821221709
5844.6682092853525 63.08806022961121 0.5471257325019424
5848.193624156111 63.21924575233878 0.5551745057005297
5851.719432217306 64.32113417927745 0.5454736195498128
5855.245819648275 64.82424493070815 0.5520332914889143
5858.772631209348 64.02907233017774 0.5461926231004737
5862.299882812108 68.22705678923508 0.5160086155451592
5865.826193532466 68.20935791612258 0.5093163659980707
5869.356016440924 68.6323394096605 0.5048340061843376
5872.884295949877 69.21279624529984 0.5027575068433224
5876.414827956785 70.4272413253475 0.5041899108931689
5879.942993205571 68.20993230809034 0.5182943891999038
5883.472945663715 72.28889696959989 0.44811711825180633
5887.003288395573 69.10876348916199 0.407565324982382
5890.5341272291535 72.25802629019579 0.3682761164860628
5894.065414699895 77.18066768525695 0.33803380467340494
5897.597143602397 77.70774691584201 0.3481819879760128
5901.129340927762 86.12569280557905 0.366716753641036
5904.6611102504785 93.65245000384601 0.37233968935618494
5908.194882842733 97.50620027508407 0.39044354450953933
5911.729382127109 102.76362916453002 0.37733196795149104
5915.262270765592 104.76740011546677 0.3670111563842178
5918.795869508353 108.85349812300767 0.36149283619650746
5922.332889309624 102.95271575466276 0.36861510502699235
5925.866604087484 105.76730258666082 0.36712125358902775
5929.402198735341 108.83690986981351 0.3564291341945208
5932.938319786443 114.37189496634734 0.3425792085455455
5936.474807014617 116.33168348538089 0.3384007786741638
5940.011784855756 117.66180222148718 0.33572018246387203
5943.549126045536 117.4187580794028 0.33692626703654216
5947.086950489525 113.44083505627515 0.3474498496855431
5950.625085442313 113.09096755817723 0.3480412664939553
5954.162426631429 115.53795825626491 0.3435727733257108
5957.702877638151 114.39665613193938 0.34618382650499036
5961.24237086125 109.77191067595928 0.36132286347042325
5964.782269730475 106.68860319786896 0.3680826114115828
5968.322600481038 104.31938221196076 0.3791537148029578
5971.863326637573 103.25256070212464 0.3777640440342685
5975.40454075436 100.01954277232352 0.3917312619133662
5978.9461523737555 98.75461603569302 0.39129685009186344
5982.486336027942 102.17067674804473 0.3802348346273217
5986.030450561629 98.49858924022523 0.3970445896323317
5989.57491734669 98.5760239938741 0.40110327685256375
5993.116709070641 95.7654407128485 0.4083573361284107
5996.660379721082 96.63850135062678 0.4059657147836747
6000.20442468693 98.44591659573443 0.3992415961567918
6003.748964681191 100.86669584019126 0.3925336470247754
6007.293869135847 100.12257054240415 0.39584262890790933
6010.839189561901 100.4420270163078 0.3975364025878458
6014.384875365486 99.67567928764763 0.39963661931795913
6017.931049064198 98.70306182167793 0.408755270486561
6021.4776562242305 96.51884262389129 0.4137864334588238
6025.02456360291 95.39477184401073 0.4157549091803822
6028.571929838372 90.14134237188934 0.43814070124904075
6032.119715468965 91.03594336175519 0.4332304002030098
6035.66788620825 85.12169187674783 0.45627843893536313
6039.216534893157 86.48210032550598 0.4586941501364591
6042.765572831135 83.0409418070121 0.46949877700983583
6046.314950648428 85.81937061048659 0.46155948700880467
6049.8646634141805 84.5077325460425 0.4648184589526621
6053.414934161238 84.22215294781496 0.46527246149456747
6056.965551121558 84.97766467780443 0.4684506689897138
6060.5165089812435 86.82213232997331 0.4540423807464716
6064.067932361931 81.90586474409746 0.4765800988393059
6067.619675058918 83.58896164201497 0.46723047860099126
6071.171951889398 82.49341040393054 0.4663383986877955
6074.723869872179 81.92219291228396 0.47857942665859465
6078.2773951674335 85.40832685695293 0.45931105786450116
6081.830802324778 83.70046871478671 0.4720932708971389
6085.384637553526 86.40394101800152 0.46051700633549814
6088.938734010629 84.39275419148383 0.470047184523707
6092.49324316641 87.62165589354754 0.45922145807831194
6096.048289484248 86.11283650411502 0.46358186833246323
6099.603548162824 89.72047197306665 0.4485275129679877
6103.159333125189 90.23091514133316 0.4500982823618982
6106.7154101095075 91.3632149314374 0.44501415083178986
6110.271962296033 90.76189957940727 0.4445068570103581
6113.828812969085 91.18911503435886 0.4414397637998313
6117.386147683891 91.74307126887592 0.44531088589986123
6120.943731174129 93.22987653576601 0.4382220393313284
6124.50181132975 94.53272299886382 0.43304369466298
6128.0601783914635 93.05740748975971 0.43729623536300544
6131.615137978932 91.39410193427834 0.4385867793721786
6135.178258357791 93.916662399133 0.43439320347949184
6138.737817630663 97.92016385754265 0.41699367488309463
6142.297760078272 96.22101098731483 0.4190623262897813
6145.858137880578 97.11272466551966 0.4158517560474933
6149.420574936955 101.40937535994458 0.39966621814996234
6152.981350981678 102.44089184221774 0.40477643095459825
6156.54132515548 106.70556898773775 0.3872365986566436
6160.10322348456 110.9501850924612 0.3781545680664129
6163.665496676559 114.71053552338797 0.3685968771388609
6167.228115129011 119.32487415153643 0.3489973199419713
6170.791046565956 123.8458251675348 0.3399948100815224
6174.3544201261475 129.415579411906 0.3231617162819255
6177.9180241382555 130.31764823009996 0.32557401071074626
6181.482293594847 132.17094488677773 0.318536671906811
6185.046622716013 132.01080092571962 0.3215399664582695
6188.611526204408 133.7631667129515 0.3172039575486598
6192.1750044404125 131.188646030011 0.3213394942297556
6195.742314129348 131.78867989175671 0.3209218697884592
6199.304615803158 125.21770680793931 0.3332684599309288
6202.874612712094 130.75268872045004 0.32459182051579905
6206.441196210303 127.85420045497875 0.33144302432766415
6210.008322428242 126.26098271426987 0.3371533967855409
6213.575700128133 125.12899641320492 0.3343573447397128
6217.143520349142 124.30791295752807 0.3381423673404374
6220.711641688803 126.86747947244451 0.3342074479862483
6224.281606752838 129.49993520076293 0.3302281035893087
6227.848745361126 122.91148273276045 0.34103787193003976
6231.418244105603 122.62994920221146 0.33598136773537013
6234.98782125682 123.48333430089997 0.3294739696001614
6238.5578739075945 123.84295447313812 0.3283450718768025
6242.128127576298 121.90869569947098 0.33351630029639034
6245.698824982891 126.31008576306945 0.3270393796081636
6249.269806739076 130.04856183329278 0.3248944091935942
6252.839283880712 129.46788958150665 0.3176099363255011
6256.412921096601 135.45263042637058 0.3098633653342474
6259.983095304627 136.4427454969527 0.3045312544833281
6263.557494616338 144.5834538085588 0.29227373138048685
6267.1302607087155 144.73529646738265 0.29442099406113176
6270.703386021901 144.53003790316015 0.2986838225645149
6274.276955346114 143.09993319761665 0.30138898035468425
6277.850815585643 139.5410146244121 0.3103503526942122
6281.425063662653 136.69784914883286 0.3123326774824077
6284.999574805817 131.17560345130593 0.31956547920438116
6288.573668247374 129.47456242795315 0.32823034603692525
6292.151697511288 135.14684693959515 0.3031823603823608
6295.725491927217 131.4685170047934 0.29067638110354105
6299.301423068334 130.16359126861397 0.28675608840657213
6302.879351157389 131.9552049557376 0.284223056387845
6306.454419359464 128.89731800869356 0.2872519987957447
6310.031497039406 128.40096974139524 0.2985564637247842
6313.610508288925 128.80772407674658 0.31840414169446163
6317.187649730531 125.98560675325895 0.330559250034689
6320.764648309104 123.54246506154807 0.3357296926341581
6324.34293889979 119.75892078963382 0.3422510636551087
6327.921856293467 119.87569815606922 0.3377032907844339
6331.500891281675 122.6041316663754 0.33666933177522673
6335.080277554766 115.2579479772928 0.3551904355422724
6338.659594718501 119.22182817589949 0.35106821140538996
6342.238277063918 108.06871251323183 0.3822752686700023
6345.8207832800335 112.30666808823368 0.3753896080251715
6349.40137454316 109.17387268873682 0.3828012556046875
6352.982508281336 110.91014046403582 0.3746849597070325
6356.562132138704 107.10271649537954 0.3780327019655345
6360.145853267776 113.04788395786122 0.35469752165025903
6363.727993158451 118.15800790710831 0.34046665604695675
6367.310369566517 121.03992014908978 0.33708856941972815
6370.891433180324 119.62672843044778 0.3358189928328861
6374.4749983370475 125.41837083811731 0.33725513264238405
6378.058029141191 125.7121798032075 0.3352618862152796
6381.642326220116 128.8783557953147 0.33086153063960805
6385.227918260912 133.56082456993872 0.31932439062635876
6388.8125285267515 138.01648571289252 0.3103958228341683
6392.397206689458 136.55926111942406 0.31459592157484156
6395.982394002032 137.04261624779252 0.3159064322703779
6399.567818916393 137.1251495938725 0.31417520193615917
6403.151866793335 137.1672962036845 0.31746475695154125
6406.739818528681 138.7864045312246 0.31223792182418914
6410.329430431731 140.96692758160387 0.3064134714470359
6413.913062724553 141.17519804357752 0.30737203773828237
6417.500229038898 143.10958895947613 0.30355171699123296
6421.084785989188 146.3344647612434 0.29446717276385764
6424.675600657254 149.74526741801319 0.29121473969150297
6428.26356603284 155.65017942391782 0.2794216273811743
6431.852004826818 157.2145124892316 0.27939181044968764
6435.440817277785 161.01703024330462 0.27283796642297714
6439.028548130719 166.46368978170574 0.26438251324144857
6442.617913505371 162.177802387604 0.27061586438891067
6446.209182101663 170.64518545104812 0.2576603690853967
6449.795583781439 167.39312235100925 0.26015149551660643
6453.38950445221 173.8898597240349 0.2529286729051331
6456.980296071038 173.47100732728404 0.25216773123277986
6460.571296191933 176.28739813014587 0.24653526372468418
6464.16263871049 172.2723771252345 0.24969439273236255
6467.7543235452395 177.0373795012676 0.24308491269624544
6471.345189820631 172.52553914301552 0.24538147969207688
6474.942656224841 178.05816870111994 0.23938815505647676
6478.5312934090225 175.65269366104704 0.24673885265166468
6482.124236440116 172.23598302019974 0.25638785750788035
6485.717517359545 178.43486842378283 0.24778305039065904
6489.311077165343 175.20554915551523 0.25247670357701707
6492.904996897826 170.70472674510168 0.2568231712035548
6496.499282045966 172.27032504356185 0.2508111418189557
6500.093668623869 168.24955047086 0.2561284121947438
6503.688574447708 170.2531953101916 0.2522805708545879
6507.283762339567 168.1121317968878 0.25410193889771
6510.879329725764 167.95709225918316 0.260979829759395
6514.475156937648 169.04523753057344 0.26132729329762033
6518.071087946569 168.55728004947017 0.26108447007318397
6521.667617547796 167.35761675236054 0.26315154435035143
6525.264283985136 170.52559996198923 0.2593930949587671
6528.86126642793 173.1921840189501 0.2541420849951387
6532.458712322774 176.73416479541174 0.2486480512437825
6536.056446661265 179.2197013588657 0.24515437263374623
6539.654299384371 178.5331879245323 0.24437191388594984
6543.252626335397 178.83019836460656 0.24649954965355034
6546.8513498924185 180.10293809311236 0.24454955313712196
6550.450190958887 184.34960124907346 0.236434817053941
6554.049455735389 178.3412296434032 0.24572167418639973
6557.64887414309 183.71004293730002 0.2407116965585474
6561.248698228042 181.6046902828907 0.24393928871708717
6564.848983391839 183.94367786744638 0.24270570872898017
6568.449302410717 190.78205644312968 0.23531121360065735
6572.050148993089 189.6371434033611 0.2343313567367409
6575.651164084338 192.70478267108504 0.2279131016740514
6579.252548134543 196.32552824400528 0.22576504525774851
6582.854242672378 196.86558461478575 0.22444639044884265
6586.454204789542 195.328527421441 0.22597319262256507
6590.058483192358 191.98028170088787 0.23118832842087453
6593.6611321455675 188.35962457818164 0.2289712239391414
6597.262035937768 180.84650474260198 0.2365105227644493
6600.867240395208 176.40741313091726 0.24359072259784684
6604.470694669951 174.03315392976205 0.24599115866753116
6608.074516543816 172.26026517267425 0.2521299378033027
6611.678566653004 175.96162068437906 0.2564502499816245
6615.28292483171 183.87789391348352 0.24285061021914295
6618.887563164193 182.19259452277896 0.24597670654968828
6622.4915067629845 183.51462597884134 0.24089677699258563
6626.09796646564 173.33060140926978 0.2569597173196497
6629.703564384164 168.9245756565224 0.26629439753170575
6633.311412821746 168.89774482854875 0.2667177760615575
6636.915623333946 164.486279311955 0.275044487474596
6640.522171410905 160.0099542825453 0.28167830419814877
6644.128901525711 154.8392847768104 0.29205487944420633
6647.73594075499 146.0895637600187 0.30985211012786346
6651.347397050451 134.8411338836597 0.3312350324558353
6654.950919273964 130.2615722830522 0.3449674403190862
6658.559706509393 122.74389208310404 0.3653057934580552
6662.167244261645 116.4030507523219 0.38307152365514896
6665.775680469665 111.44304051425061 0.39610405755064376
6669.387289716098 109.39662647144233 0.40641529384698427
6672.9923684783735 105.98264427877692 0.41826617209631334
6676.602940415973 100.47454944930097 0.43618644310179255
6680.2128543910185 96.95309057029134 0.4511275174371274
6683.822721836026 92.01593659012065 0.47104656385697974
6687.4331250095875 86.8448006317615 0.49862883128401403
6691.043638586903 84.16256490854387 0.505170640426373
6694.652572653777 86.22975608992245 0.49493483267533
6698.266333948507 82.74469732903415 0.5201877078339437
6701.877113211728 81.82589343351698 0.5201024082025321
6705.488764477062 84.98126895475899 0.5029529958149324
6709.100879576737 80.74680647227406 0.5256862389063611
6712.713563063679 77.0905144445902 0.5591600678504844
6716.325770591243 77.91754979767325 0.5464246167645426
6719.941573817895 73.33885835887418 0.5812083648916871
6723.551763342552 75.49866710082168 0.5618331973190697
6727.1651053237265 73.80521072004348 0.5736607079531301
6730.778927875252 73.68536625179937 0.5728927953485403
6734.39400832985 72.29272256854725 0.5811639977216694
6738.007191788524 71.91016509121081 0.5778292329642676
6741.624843806403 69.00084578636847 0.6113861706923595
6745.236576688119 71.67315930681303 0.5772088543916191
6748.855317565331 64.62996650418748 0.618100800669077
6752.467327006577 68.50632667666991 0.5995514348131108
6756.083616694468 66.20690679892442 0.6202470677611774
6759.698327151176 67.15679300469648 0.6112536586504479
6763.315346384004 63.90319436072622 0.6317545288258035
6766.932366684083 62.40030786513137 0.655091473399386
6770.548593671635 61.745732902700254 0.6558965177767301
6774.1656649512815 58.74248195693911 0.6765385968681182
6777.787327837911 55.51547567335973 0.7133965792268437
6781.400860181656 58.41664214723422 0.6934844808989991
6785.020751864306 53.55244762859595 0.7215932362616758
6788.636849759724 60.70890370831758 0.6577917767202927
6792.256714447953 53.205074731577334 0.7595927947144148
6795.874277595345 54.866708524580396 0.7281168429468535
6799.493431075108 56.88826717902028 0.7058200567781364
6803.11281879637 53.710284444633864 0.7404080393086191
6806.733086592384 54.075739093065344 0.7438841686560059
6810.353090113273 52.92142020800218 0.7515534275796563
6813.974153773192 54.492920264885186 0.7322883377901039
6817.594210816346 51.849688661035515 0.7692984969487793
6821.213803929503 51.996786770790685 0.7488309273194285
6824.834783964083 52.433836545292706 0.7021381745334965
6828.4560503232 51.20674608951683 0.6779506808319327
6832.077690828207 50.47789454091746 0.6592478448301616
6835.69956243094 52.010613292018064 0.648102038198157
6839.320005862176 55.77054551959518 0.6417936971949039
6842.944028851637 52.11418974390666 0.6992774918549656
6846.566740428105 53.73552335721595 0.7244169953737115
6850.189727327092 54.12082363875883 0.7276041987281426
6853.812988912624 50.11792637146818 0.7754613409898684
6857.436478849244 53.558695059247185 0.6999778214613589
6861.060225027869 51.098180929804165 0.6871007673154443
6864.684242885461 49.47705876272571 0.708723472959152
6868.3087769406175 42.226829903815336 0.7896065272730728
6871.933276586193 37.68962796287499 0.8688263938911012
6875.555937145755 37.3912091530056 0.9608701013244956
6879.183267897953 39.5774807426197 0.938954699288381
6882.807801606895 39.9116648465887 0.9328710384118559
6886.434412114156 43.44123934219243 0.8508044833836492
6890.060976068289 43.02632218818044 0.858565060750274
6893.688509154272 40.309670469778084 0.9007559994061959
6897.313090207234 43.65489673657523 0.847736319828033
6900.940024896365 40.202324623012416 0.9207701681760881
6904.566964710597 42.41636271738957 0.8735875558638084
6908.1962559627755 43.58039912737433 0.8253456464385848
6911.823619106961 43.58350385792602 0.8299385090145248
6915.450134116857 44.41947075343732 0.8265734185946584
6919.075720892737 47.04558533359653 0.7450458898590054
6922.704253103995 47.16328301800984 0.7692006556619116
6926.334930721004 43.943070499516395 0.7975827863307473
6929.964211845596 46.953205880982544 0.7813813774145656
6933.593032976662 46.241699569335005 0.7828098314005928
6937.221099914455 47.995196479449774 0.7980796185890857
6940.8542518377335 46.62938993773677 0.7955324383336001
6944.480880365011 50.73294926344405 0.7126520396686998
6948.113363536829 49.38371059764393 0.7167810724430983
6951.743444490088 50.221530507503495 0.7265843981087026
6955.37423092764 48.907955391933726 0.7319614225530984
6959.005316601166 51.16072321673398 0.7252007768771574
6962.6384187820395 51.48371698524783 0.7456711532792313
6966.268299464601 55.438580012289464 0.6977696583138152
6969.898565107002 54.72802501954103 0.710843449462028
6973.532360177727 56.41444047063979 0.6647363084091649
6977.166622365593 53.221010356628256 0.6831936373102192
6980.797475739023 54.19285155984682 0.6923815519797372
6984.430457915953 53.318438574324716 0.6965123282744738
6988.063814128198 54.70661478997484 0.699307594665687
6991.697090338538 53.6821738917557 0.7291120949471382
6995.331024068128 55.87157925367967 0.7051248762806867
6998.964889696901 57.195990640087 0.6832393939525424
7002.59934057411 55.97520911112108 0.7008241468764501
7006.231698348008 57.73596265902911 0.6718299255682414
7009.869919153698 58.08303369430211 0.6766678740824683
7013.5045935228945 59.29404055785837 0.6650488275985907
7017.139085300624 63.94280493859844 0.6207937616685564
7020.775070392147 62.39971568119173 0.6407825285285572
7024.41071995641 63.49597765950051 0.6367094317453156
7028.046772643263 62.857908876759154 0.6396535108007801
7031.684787674199 65.77072302751598 0.6156802126454639
7035.320813944648 67.2167353577708 0.60577365192744
7038.956948574355 67.77695950437918 0.5941266362510792
7042.596070114373 66.8844873729409 0.5878689807942789
7046.231755686476 68.97087926956807 0.5730713632033627
7049.869406357773 69.72747601511131 0.5716543376506074
7053.507418816738 69.61202126448778 0.5683140666299051
7057.147269826873 67.76121131947357 0.5825317048993631
7060.784160504829 73.6114891372527 0.556018926542854
7064.423123267654 70.40023564617107 0.5699112820063249
7068.062064229599 71.20544969838727 0.5632232169633771
7071.70153721371 74.30922016286472 0.5490168566385196
7075.340967199726 73.80059958507093 0.5517058001886983
7078.982830430082 73.84793836229362 0.5366858813997053
7082.620967644066 74.63430986558727 0.5415115728093342
7086.261332316187 78.0860411001822 0.525035055512682
7089.903563132309 74.88356877895079 0.5473096081643795
7093.542944762665 75.54540942969291 0.543296433056499
7097.184599416851 71.9889379271897 0.569094908505001
7100.825570057893 73.66048803416878 0.5596329579718339
7104.472273993208 67.1726016971306 0.5991714651799699
7108.109071167855 73.30604055880424 0.5578439183458739
7111.75134120638 73.95818657208365 0.5575358889330359
7115.393795614106 74.36717974535293 0.5556704517017211
7119.036540780212 71.64188734661745 0.5662820991419129
7122.680185126144 72.75537145898468 0.5671664113478834
7126.322615199607 74.32417315038889 0.5553349222581272
7129.966281985794 73.24962237664528 0.5581222992137228
7133.610087428233 74.54485323448068 0.5494916803577853
7137.254060232135 73.27502159587061 0.5513176145422011
7140.900023803515 72.17389286823173 0.5622719122207359
7144.54300179405 76.08099356166649 0.5389336910009205
7148.187770247023 72.3305012426178 0.5542652345972443
7151.832958448567 71.29025434460516 0.5605012277033263
7155.478126732719 71.83319877660149 0.56004942287056
7159.123831867887 72.99159085032339 0.5571308176258416
7162.7696492131745 70.58695318162425 0.5720193519866094
7166.415790683937 68.88062765740177 0.5896944903668611
7170.062101422324 63.40074245001229 0.6235557368156603
7173.7088387297445 67.06713726906112 0.6030163221687947
7177.357759932696 66.19191440950082 0.594932247541526
7181.00286499937 64.95521039625275 0.6281384378604912
7184.650267836293 66.47948569451322 0.6062966931785427
7188.297925500742 63.274514865103136 0.6372828779024112
7191.949327242294 63.6347715791799 0.6374447854948054
7195.594136138592 67.61824102529741 0.6061160136448877
7199.244702775386 66.34783440777791 0.613919443580096
7202.891348550613 69.33821136077958 0.5948441351660769
7206.540153738658 74.67316287108123 0.5576627345804619
7210.18947002885 82.26966333764872 0.5057844046189839
7213.839070421806 85.17236851204416 0.4968929743384275
7217.488786230764 87.27674564890897 0.48128325174140363
7221.13886302764 93.53459663887283 0.4584834045607889
7224.786111866809 96.46485034667005 0.446092367048227
7228.439692042752 92.55042567212942 0.46277286960001374
7232.0904618750355 91.16996189929488 0.44405100778848566
7235.741484460221 91.84449624594683 0.4145153359334952
7239.392934744821 93.49996737822617 0.3734743765263766
7243.044301268136 94.88066687886065 0.3607579831755231
7246.697296291272 97.40147521838477 0.35680265685783913
7250.348278114306 101.90520041133526 0.3579940577343574
7254.000436514985 102.71350744898069 0.3850412246708804
7257.653355580664 103.75730281508184 0.40207054367357403
7261.306157194474 102.38925948807014 0.4096415634924025
7264.959321850155 106.40293328880622 0.40654634873887774
7268.612765268077 103.6272539489497 0.3969628310983407
7272.266296503137 103.13362586198008 0.36265883081735467
7275.920419778401 108.97119111668206 0.341369964832628
7279.574376715575 108.2117991317908 0.32963892851247106
7283.228988572594 113.8144693214962 0.31779046944071676
7286.884311960557 114.7375032551396 0.34336703811798597
7290.53854453008 118.66930215788793 0.3402837462253126
7294.193880390673 122.95266553200916 0.34112227662423694
7297.8492636613355 124.73256634822448 0.3371246829973324
7301.504981287245 127.57213908548044 0.3302474542870158
7305.161154246919 131.23604965510947 0.3210123496255878
7308.81722489921 130.03580084286037 0.3182712160121893
7312.47386723439 136.0356847412501 0.286340910089114
7316.130571769196 141.05708419580588 0.28571341680234563
7319.7876137072635 145.30992997782616 0.2762897757557346
7323.444833609128 146.6827198971548 0.2669461699090833
7327.102471384607 156.09977913057725 0.2677169217095898
7330.760214276525 161.9087666342662 0.26221425850987
7334.4182652889285 159.18643412125493 0.250597081035488
7338.076645633026 164.36496146310097 0.2365825952785079
7341.735242587785 166.61753892996785 0.24057030859897682
7345.394207352149 164.87370728724724 0.2408474211955566
7349.051981928039 167.020834931102 0.2413414423214949
7352.7126396258855 164.34192341017936 0.26272086228411234
7356.372194756186 168.077608047012 0.2532082053842524
7360.032217567647 165.20749083616832 0.25888861113664535
7363.6922760241505 167.3556043023934 0.24139646276277268
7367.352783541918 168.27115912872586 0.23662684728575784
7371.013406520167 173.20871929235767 0.23786200767925314
7374.672306026663 171.50365620599135 0.23918866938309816
7378.335646324961 173.4985635479911 0.24265865614419457
7381.994968973011 170.88383373961733 0.26059086290165845
7385.657687263134 168.47225196214941 0.2595637953456888
7389.322574487071 169.40803388291667 0.25504316165679825
7392.983007232419 165.93474966125805 0.2629011728552523
7396.645484745826 159.24918562127345 0.2576032251317116
7400.306099676185 154.2508858912713 0.2667011543690252
7403.971191367281 148.6155490787359 0.2832579714970025
7407.633308051898 144.3824691533017 0.2904825055497118
7411.2961399432525 138.71118312790006 0.3088169538125679
7414.9620300091465 131.59342823309416 0.3384489649761313
7418.626114781812 123.64064088253623 0.35353051202341523
7422.288444226842 118.77199651027009 0.36736472322509844
7425.953008400248 117.3899739464523 0.36477337189021597
7429.619778077511 114.44022237058944 0.37452318963377085
7433.284975491118 111.6893343610178 0.37464492805834265
7436.950396513469 109.96127090206947 0.3739168259271377
7440.615915460385 110.75337278607036 0.3795889885076546
7444.283285288081 111.85634487857611 0.37553676978066136
7447.946152591985 106.53264611252773 0.399978087503905
7451.614606845996 109.23070724540935 0.4040660375561303
7455.278948932272 106.50624727118374 0.40800883949099365
7458.946129652607 108.08240173522485 0.3964134142131227
7462.618483317693 109.5350071588651 0.38912464251113205
7466.28174224178 106.92826933207198 0.3952918887917404
7469.95066093236 109.75147264767922 0.37857730443492715
7473.6188321096515 108.48958600932356 0.37563061165327194
7477.285268716832 109.3353043639032 0.3647743714296501
7480.9555589042975 112.41209271923586 0.36339032758969014
7484.624240993465 113.94055893436823 0.365805533744145
7488.294933367702 114.87723511972914 0.36888727548853495
7491.962803159824 114.38749521054264 0.3720990668175348
7495.632465348741 110.93764908697179 0.39074719464104746
7499.302225724656 106.99306462379465 0.4058477138593003
7502.972449768757 105.59618514422846 0.4115905473653431
7506.641045045575 103.36551667694535 0.4245687823349911
7510.3135355046425 103.09992146530544 0.42505160108779666
7513.982067298736 99.34838492151987 0.43141776905491164
7517.655680594479 102.7609383692747 0.40133727199265945
7521.322518922527 96.85554679222889 0.40494662522795927
7524.998711761895 97.42629255412889 0.40443823245814925
7528.670783750155 97.01791624668162 0.4048961714844362
7532.338765678136 96.88619456814739 0.4080980232494948
7536.01563102791 96.1172481692485 0.43574687898318665
7539.683964883512 94.490330327492 0.4497472250576584
7543.3592912537215 93.5865229690589 0.45560663541507307
7547.034764542968 92.85145497838471 0.4620627155404682
7550.708552321939 90.80786822420167 0.475551322651996
7554.380455798589 85.70058597307042 0.4906468542341039
7558.053539306863 86.39028713579349 0.4878371292680766
7561.728529986419 84.03924136860329 0.48894011561557316
7565.405276695414 81.0775825879147 0.5008231860646396
7569.080498987112 80.11521368968317 0.49224358861400797
7572.755561750049 79.59968655956337 0.49819199386637303
7576.429347823185 75.9943365047719 0.5175717522953186
7580.106958476567 73.12844964976676 0.5241240617168215
7583.78495057335 73.78498411508987 0.542575460505693
7587.459257605532 66.64127605721487 0.6011362231362823
7591.137306625222 56.540411012725805 0.6967975492960272
7594.812532512122 43.46342414374587 0.8714935386578475
7598.489895145844 28.54579140801297 1.2634534093219068
7602.167008281571 15.167156280764758 2.0299167453801554
7605.844886144741 10.052300001400878 2.6318657568516595
7609.52256339893 12.813412227448419 2.3919999523901696
7613.2008524986 19.531993198829653 1.6219549957245352
7616.879027094437 26.541953460595302 1.34490277717539
7620.55799188921 29.04028174814274 1.1879467634328
7624.2371232569585 28.781840037164585 1.1747269535834872
7627.916323162271 26.5035741796641 1.2996171421081186
7631.595791019397 21.951898454812827 1.484570730972139
7635.275577905174 21.994599140065986 1.515089962320531
7638.9557929269395 23.0601561340638 1.4765000504403338
7642.63605506796 26.193707655935157 1.3586373034965085
7646.316736997379 27.697623455025056 1.2764655999730143
7649.997603837257 29.928100221489778 1.183017945284789
7653.680176299809 33.956064185379304 1.0660897668592713
7657.35880310939 36.777755828613905 0.9672737982216701
7661.043978801528 44.500421621603444 0.8242953145598286
7664.722039252968 44.09436177058797 0.8317716033626651
7668.403907873424 43.617928955657796 0.8304804567967587
7672.08875915409 50.50533654203787 0.7583265201167655
7675.767583460649 54.25312662185995 0.738243974899128
7679.454923792563 59.04805845468376 0.6712079379667987
7683.134892486217 61.96940838102943 0.6419609499606266
7686.817698268787 62.3835224798438 0.6248774579012955
7690.507434753694 70.87997082795678 0.5697040676610842
7694.18999240187 70.98650785391631 0.5568346758985568
7697.872850220402 72.34516572904454 0.5510138118389777
7701.555956751823 72.70737629714068 0.5596032793633487
7705.244220739777 74.88135696038533 0.49868018637721384
7708.930100638987 76.69992740025256 0.4342760945973559
7712.613009981214 73.7599092533563 0.39220805193446734
7716.301120428819 74.42716748224029 0.3930872893614563
7719.987404326043 78.88346373391416 0.3708230724665779
7723.669980779088 75.43014823558451 0.41924453876580176
7727.356366600538 77.14176563239705 0.4675706739703517
7731.047708478101 81.37998756306465 0.4642061490966026
7734.735689904242 82.1311536105937 0.4755772273723608
7738.425879139228 88.30091842204841 0.466368081558054
7742.111877179497 84.1076927894004 0.458348440278554
7745.798259185253 90.98300928762674 0.3649972043242175
7749.486364637466 85.0984172245456 0.3798239163123421
7753.174032352902 88.02717189107763 0.36158737223393683
7756.8649070632655 86.22929481561464 0.3650069958308894
7760.551555153359 84.82391883794133 0.4079771712979715
7764.241098610191 87.5318183406184 0.4221689782065893
7767.9242003060235 88.97877823954425 0.41333351718641936
7771.614392895538 95.91264123605796 0.4081290260787922
7775.304878274282 96.80973589146502 0.39234565024870677
7778.997955000794 104.91271033767492 0.3632743682073723
7782.681884563483 117.63259875251177 0.3217327138375823
7786.379262368818 123.1896447970422 0.30434233141919037
7790.075215335401 138.96900317647066 0.25704276405168897
7793.763603734277 142.96509669356664 0.2547180362255461
7797.467286099348 153.6608633934012 0.24270221197025893
7801.147069576779 157.0809017509874 0.23752645038344358
7804.853516181256 165.3869823402418 0.23906363481044313
7808.532777667825 165.58168727675618 0.23847830083336666
7812.231587748504 169.65171677223498 0.22161920218513345
7815.925363633239 175.2239965222152 0.20569022497364428
7819.60738621876 169.41358724439056 0.21059460257331536
7823.3039353744325 166.4470308739823 0.21697914693369952
7827.002095943889 173.36546107317295 0.2067773172893313
7830.696847447509 169.772379570709 0.2280235760943286
7834.401574211155 172.42805100789386 0.2227733580493224
7838.087649533609 160.95972596385087 0.24372442516653484
7841.778882742072 157.71889679694132 0.24631101644110165
7845.4810425962805 157.513196993767 0.2346746953333789
7849.179082754823 155.50591073892784 0.22278607087474125
7852.873004770884 151.20768977552896 0.227601317790313
7856.562337676343 146.85722081813583 0.22026194674033606
7860.266278204128 149.9580079397917 0.2247606712954547
7863.964232561859 146.4046460468554 0.24118555970770827
7867.66356911689 138.99016125433297 0.2571639050505002
7871.364823550211 133.64182662641093 0.2683353844960155
7875.058446954176 125.67793642709027 0.27867341301419674
7878.758049917129 124.70626633632205 0.2866006793917065
7882.4534993741645 116.83262715859271 0.3016174759140635
7886.157864948106 116.69123902705306 0.29332088293133546
7889.856295167202 115.97585271323368 0.30498380381354767
7893.552229582244 118.00431686377523 0.30389910424476085
7897.251881126811 117.7046367841476 0.3084847887584936
7900.95563269775 120.18269348816489 0.31567701405135956
7904.653006329729 121.33238236669062 0.2979397070380707
7908.366219277403 125.51471703983995 0.2764005059608183
7912.050990722236 120.98345532087114 0.2605267568973504
7915.761331068693 131.45459463417356 0.23670098399555267
7919.465078008413 129.47333402903763 0.24735685216036937
7923.160773347706 126.11206612460715 0.2438273903688088
7926.868899816885 130.94451735711465 0.2607181246242705
7930.5631839004955 131.0351340786732 0.25938387948000236
7934.27007373267 133.34001091808688 0.26857922499229187
7937.965822039616 131.51192171736108 0.2740322260553486
7941.670741472392 134.90978318450556 0.27601221885393823
7945.384257625851 129.96203181685334 0.29154325743609266
7949.087736699471 125.21931129500821 0.3043339433482127
7952.798188287851 128.81656126773262 0.29012833394254667
7956.497058071787 119.0283764702438 0.297291803191435
7960.199082185958 112.95614340400925 0.29179801710573927
7963.906956485994 111.38014683045006 0.3022458853274875
7967.609381342105 105.53612177560406 0.3161929778567377
7971.315348968264 101.5629877203797 0.3101430452742883
7975.017510589175 95.10236978680241 0.32834004471706696
7978.735205267823 100.18704011668449 0.35122846843496375
7982.449083449205 100.87647589133697 0.33608198914136334
7986.14779039188 96.26727839218259 0.3344332631797965
7989.859189594684 88.78764351204121 0.34489262224194117
7993.566188061676 84.20074474976707 0.3653287143924987
7997.275647965762 83.8893336725345 0.3561603953546531
8000.982246492347 79.74615316202646 0.3854281534646819
8004.6872918998815 74.88497101388164 0.4693341997522537
8008.39803724781 74.55407808691604 0.4687602753667095
8012.107268279615 73.46058170845517 0.45579789193853437
8015.818955457298 72.03733194057928 0.4501568929189558
8019.527392034297 68.61741943493014 0.4262274544412159
8023.239795503117 70.7166999029928 0.4086614136395929
8026.950494271601 69.82935761534786 0.41995629411754876
8030.659525221342 69.3293066656295 0.4270497396876541
8034.375375892686 66.9576092782555 0.469700107333006
8038.083323192618 66.53629196876204 0.524997644285195
8041.796214079937 64.76792654613783 0.5425979000167872
8045.505873260755 63.79950928208436 0.5215597466361827
8049.214583254106 58.875099703382645 0.5494257293748064
8052.933063807516 60.768168988719374 0.5357644150174362
8056.646326530437 59.71292876394157 0.5048576236419083
8060.360116741127 61.3021504699941 0.4988727606947098
8064.07879591969 58.22259966056171 0.5292029277901724
8067.787612331128 54.76994202515714 0.531397651315768
8071.496834766044 54.36314396581286 0.5517334569641125
8075.21182989953 58.60835787899006 0.5783402685043283
8078.935978075881 60.3684038336633 0.5585094336317884
8082.648587523338 57.356767978460496 0.5763003591054965
8086.3602867125155 57.161280479852515 0.561467743252554
8090.081211959963 57.90057913480066 0.563545665324281
8093.795563921863 57.13342335931561 0.560955269955303
8097.50971165163 54.22077900020602 0.5551001966198549
8101.23165488994 56.90460512808807 0.551720085404226
8104.947203491905 55.47134307474374 0.5704715252673934
8108.666507030867 57.12281936551713 0.5663675884513026
8112.3859692137175 56.10548156375943 0.5835712492844735
8116.092547542128 48.996535832483744 0.6278719161476259
8119.8222999066575 54.81369418265548 0.602900693565491
8123.5381780007765 51.092512388934374 0.6213860191240873
8127.26074222432 53.14580326653273 0.617064852474348
8130.9852625728845 56.649009855897546 0.5752158752993166
8134.699545515549 52.528353963609824 0.6218302750796836
8138.421134942513 48.80971794793684 0.6377416940962561
8142.141771376148 50.465065331622725 0.6297279472766263
8145.865169305928 50.252830178677826 0.6208702666528437
8149.586278421924 47.405793496011285 0.6619215216907663
8153.303745481296 48.02652617106926 0.6445773705164674
8157.028187436227 48.16768057949734 0.6751484696906703
8160.751032875356 45.08879264989942 0.7207919598177526
8164.471320314225 43.36607748588578 0.7362760235088099
8168.196638959274 44.69324652164372 0.7074733120721914
8171.917287685012 41.95139381753909 0.7409371987225902
8175.6385004372505 43.563510582506375 0.7059771869390813
8179.367713886255 47.45145912734171 0.6744143226479589
8183.090184998391 45.286278773258985 0.6905587156103096
8186.816894539558 45.396349471679386 0.687644625949967
8190.545562634836 46.94782816932471 0.6758695643279464
8194.267613688944 47.33216721120402 0.6595562958460062
8197.995170113914 47.33909834474903 0.66966642912777
8201.719314733271 48.4593778888674 0.6543810930174442
8205.442018881462 52.06829841842132 0.6183829403407312
8209.172727202167 52.98626958468027 0.6067160532784435
8212.899879833923 53.01581723522051 0.6011165972921209
8216.627402380518 54.066787597012535 0.5998176124756474
8220.355509007319 52.45994119558596 0.6073040954755846
8224.083452437553 52.15240693947205 0.6142781490193983
8227.812203952186 51.647227185317874 0.6369908149486163
8231.538458791036 50.77909798376589 0.6413477147237462
8235.2640317943 53.99708142800143 0.5914409864536719
8238.994730230468 57.327055304767484 0.5694264452184196
8242.724907716838 64.04625579202484 0.500270549630022
8246.454795985363 64.25694523554063 0.5107568828955115
8250.190563620068 68.51304032091527 0.4881728649612716
8253.916585940598 68.73853242700858 0.4866375901930145
8257.657780777374 72.91280608337617 0.4640490362174022
8261.38355565554 68.33989551713415 0.4975372964598345
8265.115967407011 68.9094495765024 0.493028960061726
8268.84088624227 67.74436693192852 0.4890388750827995
8272.58413338292 70.66504640606183 0.43990890497493684
8276.312721395747 68.00790066469705 0.4048547320007651
8280.048679477755 67.74591570565751 0.3916877639058786
8283.781497927272 64.73644308507009 0.36329519546738975
8287.516823782396 64.82486359539284 0.3562609382993653
8291.252229242757 67.49550074686226 0.35196896828996
8294.98573372956 63.594430625978326 0.3437177331176949
8298.719548209 56.427657149876346 0.3840752140577881
8302.456993674308 56.968749628700046 0.40736213412574057
8306.193084040773 54.281827355399074 0.428861607462503
8309.926921092385 49.80416499594287 0.5337891023281179
8313.66610341206 46.948226769441966 0.584360966556133
8317.403930590048 44.95768105888869 0.6229416940618533
8321.140174583728 42.85409079232473 0.6757753400857412
8324.878560571997 36.92538823220792 0.7753042025157326
8328.616721535907 35.53370772328996 0.7882443619933043
8332.353348999173 33.611502626038266 0.8136814519776584
8336.094023813954 27.753646553102648 0.7560735352163624
8339.833352640213 30.267780984176692 0.4639835934714974
8343.573028176379 27.70424641186209 0.45523029618901634
8347.313113635575 27.94813649743988 0.4041151529491964
8351.053603091774 28.022900452692465 0.4017355677707219
8354.794302955992 25.643653002036544 0.565394350652582
8358.535311948333 26.833167313957365 0.6443748829362514
8362.276933953533 27.548580380129398 0.7073184739151962
8366.018706402605 27.321406204735347 0.8122371608421395
8369.76083119338 27.552680712415608 0.8061699212852487
8373.50364103005 25.508280079033252 0.845687125721587
8377.246591880466 26.09942962571349 0.7829692288126721
8380.990169111914 26.37098681480223 0.7500702356571333
8384.733749137391 25.558578131998168 0.774294643634318
8388.477736748682 27.697684621297768 0.7384967906703203
8392.222274114158 24.635902860615193 0.6837915021620182
8395.967328393714 28.954504932004838 0.523501972926332
8399.712364364692 29.587895652839347 0.525242706231698
8403.45812050279 31.758806241594808 0.5185348630364863
8407.204275987302 35.85220419759568 0.5071319944283597
8410.950517383044 37.23855557963709 0.5813932538188561
8414.697386328347 38.519070019466255 0.5988144315160694
8418.444546766368 40.45798022917017 0.5750003130736147
8422.195376187221 49.7730531671356 0.4753240507220912
8425.940096612787 48.236483015936415 0.3833207756242395
8429.688435353077 50.36048692715454 0.38923284970069993
8433.43704768025 53.47983904472658 0.3731767963506918
8437.18389852195 52.4506931235948 0.3757330384686991
8440.93363165228 53.824430828042196 0.4709314741093204
8444.685385565503 57.299667904340794 0.5246278047428036
8448.433817292656 60.518069613466565 0.45704974959029926
8452.186406475283 63.488304146427474 0.43795663288167636
8455.937565741746 66.00423121661005 0.4091378173196816
8459.68893652712 67.43825381364621 0.3480752484310585
8463.44081105775 71.75588571898847 0.3317538211961157
8467.193116357339 72.24242719080227 0.34602256651879026
8470.945613742293 71.54892504977084 0.3436536760124673
8474.69957939199 73.87919074728939 0.37419877099083526
8478.452094573318 67.28364536834987 0.464048302011405
8482.2033006553 65.36440880616455 0.4876114176952326
8485.960212793874 64.13007017359567 0.4764207802675941
8489.714783822716 67.16608698516583 0.438978955154905
8493.46986738768 66.73035082642954 0.44055661314740147
8497.223192479807 68.92557435272904 0.4077088626681504
8500.980981435954 66.60908208397291 0.375795726760651
8504.737421051042 66.62807176622225 0.3952409281764036
8508.493913582779 70.78673239833178 0.38737353551199605
8512.24835104459 73.75549025236167 0.3778305536486948
8516.008877156557 82.79911086357647 0.38376891492661325
8519.765914324933 86.96362897478984 0.3817763632294692
8523.524218130487 93.55908310739922 0.3541446161290505
8527.283032298436 103.34967417891973 0.3289277924274243
8531.036962402788 112.29605763332013 0.29881817288599133
8534.800642745651 125.0020992887034 0.2694125660930118
8538.557729519407 128.74623923515637 0.2667676027677527
8542.316488129522 135.59592549186448 0.24183387476900417
8546.07983497767 143.29867654740525 0.22700624454420135
8549.838328296033 147.75278513270158 0.22191420930267364
8553.60677681034 156.26467569820986 0.21760582836805883
8557.374734736331 167.53507351761743 0.20314423917718824
8561.145316954615 176.8150280582419 0.19620914362146735
8564.892332675632 175.99237591494332 0.19813307077050035
8568.651893645661 184.96783269030428 0.18614146176675084
8572.41300209334 180.32342431403356 0.1946261061713449
8576.18572075567 187.36731744908545 0.1842533089670743
8579.946382274198 187.4565800874131 0.18695572845117125
8583.710075176925 186.7777069273254 0.18558343440084116
8587.48482073765 191.86727087699703 0.18247809848803268
8591.24270709706 187.60222619556944 0.1851195161265468
8595.009531363168 186.02457687003695 0.18773706943606464
8598.773370105046 173.77810355996607 0.19784252480239656
8602.543173258018 168.1885545519019 0.20751207079977943
8606.310408823823 167.71860473276874 0.20680397131806327
8610.073562408083 158.7273410862878 0.21516821306414502
8613.84070398352 161.44693312409967 0.204652486648414
8617.61104913098 163.75044041802096 0.19308036246492113
8621.385986618134 164.37147654130396 0.18508824890934308
8625.156819406975 168.7376018944409 0.17656552283513732
8628.925094151049 167.7198819466516 0.17271951543130007
8632.694466997289 172.18196764712016 0.1665903076838754
8636.46858764892 170.57810376585064 0.17105471201789102
8640.234495895078 162.99276291217853 0.1826745147865542
8644.008395733697 164.8129676206671 0.18361642645285467
8647.780491610154 157.8365121615843 0.1884701900263367
8651.553073734389 156.88110294992782 0.188849964587254
8655.323599311241 154.59450168295706 0.18437597355740692
8659.099680728918 156.00890876639477 0.1825586182410564
8662.868922782385 156.69646148982503 0.1827599863225297
8666.648016203137 158.77451373339136 0.18175685985287052
8670.424325133168 160.15840946579877 0.1854514659408616
8674.197075172857 166.254500116927 0.1821859254008288
8677.974618162425 175.83990294421244 0.17394169720501743
8681.749923553261 177.24422525557688 0.17429896114271412
8685.526429521857 181.4382566823119 0.17394004863681706
8689.303377430762 183.5910033840885 0.1759613960289687
8693.07800152466 181.67618821724224 0.17819232581911879
8696.86329588605 189.9763144381318 0.17211171226344074
8700.63534655969 187.83934836186256 0.1783156405736188
8704.417175905732 193.62364336824328 0.17275279268502575
8708.195481070574 193.30441918244463 0.1687989003212301
8711.974972080388 190.8897452351952 0.17481885110390405
8715.754968764546 187.75656657198016 0.1745832875963002
8719.535944023892 184.81582505382508 0.18076199476887328
8723.31684380317 180.59370929018513 0.1852046868434058
8727.098327285179 180.45152312131052 0.18504374678782334
8730.883842773099 186.81863629273172 0.17743459523736027
8734.662980083493 181.25090464453382 0.18001903297047087
8738.445981149005 176.52587091207795 0.18178002627979967
8742.230982270063 178.4479411984718 0.18312401142814744
8746.013227696694 172.9631226374142 0.194589020390482
8749.795382164486 170.68636803935237 0.1960318579276673
8753.582393816152 175.00117179073655 0.184173142045619
8757.365363454279 168.50720799944708 0.17249282121986803
8761.153399410563 169.22173008693028 0.15652277450908783
8764.939604704763 175.79297701180116 0.133537676082755
8768.726208168224 164.63200677442435 0.13613190072327402
8772.513287269483 166.01905967471515 0.13831009256964832
8776.30103632397 161.96508319015396 0.1346943335118213
8780.089029467092 151.92024298605926 0.15464722168898
8783.877555566127 152.5953948542573 0.16162526640243438
8787.666566787146 155.40734086144272 0.15923207797458558
8791.456046971696 148.3348435552486 0.18446765645865681
8795.24586331937 146.32415507721572 0.19988881145255413
8799.038738480942 137.52245331520544 0.2058309697756432
8802.827263458537 138.40700492840588 0.21047277412191348
8806.61853073789 133.05677949127593 0.22788081765999463
8810.410536942576 131.550411562155 0.22757306410578584
8814.202833678899 127.39373652892802 0.23318779748339521
8817.995657181882 125.47767673766415 0.233173868870092
8821.789503791419 122.78798257196178 0.19983199867839962
8825.582861116542 130.6337073500092 0.15138085327280523
8829.377212700572 126.60435346997012 0.14858809992055413
8833.171999254488 126.3767609865638 0.13467670647733138
8836.967238645078 123.39039645496166 0.13844496202853557
8840.765175465101 118.82463452183599 0.1789079101977043
8844.559039359408 121.19336883835064 0.19364775545983634
8848.355879405286 124.0314362966151 0.20021627776843554
8852.152789762375 120.63182548391599 0.227039774491975
8855.950796650048 119.13682000087654 0.22701987523268335
8859.748973327254 112.87096336831019 0.24000728731950596
8863.547742263916 107.63205151865105 0.24093410365888307
8867.346800413035 111.06388305159992 0.22478504945358607
8871.146580495782 107.66611829906016 0.22918068208213724
8874.946756090652 104.89477715260011 0.2320725519200604
8878.74740979205 101.64647386118561 0.23600440224518462
8882.548433170801 97.63936254397116 0.2098520598587614
8886.350466740254 99.01792686715935 0.18925114728311937
8890.152624278859 91.82594637993172 0.19522036034348791
8893.955163110546 91.44185403700449 0.19740283710494225
8897.758477659412 93.31804448272764 0.21003027643491676
8901.562043562797 89.0612828612918 0.243310807514344
8905.36783243248 87.72035243161194 0.23732268939496529
8909.171103710018 85.88600173166941 0.24156665316717288
8912.976269746176 85.42721934366361 0.233839737167296
8916.782051089 82.6585127823182 0.2041483467651487
8920.588243022934 74.66701087606211 0.20251899402830653
8924.395020503449 80.2699383141848 0.1981689947407385
8928.202320473429 72.6306340096646 0.20819082033005526
8932.010324489329 72.77866091938616 0.23408023232783984
8935.818256738863 75.66954058318515 0.305307912238632
8939.62667323085 68.45686293543406 0.31707706211732706
8943.43626948419 68.69070450903726 0.2880408424173721
8947.245703170049 68.99701995684089 0.2942559715905546
8951.05672433812 65.46005234510135 0.2908535145885173
8954.867497883213 63.77282811911263 0.25963635549261294
8958.679273311105 60.868793323182636 0.23920497051165665
8962.491062127408 58.68654666072435 0.24770937193821385
8966.303361783133 64.26617678665974 0.2374203939345482
8970.116663776877 61.22135340810017 0.2611511602715349
8973.92991117717 58.80535118715088 0.34847467754482264
8977.744078689282 61.40361273265288 0.36494886790433795
8981.558656108718 61.144007456945694 0.35685506861744526
8985.3737982431 56.2510642613073 0.35933773580202355
8989.189201627114 55.03698012660059 0.33021017174898787
8993.005664361272 54.931112355126885 0.3284463906560859
8996.82245804034 51.93620638345437 0.32445391057561174
9000.639619770493 52.51602328867392 0.2847891933876525
9004.457342396874 52.016202439759866 0.2936986426632363
9008.27566226863 57.209635545755326 0.27952214246565504
9012.094498823262 57.73173722429143 0.27142858429129335
9015.913581417935 56.75496114573207 0.32387556189444827
9019.733692232701 60.50900767000243 0.3389358973090056
9023.554137821504 59.56721795598483 0.3494184795550124
9027.37524864393 56.893668799520896 0.35639824051260094
9031.196388060122 60.134375710875176 0.35055596443492265
9035.019054122526 58.43081265268215 0.337919850996525
9038.841570280361 62.30563567663274 0.3073634861996537
9042.664237306357 59.38750000996865 0.3142801791354482
9046.488742974292 60.92856386169946 0.27960118115787524
9050.312751104928 67.91936517330993 0.2476997308542885
9054.137710590252 65.86466353336449 0.26146347311360696
9057.963173805396 62.47284311033274 0.2709351733589045
9061.788779495015 60.27920642172221 0.28577818709004543
9065.61570233762 61.682600979314145 0.2997598224565434
9069.442579325985 59.40153540743793 0.31583464639865405
9073.27032342785 60.67317009834297 0.30875808508835173
9077.098529404855 57.03650592335824 0.3258591267835115
9080.927029823282 56.49918523087086 0.33207408390515436
9084.756455206898 56.51702601374608 0.3324993976035172
9088.58545393849 55.1326372790341 0.3442519546859143
9092.416752756124 58.99589544563643 0.3090833456569615
9096.247899382424 57.56784183038111 0.30250035104315276
9100.079091740707 56.650565409421304 0.28646029440496107
9103.911559767224 61.21291283261895 0.27158239146905533
9107.744252740255 60.0703382763788 0.2748934468651913
9111.577580683446 59.493649389993394 0.27346939001575454
9115.411107608497 62.911199248076265 0.2683218160917928
9119.24590012701 65.72747715834163 0.26646277620460607
9123.081516566495 63.33435520570326 0.2750068258409704
9126.916177715051 63.26490377576827 0.27122865637882737
9130.752431037277 65.66489035142564 0.26454520946299986
9134.587520021396 67.0474261632162 0.2647316116214674
9138.42400776621 66.2795524599705 0.2624981120791623
9142.264325556693 65.03672511652158 0.2654416453518118
9146.103879747032 64.31366271890461 0.26650671548729715
9149.941691842252 66.15975325451599 0.2499061943700912
9153.781207148644 68.56839672705617 0.23322502154005786
9157.618819503246 67.00809051508898 0.22079152591867388
9161.462199413649 70.43894605453822 0.21765664312478541
9165.30357109212 70.20546446337673 0.2216438800470883
9169.145700583342 69.9555683990276 0.22209722657775546
9172.98805797163 74.98969421911278 0.2122437622036233
9176.831178700422 71.11432474357557 0.21753491064581534
9180.67488959224 70.51641743541497 0.22017929578697498
9184.519233644594 66.97706169775132 0.2275907886783115
9188.364007523478 71.03566557074497 0.21679143014583405
9192.209602809884 72.99610767219221 0.21134138921653425
9196.055593854984 78.75356506395762 0.20198776289376336
9199.902346777757 76.99616579810551 0.20329600380906193
9203.74929009998 79.30591436053966 0.19163582218261396
9207.597525451078 82.65044206476357 0.18265043007161177
9211.44522111411 80.84886887071261 0.18679382271252057
9215.29507804793 91.2458587712914 0.16310992706479394
9219.14489868265 91.4302018861545 0.1614825667374959
9222.995224132448 93.84089272982148 0.15142765783070303
9226.846037314492 91.31605287378366 0.1487937739686161
9230.697677384313 101.41388863049934 0.1372610743621192
9234.549662242853 109.71493778288631 0.12633603026387671
9238.402439181004 109.01062788508814 0.1280920566738104
9242.255883044416 106.20390697942584 0.13400131306929222
9246.109582432628 115.71882317953813 0.12599761965943843
9249.964347724794 122.87966713909235 0.12151723509982595
9253.819638952707 118.70431439505774 0.12333891246032361
9257.675346657641 126.64914047776931 0.1144613264840576
9261.532030291726 132.91967131733065 0.1064086945955628
9265.389031593813 138.23215743948396 0.10192695415150908
9269.244413826009 151.94965260625162 0.0923043224584172
9273.105106338679 153.5308940373953 0.09312243735809314
9276.96407250383 162.05759624827712 0.08813363084063906
9280.823768603146 167.20286363380086 0.08637105302428977
9284.684059427402 167.19309262855856 0.08525074180021064
9288.545039795583 169.47754059760953 0.08268029473474763
9292.408203334442 170.10536197730923 0.08016549236211948
9296.268532889506 172.36403201126743 0.07641435880619664
9300.131263189678 178.4458724929929 0.07465635112737612
9303.994631335807 182.69745029447114 0.0709799792091265
9307.858846442086 173.76619272601846 0.06817354298992886
9311.723615145907 166.31916004947024 0.06175009195709881
9315.5889298988 167.64695125392313 0.05091100666975037
9319.45521439809 169.25347216052708 0.0444918032924538
9323.321741348165 157.54941294920488 0.04505750766994771
9327.18929612017 151.1440891896987 0.045230532856559584
9331.057121258033 130.77311577055096 0.052701829149075105
9334.925842171482 133.2977575878956 0.06287205360912002
9338.794903885486 124.13743303032632 0.07012047395790279
9342.665059799101 115.36943632878267 0.07709800271683881
9346.535542163214 100.73162216622173 0.09494797318765884
9350.40657396359 89.4872653817314 0.10335868340812568
9354.27873228448 89.86940598782883 0.09816946816026713
9358.151096684183 85.62404260389421 0.1052628538945125
9362.024324432707 89.48337824122824 0.10276002659647776
9365.89817864367 104.12573275460606 0.09304095540728399
9369.772938982984 99.19012630845904 0.09512886113916111
9373.648104213878 82.61538257515156 0.10389343443838633
9377.52392264271 85.36736984809407 0.07749054172738512
9381.400695504288 78.66009611539548 0.051316138260752264
9385.277732209808 74.44885990047742 0.04736851414783258
9389.15561917666 80.34322900688117 0.04641418484895924
9393.03447568537 78.73865704011807 0.04981823648190337
9396.913468082306 88.8113469799047 0.06659984519369849
9400.793077011322 84.90043508686614 0.0882327557516082
9404.673689917316 97.01260243693842 0.0800350904552192
9408.555021430215 98.9391244329272 0.07112537809889827
9412.437066634815 89.71855692522468 0.07190530878013535
9416.319595989848 85.17928834880054 0.0749236880921742
9420.202743529595 94.85506617640914 0.0707739892923626
9424.086903759408 83.31894777738869 0.0717434635770469
9427.971418114279 95.46992198588408 0.060897743073886845
9431.856874644493 83.81982333763312 0.06349747197320742
9435.742706721427 86.40331796904606 0.06080016303916538
9439.62973536277 87.3668673934616 0.059521635347902724
9443.516812967595 75.57590027642514 0.06273596240473604
9447.404822113924 84.52262669853593 0.04685148554955257
9451.293907160756 83.75545904175578 0.04568297185207486
9455.183190369215 96.59536824990202 0.042769617960480316
9459.073426275168 89.18766415981872 0.04667572213584726
9462.964252704076 88.94396774838583 0.05172875337474642
9466.855662207683 96.99618614026721 0.04688570481860327
9470.747964799311 93.49451818115335 0.045565859357117815
9474.640946727914 97.61801377652009 0.044242538012980274
9478.534713051138 98.51459629346435 0.04560869848880918
9482.428987127385 88.04595003563969 0.04497487221567733
9486.324018888437 97.86583744369352 0.03848532161285723
9490.219984328736 101.44235926207269 0.03749292673122274
9494.116292320054 105.22997748960555 0.03486864798280885
9498.01350515103 98.55612463334757 0.0378900823231539
9501.911205086737 105.60158763063828 0.04445546408692259
9505.809976691426 99.58504396832276 0.04784859220011404
9509.709289945782 92.07891234923649 0.04363687854931364
9513.609078769048 100.61029247506977 0.03896841084459277
9517.510005718734 112.74106266911227 0.035477721639210674
9521.411544450984 112.47658018073027 0.03468477834578691
9525.313850558692 110.61309811960083 0.03519926274104793
9529.216635706352 109.89179781450459 0.03714582440541259
9533.120389057294 106.78833499802737 0.037813347225079064
9537.024612867222 95.92183508973962 0.03967530318486121
9540.929682805408 98.9423700392478 0.03966288912142284
9544.835571193562 104.11538627866298 0.03898020470547877
9548.74226127135 113.19850333415187 0.0372483975279641
9552.649319652857 117.2892776642387 0.03591022228186846
9556.557371345762 114.34291455118613 0.03359731381638246
9560.466179791703 107.64024294082083 0.03136184854558346
9564.375783170877 116.04286202221502 0.0275498664183705
9568.285975550081 101.46143570431998 0.028537376332916725
9572.19698622756 107.43266956752944 0.02709670499806733
9576.108614025017 102.47786085464092 0.023945045032779697
9580.020918810906 107.14862489065368 0.0230697542926087
9583.934223507102 118.42108614560263 0.02083755324133905
9587.848120336723 109.90095746767346 0.021271100817188172
9591.763035546948 116.01958930742224 0.022418630584921193
9595.678393740747 130.66446965359538 0.024538096128503807
9599.594152198431 117.2477550966036 0.027030092615552212
9603.51116387842 102.73745069890542 0.028311542191261526
9607.429085051772 105.34959371726548 0.028756123384165937
9611.345923709137 123.26908706770308 0.02542766013753082
9615.26671330933 107.62284546272878 0.025317870965304058
9619.186278308374 115.62389495743965 0.02134503558003494
9623.109845699815 120.19248513209727 0.01950553387146878
9627.02879242728 116.40571360863301 0.019495176073164172
9630.94857690276 135.21495266533782 0.017089169972233916
9634.873972486443 123.21507134888363 0.017643844796884415
9638.797907212456 144.9923288639712 0.016616025577317187
9642.7223045669 142.89426898541672 0.016518923033006738
9646.64754819321 140.70908795868215 0.01678543336600236
9650.57367303929 141.01266617817828 0.016957386210777026
9654.500301219889 147.16908043976173 0.015983834377012406
9658.427837055548 157.74398930882782 0.01515985469144257
9662.3562755046 151.48787371982615 0.014791356035586558
9666.285584600198 178.10433914628967 0.013085509740564924
9670.215590866499 179.3735254689769 0.013050869678184737
9674.14619151458 196.3906725937777 0.012018470564280962
9678.077496421472 182.78252976616866 0.012089754943092786
9682.00986886428 176.87124283564114 0.010608385464338278
9685.942720595147 207.80746059408506 0.009066585318571848
9689.876599335326 193.90348126588088 0.008970063016754865
9693.808032279967 243.26135151417645 0.007046583292129321
9697.74702180884 259.8594595348635 0.00704395508359255
9701.680197650086 254.06731849733814 0.00712642232510406
9705.613264568816 264.8480100165561 0.0068060571158101825
9709.557941766438 245.36743473961852 0.0070623269844941865
9713.499749479959 233.53872468083554 0.006682522377712626
