# OBJECT=ZTF22aapubuy
# PIPELINE=PypeIt v1.8.1
# RA=8.67517595473682
# DEC=-8.39540305833802
# DATE-OBS=2023-02-08T19:46:45.293
# JD=2459984.32414
# MJD=59983.82414
# EXPTIME=1200.0
# TELESCOPE=NOT
# INSTRUMENT=ALFOSC
# SLIT=Slit_1.3
# DISERPER=Grism_4
# WLENSYSTEM=air
# FLUX_FACTOR=1e-17
# OBSERVER=Jesper Sollerman, Steve Schulze
# REDUCER=Steve Schulze
# PROPID=64-501
# COLUMNS: WAVE FLUX FLUX_ERR
3503.2223708830106 -20.416638397467246 0.00040212796656468946
3507.3033942302704 96.91339940402597 0.00020840690918164223
3510.0274789351906 -36.959956785074894 0.00022333292729823526
3512.7535165410713 25.67304245669974 0.00022669294967919706
3516.8471485895434 -15.350248339361386 0.0005025102060722822
3520.9436116222437 38.39266988228634 0.0002571196320354449
3523.6777511237274 27.572595245175076 0.00026807427667722706
3527.7836278546174 5.541478630647322 0.0005891996614122209
3531.892283059342 -12.459662080765915 0.0003178386087822264
3534.634458230483 -25.63325288920927 0.00032105504997873734
3537.378670267291 -7.273518486014024 0.0003314450493525518
3541.4995924758136 -70.16271027991999 0.000740284459369444
3545.6230678624197 -43.312511244247034 0.00037606938816485544
3548.3754728563567 38.96914491845014 0.00038664976493115805
3551.1297109314964 -48.61647842436936 0.0004235265898489513
3555.26561510693 30.652625843443445 0.0008383553095159497
3559.4041290678606 46.10099561045208 0.00044060568970887633
3562.166487955784 -71.6733217480601 0.000497441028742765
3566.314308875879 -3.55676443237705 0.0010323560133846782
3570.4644285572112 0.2563601998129433 0.0005513598469621754
3573.2348222132373 -24.641424387239372 0.0005481232492479844
3576.0064578164734 64.98281745781608 0.0005610686910673723
3580.1696468728155 27.15232496778424 0.0011998920336190118
3584.3340353224853 24.08142561811578 0.0006358665205535305
3587.1138124751487 36.37812928948796 0.0006590227340294394
3589.8956623085737 19.870551083958745 0.0006795828514565686
3594.0739822381133 -15.770875842713146 0.0014720766426020717
3598.252410809041 3.158616265493853 0.0007879261686790694
3601.0418625408815 37.73610189431953 0.0007775598307170719
3603.8332629668384 -3.2749947844028386 0.0008292206597914416
3608.026874608603 21.362943083560843 0.0017146103936977813
3612.219030995316 6.7335417140923415 0.0009266199433159104
3615.018154990631 16.184589909000575 0.0009487712116394466
3619.223912843606 -9.829555474631393 0.001998310082942019
3623.4269060791694 -48.02063369614449 0.0011006334124820884
3626.2337537170315 7.5888970084699325 0.0011118169995923772
3629.0423721409684 20.722645961950263 0.0011325326865502707
3633.2632348973025 19.714959036732484 0.002315715593907931
3637.479672795958 26.15456577067162 0.0012380113670527456
3640.2958592456193 -20.16335875619571 0.0013345271835609705
3643.113926381129 40.447592973060004 0.0012819430959809378
3647.3498339350394 52.02147020671925 0.002628865271714997
3651.579575821788 19.077268064703244 0.001461604056816353
3654.4052040463857 -36.80138671010237 0.0015783941549460199
3657.2326264145577 4.202072421492465 0.0015208510342473388
3660.0622621428174 -15.633057408792043 0.0016121487773667227
3664.315778736176 10.633107349144892 0.003290203437389752
3668.5612336503655 7.378873649501615 0.001770747227695733
3671.398008762974 5.9894164824838905 0.00180037875544991
3674.236711181803 -24.908693433974157 0.001915083978810903
3678.504891782275 1.8326441202452914 0.003946424785974723
3682.763647592579 -0.5087496758963639 0.002087921107250138
3685.6094354314346 2.145792531470048 0.002145809268624181
3688.4576036425756 17.370893660135906 0.0021670835979512577
3692.7400804412837 -7.300875320587298 0.004688107695410706
3697.0121044667676 37.99941449885883 0.0022489693128826265
3699.867271119005 55.461010102921506 0.0023253485107439338
3702.7243440599937 -15.02164572645832 0.0026414180622145594
3707.0208346014924 -9.757516150612194 0.00544316343735179
3711.305990032817 6.09341803494351 0.002802906968720634
3714.1703884371123 -3.7938172332005586 0.0029086443536805126
3717.0363898491782 -13.84386829737516 0.0030046421870782445
3719.904212469309 19.235628205478207 0.0029499912387025004
3724.2174303904235 -2.4920878426366007 0.00638324808560677
3728.5185868871786 -17.490819800934954 0.003441710523154496
3731.3936158429756 12.628788135029412 0.003364351917912237
3734.2703997597523 -10.770205383558993 0.0036325260074160145
3738.597319331454 -8.611566996156693 0.007681669455866911
3742.9115570000317 13.418466348377759 0.00386924838168681
3745.7954975599464 2.1522312297779895 0.004092173060570811
3748.681143135958 8.199746605750116 0.004031643609660916
3751.5686619061244 -2.891851183042828 0.004183483421744509
3755.911483640129 22.650984710364238 0.008285833059349976
3760.241603379756 25.3035885898444 0.004269691602882117
3763.1361137878657 8.219850827050829 0.004569733017424372
3766.0320600828177 14.03577833157394 0.0046281503898620655
3770.3884736340383 10.66363412349581 0.009539406812605471
3774.7317135933276 15.774792591822008 0.004915546112031955
3777.6349007623344 1.6897401745054181 0.004917266516602088
3780.5399124055016 7.991791866856766 0.005098551354967932
3783.4466632285535 6.175726229708423 0.005300677390555494
3787.8185190912004 -8.638225211204285 0.01125958971544121
3792.1772227333954 39.36091924790703 0.005508173724897929
3795.0908570450706 -0.5663552926074431 0.005986220918213016
3798.0061354104423 -3.0556507365460903 0.006291702470866302
3800.9232592929698 12.273700595064495 0.0061729683844037
3805.3108255722977 15.377876737662335 0.012796728355497566
3809.684607461829 17.120201556532443 0.006650512406435933
3812.608657657592 32.72904732873213 0.006689612888905982
3815.5342205763895 3.512065501308955 0.007198871246885899
3818.4616414345664 -2.6318499330224885 0.00762641604591814
3822.8648143209557 13.562413488620624 0.015770136389861262
3827.253364692981 -5.156960418373868 0.008774146844025393
3830.1877796626195 -6.709196486312202 0.0088838280755972
3833.1235368256607 -9.598083043532412 0.00911785789574814
3836.0609931917966 -0.4144815242001661 0.009152847470493346
3840.479775106312 3.290418601582062 0.01877826875968332
3844.883389929762 4.2010249330832465 0.009590076073302025
3847.8275846228203 6.302338445208716 0.009596413758338265
3850.773393416744 6.4467500678749685 0.009427216597076345
3853.7208510210266 -4.584862051219905 0.010201171741793606
3858.1552866523375 8.019918674030153 0.020720319212090405
3862.5732911301156 14.659171437148094 0.010496157904458113
3865.527253905883 1.538836992371425 0.01103432662024663
3868.4832099858463 10.859875726072383 0.01117990068673225
3871.440612562177 13.702806212428461 0.011123425961604856
3875.8905410775023 3.375539453566881 0.023223523010551576
3880.322586296375 7.293425457085955 0.01191608988239058
3883.286649098262 -8.12271848104222 0.012842700093180372
3886.2521786516904 8.035139437244554 0.012300830588102411
3889.2193751554873 0.5788429227640014 0.012666400038692884
3892.1883366344487 4.066674322363546 0.01276031161681447
3896.656301877234 2.2640345204346635 0.026224493880592635
3901.1045694554396 2.9254767128571797 0.013166531071367917
3904.0798743913883 9.808926397097325 0.013261609852241937
3907.0568442835706 1.805108140730895 0.01335872191677616
3910.0354546956405 5.288829519516703 0.013410573522594312
3914.518493797231 3.155126665510773 0.027942996076248557
3918.980629177411 3.459254877637041 0.014289351239898494
3921.965657893205 7.972853308357009 0.014897943599330284
3924.9522198420914 -1.0274569847074362 0.01632526151157327
3927.940421572284 14.381348202774728 0.016875906443055096
3930.930059185946 5.799092588342341 0.01751547241972153
3935.4306330003383 20.85876215706037 0.0351766140096135
3939.9084937693083 11.640513939527892 0.018286237694084287
3942.9048244245623 3.9019927555428295 0.019027777950457306
3945.902515031457 10.721498047153077 0.018237692243638172
3948.901857315796 15.842727538945788 0.017752204269912197
3951.9025299623827 4.373093400152139 0.018124844217306896
3956.420038454062 13.732573415806158 0.036853949983170375
3960.9142339888786 17.31401030106362 0.019550222538882552
3963.921287609793 17.620732735871005 0.019868775304788304
3966.9298501364624 23.086700432912966 0.020284826752053255
3969.9400243843224 17.51544075719118 0.02035611633250536
3972.9516721627797 28.471425323683896 0.020653419665270747
3977.485406785141 10.65482479562038 0.0429339743346593
3981.9962254268276 23.259968140320808 0.020571731812477755
3985.013915275123 19.559039987936302 0.02038674678304103
3988.033601638534 17.97910676962611 0.020245795804532854
3991.0544938341804 10.351674280415025 0.020902269714759763
3994.076626248566 26.068037457702236 0.020094932266600772
3998.6259439746773 24.541565336212418 0.04013089829227056
4003.1531174988604 17.547135124176705 0.021310697223945973
4006.181541188093 23.7897925815237 0.020814136941181092
4009.2117976050317 14.762074522954435 0.02111120028610914
4012.2434254426626 13.150176492409367 0.021987884224036816
4015.276419288081 21.15607613407985 0.022074502692355186
4019.8414029619435 13.760511540065039 0.04552591802580308
4024.3848131477457 26.5669857875928 0.022480669778362116
4027.4238296146195 18.482630682466805 0.023472860167696473
4030.4641041265763 18.024186328585248 0.024053140996223646
4033.5062024473596 23.66739718827423 0.023983555432500164
4036.5499561127885 17.177407192253828 0.024638077385715093
4041.1307876765622 17.35105617647315 0.05042171085509913
4045.6897907756284 27.57753927248575 0.024598891885172114
4048.7392435642787 27.424077074546236 0.02543581289572346
4051.7903992906763 19.042932184962748 0.02584595821659767
4054.8431585411254 24.899999903123366 0.026072260179379844
4057.8965332832654 27.106316088019007 0.026546244623806777
4060.9521474035664 12.85737647675232 0.027303548723947097
4065.5502469523813 20.52298823715033 0.055581616886133195
4070.1273224507927 21.058880418691807 0.02835997460495102
4073.188533740761 20.483347846353755 0.029047626325462886
4076.2512034923857 16.252444752956777 0.029370428631956522
4079.3154527908227 12.6880881928625 0.029847002399445127
4082.3810640847923 19.088763769225274 0.030049430146310282
4085.4482105673337 27.182188527533793 0.029997723566361472
4090.0634256480007 11.44310974123805 0.06135523646287358
4094.658135357659 20.749885503424185 0.030974425739713617
4097.730982410117 19.512541719420373 0.03226267465000496
4100.8051712354845 9.766446294323934 0.03335027342667488
4103.8809106088665 15.275843314802506 0.0340066651716118
4106.958072820901 20.487089529782324 0.033240693743978235
4110.036861063188 16.43695087593963 0.032012298051672064
4114.669026922537 13.111859848400892 0.06730695296646338
4119.280808736288 8.565082234245788 0.03526135647122811
4122.365689775584 1.9931760004932781 0.03590094480165552
4125.450830483628 10.946674610083978 0.035578506280921164
4128.537288172873 16.12901012020729 0.03526968969486724
4131.626357340882 12.883005084065363 0.03676823420107109
4134.716270975286 18.872527250060156 0.0350108184868422
4139.365603481104 9.904274230778947 0.07502709931250638
4143.994409801473 6.730096983887865 0.03882491656603587
4147.089732146765 16.850991530533218 0.03562996075716344
4150.186600497607 11.895402824754102 0.038469269414774986
4153.284546417241 0.029229882370741946 0.04049515296458074
4156.3845571374795 10.847882967344525 0.03867596825901835
4159.485608870225 2.53233570823944 0.039668571636262605
4164.151744112376 13.219630154305994 0.07916035619402616
4168.796954259205 15.956397155996234 0.03889099167185489
4171.903499748682 12.335888273083116 0.03975354111744835
4175.011503834103 10.226781064964888 0.04037443814645577
4178.120733047388 -2.8761097459350125 0.04411440801877525
4181.231419226068 12.637027757540679 0.04178344631976553
4184.343297195384 17.816642370611962 0.04084306329717638
4187.456804416417 10.252997948349677 0.04254693475103581
4192.14118674159 7.009599088876781 0.08751064771820175
4196.804964931184 9.121487335606346 0.046459260138929925
4199.923783882978 13.167582923700326 0.04493742547611112
4203.043919766087 8.962273032001887 0.04651695256584404
4206.165505022133 9.783261793982383 0.04772400069125224
4209.288278219773 8.916967875620369 0.04678926065422067
4212.412316985187 11.00470781818954 0.046559431422249074
4215.537852399656 13.760021897082897 0.045274233578290385
4220.240144332198 15.649163279352456 0.09473138000263963
4224.922424950297 8.309444882909592 0.04938079734568622
4228.053189937022 14.013337217903198 0.04911877261822354
4231.185445351423 13.548724005996432 0.04963337722448764
4234.318961681538 12.506831512253596 0.05068165981490597
4237.453703635399 8.956726359354084 0.052221413920396434
4240.589685461492 20.912671395061007 0.049449689611411864
4243.727329677543 19.818504925027142 0.05023808882904795
4248.446759075391 10.879560246791703 0.10544240160530312
4253.147299100358 14.80220316522528 0.052819130391894946
4256.290061442478 15.950136911931288 0.05116176610951361
4259.4340094850695 14.344878096433876 0.05271634500734076
4262.579194817342 8.223470880365852 0.05316711377104949
4265.725823105445 14.365925976930251 0.052086404663512
4268.873939460189 24.388341867496866 0.05112853314054413
4272.0227016308345 13.210405218910402 0.05316471552714489
4275.1735791592655 13.829288846144378 0.05207332926421466
4279.9114151797885 10.85103912095376 0.11145963572656675
4284.632250745285 16.472220632922287 0.05418246260118827
4287.787880140609 13.995783585960325 0.05633786307774709
4290.945043339178 22.992217102100508 0.053725053746496186
4294.1027010965845 11.612697679935026 0.0594838048039746
4297.262076316521 9.919489366858548 0.06178250275150539
4300.422754561086 9.106505353809037 0.06531730126739796
4303.584731738687 12.300878397139506 0.0647204206581234
4308.338801287382 16.08282344999005 0.12520442246844815
4313.07820295622 12.785806952178904 0.06182923169938415
4316.245045179889 21.133659341241234 0.06043272562250061
4319.413281008159 23.75736667459555 0.058257689710917424
4322.582759174579 15.386965771476886 0.06024545392457574
4325.75356218055 12.556766967835582 0.06017031863427101
4328.9255209270195 11.83867874114395 0.0612845049330956
4332.098673568356 17.449496281625503 0.061451335863308115
4335.273224621637 17.881395152271985 0.061629302923934384
4338.448796564352 15.41744733271675 0.06242096767494328
4343.222810685431 18.13465200176848 0.12548514298849717
4347.983318138718 16.321904146068526 0.06490977766768802
4351.163967169518 21.644014253940483 0.06299406944905257
4354.345846307598 20.47590316586853 0.06312688021108155
4357.528811287268 20.47625083159415 0.06129019265036406
4360.713281274354 17.51729677380856 0.06298820339674838
4363.898711595124 21.121588688741163 0.0625647871215947
4367.085424402243 18.107146213142062 0.06419067653816724
4370.273305147214 20.78993083869893 0.0607529469583149
4375.06457524383 22.394257335913366 0.12944026421935187
4379.844458307946 13.937548100271346 0.07028507866890239
4383.037301420542 22.29371251966932 0.06843339152244116
4386.2311095914 15.63013374038672 0.070312960223088
4389.426662712398 25.33693038029531 0.06787072624243008
4392.623028444938 17.879790548696082 0.06953025732755462
4395.820703998262 18.203557563833392 0.06978218653153968
4399.0194746877605 24.415857176758855 0.06723289991625334
4402.219469036455 13.789488002673874 0.07054627299123752
4405.420537897322 20.85192852230177 0.06883889873398906
4410.230213433471 25.34057762157883 0.13443139991315628
4415.0311997309245 27.544822375188318 0.06573289429944536
4418.237084952154 17.85286589990844 0.06944599303938409
4421.444445524593 29.68278473893241 0.06601803444662192
4424.652410107504 24.781154610368798 0.0683690620936869
4427.861803779925 20.320810113287337 0.0680138831606235
4431.073296837202 26.700822481561488 0.06693110763967469
4434.284381355759 17.46955504672368 0.07280048073724123
4437.497150428218 27.276854695509645 0.06856782224104252
4440.711174354074 19.50288036344484 0.07126489651943424
4443.926467753381 18.100069410579792 0.07260457711428064
4448.755986753162 24.713392468072684 0.14184790876645562
4453.579650097111 14.903715758329774 0.07588082273351708
4456.798998217211 20.73406777842591 0.07494929757325919
4460.020105747308 17.44123790003325 0.07558758868178306
4463.24225430661 14.94641381452135 0.07692592602265073
4466.4655209455905 19.070105601660508 0.07550581636297239
4469.690035822684 15.886509655100879 0.07572744441673968
4472.915890366729 17.02036603067267 0.07884794661915774
4476.142241836104 22.744408854688338 0.07515796613165886
4479.369650479585 19.936133963988617 0.07811063560599274
4482.599234777601 20.71106845923444 0.0769415002071215
4487.449361289743 14.958835639129221 0.1630352929163459
4492.29303838374 8.638397463342274 0.08192620072738624
4495.526488018783 14.516552576195558 0.07983917390225567
4498.761099660739 15.358487930425978 0.07965132913845567
4501.996715290418 19.845289610100817 0.07858745613156834
4505.233717472094 22.139481860327844 0.07727685149957494
4508.471643575545 17.655259000367753 0.07961391318842866
4511.7109276214105 21.838402747758714 0.07801398583383795
4514.95084432818 24.61257989302018 0.07964939565618902
4518.191727060622 26.96251327400924 0.07630363368561605
4521.434732218914 21.170478223911463 0.08202717457601037
4526.305346894389 21.05037393761699 0.16501819304314644
4531.168577431394 17.88556295261509 0.08528364692456698
4534.415351680718 22.36862880925035 0.08242202988950588
4537.663189872008 27.110633274753337 0.08235595181656091
4540.912212698965 21.60442047674815 0.0845436454958887
4544.161824157007 18.05471235963305 0.08485924616604525
4547.41349555083 22.35822018905089 0.08525502839906686
4550.665793861556 25.964458541234237 0.08361322840983758
4553.91911507797 24.061738805959667 0.08529365750966317
4557.173397285282 26.40119985153568 0.08346547186349645
4560.428972135961 25.098808105549455 0.08606990362599894
4563.685999767654 27.964048739189536 0.08610400140345682
4566.943231130457 25.289996569153043 0.08500874919098113
4571.837398223184 30.41433552290623 0.1698737850647964
4576.722610346615 31.005904362405275 0.08596488591958647
4579.984514435737 31.45042864189508 0.08783277217683982
4583.247498363105 30.75552898434486 0.08731847867575464
4586.511473511457 35.4452232934937 0.08657867414032255
4589.776546027444 37.658147619112974 0.08773680629809005
4593.042734791319 37.59349983544204 0.08827570697976131
4596.309926989928 38.1772613726347 0.08658247223016761
4599.578131693256 34.830853162597585 0.09041496810030111
4602.847340519741 42.02121204774718 0.08777690968012795
4606.117756771692 35.292015727173066 0.08983018231358905
4609.3892344776295 35.29206151486254 0.09049292349942685
4612.661117147724 33.54503874022165 0.09278195880324153
4617.577617710819 38.553179730219554 0.17985860064887238
4622.484553360239 26.528753020079602 0.0961190806524647
4625.761792151449 32.68878721937841 0.09478107576999924
4629.039331975645 28.019774954264165 0.09752127085092892
4632.318021094244 31.84842900639454 0.0950502401995144
4635.597610878701 36.07427930435346 0.09372181550105294
4638.878382409955 33.214868373966674 0.09645191108546576
4642.160116796148 32.91992402983604 0.0984240537748067
4645.442891830592 33.94354738029288 0.09747410217374138
4648.726652767307 31.119209503965067 0.09773900523870502
4652.011415922437 27.28061424685441 0.09921247904008663
4655.2971803456385 21.825806127522185 0.10163067015178935
4658.584629263373 29.25359676511989 0.10111953408517585
4661.872242828992 29.40450883147201 0.10260536868015192
4666.810988849206 26.42862774443207 0.20745741113480093
4671.741215899486 23.137771204147246 0.10616484572806498
4675.033126296577 26.279222236176853 0.10508190384784744
4678.325852384976 24.619910232504324 0.10875594445312599
4681.61974833395 24.091935732440252 0.10893108940003696
4684.914622101853 17.728450482486842 0.11231400454045345
4688.210422111718 21.638935365197163 0.11099871897869072
4691.507291861679 19.446203533956172 0.11091018914709286
4694.805109581445 21.061653298934214 0.11261899895164265
4698.10300522552 18.939962209299782 0.11141798781129444
4701.402941595437 26.977503862522216 0.11108050022254393
4704.7042867076625 19.14921466041061 0.11524750819439823
4708.006088089299 17.046791672293455 0.11859155023935261
4711.308816425649 17.408623215110723 0.1172266122729747
4714.612800740281 20.177535369355578 0.11644245794628054
4719.574826038859 15.838427010796938 0.23352346367492371
4724.529461545276 13.246040766574474 0.12249494869140506
4727.8369657747535 15.006830387444163 0.12013419901560768
4731.145600920489 9.822110764326428 0.1267974509580865
4734.455026340746 19.947533357665673 0.11974363060321241
4737.765415428864 11.851333541514363 0.1264170948953924
4741.076907530131 19.61199331276133 0.12151686174105138
4744.389383831629 11.481385424887465 0.1271057252344934
4747.702537221836 13.516585234784268 0.1276398483624235
4751.016938521101 17.973067154453126 0.12324552765045016
4754.3310963745325 4.709060421682744 0.13141276390668738
4757.648422125395 11.986366861573568 0.1328536357659585
4760.965899353538 14.333762355542879 0.13137789502726283
4764.284104786086 13.04443420536847 0.13051146424074753
4767.602129072897 13.067055978651945 0.12644182631438972
4770.922334901845 14.97796676311544 0.13143417728161585
4775.908962033788 11.124839136866958 0.2619486935649881
4780.888067894987 8.167433732721454 0.13859633576042776
4784.211142967292 8.313997222939266 0.13368256976646262
4787.536382929583 13.726328744259979 0.1333238740650209
4790.861921796332 11.440549670021763 0.13801820485123717
4794.188568750228 17.5456174285432 0.13370568061256127
4797.515893011526 7.930221167924702 0.1404061665911642
4800.844266472147 10.498777276689086 0.14138569138820872
4804.173470102064 12.723320739743336 0.13961129003576697
4807.5037650972135 12.46914522814555 0.1365696240535763
4810.83483222422 11.290637247926426 0.13960673174630284
4814.166787486739 15.34607701398372 0.13593829112868622
4817.499842606952 8.10335831138226 0.1442188058414262
4820.833521160402 9.65045979180669 0.14298541364451398
4824.168362426786 14.296662283082249 0.14078064348114908
4827.504054383963 4.169684470553018 0.14605591078318447
4830.840547166508 11.621521743231076 0.14275942612967446
4834.178080733026 9.85544008608843 0.14425433847020935
4839.190444027823 10.82221397909276 0.2913552422732704
4844.195738062985 10.299775360582434 0.1484625674786854
4847.536824492554 16.190948638997124 0.1437792302810949
4850.878747707138 12.012106944338024 0.14953838263472646
4854.221584674651 12.923728412806785 0.15253129637082904
4857.564663032931 16.49445243169472 0.14863867700659864
4860.9094548523935 12.974239632207267 0.1550085119620358
4864.255419905418 12.287066113141435 0.15709506338794083
4867.601719080813 17.382238818284943 0.15133163344801845
4870.949010628434 12.05265580131565 0.1574732574643684
4874.297403284795 9.684906351306097 0.15884866830445568
4877.646298847683 15.139691137740286 0.15309684153295341
4880.996010446086 17.452497876356162 0.15074092901017982
4884.347070322881 12.486117263735832 0.15510324626940256
4887.698363400556 14.216358669006464 0.15588364785905995
4891.050879496427 15.82495335639435 0.15608900845137685
4894.40320756723 19.792001708143854 0.15011287373957818
4897.758415232726 13.729744095493976 0.1576067455930575
4901.113571069321 12.190712033872357 0.15609429064116082
4904.46959649792 17.89180711188521 0.15272707899710405
4909.508292927368 16.776564819547925 0.3114937731203191
4914.542553696148 11.105010897292624 0.16051688276992632
4917.901860639388 21.333007315185494 0.15538059046353364
4921.262074495639 14.586337475443631 0.15827942277580634
4924.623247673628 10.925051991632365 0.1641217635550271
4927.98511234822 18.2763103479655 0.15571701568993226
4931.347783303225 14.35236978204217 0.15970584035143906
4934.710536245984 19.235944966947162 0.15711889431510442
4938.076264475594 17.021949960007237 0.16018425392247068
4941.441155730528 19.39398486491612 0.15623975458759715
4944.807286770174 20.40901623833701 0.15537171105842565
4948.173406468148 14.724510803620937 0.15894804450753844
4951.542069413332 15.733615063633998 0.16175332748121202
4954.911413163936 16.576002141845986 0.15686587381873482
4958.28011226141 18.4803084559383 0.15961935559974313
4961.650482199807 16.10858161670731 0.15854502386898947
4965.02165222292 16.65712986327669 0.16228894787938156
4968.393501746297 20.00920990469592 0.1592405573458253
4971.766262506083 17.700413582878955 0.1607334361111854
4975.1397804043245 11.567070668197248 0.17130095033800213
4978.514256717131 21.7372740336491 0.15876342230935417
4981.890795867971 16.972940700664935 0.17060474906435916
4986.959755586583 17.486584836729808 0.34833436041125027
4992.022495068818 20.27993044529343 0.17103945007824362
4995.399992379986 19.841707949324395 0.1720442419628708
4998.777868733502 15.767020629517791 0.17295494759809213
5002.158016981481 16.823781546723527 0.1751049913721656
5005.538908060508 22.061398933834855 0.17062744386987577
5008.920642022277 14.954018299449498 0.18026736674853852
5012.303219727605 21.25863921237969 0.17296165325015017
5015.68648114692 22.307101517085062 0.17384435924816394
5019.070564471558 18.693002382331034 0.17977166636212202
5022.455500807589 22.440214642338226 0.17676941392913242
5025.841169409101 21.582716326279208 0.1773337332692111
5029.227237412999 25.298865501616746 0.17671965339698106
5032.615076325123 22.212870529642707 0.1798026576934077
5036.003041551163 23.64885450308332 0.1799242676039763
5039.392048401539 19.826810285403983 0.18370867312213165
5042.781353676713 22.943548699646566 0.18672598281248387
5046.172106837763 25.313014820396457 0.18127496299746274
5049.563263535265 19.950888312421444 0.18538559835930946
5052.955218451412 22.948643237551043 0.1815838270622087
5056.348048322318 16.529482858221275 0.19341944423477597
5059.742544004841 19.380987753570228 0.18531586914692488
5063.136005583871 15.294215991384979 0.19247033613109354
5066.531146390671 21.33007493453378 0.18670902350786442
5069.926959019245 14.289200884687052 0.19718224091932315
5073.323610975985 19.645473720859496 0.19291879995360095
5076.721113686092 16.698428621725558 0.19624324244610786
5081.823604788217 15.08418456017579 0.39880368460836013
5086.91786935307 20.315467811157436 0.19060915787249202
5090.318284281063 19.586200097701617 0.19445020527373155
5093.720113485803 19.21580911445009 0.1958285251029074
5097.121577435184 16.621672742672164 0.20035317982787126
5100.524143324005 16.292332928363713 0.1973579792102675
5103.927883862719 18.57788683364516 0.19831560541538604
5107.333134391272 16.31270260269452 0.2074612156039458
5110.7371207245615 20.19324591988569 0.1963090293585692
5114.142998936535 13.355899122600459 0.2071247749545232
5117.54940857803 17.286891031637722 0.2017436961123594
5120.95718894594 13.647170357534488 0.21357253278783858
5124.364756526038 15.705075858585419 0.2074244590152132
5127.7735789981425 21.101858112136654 0.20151256313748922
5131.182836118835 16.03498607032063 0.21167334435478738
5134.593157109567 17.02090457403738 0.21022434005081128
5138.004151623298 18.47916390696264 0.20686276022613242
5141.415561446502 17.260781955702495 0.2125152383214436
5144.828130341708 19.41199189608813 0.20705318075978887
5148.241321450664 16.8118073400769 0.2126319774138588
5151.655251139701 18.70733375537872 0.21007294002797774
5155.069818965477 15.517411320037889 0.21618176053338983
5158.485201900909 20.744524074136784 0.21301320945062
5161.901210094794 22.024913697853467 0.2132788446799232
5165.318122735873 21.68732039238689 0.22057667149101973
5168.735496047994 19.812012397849312 0.22213741621400987
5172.153325948169 27.517333464079584 0.21103507865431256
5175.5725893525 24.70932231838975 0.21809360082558837
5178.992510114991 27.565485176726717 0.2130534132819961
5182.412652835715 26.43490141410591 0.21216502766368098
5185.833732684862 30.866919997484928 0.20480248561863573
5189.255524977032 30.734226742400757 0.19994265045254156
5194.39111693153 27.989900320907672 0.39599650839751227
5199.524709285534 31.327026876087977 0.19458819455589693
5202.950437238814 31.096892024837548 0.19284037820942396
5206.374489320006 34.00986833417558 0.19438338666996863
5209.800942927006 34.88302371654576 0.20003880619411243
5213.227198420909 30.500408195936203 0.20855267104281938
5216.655532349185 32.37219067715897 0.20940642857973807
5220.083311455202 36.91982501147579 0.20077892441362594
5223.512078957564 33.91766398165138 0.20827334131721975
5226.941661030378 30.406818852152114 0.21375493429756978
5230.371826276377 36.93923159612126 0.20227882078913845
5233.802670607003 35.95452961423987 0.20425592645443283
5237.234223023237 31.465184911086325 0.21313683850124884
5240.666531594651 37.37626670855848 0.20493064075913522
5244.098896755909 35.07539309689077 0.21158523718500669
5247.5330928535395 33.608620387932156 0.2120515787302705
5250.967454584485 33.43015845165482 0.21137454110311224
5254.402619454131 37.725188753609885 0.21474625647788473
5257.838084593164 33.353882907239615 0.2183190275091936
5261.274514056431 33.37883346011535 0.22461937105271734
5264.711389404366 31.714740107856116 0.22903742103135116
5268.148764594265 30.07730052969302 0.2309875497590093
5271.587464552029 27.36268770297168 0.23860894022475795
5275.026584275976 34.76934470547821 0.2233224739907591
5278.466223485881 30.75807930545292 0.23169240196308835
5281.906874269184 31.49023906984765 0.23308981900671905
5285.3476465365475 36.219308680658536 0.226289552795923
5288.789529932149 34.98218121781675 0.22411393189004156
5292.231786204426 30.898735356738257 0.23322828964433828
5295.674832152841 31.11648039538938 0.2318407129207244
5299.118516752552 30.77632874079872 0.23407228387454368
5302.563165825077 31.780801668388154 0.2352193365947481
5306.007883014361 32.01340726463765 0.23340083322327865
5309.453472149888 29.15598573905302 0.23964511340048322
5312.899835026238 27.422081001442766 0.24330724231759493
5316.346727663893 32.0397366022221 0.23549671276925466
5319.793724890676 30.017396307465514 0.23248754253825685
5323.242599132192 32.36257164977266 0.23184382230191053
5326.691829742103 28.137541777114205 0.24686521216674112
5330.140865738021 31.037377217841932 0.24015331894510553
5333.591379386595 29.308365900356357 0.2449728452964773
5337.042160348373 24.6218240964561 0.25384996434579316
5340.493744315585 27.984928141808204 0.2456841984984208
5343.945713249164 28.522170376550694 0.2475182283286493
5349.122770604772 26.708222571251415 0.502257636964348
5354.305967719544 29.374628363643094 0.24671147396191886
5357.76057156423 24.025193677138883 0.2592637531352452
5361.2159140087415 27.071195030961217 0.25420783508826067
5364.671898931666 28.947973029869587 0.25399672975879073
5368.128333112586 25.128258048185675 0.26075584003166086
5371.5854840456805 25.881856089447357 0.2608914702349803
5375.043325041289 29.755038601230645 0.2536628716935716
5378.501755549987 26.92422674451182 0.25496899897073705
5381.960798799328 29.36466148318229 0.25451392269784257
5385.420568783187 28.608437826802845 0.2589699969771351
5388.88074486942 28.32305469798064 0.25998194088804966
5392.341652342752 23.74849849948978 0.2694984219859219
5395.803147028033 25.754582847838975 0.26839015286237766
5399.2653918872975 24.44660981525992 0.2741688735021799
5402.728168388603 25.33879304689431 0.2732302058344277
5406.191598613436 24.106299505266872 0.2727074372697706
5409.6557773409595 22.930863749704475 0.27441811696015367
5413.120155823398 22.56349108233308 0.27763973950135723
5416.585290420961 22.436420538105637 0.28138488812493206
5420.051084191119 20.24457311713187 0.29143880673081746
5423.517469862767 20.194593877669952 0.29237052992291795
5426.984611356448 20.421334952212092 0.29033175235125686
5430.452020969284 17.971246420404334 0.29908018920543855
5433.920270357582 19.199417049575597 0.2967886027147492
5437.389159125804 16.2236960663213 0.3057421025918663
5440.858599037985 17.034897574802425 0.30122120595917573
5444.3284859083415 13.867790118762715 0.3077897381132933
5447.799183452469 17.814379083026868 0.30034636567527784
5451.270292315435 18.808779651337478 0.3053354302905267
5454.742107646602 18.544048395919866 0.30590799992124573
5458.21450773108 14.06561612604191 0.3150546951319496
5461.687446742592 16.483866314778854 0.3101222643069883
5465.161113416832 15.257757911283251 0.31606896950449226
5468.635143602823 15.988484771261776 0.3113088765052282
5472.1098681165695 16.584275775468445 0.30863079162628493
5475.585212605728 11.699122525747779 0.32856401554542053
5479.061039521228 14.860915793786706 0.3245921700410362
5482.537263637244 17.923927673362797 0.31660543558924553
5486.014574817778 15.14585543486168 0.3227064495542133
5489.491261210355 15.623964417379176 0.31402789349946336
5492.970785846333 10.981137013411805 0.3404099184726975
5496.449140406031 13.665348557157426 0.32872099903906354
5499.928432391424 11.613651806846933 0.33216228098058653
5503.408401931439 13.644433857664595 0.3303852765991627
5506.888900047365 10.940027624078384 0.33665832242264865
5510.3698362482455 13.210855850409967 0.3366122202989118
5513.851544113388 14.732021740391815 0.3296002697964471
5517.33372171463 12.118973097445178 0.3380417417094261
5520.816500473718 13.256165897283719 0.33678632329354163
5524.300372747614 12.588835187082157 0.33550937159079
5527.783690775122 13.151429718323195 0.33877133868966336
5531.2681420389035 12.410194621027417 0.3408720417992947
5534.75311631802 14.026377987734579 0.3343416948223651
5538.23867550213 12.27390475488431 0.34382871975620394
5541.724719688289 13.33796306669693 0.3353627971904284
5545.211417024011 13.288719336419675 0.33366872725577273
5548.698659127744 8.740355645377603 0.3520622915663069
5552.186908246208 14.315693556620637 0.33543381798080274
5555.673780221218 9.17307767031165 0.34653732201682735
5559.163601658005 11.047410697039364 0.35007523476523833
5562.653072523781 11.928158897959246 0.3467689448863649
5566.143055248382 12.16049365451415 0.2871550378570207
5569.633539628536 12.371522474808028 0.1988252052492743
5573.124633083785 9.077187783371928 0.1929141106394509
5576.615407410098 10.749275610351171 0.1909861725238101
5580.10837664664 13.152462533846611 0.18872640952964856
5583.601148282878 8.167244569849741 0.19537023164123854
5587.094183737888 9.328305829164181 0.22148137256559425
5590.588019463433 10.681857488990788 0.348631226662336
5594.082337784038 8.84515902564902 0.3693992626953086
5597.576606538827 11.482158138181147 0.3687182453450469
5601.072475747181 12.916996842942808 0.35817784005173064
5604.56834706898 7.85788510304459 0.38124063157820937
5608.064830133615 8.76125006719658 0.37707387062567466
5611.561705041877 10.15692104278866 0.3699925740105179
5615.059218692342 9.803201748467373 0.3733487228413675
5618.557273259028 6.788144778458972 0.39142259941005414
5622.055808432223 10.101269894090896 0.38154701985419315
5625.55494633273 7.353918714203553 0.3885814101431613
5629.054494521769 8.834711794480555 0.3875267843462293
5632.554083092646 9.411428968791455 0.39100526070177183
5636.055206377028 6.325592238769675 0.3994108982472414
5639.556383510915 6.2555232252331034 0.40334006876690714
5643.057313009297 6.643433919795549 0.4029643995131858
5646.560162673213 9.550208592708218 0.3879285201694804
5650.062968782007 6.961236172047666 0.4071993913281807
5653.56606686058 7.885962182991821 0.4051585603211746
5657.069488117011 7.1521927090332245 0.4134045743175837
5660.574979291389 4.814651547193893 0.4206109147234002
5664.078794147665 5.663303570541578 0.4152958490213123
5667.5834286830295 6.381236870814001 0.41524994613384014
5671.089538764451 9.22953866682945 0.4041980219522399
5674.5961789576795 9.59860448715873 0.39601890448722205
5678.102892776367 8.750992137157297 0.40096284061067283
5681.610256398605 4.903239359779695 0.41629548962598106
5685.117730017927 8.447404368676015 0.4109250055436456
5688.626303488694 8.99914552621368 0.40211662327921094
5692.135392939699 8.57249806254265 0.4130967408720548
5695.64432062327 7.543113732022711 0.4069670050456461
5699.154170858355 6.260521233558451 0.42352612168006865
5702.664462474499 7.029789525498216 0.4180921380835985
5706.175193907564 5.9508320391739336 0.42677986538712875
5709.68655527874 7.347906492804615 0.4185676801898641
5713.197968118752 6.61592070670615 0.43026954740866874
5716.710638984606 4.80189874918648 0.4335498021827739
5720.223343985676 5.223204805787655 0.4328187295794043
5723.736534122229 3.4461525707370293 0.44212841504184014
5727.250285635432 2.20977254041996 0.44950241895675086
5730.764569996596 1.8694396874530859 0.4531523258869006
5734.279225003358 3.9348247088529007 0.44701344383324926
5737.794977232087 5.265346804107806 0.44454562936441355
5741.310057897606 3.7741511405873633 0.4425732266085196
5744.8262431917765 3.688474386712312 0.45094645534056427
5748.342863820586 1.5000063950757183 0.46206255477862607
5751.860028265445 2.395518465006344 0.46100961051524736
5755.377636248514 0.7062459277546663 0.4790212184690127
5758.89567472512 2.7434679734592717 0.45344813778929355
5762.414194201894 5.275585253258772 0.44246133463933524
5765.933589292434 4.191357398245043 0.45508522016231573
5769.452844674675 0.5123456189144735 0.4733837411951225
5772.972672137205 3.510386067095072 0.45426214353719485
5776.493155158251 1.8031961562781993 0.4689324190781821
5780.01408036855 2.261006255031299 0.4712228605322597
5783.535447199207 3.4881698072788825 0.45873414308714583
5787.05734908884 -0.2768209912881347 0.4746932836328696
5790.579660599117 5.033587686786757 0.44721597463718304
5794.1023584924715 4.243494932799302 0.4623367621278572
5797.625694343197 5.336982336553947 0.4490547915829403
5801.149551033993 2.289432074808419 0.46612608814429696
5804.672723548917 1.3694504316017615 0.4712310470791671
5808.198232907179 4.842050813835833 0.44663710168055665
5811.7233488759075 5.319159865339211 0.4465640697155832
5815.248902736374 4.709565585973642 0.44569921898961296
5818.774925198841 4.785011534391683 0.44124723954058864
5822.301487348533 3.434889170794894 0.4519130323470947
5825.828375175377 4.955430841778936 0.44348033799356396
5829.355849326105 3.714078435426968 0.4565419093678906
5832.883577936958 4.625328510161145 0.443955778766236
5836.411918873 1.7211125301202392 0.4619545110590627
5839.940661828122 0.13965782527211673 0.467182524798678
5843.469861995459 3.7262878652502014 0.44916305705001397
5846.9996074401 6.317956187188535 0.4428542772765118
5850.529655595453 3.5565333327608535 0.45728134613316296
5854.0601119447365 3.542607651172255 0.45507408743373523
5857.591116257053 4.401826083312146 0.4439360997028747
5861.122587869007 4.839334238145638 0.43791359950387154
5864.65443767794 5.113675573700148 0.43252537838358995
5868.186891024738 5.211757031760037 0.4375823027241912
5871.719519656439 3.447333892163657 0.4420991701337872
5875.252772959542 6.235889392994244 0.42869405755658546
5878.786382002471 7.375302767142419 0.3986451143279656
5882.320430378802 6.9892945253563035 0.35840277763027284
5885.855042301859 10.691698387290387 0.3280086576031944
5889.389983782323 8.445270651501755 0.31994902257277164
5892.925337536722 9.54602862206292 0.31442804831274307
5896.4612482983075 11.121093544034261 0.3079084956352673
5899.9977749753525 11.521173145288106 0.3180958094267819
5903.534097693063 16.647817152141037 0.3436062701670034
5907.071240847078 14.65868694181621 0.3728059428630426
5910.608721421571 14.569486658331778 0.3987616494253267
5914.146826248993 15.93741361697869 0.39735843235226137
5917.685186244429 17.19262362321117 0.3935963616467366
5921.224017136327 14.688462816187151 0.40831448741646764
5924.763286841256 14.456926958657203 0.4034730093993533
5928.302985956947 15.605234928211361 0.4051015040624822
5931.843139173253 14.020420042396447 0.4128486048078236
5935.383649852687 13.51048801292776 0.4151296879460472
5938.924646880632 15.321871434886932 0.408283241770345
5942.466073228287 17.28263000439683 0.3995311320226324
5946.007841960184 14.890225187375341 0.4146596604432932
5949.550232120365 13.505640029417721 0.4245132317081495
5953.0927362309685 15.254750511866558 0.411478410890285
5956.635813481414 14.173706031424725 0.4194027342022239
5960.17872693939 17.45915580854184 0.41467370077739274
5963.723119727403 14.475081899484072 0.42605464540032767
5967.267376195428 11.483096457592497 0.4463846386960296
5970.812156906971 12.193864950063016 0.4467520216065715
5974.357249161657 9.5604466260831 0.4542372767049958
5977.9028277002535 10.395742263405072 0.4578142931421457
5981.449296930943 8.3751033813694 0.47420085923613015
5984.995202281704 10.116306528977834 0.4586007785453571
5988.541957129318 9.126155052103758 0.46620105478807905
5992.0891706218445 11.652955749070326 0.4666398649668415
5995.636838625744 8.430209104717092 0.48548751744445684
5999.1846400257455 10.833339371961518 0.4596064727157896
6002.733022178727 9.506491040892982 0.4699563138454771
6006.281826403708 10.297373019013584 0.4692101390433883
6009.831031775487 9.555582519912663 0.4820004060745395
6013.380686443603 9.962192683288583 0.4794434475677146
6016.930636753242 7.684288124485186 0.4939883086095148
6020.481001513293 9.803159143539261 0.48354771390414264
6024.031827792862 11.469790428298914 0.48022894838585894
6027.583418708484 6.726553297025137 0.5067686493647867
6031.1345403900605 6.661224490431702 0.5045022091275942
6034.6866100022335 6.746104025783824 0.5118803699466584
6038.238975029022 6.715407179688986 0.5114212310973553
6041.791799544134 8.886365944257992 0.5075102483722421
6045.344940603948 7.596611979964499 0.5135464434079624
6048.898484443545 4.637642580262022 0.5272782822521538
6052.452545849755 6.738086165686575 0.5195715242885217
6056.006833339372 7.045278644257855 0.51865755919747
6059.561532969484 5.296001176209899 0.5257690301958536
6063.116249630234 6.517304330114993 0.5233471296171919
6066.672194132401 8.333984158748981 0.5118046366224333
6070.228070990687 5.929686126431558 0.532445678977735
6073.784407376586 7.23451844090194 0.5196382068290605
6077.340975412731 5.7773395878485 0.5312870112341869
6080.898008727056 9.48254170061251 0.5064531817663308
6084.456053574635 8.337874821182442 0.5216499824771661
6088.013279291037 5.3479540970462445 0.534690740895387
6091.571524459423 4.958833587713128 0.5128594098699997
6095.129977407446 5.741730295667193 0.5344779936579244
6098.688867993384 9.925370055142048 0.5007635281706009
6102.248408692149 6.722206346422382 0.5236930214282254
6105.808094448323 5.20964543619175 0.5309375956556365
6109.368103133052 9.455390649315275 0.5114661766969967
6112.928561937321 8.7371391309986 0.5095478952907961
6116.4898344184 6.327479041721276 0.5325334579534472
6120.050629573934 6.4536880658226545 0.5333501489989677
6123.6122481388065 3.933159591213361 0.5514834536575602
6127.174097639143 6.4542846684161255 0.5389490704334894
6130.736420537086 6.448080542279589 0.5372347934082085
6134.299115868996 8.028469715881707 0.5198081032603605
6137.862164684761 5.430454019956806 0.5377906309631096
6141.425591399023 5.339956965168463 0.5389177751108334
6144.989493036509 4.529479916489987 0.5335643141908805
6148.553658278372 10.911734193390906 0.4857334154413405
6152.118226194148 9.107176138394841 0.4882916605409822
6155.6830329545655 10.52141033110059 0.48580332911001073
6159.248208934511 8.701189606255257 0.5068697910920044
6162.813922651473 6.880209860249673 0.5020732716418601
6166.379861458466 7.198870414423458 0.5047117797861815
6169.945430326934 6.482989456326376 0.5089575658097236
6173.5129827022565 8.177076827707033 0.5308631839324564
6177.080060473291 10.707110062660753 0.5144405903215087
6180.647486202466 10.067048444087455 0.5235643513149253
6184.215279343175 8.864047096482738 0.5361271042715426
6187.783477042555 9.045034361403156 0.5361948631922724
6191.35194536177 8.161166964428375 0.5461471595535818
6194.920503114498 7.006781695950393 0.5343586127271175
6198.4905369460375 7.010531988687798 0.5594612028486157
6202.060552596197 7.30889769209584 0.5469138475258376
6205.62947129247 9.858427452387666 0.5257654769104312
6209.19979583092 9.580278742023948 0.5393645436203448
6212.770536939637 8.189655993500237 0.5429473389880272
6216.341374671194 8.766762762481653 0.5372577577007518
6219.912784771123 11.515469079288604 0.5161202544497396
6223.484506771505 8.738878080601305 0.5312946383060569
6227.05651676026 10.734626665650763 0.5097854938131339
6230.628832178214 9.65165722013503 0.49953389550545524
6234.201694121257 10.318131133592946 0.49640356322214996
6237.774674281457 7.1287305654524715 0.5105000610600489
6241.348190943726 11.80106420914326 0.4845909664569678
6244.921962753119 11.089299525114221 0.4914341675448658
6248.496124049605 12.379638117193501 0.4947080594659235
6252.070534031398 12.4932574705449 0.4948504742364125
6255.645359832212 14.441388449783162 0.4855155512806613
6259.220558798852 13.461100251186956 0.49004054220104304
6262.795961998436 14.652506151976256 0.4833715175952243
6266.371886042773 16.67063206010459 0.4732487275349191
6269.94798317701 15.870968529172892 0.4893183404858189
6273.524515342772 14.79272624354194 0.5142766227926749
6277.101402128377 14.175429027192934 0.5200013958633471
6280.678546479149 16.34042772909556 0.50715984837148
6284.256108139273 15.934860304626474 0.509147328915995
6287.833886846013 19.63384748629148 0.46666744213458883
6291.412961815887 25.362064741563817 0.21245519917609956
6294.990720512973 24.72437827287806 0.1332239340607387
6298.569776337859 27.329263265584782 0.12899060304037352
6302.148899007772 31.50264475764726 0.12803371080423598
6305.728327736044 23.269286274985216 0.12970918524082792
6309.3092849244895 22.106055397367303 0.13009600858094492
6312.890212220942 26.714058650584867 0.2269500919830075
6316.46893841179 30.017916494621844 0.4223911780974556
6320.049761249735 28.243642244051486 0.43510528939790966
6323.630325705927 29.112524734344706 0.44205781443481496
6327.212516132556 29.145121265584276 0.42474166310568934
6330.794425672714 30.97761129777169 0.42048756283022737
6334.3765674805345 28.490240915293107 0.4324204161938056
6337.959166867282 30.897197596111063 0.4286764568061452
6341.541943498247 32.8394249561286 0.4188934590349717
6345.125255932789 29.49370314765499 0.44394293127536694
6348.709504383628 29.72859287083957 0.41886178538609636
6352.292508837398 30.366170823652705 0.41258947352724284
6355.8771426300855 32.28625911245436 0.28246090017808767
6359.461238258431 28.93542789494415 0.2510099286074993
6363.046092318325 27.24880688045784 0.25254462244563775
6366.6311531996835 30.073097120438025 0.25110580245950015
6370.216577737391 23.09359138249663 0.26090407847022024
6373.802329133309 27.167170069211554 0.260863427237644
6377.388437064391 21.280572738509708 0.4187109072838805
6380.974824226354 23.564584071905934 0.4808976359993287
6384.561521826728 21.37096730964011 0.47961806737415996
6388.148529484812 20.128085655314305 0.49558860855725534
6391.735950148287 22.38749669316533 0.4765965419871825
6395.3240213756735 23.904281817832302 0.46530479746505476
6398.911590771769 19.871969512386894 0.4900788833603675
6402.499789596498 19.812774757862442 0.5062295939143165
6406.088364219862 20.90837895446854 0.4957774281646201
6409.677375650466 19.594079364163033 0.5055655357143906
6413.266676922369 18.928340169093723 0.501425905365761
6416.856208016228 18.75987343835561 0.5035579977092627
6420.446080873464 15.769961065846516 0.5200214535212024
6424.036248581913 15.063353526859812 0.5330603528195531
6427.626692156521 18.06819997866779 0.49981049965652635
6431.217494060714 20.718155523733458 0.500229692474178
6434.808077800366 18.510771531508762 0.4915719413424629
6438.400037787055 20.410122489949323 0.5045334200860787
6441.991783149114 17.060503875504622 0.5216235196435922
6445.583780091542 13.847820304156702 0.538955023523119
6449.176072158897 14.54631925968326 0.533032067911043
6452.768783687296 16.26820255002157 0.5185097272216281
6456.361852871963 14.275354618293981 0.5242562805448946
6459.954972869403 15.016883809021943 0.5076087481837196
6463.548535905668 12.820130407829774 0.5067470203495166
6467.142524426046 11.672980171695007 0.5201568759547079
6470.7368322995735 13.427489184925815 0.5241108531690928
6474.331177330361 11.843847403229512 0.5232235650365958
6477.92588548288 11.954551394068055 0.542517666858803
6481.52091868954 12.75775733538654 0.5404446547739821
6485.116417920249 13.108687140369891 0.5518024953041565
6488.711987061715 13.809363721890652 0.5478629759757717
6492.308468509476 13.478124570981029 0.5381108827918073
6495.904338725835 11.49552855575237 0.5407178137115449
6499.500827650392 14.804686304775233 0.5119681445064275
6503.097793634426 11.941008442613771 0.5294531685641037
6506.694870458061 13.139175128739645 0.5229571723251661
6510.29252559318 13.434367091220675 0.5324043746443949
6513.890196253504 14.398838172877237 0.5357006837661473
6517.488229106517 12.853597067406053 0.549000012010293
6521.0867344915605 13.490989160480968 0.5482637294397704
6524.685422167308 11.832714165876343 0.5494487290317782
6528.284357620336 15.597232646082325 0.5239264092340322
6531.883496665137 12.686908469679718 0.5367254453703029
6535.482016031982 14.902569203793176 0.5098354125387823
6539.08290697934 14.40763555026798 0.5315710947912502
6542.683166735796 11.598352632136677 0.538402949756197
6546.283617580482 11.396778959639772 0.5344780656505583
6549.884330514031 15.75283407839097 0.5141136258537381
6553.485226145035 14.660854440065307 0.5296739227626678
6557.087604049769 12.722976461848367 0.5492683095528054
6560.688309988369 10.187599189339144 0.567776785889937
6564.290141551593 12.553444842123719 0.5500961224017674
6567.892309414119 13.824872103546966 0.5546429572659578
6571.494705476251 12.927327795822176 0.5554177831526852
6575.097438240059 14.080364442427822 0.5415856465352261
6578.700502303559 13.248141114290823 0.5436877499664879
6582.3038993896935 12.566848644593392 0.5460202851911723
6585.907397315846 16.311363883045292 0.5294301565903132
6589.511486277537 16.582491149657304 0.524162166627582
6593.114727726106 15.46035399762382 0.5154451742076166
6596.720927819876 16.04244187345934 0.4895164828382362
6600.324916767755 13.173214336146163 0.524761116944171
6603.929049926503 14.742935379181839 0.5147093416924665
6607.535198346362 14.470788738326808 0.5090968427099276
6611.140938580725 11.410936584475207 0.5356048367278774
6614.746605630977 15.796016407809661 0.5346305219683393
6618.353235457618 15.229178900343722 0.5496442965246203
6621.959357762154 16.015928970533853 0.5382401766684303
6625.566167960292 14.084778827814356 0.5487956300998914
6629.17320765999 13.855548953307403 0.5455456641310865
6632.78045749 13.486200341299865 0.561668768914221
6636.388163433417 14.808267073119792 0.561893162120719
6639.995885499348 12.576829049333936 0.5779261690237294
6643.604176736301 12.694587204958708 0.5861252716691638
6647.212558039173 13.172680695140647 0.58055653715519
6650.821329827744 11.182229785152716 0.6020563445154691
6654.430134291914 10.384535039636257 0.6021352374585612
6658.039501252411 10.600661751942356 0.601578195697831
6661.649070385397 11.075794257848528 0.6061196368035029
6665.25885600687 10.130428013629178 0.6117514235572922
6668.868950395018 9.050468826315562 0.6253178151868014
6672.480361003027 8.38819521606568 0.6283902996042122
6676.088839029912 6.173778361824596 0.6359205414160194
6679.70012466301 8.28115212633084 0.6291631741069625
6683.312154806904 6.563477160909079 0.6516365788468275
6686.923526756228 8.115873674284584 0.636591477835964
6690.535305448827 7.60469117287116 0.6477372886165805
6694.147372272822 5.194449599765529 0.6591261395718736
6697.759579512355 5.261609341665852 0.6720634889221921
6701.372130019959 8.412008504269544 0.6395904277705303
6704.984950914855 6.743529635941966 0.6559609670349844
6708.598036161929 4.525348207293264 0.6722796766449097
6712.211530426437 3.7593047025236475 0.6965648759010451
6715.825111003579 6.7319781533784635 0.6642908218171081
6719.438173233058 5.986628867268131 0.6655781115530939
6723.0533110026845 4.052161156437501 0.6807253824050007
6726.667646433681 4.688457194422754 0.6724061864064015
6730.28245068452 7.344592611098703 0.6575715125591415
6733.897337734112 6.057454796677852 0.6617264801965493
6737.512753820854 5.812636260261492 0.6735202473230839
6741.128159838278 5.9365526218304225 0.6644920890123478
6744.743986826953 5.4957199307033795 0.6749853952917505
6748.360091224591 5.8206703263879165 0.6553575601606627
6751.976568285003 4.092450964522879 0.6827526668623503
6755.59303941646 4.620942353897242 0.6734234384170206
6759.209931901984 5.641916308419305 0.6565339372958054
6762.8270615520205 4.723514657525248 0.6643340124551677
6766.444573666779 2.2112510894908226 0.6968282908495115
6770.062188793359 4.585398884258134 0.6748815590281882
6773.679277801434 3.0514352861899594 0.6955235185172194
6777.298463489009 5.665933017073578 0.671230664838859
6780.916900271011 4.855045724098731 0.7076138193382231
6784.535528202657 6.145780865694563 0.6812688582040142
6788.154740681011 2.5270912376725683 0.7197485142552337
6791.773943190946 4.354517480852119 0.7112249207010353
6795.393445405174 5.756677425347535 0.694509758822759
6799.0123585452775 1.1006052585299344 0.7333204681499995
6802.633343001356 6.799897622385502 0.6894459431434771
6806.253751452055 4.527488983028959 0.7174363292317326
6809.8742716744555 4.684911721260333 0.7056069957368892
6813.495144083171 4.640804001139982 0.7108455308419768
6817.116245873646 4.803155949554022 0.7087687167581581
6820.737649154234 3.6095179422292234 0.6704093687594546
6824.359157088906 1.653703525659254 0.662563591319828
6827.981822835792 4.636244680959247 0.6143179645455208
6831.603374591417 3.0069587861682976 0.5986236681207343
6835.225865269983 2.7243299925252007 0.6102028236747827
6838.848495456056 3.627197908312944 0.61574098515661
6842.471553510374 4.5358926110499285 0.6379212534547707
6846.094691263175 4.597521214086289 0.6699939698167353
6849.718224574181 3.6334062012119532 0.7211199125902995
6853.341810500113 4.3134106173025435 0.7005725348074214
6856.96510473347 4.966634929686678 0.6318581794211334
6860.590227388992 3.0390679627788812 0.6631093502230896
6864.21476091393 3.6630595438696556 0.6987960820144109
6867.838631662425 6.504502889967299 0.7064622397322702
6871.464495910144 2.8877464089901523 0.7662192965156875
6875.089845546171 0.800623119654985 0.8107632063680144
6878.7153837850365 2.6091383433556437 0.8970291803425945
6882.3411011161825 3.367379549886712 0.8871637813221941
6885.967301661589 2.752866001376604 0.8743546159664788
6889.593209383987 3.676274370501303 0.8660988693526263
6893.220234224148 3.0212686806984204 0.8404257420871376
6896.847049605585 1.2843067616693309 0.8754132689653136
6900.473822253708 2.283184942281068 0.8796508177094224
6904.101598785071 0.6661094052232996 0.873251294257253
6907.729229866815 1.997066113988285 0.8213831850060581
6911.356940880949 2.9605498310048866 0.7956824235757367
6914.985212627292 0.7629332829695263 0.7777208904377692
6918.613492971968 3.1617239474569803 0.7277190993850176
6922.242246236191 3.6282201752243215 0.7202149079023545
6925.870976521999 4.921333713984097 0.7171569174331759
6929.500265943522 4.021417714965173 0.7372317632824564
6933.129659914095 1.5813124002733816 0.7350807599763495
6936.75924411784 2.754373480306845 0.7414462611153692
6940.389295736582 3.818194507146474 0.7153502772998398
6944.019450415791 3.4888734751197013 0.6910912150589177
6947.649833475602 3.6500422235272 0.6950638047535557
6951.281674206335 -0.4415793916370923 0.6835689899398495
6954.912042368177 5.48965316986427 0.6647759363955317
6958.542734145942 4.200144339369132 0.7031512255943825
6962.174872260026 3.8309524108417734 0.7371085834625125
6965.806337531244 3.0661001572537994 0.7680636840165848
6969.437835460951 3.3359001850904906 0.731912039497406
6973.07011011537 2.5913217424440753 0.7189692671053863
6976.70259478626 5.481212387772204 0.6993685889283386
6980.335252001476 2.6820320516993146 0.7302428362602865
6983.967583074434 3.9544136311052425 0.7460712893899895
6987.6017938562745 4.851810931958116 0.7424577604666425
6991.23501871592 2.4473879798187608 0.7859639405117973
6994.868669622351 5.253260838471251 0.7405765337876398
6998.502629486496 4.822077550508395 0.743309304963727
7002.137011473304 1.925503778719851 0.7831758833456502
7005.77134923675 4.616600158664283 0.744438720726518
7009.406175454468 3.9708212179648306 0.7469459490902336
7013.041236798892 4.652373468114961 0.7566768276420656
7016.676314666337 5.693746810235812 0.7535121863347302
7020.311949269746 2.68526882567761 0.7982646392424153
7023.948486758656 3.635477430608333 0.8193459585060598
7027.583685436319 4.58106889678374 0.792491525670439
7031.219926555598 4.612155650661554 0.8078025721688358
7034.856494306986 4.920684703894005 0.8053907827211618
7038.493292128854 3.506597985747234 0.811888477717886
7042.130323428277 4.064333780484611 0.7850315787013459
7045.768482198605 3.324337013332742 0.7877800766116455
7049.405020739038 6.555507470739419 0.7621634671721358
7053.042637351931 6.1107829259901605 0.7849077570178662
7056.680733762871 4.35985275722094 0.7943333203069975
7060.319172850626 4.7873576424539666 0.7947808593276113
7063.957617334916 6.733568564807442 0.7855473370427076
7067.596410714867 4.6910367913596485 0.7952766532132357
7071.235321827881 5.577029070929933 0.8017297375876528
7074.8746467088295 5.474965670615239 0.7909536518040089
7078.514615758533 5.346146975327355 0.8074914265445956
7082.154001264847 4.815474169184852 0.7904039822684289
7085.793783415957 6.0189510957628265 0.7934138710767404
7089.434266910452 4.868918521054922 0.7989704886433203
7093.074942693007 3.4567795415388205 0.819317591992346
7096.71565195088 5.870188918428418 0.8100437968768035
7100.35668478869 3.883521771314982 0.8271236784936253
7103.998123586172 4.082276216129703 0.8325974288605432
7107.63946880369 5.890268513024605 0.8144502620328855
7111.281360472246 5.445884951196945 0.8347931430945067
7114.923396447925 5.53126377875062 0.8252269076325802
7118.564402090473 8.1021459509499 0.7902057891596908
7122.208169972877 6.295814528147701 0.825097880404743
7125.850893168893 6.717278425291403 0.8110039492473504
7129.493989215248 7.2597354332876005 0.8006435301313265
7133.13707719045 7.208403290659776 0.8206195837366639
7136.780777620958 6.792256966482399 0.8104031039874304
7140.424711859331 6.085022567737061 0.8301807327726584
7144.068605477261 7.078846478497405 0.8127288139602952
7147.712985621142 5.684207030581227 0.8476289806164236
7151.357761363905 6.800341444735632 0.8178472243593277
7155.002314758194 6.322289768806619 0.8348997237142102
7158.647402758723 8.246159373270547 0.8216070913242075
7162.292572582589 6.076566402961909 0.8659480988230092
7165.93818169 7.918088962253768 0.8445015957795671
7169.583908544403 6.594290486203762 0.8758490421662529
7173.2300184470405 6.65956262844048 0.8786826231958653
7176.876408068902 8.075686366399415 0.8685810727686384
7180.522786394749 7.941572324997351 0.8770625515430824
7184.169625166312 8.259267478650552 0.8912703499492514
7187.816689740266 7.946436192913103 0.8887815833656348
7191.463912875446 7.898395715468506 0.8913370053523845
7195.111599809489 6.114466133720642 0.9282429784678327
7198.75927372529 6.492306378646644 0.9148776343604293
7202.407477800111 7.135170538503504 0.9056113439893744
7206.055797534961 7.918245605526668 0.8976963951556834
7209.703350024127 9.053190110172846 0.8707676408263854
7213.353244285339 7.561467848646517 0.8983987469531873
7217.001917367971 7.828532628834599 0.8732411181303888
7220.651442258502 8.226219016465103 0.8682682617631675
7224.301068810221 9.14312665496568 0.8598920877958437
7227.950688029071 9.45736640291716 0.8479232465139735
7231.601082772921 7.847264701685608 0.7354814875389469
7235.251144359458 11.625385714445649 0.6719401751642484
7238.901754218272 8.815453395890867 0.6347813476362585
7242.552494002702 8.23125571639114 0.6446872654644048
7246.203591677786 7.681795579009894 0.6253743294623154
7249.8549294219365 7.707764040790594 0.622987601256636
7253.506451162141 11.483881733283956 0.6697602221383754
7257.159026374269 9.175478232663137 0.7990904282839085
7260.8103404128 11.400829811210775 0.8159582500226948
7264.462766244783 11.854089597114806 0.8107781552854979
7268.115292119719 10.285149621608246 0.7113170281896308
7271.768146815181 10.62626695251249 0.6850077216659234
7275.421102473274 13.238613234324031 0.6247940024693774
7279.07458515404 12.747423827667031 0.6162498854375894
7282.728100214477 10.872052441131958 0.622990857438326
7286.382029150417 14.349308980472713 0.6040257614759583
7290.035745846878 13.706922746944324 0.7221005549331889
7293.690421781845 13.504147522219908 0.7209869652825359
7297.345005783846 12.423711734141694 0.749552238455252
7300.9998048575 14.656258775984032 0.7479017382881209
7304.654914825736 15.274708799015835 0.7285845025525433
7308.310199848274 17.467628422001756 0.6375291413965455
7311.965878849482 14.415735101499079 0.6140117940621271
7315.621765300185 15.291535303877014 0.6012690984803782
7319.277817607962 16.969283121733394 0.594009695798972
7322.934120118218 15.168566428246624 0.5475900698818328
7326.590926292693 17.718614955146197 0.5441307215824404
7330.247666919239 16.96618739215982 0.5872085115276621
7333.904726972368 16.27284943265694 0.5794620860302622
7337.562314196543 15.10673211756101 0.5710443427201498
7341.218887997412 12.968811226504343 0.6037313743277725
7344.877717739002 13.627900650231075 0.6566251059681175
7348.535825400419 16.625574635988134 0.6213047361801805
7352.19433343643 14.147917231620221 0.665694636701429
7355.8530724776365 15.420945754857895 0.7290219638808431
7359.512571160105 15.628816592990859 0.6846370986138169
7363.17107440181 12.802064296481992 0.6529865418076981
7366.830481875719 14.489616244660875 0.6503709123216064
7370.490173296942 16.26515822537293 0.6573256886339324
7374.150071912817 14.898197659857507 0.6875805888123728
7377.809458382051 15.32651884814629 0.6825453905014256
7381.470686968139 13.505393253157894 0.7500332905632907
7385.131407811847 14.06752838609258 0.7679300185095372
7388.792429317953 13.958275653819172 0.7701677572801648
7392.453747148266 16.034746836218357 0.7074440163218202
7396.115200746994 13.607464051055176 0.7010654282129317
7399.776918177581 12.979462633180367 0.704553877624544
7403.4388171154515 13.550558014120133 0.7194067835108461
7407.101204942405 13.882919368481385 0.7330225457585536
7410.763596567504 11.298520815505299 0.752782615266121
7414.4264020084565 12.594082459750913 0.7990869957306778
7418.089400404901 12.298643887763179 0.8302648282413403
7421.752711572748 12.635926163136173 0.8063860035906202
7425.416257096665 11.682338815695676 0.8207381250707814
7429.080103618469 10.999233074376194 0.7862616550607543
7432.744048244096 10.551571062675313 0.7774200979390793
7436.408556607106 8.783813521147358 0.8096390445112792
7440.072969701241 11.19544108740466 0.7768909059933354
7443.737818160567 7.776219265010022 0.8518252904932397
7447.403297964712 9.255734599184056 0.8373312214893117
7451.068394911037 8.850838374775762 0.876227025852202
7454.733929225905 8.951063867068449 0.8750166692952783
7458.399858889815 8.860376616955577 0.8543351742039841
7462.066021705657 8.294553640888115 0.8253830844314213
7465.73226359013 9.489604320564549 0.7785007040546155
7469.399552389621 9.47892007756074 0.7816435596954985
7473.066015826498 10.289488239467858 0.7294796249321382
7476.733277413838 7.940333726806195 0.7358642364233072
7480.400607721542 7.09466799135648 0.7534142365715725
7484.0682553748475 7.847252247515263 0.7757897164929235
7487.736415746021 8.902976538136146 0.7875478960154411
7491.404525896456 7.011239966174668 0.8312301001545512
7495.073120244628 5.350171082005028 0.8955476095676264
7498.741872237242 5.07406693342834 0.9252989985188642
7502.410977895011 3.699925358858244 0.9366575194878882
7506.080169844484 4.414443422920049 0.9534135972363967
7509.7497467985695 6.299462499564539 0.9159487752172059
7513.419429930652 4.971071781420036 0.8729090344866413
7517.090351817048 4.353828950561018 0.7950653405767419
7520.759916111843 6.372501929581754 0.7416157135545495
7524.430716760782 5.771033112304638 0.7370958276053234
7528.1015122342305 3.360514656976546 0.7650862874367508
7531.770775626082 4.252691387600637 0.7361462551499834
7535.444176347638 3.077347532949684 0.8235366061219882
7539.115889151983 3.950021183439621 0.8943071617727205
7542.787831935226 3.443901166361602 0.9414005049021538
7546.459970191992 4.5516174726263 0.9479492585293867
7550.132535702126 3.192237184216778 0.9218648033662808
7553.8052287165365 4.0430832604394045 0.932890224413113
7557.47846831507 2.025746005525097 0.9622989408827523
7561.151672747859 5.921997826947188 0.8676286948077571
7564.825259451447 4.857276239692185 0.7977942212631388
7568.4989731736905 5.578309432580059 0.803885761958009
7572.173198856191 4.4079527344259155 0.8303345744558429
7575.8475265866255 3.8497443532423605 0.8192567297475897
7579.522181653376 2.958459454270576 0.8076220987058365
7583.19731300007 4.0781017380773115 0.8629323142656783
7586.873125672434 2.6237539314084253 1.0012773908836028
7590.547726981121 3.160094100052237 1.0442009797941807
7594.22357290354 2.4152888565322836 1.164039808101121
7597.899712929432 0.6877654560006501 1.3991184351602022
7601.575700610351 1.1922326771958183 1.5879579242268822
7605.252339138282 1.6637723066426904 1.714535115329452
7608.93018831754 -0.3750953999843677 1.707168723475601
7612.606414328994 1.0050726067206575 1.605075255988617
7616.283748208872 2.3044660998042366 1.5068852080989958
7619.961378179055 2.317337621938108 1.4430488389002305
7623.6393495242355 1.8936855566199358 1.3947541194141582
7627.317768715653 0.8040872531044564 1.4601462247359718
7630.996038715369 3.2882736348332364 1.4668771308591484
7634.674648965182 1.4216324050983242 1.5416222652367675
7638.353908333562 1.2361968117842976 1.5632776083894309
7642.033127855192 1.6383307914447989 1.518039675770616
7645.712797771276 1.7094008985810245 1.464382178452918
7649.392682090784 2.7927373289097543 1.339661536939369
7653.072697638857 2.490226153776417 1.2492347371449746
7656.753310325072 1.3310103597201683 1.2154871284536155
7660.433967721466 2.0289092152010753 1.1628233067171743
7664.114753210563 4.257606065800789 1.0593202722616988
7667.796285582762 3.7307509032448043 1.0551407133834838
7671.477758012421 4.115040721751571 0.9904122831423542
7675.159644685861 3.3527536296776868 1.0427412038857506
7678.84168313974 2.949960732703879 1.0369295011341433
7682.524156731366 2.360004502063831 0.9985335613760862
7686.206775892292 3.7095072062767755 0.9557493016788673
7689.889916933655 4.519253043171211 0.9315731509206803
7693.573240866401 2.710680149104521 0.9361619372899469
7697.25656135081 3.8038207043319954 0.9094050539264816
7700.940404433449 5.120864838673077 0.8733446027758952
7704.624516756524 6.016077728624519 0.7284340455429501
7708.308864811366 4.204460904101782 0.6419282198040764
7711.99371953627 4.5573721558031774 0.6338394505955673
7715.678582011072 5.91524145225098 0.6074543197191924
7719.363906875269 6.73817142862804 0.5891675551197944
7723.049547460576 2.386802810633103 0.6581780746745273
7726.735265369791 5.728067422851876 0.6997748684384553
7730.421189400854 5.507100850819665 0.82540390760171
7734.107797186936 4.947632535941205 0.849821576522028
7737.794244722133 6.256127042582567 0.8512527559536192
7741.481382517517 7.151944748463301 0.6950504492861342
7745.170903348643 1.9728606664982542 0.6718368072658678
7748.856278035361 5.150684107331721 0.6735412537719895
7752.544168086674 3.762280945787225 0.6424651782344456
7756.232295219683 4.944894589920397 0.6366262453233902
7759.920660068125 5.433189897140659 0.629665065200224
7763.60941615546 6.996161920092686 0.6134778923616601
7767.298467781903 4.9718504901071565 0.5451979872914682
7770.987776952445 3.754221657517336 0.5677876847696739
7774.676285842593 7.719631211356467 0.5444302763900174
7778.367274429046 6.0082915327681405 0.5562035184674811
7782.0575083243875 7.711566833341323 0.5550905992440068
7785.747992088036 2.786479631507257 0.658931549945148
7789.438787997373 7.50950176378179 0.6820041264035572
7793.1298387976285 7.8763415179273615 0.7126648749404593
7796.821088025154 8.020895760741572 0.6949518461353815
7800.512865743906 6.838763100005665 0.6732882597908166
7804.204915184443 6.4929095758472535 0.6999435638927078
7807.896636861147 9.12172866516406 0.759418264761475
7811.589747201205 9.72271268320735 0.6689007322448173
7815.282665893025 7.417042289754864 0.6438336660602764
7818.975758854649 7.988524891889021 0.6470396514809441
7822.669355127946 6.452149056966212 0.7000265585209209
7826.363098491473 7.356139185820173 0.6821302063718834
7830.057174633522 9.97543870604553 0.6598012296592999
7833.752088109934 6.683537772097522 0.7851257687017946
7837.446339967413 9.73671231778525 0.7851350305585992
7841.141226628637 5.766993480123353 0.7844268186746272
7844.836565169877 8.027402690996656 0.6073783559085436
7848.533125924088 6.862799004766598 0.5744313002127958
7852.22765772615 8.167512208033038 0.513761689936324
7855.924695170787 6.237385116853386 0.5682034582601991
7859.620891336949 7.1343785452777535 0.5258404145946317
7863.317693478841 3.8917675320767593 0.536233901323006
7867.014790385993 7.383582575061879 0.609704280734703
7870.71225556951 7.052086371751648 0.606873768978826
7874.409745829329 6.407426234482203 0.6610579386227328
7878.108048581006 5.581656371903813 0.6454756831085399
7881.806608703512 5.446423280555422 0.6575167679015065
7885.505031488867 1.4572503412195519 0.732068350310257
7889.204074911506 4.751845176189622 0.7086372493200248
7892.902871509731 5.7636117755566385 0.7552570694399477
7896.603039347459 4.3873242707277385 0.7966062438257872
7900.3028019288 5.651507413752641 0.8080715488795333
7904.003351432127 6.827434372806588 0.6551359338721768
7907.703893193054 5.254096981723856 0.5967347830839597
7911.4046796691255 5.5481420875424075 0.5530457764772793
7915.105870008433 4.643378056837592 0.5319143627965357
7918.807575367409 4.645577149812397 0.5240731513815009
7922.509427056549 1.2764759528213105 0.5248628598120664
7926.211568530965 5.655707122891523 0.653015753252014
7929.913874253406 3.600388120082371 0.7015367903976065
7933.616705857631 5.051763405204916 0.7837568609441935
7937.319745210973 7.124284707533369 0.7690884708837827
7941.023272116458 4.984321735077085 0.7378619357075616
7944.726883956356 3.010634148043075 0.8274254134053411
7948.431083435086 2.780114904193553 0.8302773865373162
7952.135482327045 5.281542564072474 0.7949773157024992
7955.839971799425 6.217447105538848 0.6312556990184984
7959.545251702612 2.7630688397528194 0.6485617215245236
7963.250847781198 4.128073393783805 0.6765392731227231
7966.956242986088 2.839271777555648 0.6607221685896254
7970.662290903771 5.064553494670653 0.5846569027882479
7974.3686578926745 0.7399704599610538 0.6289856568092916
7978.075936286213 3.1184021291975266 0.7549201086718678
7981.7822882858645 6.055023212913719 0.6885480193913472
7985.489592571228 4.5103377521012105 0.5703527709802604
7989.1972068171035 1.5378642054028975 0.6015758669375264
7992.904203086142 4.683470525468487 0.6471048711998623
7996.613668519177 4.469738031154095 0.6358672580535661
8000.3222359258925 3.7476713824430785 0.6319296089522388
8004.03132195915 4.105610213417305 0.688647113212168
8007.74024488337 2.427242032647947 0.8368914869338235
8011.44962173874 2.655190863634599 0.8522634198392369
8015.160216234797 4.853686788808351 0.7021690531391176
8018.870330280618 4.536039939455377 0.6328293268378957
8022.581150931537 2.0553276823879734 0.6434214423723427
8026.292617939048 2.852742999588025 0.6946733630289563
8030.0034092806 5.408132973377256 0.6787790181802018
8033.714998967357 2.8364690876920706 0.709728236657135
8037.427084040947 2.9602472359469996 0.8202760510978524
8041.138858498321 3.0011406742655145 0.8952148317098908
8044.852007817947 3.855595997660171 0.8383158171957231
8048.565063739372 3.6183418620788084 0.8500486332480045
8052.2784952634665 4.2510118410583955 0.7615135567913824
8055.990411797042 4.373487497889398 0.7318206230989521
8059.706150631955 3.4052047942218118 0.7444304046341222
8063.420561955976 2.282011672847713 0.7836801128848753
8067.1353048662995 3.879432440621283 0.7885460241437209
8070.85058993395 5.223023981089488 0.786934899278667
8074.565883649736 2.8796334876641794 0.9032827708630964
8078.281708534185 4.734696714619819 0.8879547694917562
8081.997708197452 2.672197832897925 0.939074908912678
8085.714193363331 2.6159700585064942 0.893723738209096
8089.430975738137 4.938837411899228 0.8718387845582104
8093.148106834014 3.9396808815764737 0.8198248760436445
8096.865698021568 2.3144728844076092 0.8567427700577191
8100.583560619049 4.014337914536157 0.8362531282973098
8104.301704938188 2.388683226306713 0.8663090399684518
8108.020419213821 2.5894491859492113 0.8813173429777236
8111.739368058382 1.838846940986966 0.9016938909428953
8115.458352867023 3.6340795023101817 0.9447871740036536
8119.1781408979905 2.445352442110302 0.9553268278835058
8122.898089833006 2.284710869813805 0.9511566534580347
8126.618344382088 2.733626088684879 0.9544572498161346
8130.339053105983 2.0314945315444204 0.9396342394575854
8134.059452599043 1.0500754649759947 0.9183387018736896
8137.781799363592 4.420565779539559 0.8926808683369706
8141.503337774373 2.267969659346582 0.9221741595493278
8145.225572662399 2.9568392232248706 0.9280674971526018
8148.948169351935 3.00940461481211 0.9376179566698106
8152.67102165986 2.5004892116618196 0.9455358280267611
8156.393999827344 4.229021094986725 0.946704222184182
8160.117744196566 2.101006936997856 0.9860273925828429
8163.841729094066 2.267177868604975 0.9925216896306925
8167.566042540928 3.437563888427015 0.9785165823497748
8171.290751377517 3.458416180122018 0.9696143554783959
8175.015696768014 3.488674067717214 0.9644382266293573
8178.740688984377 2.334543786921042 0.9670357179556909
8182.46715938466 3.050393811915051 0.963353715826314
8186.193162985747 2.2562442216079623 0.9626683480299836
8189.920544449091 2.2341644051232583 0.9486407973580265
8193.646603343612 2.27605455584055 0.9283552597899135
8197.373901332789 2.9424550562559992 0.9192887890310785
8201.100947445279 2.5754786375658814 0.954096226062312
8204.82956364909 2.587407096931826 0.9368144107604186
8208.557698024068 4.509870650361495 0.9001783765271497
8212.28719761729 1.9214089077824132 0.9416286921836995
8216.015897466397 2.641996691241926 0.9195061591519383
8219.745456038738 4.3555138582884245 0.9286239438723333
8223.475372178167 3.7783980350481596 0.928227404084083
8227.205607409172 2.777827573144644 0.9597876171453592
8230.935604719018 4.673783644156687 0.886903946768181
8234.667284438838 3.6494157544327965 0.9359054380069922
8238.398459106109 4.202261732349782 0.903766856888175
8242.130635963154 4.976702651300139 0.8781836742528464
8245.862814652035 2.6510660859753097 0.9251025114459642
8249.59551914164 3.07916302588422 0.909749659383416
8253.328381246582 3.817914870206695 0.9035598028882161
8257.061583133223 5.810558645057559 0.8618205127214309
8260.79537468019 4.969898809647223 0.8787572455356617
8264.529551386175 3.3832993675058143 0.896115968256787
8268.263850703352 3.89700324259906 0.8473886833215531
8271.999039784223 5.456058682049164 0.70998230871886
8275.734086942612 5.459113268482271 0.6434836046588842
8279.469113606317 3.893812882721809 0.5355302937412072
8283.20605428958 5.450016548171793 0.5172725682244443
8286.942435058867 3.9925748709942974 0.48060760080995363
8290.679993213565 2.6440849826176254 0.44957193929641626
8294.416840414104 5.3333881104200564 0.45903208745198654
8298.15473243072 2.1048373491302965 0.5152313580792165
8301.89287342277 2.5571769247447986 0.565467049841708
8305.630943582095 1.5401690717119398 0.5815092100281416
8309.369870853141 0.3977263234766379 0.6747852754429486
8313.10922733322 1.5092094939427143 0.7963062572829448
8316.848680167826 2.0788653754897535 0.786935675084528
8320.588941590006 0.9129824493525569 0.8346289328805707
8324.329357226392 1.5415684407017378 0.9004129913822225
8328.070197770956 2.8087872058155865 0.8762034196624566
8331.811483229292 1.6365159591034442 0.8324292858292578
8335.553200774795 5.845354564972031 0.4962757681324396
8339.295282562636 2.8028638316330827 0.4552026437931433
8343.037883400648 4.326590318879491 0.40012802005586795
8346.780760184183 2.3566558149319015 0.390430499974412
8350.523989299798 2.7264657328665707 0.3865885874330381
8354.267973224705 0.9892440455585794 0.41769063634826675
8358.010975127625 1.33460925219395 0.5889739151162143
8361.756556124192 3.4021528971693082 0.6061158235793134
8365.501504306389 1.4006376031132508 0.7409742014514712
8369.246742517531 2.6746101262799677 0.7621238472758698
8372.99280122837 2.6356292174670393 0.6680033347900646
8376.73886115788 2.8132827629522286 0.6863038075655837
8380.485537374825 1.1054839724492371 0.7035472624422543
8384.232737948578 1.249470383628159 0.7201852392147423
8387.980048727786 2.1264590934148293 0.6081944509401888
8391.728193611325 4.683173372735672 0.4638805833563927
8395.47624013202 4.958796485171946 0.4911876072796722
8399.225044054074 0.4884794442556003 0.5303255588984548
8402.974223707188 1.9613247145220922 0.49949775410279623
8406.722673688004 2.173061210451578 0.45396898855455825
8410.473867021405 1.6591058582909957 0.5258501837534626
8414.22418288121 4.102167223372923 0.6503444872299144
8417.975165491023 1.6180309927045387 0.625358894694858
8421.726560869422 6.153683711858153 0.43527349799741333
8425.478401176797 2.4065165546017724 0.4205976695243186
8429.230463902455 4.2676081852481005 0.45499934209066206
8432.983214086167 2.780395055787886 0.4688696124376217
8436.73592694827 4.637002865993179 0.4254687602390852
8440.48955343931 2.099691418138936 0.4292027986335038
8444.242535466352 3.90816148179788 0.5368423281215889
8447.997917032642 3.53888161802252 0.5341593018264884
8451.752864377067 2.264162978916817 0.5428426646256928
8455.506588274966 6.383708669871091 0.44557778138954623
8459.263368607059 3.584947512843955 0.44122051063494117
8463.018250530726 1.6946786646363088 0.4854029977013917
8466.77620390502 3.8287936751910876 0.5220501235533852
8470.5331613068 4.083442886477968 0.520888650755218
8474.290596014129 2.4596681180489375 0.5379975681413862
8478.048499721835 0.8095058833600329 0.7178929563551921
8481.807858510178 1.7005496956632495 0.7937505988118536
8485.565498172322 3.786760776389664 0.7058365296181265
8489.324856423387 4.348697698755231 0.703132223127984
8493.084530793809 5.017166561289843 0.6626547675649175
8496.845196167724 5.152812169400954 0.5685536998827937
8500.605154961162 4.94354263812215 0.5477891398592968
8504.36624413966 4.323637434645478 0.5707524309701821
8508.12776885084 5.671457798171786 0.602554494165209
8511.889790145957 5.046586781644334 0.6135760717054584
8515.652518710636 5.543995538394413 0.6342704796254899
8519.414898047495 5.760421386155499 0.7430653554161646
8523.178243089687 7.474315337204511 0.7292377657510186
8526.941803787606 7.7372147852377156 0.7351813776939723
8530.706070076158 9.840268343634882 0.6827159878237032
8534.470758127807 10.011972062468105 0.6864754098297472
8538.235854055465 11.266067453822437 0.6507747599482654
8542.001569667673 12.70972969268696 0.5934202623991789
8545.767811133326 12.669337338612442 0.5858667658128482
8549.534297078311 10.957613532081341 0.604952902321296
8553.301159867138 14.142008458412555 0.5982901599610504
8557.06873824143 13.451040260769151 0.6045159297240666
8560.836699328125 15.811868274474497 0.6018158374064236
8564.605150100288 15.212228968827349 0.6163055995563269
8568.373886457153 17.06590268808318 0.6181963333686811
8572.14343949876 15.727302591430073 0.6340417825896641
8575.913148301004 16.223468064867166 0.6171412943235031
8579.68354459051 14.95959903573597 0.6307170685528809
8583.454305604038 15.028137140454628 0.6200694783908043
8587.225510082164 15.861747632639148 0.6066256542444403
8590.997213451968 16.801748340446004 0.5862993842053947
8594.76947307756 18.555072714423936 0.5701831817787529
8598.54232064776 15.881879138011795 0.5907733500776098
8602.315415418512 16.061012051781326 0.6059129685702827
8606.089146551352 14.665209467842947 0.6069464397029988
8609.863308634403 16.629994348986852 0.5899311978316274
8613.6379544277 15.104084722748956 0.5931421306150718
8617.413165160184 16.431709262940956 0.5546899384931906
8621.188578362277 15.655054108339527 0.5412650539514061
8624.96498264713 16.193937820876958 0.5089091082001891
8628.741334305492 19.350027259255675 0.48820445554008873
8632.518648662559 17.20026212936437 0.4875705907954607
8636.296175157357 19.201813029032696 0.4881755757280059
8640.074310975135 19.692079090270827 0.4914235872068929
8643.852590517085 20.568204128077866 0.4820558440324284
8647.632061048374 18.87109338006238 0.48914123367534434
8651.411388907933 20.778185329624197 0.4722197193821782
8655.191558472918 21.859825388258088 0.46178899838888793
8658.972133800102 22.89223720632265 0.4525563524251233
8662.75326063207 20.62336467146488 0.4681347483645992
8666.534752230595 23.204658520544854 0.4587424675770282
8670.316823053312 23.86576193483296 0.4676637860046852
8674.099234455749 24.17822664766476 0.4734153222760097
8677.882580359556 25.639362346807506 0.46804642660777995
8681.666002664098 24.52215584071991 0.48376571287185693
8685.450166670607 26.244796929840717 0.4747149996875115
8689.234786733008 24.00428315246603 0.5042117336435983
8693.020003733875 26.554860205330495 0.4834821877990471
8696.805528758205 26.632104333734553 0.4863861857040013
8700.591650423557 27.266605395368313 0.478839953907537
8704.37822859726 28.307851410423513 0.47386755023093985
8708.16542810335 26.57488802192967 0.4890603290263703
8711.953190544442 25.398827733986337 0.4958131163797227
8715.741469811843 23.093852527731865 0.5100896244900833
8719.530171907934 23.803590222934044 0.49618687915085663
8723.319354889594 25.9512912665228 0.49295441578368043
8727.10912294965 26.144998458332257 0.4914775512616496
8730.899633905961 23.008469086573847 0.5125655585885719
8734.690472352777 24.693749957007736 0.49677763365380945
8738.481787964276 26.50580185718215 0.4883361302156298
8742.273583942388 29.312101366888733 0.4692309147675697
8746.06606032918 26.839738871415694 0.48959244957520814
8749.858906884465 23.83238511995283 0.4741951202198683
8753.652463713672 25.474130719922307 0.39367539899849807
8757.446513366118 26.284619801969875 0.3445479482489944
8761.241000360782 26.133427036367653 0.28406898699920274
8765.036296443051 30.43731567458551 0.25940807661891757
8768.831827343427 30.201456805367812 0.23928331314133217
8772.628606356378 21.72532767655275 0.22420258203166998
8776.424847819273 23.96615681495311 0.24066027357798597
8780.221007913786 24.813765760660882 0.2655713628942763
8784.019654709391 22.40846850325461 0.29795711603457875
8787.818163302616 20.138016884985632 0.30588309931598356
8791.617067145444 18.39830634728226 0.3572455948353353
8795.416272803226 21.4343347589054 0.4237574389562103
8799.216216972947 18.590111211907434 0.43968678137813966
8803.016775146081 22.57788388893298 0.4345432168723414
8806.817838194755 21.863697337531747 0.472121895628505
8810.619347863385 21.509902176766943 0.48183652648050757
8814.42164847972 19.143730432227535 0.4856158203150103
8818.224275240607 21.61541286233751 0.4046065910564812
8822.027477937127 21.45407924254995 0.26027537547061586
8825.831675769754 17.395232346387402 0.24622645044023844
8829.636059096687 15.053643582589954 0.23318718441686348
8833.441452032623 19.412781943166788 0.2119198040988412
8837.246522997682 19.889221433662158 0.2107809924061527
8841.052532724085 14.910896550077727 0.2563485017263216
8844.859185794494 17.141758792201394 0.33032806580632
8848.665416549906 16.345635025981103 0.35856051802907835
8852.474204466143 15.234612339138208 0.4340937492309263
8856.281253586185 16.020425313490794 0.42557956511594136
8860.091461992515 16.43047589687712 0.4249906548813725
8863.900741074665 13.71547965075023 0.40569757786716415
8867.710940763296 17.06471007392227 0.39586015605160324
8871.52152476323 16.91544928396205 0.39892896439249836
8875.332946785276 16.413381939641916 0.3905367173411362
8879.144314891299 15.903566211038147 0.3304257128825491
8882.957092227078 12.821026772574914 0.29036842405536917
8886.770031931914 13.916650474136658 0.29669606341063964
8890.583490056048 11.9753277987506 0.2993078384073379
8894.397932687443 8.842529164051697 0.29960354231017444
8898.212639613677 9.738914320654109 0.2746682994852934
8902.026871990849 8.18092948035315 0.35516162016610175
8905.843459995602 9.895803892991292 0.39681937104208614
8909.661527806154 6.880484580213584 0.3959774192406753
8913.477355511945 11.714180287786547 0.3036089060444063
8917.29503782383 5.354777564469892 0.2616389168226278
8921.11328197276 10.325039171220435 0.27634677347078496
8924.932109153548 6.372444537565294 0.2898338754988823
8928.751579547421 4.862383796037283 0.28764539315232207
8932.571433753817 7.227319265494899 0.3083825072168324
8936.393423566216 4.855955085919225 0.40197689015603605
8940.21366507088 8.165061229257757 0.41732188950144494
8944.03529929441 3.1054224646298634 0.445394271477737
8947.857731644703 7.817825938721621 0.4094918054011005
8951.682128126135 5.866099065757367 0.35354040026757105
8955.50457565435 5.606123017358779 0.27781839032723327
8959.329038696565 3.4592831830311352 0.30743001963968514
8963.153960103757 9.218143239388493 0.3146526002785161
8966.979258376807 2.624410745369404 0.32964066380426127
8970.805390623083 4.841819674444961 0.33328857396062117
8974.632301799613 0.31479303026826555 0.44491494794576536
8978.459478212339 5.602305527836106 0.5362509251995421
8982.28753552616 5.149628359726816 0.5203467963151475
8986.117336853866 3.775595074407667 0.46374784963152726
8989.945384738281 5.07079784359629 0.46211202322669903
8993.776347750063 2.190435303494776 0.4581380707511228
8997.605418411651 3.972399860432892 0.3736610792064361
9001.436742768632 7.265695334576323 0.3420831533195992
9005.26842636446 5.144963913737395 0.36810589247090597
9009.09966356079 5.125698746551088 0.4101169627770308
9012.93386945042 4.249992950354517 0.39872742671547357
9016.767273640013 3.1106222968599635 0.43105391833329293
9020.601530679005 3.289219880102173 0.5387977770571163
9024.436417996107 2.5287376748149297 0.5626058323875317
9028.271928514105 2.8244721859030855 0.5614458437807017
9032.10633816841 4.153377176270439 0.5227800137540207
9035.944721151049 4.6113119564268015 0.490641351785906
9039.78225070563 5.36888188100653 0.4694477727330263
9043.61963514934 2.537668246152368 0.47621366562082507
9047.458848999375 5.835656207842835 0.39383742882401496
9051.298095112736 3.7117065588695684 0.396795725585695
9055.138245030865 2.666808600226409 0.4097252275467055
9058.979458355603 3.714901440057917 0.4258840466525469
9062.820115596829 3.9308959628795095 0.43853953822939556
9066.661903308803 4.6331844902447985 0.46022544757495776
9070.50459863766 5.8411330870037155 0.48748670615656053
9074.346241085483 2.7339566364304058 0.5304668229094144
9078.190965601678 3.1619233378088407 0.5388381739611041
9082.034142370678 4.796858719297027 0.5377237697884314
9085.87701473625 7.251115374537793 0.5124576931006731
9089.719880524395 5.4092899941675965 0.49160876067625314
9093.557772823671 3.188610261110149 0.3565106878149053
9097.403906451606 -0.8088407606442728 0.2655784520546733
9101.276203447054 8.420961432634007 0.2609316172412631
9105.128470944885 2.4182228408734896 0.3523463113244979
9108.974575865705 3.218132747706032 0.4196514997492593
9112.82159337877 3.01947145105066 0.4638931321227788
9116.665963650277 5.616475053147931 0.45253353663362916
9120.517827780444 2.100990967386713 0.48667474940080224
9124.370031249415 3.4153445991777374 0.5032954470600917
9128.222504077401 3.2225464907348695 0.4989723758188453
9132.075717187638 3.4838635334624746 0.47614138543259316
9135.929706999284 4.953859795875317 0.4802504285338515
9139.783148837594 6.489118062258735 0.4580142363611822
9143.639379493363 3.859623609647376 0.48187130961426866
9147.495437562891 4.348739237300292 0.4719764560640561
9151.35200135464 3.7905536113544254 0.46344634831621784
9155.209526258259 2.4043835688743873 0.4606889774644815
9159.067447910193 4.786443262658758 0.44015683667443173
9162.925852899294 2.6608413018551387 0.44286244633596833
9166.785531140751 2.8849814320878107 0.43993940546791604
9170.645444220148 1.598615338657786 0.460743651823458
9174.506213936425 3.766014524467601 0.44725263961811196
9178.36788217089 5.7669879246324625 0.44078820868111146
9182.230132716342 3.709251313797666 0.4568086202746067
9186.093797884834 5.385115812766353 0.4456330332243134
9189.956438252451 3.685032631813156 0.44564435335168767
9193.820723455845 2.704921486498531 0.4552452605210323
9197.685808140783 1.282983910654873 0.46504966971734435
9201.551476407953 1.845623402974984 0.4627353467439022
9205.417920254686 2.9076556256008335 0.44629375766664
9209.284931092541 4.041314198542964 0.42480610178091216
9213.152885283389 2.8343618852015307 0.4199718267444212
9217.021385685182 5.238232916290476 0.4070557745590353
9220.89046579441 4.891892236388279 0.39460464093088415
9224.76047904834 5.322056626662784 0.3784257819809258
9228.631189953268 5.495565269395808 0.3834434955354255
9232.502636138915 3.5505783512219025 0.3921373677576742
9236.374833244081 4.59779012137309 0.3855578190173137
9240.247522511409 3.6419884006466967 0.3902091979481803
9244.121357525795 4.91113848929832 0.3825089489301656
9247.995581955613 4.076330467058969 0.39561117345679286
9251.870757094663 2.5895718001396917 0.40805890675032286
9255.746214741714 3.842305925217381 0.39487318326624465
9259.62281578587 2.600539308480439 0.3903784027260672
9263.500112975402 4.318183649200723 0.3603446877932285
9267.377853366612 5.323659557405254 0.32448303233324793
9271.25689127606 6.694088261839544 0.31180660072272937
9275.136107984465 6.675017810573062 0.3055910500088698
9279.016473954298 5.651376291099401 0.3096806078443004
9282.897284018214 3.179284646249058 0.33653286788741577
9286.779061878273 6.241504047617138 0.3446098056370405
9290.66138622178 2.6142917428243693 0.38869424918206263
9294.54464539086 6.926426735885837 0.35701178708052705
9298.428534976669 6.241851242152944 0.35402105932172895
9302.313171413844 6.008139458879059 0.3433564770314653
9306.198590390051 5.431574640698683 0.3053888680657995
9310.084988913153 8.209747114720772 0.22647338364807149
9313.97198995217 7.108516176882641 0.18843222590561498
9317.860145765562 0.7859575849667952 0.16199375891035594
9321.74785745082 4.353454021328244 0.15108654783669037
9325.637044805871 6.997750600108036 0.13125389763582215
9329.527126566596 2.193282743703015 0.12986304685116065
9333.417892744039 -0.6835957305093268 0.15813538777019465
9337.309313390118 1.2056915619710296 0.18581770082405827
9341.201533755366 5.3926555780363215 0.19785244610524433
9345.094696567498 2.7184513351025443 0.2235681893958828
9348.988471176759 2.4000367030511613 0.28637830137154807
9352.883133744597 2.6174167893706213 0.2984728831090198
9356.778599339603 4.484331487356857 0.2928799612049123
9360.674681201204 3.006435383516119 0.31925988623180024
9364.571428841422 2.987350505872046 0.3347991789113024
9368.469304572189 4.27704014865417 0.3314911610871599
9372.367712722971 3.2652078111704625 0.3272043943598562
9376.266913834215 4.286654360131043 0.26560709301354524
9380.167006234398 7.080076055124133 0.15523871048322258
9384.067963636133 4.37811542716961 0.14122055277459694
9387.969968744512 2.460431830110111 0.13998658211739307
9391.871957309282 6.716947880393184 0.1275593537328613
9395.775309623697 3.477405391289759 0.1347316804422538
9399.680603460218 4.164232101425509 0.16633386155270347
9403.585328269437 -0.03187163154512346 0.2651303885165203
9407.48971167825 3.4512537145983124 0.2499852870674666
9411.396119826142 4.195008244632011 0.24571831479247813
9415.303193451742 7.559609186080736 0.24627653555649925
9419.211259401985 0.6970811218885623 0.2489064627712658
9423.120354060795 0.06469714264518323 0.2398768921243716
9427.029889370684 3.0152996189494683 0.21593000582742722
9430.940319165766 4.307339627645905 0.224628140909649
9434.851557867963 4.3851299790459874 0.22460810829232555
9438.763729568505 2.955618427694157 0.2180903289665496
9442.67653527618 5.962855054093022 0.1896914102610666
9446.59023646447 7.483250476574722 0.1526089048922567
9450.505002505412 5.918709680494321 0.15282349764985828
9454.420111532338 2.7123070501407414 0.15618551931414582
9458.336341282653 4.766472835368689 0.15095537667006356
9462.253346591733 -1.9244613100544619 0.16007294074792736
9466.171239822062 2.7010958237925387 0.16450250556919083
9470.089796168253 2.3659997291420716 0.19647252515709565
9474.009265575827 6.233025338122297 0.18387228821218854
9477.929563582371 5.301145302770517 0.1781865918139842
9481.850737398518 8.003193753447508 0.15135805122613846
9485.772906321756 -0.4215059365174132 0.13650801676147076
9489.695761387691 -0.15906962027129853 0.14881959122844884
9493.61970516487 3.5131866035204995 0.14520191202424568
9497.543667646445 3.1138146922639978 0.14142885595266283
9501.469134253095 4.855373583131152 0.14558769817777228
9505.39524793499 3.1029308339104227 0.18925870435725767
9509.32221345138 3.1690237308411975 0.20187390111513923
9513.250328186978 7.603387734367012 0.17513565813614088
9517.178760425555 6.559652540154741 0.17612086492258278
9521.108776161636 4.252216789677048 0.17784851832789228
9525.03918437881 5.263290812353751 0.16122555557346643
9528.97037163949 4.973511415309187 0.14224186660157048
9532.902517303144 3.4812126207552256 0.15291540861019692
9536.835662367545 5.698891143101678 0.15164275212320044
9540.769540323881 2.8282660068632266 0.1527003957922102
9544.704300789263 3.627982810121008 0.1601388015946401
9548.64000341015 1.790109730383548 0.18803322222175678
9552.576249560609 1.0875316267439972 0.21874292104023393
9556.51363194122 4.745241319128587 0.20779689168005167
9560.451999630906 5.804033267779905 0.1864695092967795
9564.391194754344 2.344050010834371 0.18063180326751493
9568.331114254735 -0.17271500462853337 0.18134672200804258
9572.27181748525 4.459409326078905 0.15992459867239384
9576.213517834885 5.108692633905657 0.1353632004353144
9580.15619836458 2.574867456364357 0.1286413309713279
9584.099753092909 1.6449513757694278 0.13969919186345714
9588.044478603777 1.0472883046391193 0.14244433941994603
9591.989605573313 4.8193044109858825 0.13948378929320107
9595.935714506015 7.330911726103925 0.14430919436892692
9599.88283449428 -1.4731382889483777 0.18067072531948988
9603.83079977431 0.7736520525134074 0.18988231790717114
9607.779570594746 4.5275192644778715 0.18000530020017644
9611.729179286009 5.655548658222773 0.1812788197852531
9615.67989057182 1.4600235174035245 0.17444014971019897
9619.63154214378 6.408291610621762 0.17373293184187555
9623.583989784822 1.507806533742254 0.16746968890692346
9627.537244916342 1.6640260477021835 0.16280871465558838
