# OBJECT=ZTF22aapubuy
# PIPELINE=PypeIt v1.8.1
# RA=8.69043816957081
# DEC=-8.38715696380683
# DATE-OBS=2023-02-03T19:55:11.763
# JD=2459979.33
# MJD=59978.83
# EXPTIME=1200.0
# TELESCOPE=NOT
# INSTRUMENT=ALFOSC
# SLIT=Slit_1.3
# DISERPER=Grism_4
# WLENSYSTEM=air
# FLUX_FACTOR=1e-17
# OBSERVER=Jesper Sollerman, Steve Schulze
# REDUCER=Steve Schulze
# PROPID=64-501
# COLUMNS: WAVE FLUX FLUX_ERR
3504.0852944706953 210.9796400334518 0.0002693359191605243
3506.8229985982734 -30.629309049158785 0.0003129723538101633
3510.934491319749 -31.91871849053987 0.0007005035596922867
3515.047788990502 -23.078718726930394 0.0003663612480243908
3517.7933157107177 -31.294557043436548 0.00038195036920706383
3520.5409085445795 20.893545582590207 0.0003944763231446404
3524.667652715616 20.495878025882845 0.0008060823566429866
3528.7956394801713 -7.366936259606318 0.0004359152397246774
3531.551234609217 -4.531585941118282 0.0004466138764287557
3534.3085333191243 -38.23281569095487 0.00047945183793967185
3538.450840936507 -108.3902529953034 0.0010693121866413285
3542.5930028574253 -22.82681857676187 0.0005156987891327486
3545.3587368245203 32.485370468060786 0.0005085807416918945
3549.512988451158 -1.3758103337773797 0.0011331465563865443
3553.6668625532657 60.68371441914934 0.0006005371157498722
3556.440161950068 -19.39151569533775 0.0006505032357879164
3559.2153696057976 -90.06623025925896 0.0007156401263573349
3563.3851972406637 -51.76838487791877 0.0014148563750691415
3567.552886261936 -61.29118872762475 0.0007909386728336444
3570.335860032286 55.50796632055843 0.0007494228764855426
3573.120906709335 16.82902957585567 0.0008521527722962731
3577.305916488388 4.220168132787942 0.0017746439712560454
3581.4873486333754 13.157827950340902 0.0009144936253753483
3584.2801383567435 64.66864418424412 0.000899777244384941
3587.0748008975875 20.574911791189166 0.0009722080579581519
3591.275227725328 -28.6664488716893 0.0021044566659830545
3595.470071575819 -18.208501730417595 0.0010514741342964895
3598.2723639999867 -3.7096168736839474 0.0010576211487439908
3601.0765821141927 12.8411920621568 0.0011139933924200994
3605.2922500191708 -9.06981817052807 0.002397350723049315
3609.500521841322 -38.296095890186834 0.0012286468619240895
3612.31234910342 -3.979363948366286 0.001282531874467972
3615.125953862767 25.251075873598378 0.0012723439017410978
3619.3567808641187 -15.792891810496688 0.0028563018760496884
3623.5782961018253 -66.07242432138194 0.0015164049894195474
3626.3994431214783 -5.990873228059789 0.0015141999483735665
3629.222495565969 -27.430335450798232 0.0015285673520878458
3633.468491130396 -0.844784376994674 0.0031362059560967434
3637.7029525876046 18.272909488991466 0.0017099209577836098
3640.533355155582 -42.88373965812814 0.0017658837302814618
3643.3659105322445 8.321334794461444 0.0017547165386603417
3647.6264542067743 -16.9761922241758 0.0037834984658555604
3651.874175034649 11.859575806495412 0.0018605875374662273
3654.713952589866 -20.34259939104646 0.002008839141559295
3657.555572313026 -30.989515458286775 0.002083110407448749
3661.830540326279 -17.285078595513465 0.004207037664910968
3666.091504519885 -0.09289733029576527 0.002185083737254806
3668.9404818404046 -13.897391380454712 0.0022589336392516836
3671.7912853849593 -10.0534382187767 0.0023764308699674784
3676.0803055210436 15.178950347813782 0.004816650270042078
3680.354622148795 -7.268682114228865 0.0025866571009253705
3683.212649538099 -14.331227414818274 0.0026973075055954435
3686.0725806612722 6.7846980426236705 0.002689197860908216
3688.934190063124 2.8985010880369706 0.0028205368744040065
3693.240050686544 -12.042994722331375 0.0058074342505919935
3697.5298185125675 18.593969881319452 0.002993878030534866
3700.39866694097 4.276273439288879 0.0029881482068940435
3703.2696984827494 24.255939677372158 0.003196501333835681
3707.5892076365017 11.439372782618083 0.006441738968156543
3711.892290696583 -1.7305814387179477 0.003572145238199107
3714.770228936912 23.978832255445347 0.003523279338552507
3717.649897646511 6.479262468610705 0.003739807086991619
3720.5316047318647 4.52257121722028 0.003659395605572519
3724.8670783864236 0.8894656932867557 0.00810419949975384
3729.1861347989875 17.248717923658386 0.004216549905532079
3732.0744088132656 -14.777073292629757 0.004500700655222917
3734.9641499928275 39.43741914559424 0.004192986062439278
3739.3138068404132 10.001073218300066 0.009456990055059875
3743.6457755338224 -3.7020950514122593 0.005094209474653476
3746.543002313805 0.7871147829219965 0.004824577725098413
3749.441882396461 39.862678643391384 0.00476081940573859
3752.3428217030396 4.103913538152483 0.005335668631832966
3756.707589847207 26.68929143001444 0.010161154150669467
3761.055080928142 5.675485730765326 0.005362330553330839
3763.9626926935994 32.81574905307189 0.005231920004281235
3766.872342593346 -19.06436887988019 0.00558059451411488
3769.783039565474 37.254823992780615 0.005138614950586669
3774.164066525015 17.376248116069156 0.011141858058123776
3778.526586126109 -9.604949725808696 0.005805783491596337
3781.444446597775 20.123437175274027 0.005553433850414343
3784.364052983849 2.540940347656905 0.005932097426217158
3787.2853787322993 23.776391905097682 0.006032761006361128
3791.682415683559 7.127960964693295 0.01329110980282615
3796.0595821876404 -13.946963098363124 0.007201041260441313
3798.9878247854126 12.00149709160848 0.0071120043692306754
3801.9174727712802 17.566124708365955 0.0070787169857979716
3804.848968224485 26.657675178245942 0.00729686657986641
3809.2617510547716 25.785002609590137 0.01436065995695094
3813.6535742495025 22.818777750104324 0.007763248003540661
3816.5917910409835 -0.5077593123506026 0.008394202499929138
3819.5317030565366 9.854732300313998 0.008749321911935387
3822.4731499882514 2.1017763756226517 0.00964649751781611
3826.9015450534935 1.0290198602514484 0.020255559502820198
3831.307771543714 -8.263419411025758 0.0108100770450979
3834.2560578823327 6.8534218247614875 0.010792646505770425
3837.20577758818 15.185062578692264 0.010593621704858126
3840.1576697949645 -8.61671674019652 0.011201984656170562
3844.6009035324687 18.65208947884629 0.02131158229208619
3849.021692195357 5.918766742648432 0.011004457411071712
3851.9797803562897 0.2670246438229138 0.011164690242496418
3854.9394949740604 13.66604197675401 0.011042196056133026
3857.900698848667 -8.38836401394119 0.011789427564977549
3862.359709823622 22.62191408155533 0.022443138321539866
3866.794496798329 7.479655684232374 0.012449435465452772
3869.762278383789 2.3624314513061373 0.012274571149367244
3872.7317729720703 19.39510563478975 0.012061998859315104
3875.7027109541564 5.2413721285853825 0.012829913891430036
3878.6754401213025 13.505809764075604 0.012935452170945704
3883.1518111397986 5.899787980554279 0.026527322840888247
3887.603182874866 7.559429619056122 0.013252458877322586
3890.5821565874776 25.84311173402458 0.012891334473591918
3893.562929650886 22.269937099913548 0.01308737500122724
3896.5451495162442 15.79496720149803 0.012975357234928072
3899.5289813401982 6.864779600974208 0.013343050407448634
3904.0226053017473 13.461923042628372 0.026388133658158286
3908.4900815268143 12.797508009355761 0.014039040557567745
3911.480384419068 2.7884215473704193 0.01387167905327761
3914.472274933391 -2.2300509396382933 0.01448665744711833
3917.4655619731184 -1.5148621892634877 0.014617958432302538
3921.9731183942845 24.191035954065395 0.029053458935395956
3926.45511566021 20.829500170164952 0.017310542881202762
3929.454700269662 25.82315550139326 0.018598129557635203
3932.4558745637687 19.291581238501067 0.019798023919099076
3935.457880013892 19.346123885131014 0.0206542742517112
3938.462946791572 23.3227916696404 0.020670912620715562
3942.9872632077536 22.342177260133713 0.03846358662166955
3947.485146459089 36.505596518584035 0.016914366741333328
3950.4956750837255 27.331509552952824 0.01699104322356339
3953.5074903542854 28.138396238872758 0.01662579496703082
3956.5213146105616 21.07353914567396 0.017851266948954628
3959.536424726048 37.60639624783367 0.016976442620812153
3964.077021666312 21.718784803542007 0.042003599981017915
3968.590793222552 27.64087776590686 0.02149967203557562
3971.612102909232 32.27998004420141 0.02174849623672688
3974.6348887368513 23.84456646647281 0.021451695146359192
3977.6592069095914 35.21864301538935 0.01992022094483049
3980.68421773956 32.30880246796122 0.020052424072621988
3985.241098113839 42.65378137175207 0.03515057383280055
3989.7713636298017 26.60318143649876 0.01764362025610062
3992.8029225238106 13.985736814523454 0.018724544886190665
3995.8358396960316 32.09451513624298 0.017113623626576504
3998.8712678108145 33.18362994189736 0.018639763544811023
4001.9075561241466 43.66482839220632 0.017139685219653082
4004.9445245736924 15.87308833959875 0.018686699429170152
4009.5190510864154 29.241118532253275 0.03668490347598173
4014.067654215832 29.132746287579206 0.01856427748470223
4017.1114314233164 30.841168496534767 0.01853459548115598
4020.1565322863476 40.79809178514646 0.017945996650856506
4023.2032719555673 34.91044714890568 0.019255629773068553
4026.251265009258 34.17922963989321 0.01982070237321183
4030.8402179275845 35.47940041708943 0.039948435074856514
4035.4047364228345 13.098878896933126 0.021703687415501098
4038.458807095984 28.58255549500659 0.02139919858665134
4041.514225350079 33.812839425785164 0.02159131185336179
4044.5706474020008 19.238828139506676 0.02275798555183155
4047.629536414398 58.899568630692215 0.020216896824629575
4050.689363418222 29.714706561748603 0.022725083384360144
4055.2948649283912 38.24945446653313 0.04492398731559249
4059.8772695578537 30.29122288645505 0.023371304541539607
4062.943340118203 35.409487530104684 0.023330153701402564
4066.010429262295 31.575004797804667 0.024025936564634254
4069.0783055361967 31.1084114449667 0.023923603414689253
4072.148819013473 41.05903647549416 0.02390207022231667
4075.220225504768 34.853075915964034 0.02500068598698176
4079.84181884591 32.977892056212994 0.04949097300063872
4084.4426138755434 34.08121951849505 0.025427241245577346
4087.5198928397667 39.175666245496195 0.024029585256773414
4090.5983417205543 26.41925268321318 0.02582786741216417
4093.678079596931 21.859802482121736 0.027357311052603018
4096.759485107634 23.83636274648126 0.027271499409958565
4099.842296105795 14.66233455686511 0.029687087826624558
4104.480131818524 16.754147410979712 0.05983903713817017
4109.098823475164 16.75141541175581 0.030124783272037953
4112.187449417367 27.242657315322685 0.02747993719407785
4115.276957743587 25.85611691799315 0.028395836531427018
4118.367564164515 13.675688825451072 0.030003259330692176
4121.460481941337 20.135787324876908 0.02919908308298208
4124.554274315972 20.69535843886112 0.02920143673147803
4129.208426683936 22.41352913168081 0.05906096754578978
4133.84420251495 26.68867207376798 0.029411965887396075
4136.9439186593345 23.426981064105288 0.02974683378165639
4140.044356318088 22.157826521886303 0.03074276341644329
4143.146449917986 23.76356265125808 0.03066138044110715
4146.249970553563 25.87193126346798 0.03022295843939218
4149.354863985562 8.631519233563392 0.03191928807410612
4152.461051461786 20.414430378485555 0.03174667247054347
4157.133051042269 17.630158269765488 0.06473460228645414
4161.787940897722 15.18622383704155 0.03275077758358891
4164.899608341458 13.60020929486891 0.033830017109795774
4168.012598833251 23.925159733625307 0.03238606946039598
4171.127000306965 19.926181674490497 0.033528110459390546
4174.24273778371 14.374651644978057 0.03541011203276855
4177.359721178773 25.664635136685693 0.033959967449060616
4182.047490481031 18.966131120283585 0.0713482676592341
4186.7189216437955 18.85137613647141 0.03551540844719044
4189.841315717693 26.302064265796414 0.03601546038692518
4192.964941701451 26.706862436219172 0.03638085904215466
4196.090459822013 25.08216878024098 0.03698580802944444
4199.216298105956 17.70453412524312 0.037249579689550866
4202.344112282365 16.038279205577588 0.03856697930025397
4205.473156853452 16.8747234262727 0.038910514069362474
4210.177810347641 18.77632151354319 0.0754193676644712
4214.867956978129 32.153294475665355 0.035857792553533344
4218.002198048089 22.031923870480156 0.03891192512106157
4221.1378443496715 15.861069262934482 0.04072778738569691
4224.27464118296 10.05430438695733 0.04197537531159048
4227.41280025141 26.328461042094997 0.03956154799380131
4230.552331777821 24.88841753151262 0.04074543763423138
4233.693289594345 15.063249467700077 0.04463901163453504
4236.835000020508 31.60444388850949 0.04010490686868565
4241.5594489926925 24.685911455629828 0.08577039223918986
4246.268443285952 12.750761043630424 0.045797507453082587
4249.4161501231065 21.517134012881467 0.04277285913645109
4252.564595893118 26.459463533950682 0.042845159771873226
4255.713761670569 34.912468564729046 0.04026900329013591
4258.865335222139 31.835380363241253 0.042861491335892524
4262.017363081761 21.342472776384806 0.04437492608496122
4265.171336840941 31.355553047074544 0.04372139784776244
4268.325728907565 21.143697599716695 0.04580080226600733
4273.0691383759095 19.44210054789389 0.09151089836087367
4277.7981872689215 33.875058248784 0.045309751839733986
4280.9581455611105 31.1475343965083 0.046378992744880186
4284.119141743077 22.93025351058884 0.04769209937423372
4287.2816764957415 22.10214805007486 0.04817200058211875
4290.44538021472 23.093953523329052 0.04932392674419819
4293.609864493407 31.125669459604545 0.0501257134526548
4296.77586385946 35.49561162446766 0.050661155320524474
4299.943652496846 34.87665087187736 0.05257996495638386
4304.7054075960295 26.4231452355735 0.11323500590629584
4309.4532848082 33.11208695927439 0.05491264111693147
4312.625677408727 27.200182206457374 0.053105932579702454
4315.7986202208385 28.255250828540035 0.05071024544638813
4318.974002451737 28.42627980525434 0.05205669447995968
4322.149951124844 34.576882759893664 0.048056188611545085
4325.3272105573915 41.72038397902952 0.04698875400512753
4328.505683966959 27.58513642062089 0.04910831839100297
4331.685395400844 35.74767547887172 0.050138282189260384
4336.464675466126 32.410827105018896 0.10266285399456877
4341.2320352173965 25.466802982481205 0.05297036239444768
4344.415707801549 24.207130981088106 0.05246630859067553
4347.601967047868 28.59465353999412 0.05499844147340337
4350.788839459553 42.65041786654739 0.05158549757799918
4353.977056605939 42.537448525643754 0.049617593133003346
4357.165426052124 28.213569332067873 0.05293350013892366
4360.356150518387 35.51380166343128 0.05115418211208638
4363.548522166069 31.87146982441964 0.05243479582754635
4366.741464270111 37.538762058100716 0.0506630209531015
4371.53955270565 27.41672523737665 0.10721541377948014
4376.327276902927 37.501832940334104 0.054704306685190496
4379.525043196523 33.29988602105932 0.05543939938260989
4382.723784409085 35.41094221245291 0.05491131261630673
4385.923894050236 33.88178797265699 0.05619493988078193
4389.125130021616 32.977783249105165 0.056570241766107386
4392.327392603544 39.052272203061484 0.05610408424178065
4395.530936923451 32.24958286358713 0.05643872221389785
4398.735602719902 32.31949786129213 0.05697937366721003
4401.941449262099 30.773848557226415 0.05709000106585831
4406.757731824134 31.575237809570062 0.11456273573005193
4411.566050971329 48.59550734714621 0.05222203354284575
4414.776600521828 38.18142344581458 0.0544687434862122
4417.988235764245 35.81876132672634 0.05545200449945785
4421.201107166965 37.63691453204391 0.054649321336656294
4424.414858956697 33.794119672444594 0.05602107317813941
4427.630139295216 42.200645064552404 0.054535556912423136
4430.846227772003 25.289608908839096 0.05872454362950682
4434.063536097323 36.69095912269952 0.05718840099881711
4437.282120519744 30.111465520106144 0.057548394726835234
4440.501894549991 25.821011906879388 0.058362517340468836
4445.337752690069 29.543116526372042 0.11824319940523126
4450.168340590721 27.613392282162312 0.06011742086876354
4453.391854939402 25.747662175928518 0.061028124862995387
4456.616601606579 32.89958683107421 0.06061835198154267
4459.8435341224495 38.827608928689195 0.06067322659447089
4463.0714091183245 26.074049685385898 0.06410565917647909
4466.2997789313185 22.167033519554472 0.06331379475899042
4469.529597248175 26.318647420346238 0.06257566614395293
4472.760452966678 23.506498186126873 0.06260247768209035
4475.992945082931 21.766773595412356 0.06252334099316036
4479.225663239272 32.34739671068531 0.06151890532814464
4484.08148774773 22.6747832911992 0.12939687418924084
4488.931620964308 31.850259974824418 0.0641451016609612
4492.16910599977 26.278444392736773 0.06453456328903324
4495.407682710444 37.26617477994344 0.06174839770106727
4498.647496932662 21.710709578207695 0.06489612389839035
4501.888343699991 30.046482967570725 0.06247063801913428
4505.1302815869385 29.27980746362323 0.06312081205581951
4508.373280023754 30.887581302276573 0.06326217014491628
4511.617312587714 37.64601614512642 0.06144029479631388
4514.862509890828 37.04478038170668 0.061891569484234216
4518.10871469908 34.2078408469943 0.06423341184957027
4521.35599674022 32.728297973595396 0.06559311938106446
4526.233145233849 33.600649278418054 0.13363457211356114
4531.10455080532 31.02716858568239 0.0694058938584098
4534.356111636535 28.86501139244567 0.06879989650131027
4537.608790420856 39.08876767323702 0.06809511836653245
4540.862499602296 36.85937698314231 0.06802360477081819
4544.117425177786 35.65168729233655 0.06900575199289583
4547.3732519841915 31.807920392925148 0.0693975244166415
4550.630148176267 45.39181577940487 0.06689305999683798
4553.887553988838 29.58213391723829 0.06831060552650679
4557.147163075924 47.490122063096074 0.06660315478891195
4560.407379906619 40.63927840253184 0.06894739333280132
4563.668446632763 44.52319987153615 0.0677791215619756
4566.930681512831 40.11460258009633 0.06858432084359456
4571.830320952235 52.975026937187245 0.1335508318563528
4576.723427873367 54.38167477075707 0.06712132419161408
4579.989974825989 39.599780925406456 0.07287874222886108
4583.257273648589 49.806458218777514 0.06934832482502339
4586.525675335776 49.6235613560202 0.06985249276658646
4589.795244107619 50.464495016773895 0.071329609563278
4593.065662156929 49.27400333556686 0.07144210482014483
4596.337174027705 52.63358454412271 0.07081453457881312
4599.609799392979 61.4488930758722 0.06856051637000701
4602.883256746378 60.115848568969845 0.06966843024690153
4606.157814665978 50.9941628797045 0.07224044637359672
4609.433457394538 52.18408329772989 0.07134277394696284
4612.7101701154215 51.96307807597231 0.07242049835460669
4617.631612023526 58.912118386139724 0.14070517484397757
4622.546112825624 57.022971406335735 0.07105259627846705
4625.826778353268 55.017691790927195 0.07364912491346165
4629.108395523234 54.2018410383857 0.07315183922592654
4632.391153884944 60.76656139396854 0.07192827298061871
4635.674848547728 54.62813661245203 0.07336962924157514
4638.959432000703 48.865002812522015 0.07745715027411566
4642.245189943534 59.894470642340494 0.07401752540130292
4645.531815063545 52.20206215343122 0.07671295147474345
4648.819454534522 52.25511648754518 0.07756711018474975
4652.108213765716 48.5143797287352 0.07879686319107729
4655.39786562848 46.059962946080034 0.0794651632066103
4658.688411095366 46.215734682793276 0.08090832264167229
4661.980024374815 52.51840114231672 0.07959060796260613
4666.9246405090935 44.868577623867544 0.16487465146323138
4671.860850851768 48.9075566186011 0.08155282197642492
4675.1563811997175 44.43016704335628 0.08475686447166704
4678.452923943796 43.61473865425662 0.08482049929363021
4681.750585095322 40.09269019895042 0.0870903829385544
4685.0488722478385 40.43013884324895 0.08421163713580293
4688.34832232135 40.681749280250266 0.08645322496083503
4691.649257298015 32.511032468148684 0.09008197684899145
4694.949921937602 41.098553621981836 0.0881084237406581
4698.252333172373 35.997226806708376 0.08910043143650859
4701.555654341408 31.015054780407066 0.09201509952303218
4704.859836231505 37.223025589947866 0.09143917127897777
4708.164980970541 31.49153110077001 0.09434246305347624
4711.470423930218 27.295035800831304 0.0961024440368254
4714.778242702702 29.14432882757995 0.09426214312918084
4718.086364311226 30.09892415966348 0.09252893437440936
4723.055733185426 26.60585439522095 0.1918825949245112
4728.016098556218 23.30828896970507 0.09815087599710863
4731.328066170866 29.107028850368746 0.0952487347107233
4734.640737911589 23.60457217581854 0.0995067422674626
4737.954480655921 22.13269561089561 0.1019924401030547
4741.2690759537145 21.142182802393105 0.10063236136092109
4744.584390569866 16.739838259676123 0.09862402305200767
4747.901140074556 23.513327389279947 0.1009963546979615
4751.218571030222 23.25476519422196 0.10005664266144608
4754.536882498166 15.985472755557199 0.10399597903821395
4757.856168974264 24.02839737040695 0.10258442347775597
4761.176428499626 22.775802781058708 0.10523216988877337
4764.4974669892335 23.040797689183474 0.10469100027189232
4767.819473971106 15.909221528828501 0.10899560734494386
4771.142236785685 20.451252207873296 0.10759163933293098
4774.466851532791 16.14223118039402 0.10902220346579787
4777.791259881621 18.4226171815803 0.10780515050144235
4782.785928268477 26.862493912260167 0.20572102760544803
4787.770541719714 16.397187740440266 0.10533358707262332
4791.099302472603 20.288507005642913 0.10854453850124883
4794.42861283486 22.331984859372483 0.1075965843621776
4797.758805940547 23.24206108719879 0.10683796272999901
4801.089986403335 20.77817606093696 0.10953404151650972
4804.421850850765 23.727988856335266 0.10752708442496636
4807.754827810297 15.302855215264175 0.11123010616863674
4811.087946705631 23.94999387824116 0.10919441376398663
4814.42314040823 19.27338606551709 0.11270370190317697
4817.758767039154 21.396873429786197 0.10955034704324891
4821.09528109754 18.23258106366411 0.11057403851907754
4824.432591358045 24.4361254674301 0.107575253396126
4827.770227103507 22.157370738927572 0.11282652086304136
4831.109896865225 19.538859669134926 0.11379444311543595
4834.449782276718 24.466944850502664 0.11218332555573453
4837.790587438979 17.47843210765397 0.11539811936528317
4841.132417236875 27.802544044868444 0.11194437939571755
4844.474998527693 23.479556326906543 0.11455731891711002
4849.49584825372 22.446603263207823 0.23452676126907612
4854.508020854592 19.53071358885053 0.12566002341983368
4857.853991789582 22.403460308225593 0.12570310479440133
4861.200937760832 24.7384423996659 0.1254075843542299
4864.548747613516 22.382359618845424 0.12929380613358876
4867.8973490015605 26.629464586713375 0.12651422230062256
4871.246620173013 22.368359469598936 0.12900848377243795
4874.597226230221 26.563463090348403 0.1212547245436666
4877.9483757853895 24.03398890985486 0.12225206065271976
4881.300435689835 28.41874232580375 0.12022401596222827
4884.652936479528 28.010801025794876 0.12183053508707758
4888.007176259029 29.058972083044274 0.12168243480277185
4891.361793277241 17.816047307485817 0.1263570331943138
4894.717310818056 22.05608797257786 0.12473056205029158
4898.074186057176 28.54851492305303 0.11523643390548982
4901.430596692561 24.950661746438648 0.12111887220759922
4904.788600137312 27.827287006082177 0.12247638869540765
4908.147527545002 28.504933770821836 0.1206339249601814
4911.507102114548 23.67322663701686 0.12593326485881534
4914.867598641968 26.90149046141539 0.12594267370825774
4919.913427842503 27.35134773653219 0.2535289651193956
4924.953937011422 26.52602280080901 0.12725004794874684
4928.317715357285 25.216933530272676 0.12763814591759773
4931.682372774835 29.308169952656527 0.12527455836786375
4935.047836176172 26.05458349890928 0.1283602826476581
4938.414084277149 27.549241340057254 0.12615038239619542
4941.781136955667 26.473199447235025 0.12770074833586398
4945.149036572109 30.88337184150839 0.1231844096444662
4948.517888629645 30.165637832872378 0.12657642922186613
4951.887174410531 32.16488362774511 0.12472934144050052
4955.257462558468 29.691899661282708 0.1263052792698619
4958.628720966636 28.958625441510538 0.1278145533837859
4961.999919923175 28.096139956367328 0.12983263212879692
4965.373453214265 34.38758924313369 0.12514475172696363
4968.746948102928 29.459975694442782 0.12716434210759844
4972.122013866152 35.99781298129249 0.12335839803990868
4975.496369506688 29.77780700290288 0.12953599342699046
4978.872427580527 30.7430932248609 0.130848082698351
4982.2491598356755 29.925389254832353 0.12932000025091195
4985.626790226296 34.83113676915352 0.12979316220107487
4989.004990465258 33.777816424080804 0.1301617509197042
4992.38422649555 30.708579426878508 0.131619794593835
4995.763308823155 34.91740420127668 0.12777725227830994
4999.144707809204 31.690052367660762 0.13254544453408248
5004.220450959375 33.2953009214954 0.2657583505751967
5009.29149382161 32.80782828829125 0.13548359518145578
5012.675412865032 33.375634543175785 0.13732166020609624
5016.059931723936 33.390602767824056 0.13844535472509356
5019.445407424055 30.818959067705674 0.14134480358892137
5022.831609836853 41.067217152620884 0.1336819096896115
5026.218349546983 39.67377146938553 0.133848528887045
5029.606045633219 40.22961997221225 0.13077680527655097
5032.994533387935 38.86288630198724 0.13491065125795731
5036.383743402924 42.891482627466594 0.13282910865246114
5039.7737661264055 43.38050182785585 0.13161327243550533
5043.164536874981 35.750295863482656 0.13740780558332752
5046.555964434711 30.79625396653618 0.1440518609953552
5049.948293881972 38.874292771787225 0.1371267046643737
5053.34129425627 32.82989639638253 0.1395289531209766
5056.735120861551 38.333890513783984 0.13702467794335016
5060.130499731579 34.19146702789106 0.14072071218354362
5063.524984264358 36.20827314797996 0.1370853108086412
5066.921057026293 29.853184368596253 0.1422873306762978
5070.31783301749 33.17945729588534 0.14215154163167362
5073.715419740259 27.668627906829368 0.14918393846951195
5077.112784781966 27.253817877508457 0.14795523200209795
5080.512745434131 29.498238273001874 0.1470897022866188
5083.912599751458 23.543678453541222 0.15103856451590877
5087.313010028524 32.6763663405592 0.14524924998088964
5090.714282970858 31.024354442188113 0.14864242414713474
5094.116301625276 35.22716120963177 0.1455862027101763
5097.5191968731315 27.041751031726097 0.15171368017251846
5102.6280527451445 30.82190905838231 0.3018438506602922
5107.731667915677 26.012989788080976 0.15695698975996777
5111.13721934153 28.501254981576885 0.15224678653212562
5114.543768661467 30.972669246275142 0.15114608391381287
5117.950599243485 33.59204331537595 0.15173816863587541
5121.35875357935 26.782808882203593 0.15593299120929163
5124.76725139813 28.822224414097196 0.15631860514779944
5128.176455302225 27.79294015165403 0.1583873003014485
5131.586866093631 29.950518516958603 0.158084862646668
5134.996374988108 26.6888448101662 0.1561280486366124
5138.408594137596 28.077352138200823 0.1603232388197178
5141.820810335721 26.06706909252019 0.16360426773645212
5145.233572377578 31.49723014864439 0.15853713810799783
5148.647172519638 32.427629935658246 0.15902019469091125
5152.061433082508 32.567566275360534 0.15852578127245212
5155.476383152681 34.3158401974714 0.15784874376535465
5158.892100097999 30.83402367538135 0.16430024881414523
5162.3083733250205 37.40899753793609 0.16268773960074953
5165.7255181099545 33.39226698781498 0.16784525737346567
5169.1433035483515 39.380156632508786 0.1637964141733572
5172.561807295133 40.51441873002224 0.16619829076609494
5175.981374668471 42.26493594828437 0.16950144054155133
5179.400820510588 42.30616803509525 0.16409436165015043
5182.821365736018 47.421264147316485 0.1601145314469736
5186.242558792313 52.818945968283565 0.15201045197920293
5189.664467663071 47.98649323097034 0.1544776225609824
5193.087160736399 55.67243030802179 0.1490508711225179
5196.5104989323145 50.04411523103951 0.14913236370538363
5199.934582686833 51.04033290313343 0.14796905307445485
5203.359223855986 58.76935717875941 0.14384618907067065
5206.784557746147 55.28300836943785 0.14576949719154692
5210.210589388532 54.69567876736834 0.14942496185656987
5213.637328136368 56.14453979040157 0.14967905791333158
5217.06471137282 52.7620458399473 0.1528106915103873
5220.493537677166 54.79039984862942 0.1505789919218096
5223.921464515271 59.642241802289966 0.15090498135798455
5229.066448201291 56.56647632852918 0.30233160479579846
5234.210993912698 57.36933980729153 0.15327569118337175
5237.643285405536 57.95195895452383 0.15175415926661195
5241.075408371836 57.95260292280313 0.1507342037297186
5244.508068529121 59.55192837385741 0.14969543490691467
5247.941525921878 54.64878889023617 0.15320728206936243
5251.37564068314 56.80406064925405 0.15151147035257745
5254.810409022093 56.13123146699461 0.15465845750510837
5258.245919766774 53.64840229119948 0.159803107194206
5261.682207018783 57.30946768163196 0.1520791343462519
5265.117769931656 53.883176557855634 0.16124872196730616
5268.555961522702 55.148623743911266 0.16308983776333083
5271.99403513531 50.48169519942718 0.167059517355043
5275.432589369608 53.9213518831603 0.16707404136531293
5278.872022670679 59.56117262968471 0.15950959151497518
5282.312558296779 58.08023581409192 0.15572172992440525
5285.752492454406 52.12405950211767 0.16396204876140819
5289.193118440795 50.965826871120555 0.16204505403117495
5292.635667577398 54.23885116801894 0.16320935116692517
5296.078235331769 54.37091597574783 0.1599607658755719
5299.521243555106 54.95930467230048 0.16276096821008426
5302.9652227509205 50.38693416740984 0.16642110702459811
5306.409777709248 52.7401638367505 0.16518662917908208
5309.854874532319 50.54567070095456 0.16531976455776284
5313.300514784339 53.794008975900454 0.16242059456922173
5316.746827322345 49.92798958981008 0.16470226400229548
5320.193857405989 48.018412995941134 0.1692190266502661
5323.642289125513 51.627590495832195 0.1650804319228927
5327.089791689481 53.39046676378825 0.16771668819200447
5330.538609824024 52.52068533368257 0.17046359050096538
5333.988306880198 59.61369712992067 0.16679187051857222
5337.438188197202 49.705086677718214 0.17126278085929608
5340.888907725258 53.47305985393236 0.16692777307001289
5344.340228948149 57.326513695976395 0.16230845007403583
5347.792281532259 52.24193393835866 0.16914918351679661
5351.2449866807265 52.92694479324655 0.1684817389530043
5354.698034022273 52.8314177092914 0.16561920397333563
5358.152742078355 49.63271223891143 0.16862128588669423
5361.606274634518 51.90872539022783 0.17094075977170348
5365.061375760325 52.988486839533216 0.17188732574699578
5368.516970633073 51.59749915671456 0.1740580864443431
5371.973405974437 48.70590688335335 0.17704847434148793
5375.430120840076 50.5040093984719 0.17831855540835623
5378.8875852832625 49.1864336628007 0.17593152861914202
5382.346282399596 50.37748637602961 0.1754133069225679
5385.804381131927 50.03967205873421 0.17723746919925853
5389.263585920729 48.3893421929648 0.18136033463988352
5392.723520920709 49.841398791771596 0.1799559265099131
5396.183938620714 45.03257889109884 0.18807100728379245
5399.64505888687 48.68286122714678 0.18459219301293706
5403.106682002926 44.630995517038535 0.18737938044868052
5408.295195429662 39.87035709040856 0.3903757205644529
5413.495304687163 41.99001230548837 0.19041822712129958
5416.959680151386 41.57029346249525 0.19717054098230266
5420.423847356958 35.236277766140816 0.20195967035824086
5423.8891324454 41.53692274376903 0.19516415367433956
5427.353950699139 36.62996114154927 0.19997348143187849
5430.821224551616 32.186177211492385 0.20727017271207218
5434.288190330034 31.440051516716917 0.20696857174322264
5437.755584740325 37.43466505485394 0.20347797558771866
5441.224856395873 30.383664134918394 0.21035422662765021
5444.692591910967 25.286438286600983 0.21955847919471339
5448.161840340035 32.02167696268326 0.20941753669427954
5451.631575424849 32.80534873198778 0.2088356286179018
5455.10204788811 24.044336246893995 0.22195883893331392
5458.5730510707535 27.755142578536233 0.21412846388002404
5462.044529953593 33.08016087882053 0.20985667008131098
5465.516675361204 24.418072790465917 0.22129661411175228
5468.989445806048 27.050919068739056 0.2197312017850965
5472.463392332981 26.35081526839632 0.22077571981267327
5475.936551301995 31.09935041075645 0.2165308780925836
5479.410832887295 29.062888316846543 0.21846294329925742
5482.885723002059 22.39142741142416 0.2311708913975745
5486.3613503977385 27.213690515490892 0.22855318403308136
5489.837370891509 26.28756630495202 0.2272655150842733
5493.3139996232785 23.172496010120234 0.22938502279158873
5496.792010918031 26.041586224338232 0.22442591978193943
5500.26892098746 23.566711028001347 0.23098843476498848
5503.747223033378 21.78976529531856 0.23410358804239056
5507.226382916653 19.553274495019345 0.2405200089407584
5510.705489158843 21.28267542729092 0.23787868290214273
5514.1854939343775 18.022864885003347 0.24078940275970742
5517.666052614186 22.83086315390731 0.23559028678100805
5521.146940084041 18.735604592581666 0.24269635994022418
5524.6285945834225 20.683488567784686 0.23753092079237156
5528.110662427143 18.31762985565961 0.24254679778742355
5531.593436075419 20.402115454334275 0.23949505280531422
5535.076728482778 20.70463614565705 0.2427505556757023
5538.560292054705 25.0836015529169 0.2347342042508118
5542.044296436987 23.539924831036696 0.24053729155500034
5545.52960930197 19.555252964539388 0.24026570265800773
5549.0149044910595 22.76627387683337 0.23430804356455712
5552.50078832339 19.254981922238017 0.24213683649805298
5555.987286530607 22.733053664950184 0.2367776716102171
5559.474254023123 19.27405307503029 0.24500332360136778
5562.9616993993495 21.93122061543033 0.2421495521835967
5566.449820093334 21.39883542043869 0.22847520213615546
5569.938357351872 22.075792084891688 0.17486232116857492
5573.427517012426 14.31010651663987 0.1753707845246553
5576.917130992408 20.213727040327814 0.17022092316125131
5580.407241370751 20.82769315201635 0.17194140801474173
5583.897946537267 18.130385496684976 0.17355858150361023
5587.389102352794 19.517219351736223 0.18105513895412437
5590.880823538678 19.477253142265443 0.25068660130088494
5594.373104311444 17.35392868841843 0.26152369241268003
5597.865800333485 20.23948176228482 0.2525058538799753
5601.359138723614 19.607386984684744 0.2564674208972832
5604.852848273915 16.159102786779574 0.2615802873695619
5608.347252302593 16.954844171012986 0.26016100891049654
5611.842085783652 15.327292384667382 0.26708823805316767
5615.337358455093 13.405408417317913 0.26829956456328063
5618.833373272026 18.64851553233429 0.26391557936999127
5622.32960254795 16.298433686609055 0.266536045270763
5625.826578773386 15.189236535975693 0.2709626170325591
5629.324613823509 9.953846554448727 0.2768151953567989
5632.821422042971 12.398331227305604 0.2643011617380389
5636.320148746345 11.900294682274625 0.28012829934107286
5639.8190058479695 17.568891754623973 0.269164977521123
5643.318402034515 13.370398099382347 0.27805354043502
5646.818243575918 15.262928401148944 0.2707729463805434
5650.318652735018 13.470954858417928 0.2784281967093809
5653.81952019467 9.959349086137152 0.2929968193947291
5657.320889735456 10.180356203789374 0.2886609571310578
5660.822834754949 14.2755258043212 0.2805993124634154
5664.325132390066 11.988398154191898 0.28623000242444946
5667.827802766843 13.945887680994133 0.2824919495833303
5671.331415272022 13.383265983445265 0.2823405266996093
5674.835260190123 9.065533954720454 0.28724387182912164
5678.3395982141365 16.61621634687455 0.2716127238974354
5681.844492540641 8.029774925471518 0.2925172127917824
5685.3490256854475 11.800080722317523 0.2796380148376243
5688.855473005654 12.11285042541358 0.2884913367308991
5692.361882498484 12.15176342392726 0.2870277844500074
5695.868635156479 11.269059108099555 0.29144960511284496
5699.375921747915 13.051128315272619 0.2866566067172354
5702.883678118419 10.349342092820965 0.29499090415687323
5706.3919795455395 13.65382684185888 0.2897875836021097
5709.9006782437455 13.932773718191672 0.29152590675020607
5713.410731911351 13.095399796715494 0.28677225729350575
5716.919529693569 12.772668683250092 0.29087483041530643
5720.4294153910505 9.110680785268636 0.3036238225473748
5723.941202316558 10.228080976983584 0.2862283757266828
5727.451450888309 7.73797778348403 0.3010364734211632
5730.9630114689935 9.175376508039216 0.29716027587211385
5734.475006238151 0.5408884027130773 0.32037787801350515
5737.987598093178 6.554855442701474 0.3043635736468932
5741.500559858332 2.5223343420610296 0.32172084653526184
5745.014473906261 3.7828618481144107 0.32193550220452277
5748.527997704365 2.5963553978386975 0.32609464003624816
5752.04256392878 4.386628292264848 0.32312676014248193
5755.55712636531 6.781689798436727 0.3158234155294308
5759.072541152491 2.1057833095081215 0.33361887202658413
5762.588236831239 3.0850392619302025 0.32734601677716685
5766.104592716762 5.346919304931651 0.31565871445776095
5769.62125859193 7.6387264103081 0.3169039956346403
5773.138350650623 4.509790503093815 0.3217871970361981
5776.65591219859 2.8679605763130183 0.32868720615430097
5780.174096268513 4.825205962401651 0.3274558677460703
5783.692552771108 4.1505185998064515 0.32752559174595575
5787.211560764729 3.6209128731211435 0.3304315260335961
5790.731027600863 3.553957709684025 0.3307855347078129
5794.250056495873 2.3187214365247026 0.3359786297945869
5797.771338745944 2.0217697304626845 0.3353433752424905
5801.292054747469 5.663332787416653 0.3242234411845295
5804.81324370679 3.7690832678463573 0.329528221958374
5808.334988584158 6.654699795902386 0.3213903456757047
5811.857111936423 7.878455309436165 0.3187602613671773
5815.379996044403 8.508646426912028 0.32070640240438364
5818.903085084438 6.012047653764568 0.3255627843536397
5822.426171729576 5.4764723767886 0.3224792822643542
5825.950120590755 6.061696125532398 0.3204507068543497
5829.474537386277 5.445666177560181 0.3249830082328149
5832.999310598461 5.61099514407391 0.32823675840540223
5836.52456033929 5.321142790541646 0.3312282706075343
5840.0502208696325 6.799954729645603 0.32448111116635103
5843.576391654979 6.943482530335459 0.3204146362816718
5847.102901524575 9.325437732215399 0.3179280578859445
5850.629969736523 6.345919442386997 0.3350987503880248
5854.157291077956 5.895387665766556 0.33025505567182645
5857.685174328438 7.518193732510701 0.326017268248822
5861.213689927892 8.743532537105313 0.32404918860690957
5864.742309728397 7.897594707280652 0.32572992874604273
5868.271596964936 10.321078866422678 0.32369593991014833
5871.800999764331 6.3308849177869355 0.3276050546637432
5875.331037489498 10.768705928163604 0.31623014867197724
5878.861483726518 9.036478889180675 0.31844004719576363
5882.392310151915 9.487301895567954 0.3005524843966733
5885.923683210921 12.658869533292162 0.28557613838905727
5889.456925012581 12.57823527739272 0.26641924012400275
5892.9875519813895 14.121349773127037 0.2700975761329358
5896.520158824821 14.89832135595373 0.272806195223702
5900.0531433195865 17.57864791013955 0.26929443413669146
5903.586486651537 20.722300688238974 0.28600415033202403
5907.120302414364 18.837377893708165 0.2930205174409302
5910.654587767239 19.6482277428946 0.30514481212463634
5914.1899963433325 23.423135969496993 0.30250979932343003
5917.724386513869 18.68701036643971 0.30825935268881216
5921.259914550455 22.800751676785396 0.30135030618482334
5924.795825029695 20.089275972520923 0.3055194309454116
5928.332094854369 23.031522546695676 0.3009671428554074
5931.869062087466 23.61265163580248 0.29926192877111923
5935.406051512294 25.467248974814584 0.2961739331422296
5938.9435981661545 25.219898367326614 0.29802086320139
5942.481535225012 30.32992349564088 0.28819139842037267
5946.019989761879 21.282013133140072 0.31204577943515066
5949.558822063 20.015175916443578 0.3182991912831215
5953.097903428024 24.663802482819616 0.3099277395519437
5956.637565152373 24.140347157901502 0.3086212503017918
5960.177621552764 20.658167532470625 0.3164341453933438
5963.718158380562 20.456560170721666 0.31883048958632626
5967.258950290893 22.097388294611868 0.3111446406518603
5970.800122414767 17.164009124809994 0.3270489506890035
5974.341779701352 18.358833559984912 0.3286037378083911
5977.8839490582595 18.731997674015297 0.33058152453975204
5981.42628800776 16.20124730304222 0.334530314271318
5984.969156824341 19.31479661160369 0.33023395549943707
5988.51236165114 14.954106885114072 0.34258893806284585
5992.0559843493165 14.266143808127863 0.34712632695606255
5995.600751364491 18.025362797189054 0.3385786050401714
5999.1445859246205 14.699865037799025 0.349974747359742
6002.6892352978675 16.481193562346096 0.34142367580552063
6006.234453966688 17.609926164401507 0.33590557217392564
6009.780088838509 11.259880516782763 0.35887947577758045
6013.325028261817 14.87495916973085 0.33682185284686167
6016.872339085037 14.734161829497369 0.35419391642804593
6020.419258488287 18.24190355165641 0.3370338521534031
6023.966389302137 16.409481209934963 0.34969123057305085
6027.513922741759 10.972266687609343 0.36256773028401973
6031.0618441834495 11.730956357489266 0.364995422200712
6034.610167747662 12.063198708313914 0.36263178585659656
6038.15893233841 9.593647608608466 0.3705278331144408
6041.708071108583 12.66175143983076 0.3621539771532957
6045.257537043366 9.48331695268102 0.37179004035856483
6048.808362974816 10.89362679629073 0.36794584223613974
6052.357638031524 10.581696774223058 0.3686836616773154
6055.908378825488 9.99864747628655 0.38215407291710957
6059.4591883716375 10.46309965975113 0.3746854031321628
6063.010649326196 13.0180776974181 0.3655076940690767
6066.563184616103 9.428492365422906 0.38326764143172865
6070.114620855719 9.729415671788066 0.3796110979152362
6073.667061882104 11.027492467219803 0.3709843075955514
6077.219928180067 7.285128764912188 0.3869865855528831
6080.773271129311 9.287454254840535 0.3838904413840205
6084.3269351891395 9.404052663226018 0.38618194129190364
6087.880908576645 9.22949060467788 0.38507773067529555
6091.435359537352 13.44657951781185 0.3767698030443439
6094.990048006146 9.402724404724998 0.391606098460867
6098.545150397761 11.354937802941826 0.3862465969837722
6102.1009163961135 11.364714286185016 0.39139056307784426
6105.656584739481 9.959159399200665 0.3945757490326575
6109.2128540210015 11.676878285368984 0.38789389664340257
6112.7693907357225 8.1128067348968 0.4002126352890579
6116.326387848096 10.840124578580228 0.39242366611472534
6119.883744790323 11.703970648614375 0.39142833099836577
6123.441427894916 15.056306000400166 0.38213765427433655
6126.999527735278 12.73211969529302 0.38715301562822263
6130.557988228372 11.653563056793233 0.3967047088412464
6134.116770322291 13.372030809606262 0.38879551578898514
6137.675932783577 12.075973532372169 0.39229120950385465
6141.235459221031 14.965734136663082 0.3884183696502108
6144.795415897848 10.901855948960021 0.3969047266264505
6148.355623131899 12.16407257674047 0.39797762878042786
6151.916197376875 12.304827679209282 0.3946055549779179
6155.476681456213 14.216993540155443 0.39686350773353135
6159.038499162629 13.488588517299586 0.39601433303774597
6162.600199034145 14.388427942508079 0.40307501462849654
6166.16222728515 15.18208946557631 0.3926138107957586
6169.72461443803 13.512893570597353 0.4015549282757757
6173.28740493266 16.792851535242605 0.39447640900604986
6176.850508195751 14.144650858149179 0.4047329990743622
6180.413874150971 13.571001600594935 0.4065890279425492
6183.977738309132 15.577859397596487 0.40151364427122527
6187.541881795702 13.05909935506331 0.41378797805244866
6191.106383487805 12.671024815592562 0.41628714024334146
6194.671292575972 14.610311355035133 0.41480705384344163
6198.236490822046 13.362884248629406 0.41534855270410737
6201.802051735359 16.658539459140624 0.4048543081908934
6205.367931562503 12.872269391491056 0.4166886998151688
6208.9341653484225 18.466041635547292 0.39715231583513455
6212.500769284663 16.275093899890624 0.4120909568499065
6216.0677079350735 16.3822309124425 0.4060966372577686
6219.634980509582 17.21065667678292 0.40374916975000996
6223.202702527731 16.546447999397984 0.4049842461851892
6226.770604616008 18.676794928618662 0.39705461822844856
6230.338978492594 19.128911877180215 0.38975091946941787
6233.907649097593 20.337775554633158 0.384125524544235
6237.476691611684 17.3590118685374 0.3993099103911748
6241.046345786234 16.13229578413935 0.41066168336686276
6244.615690470122 19.687576627046496 0.3901166600623303
6248.184859047317 19.120516022481453 0.3985410263652688
6251.756083429761 23.235480154795823 0.3795894322595094
6255.326807108227 24.079804954624176 0.3785446988080843
6258.897905608774 25.630003333046076 0.3778982722568826
6262.46931108492 19.363992122704758 0.3964042176688898
6266.041095385743 23.04650533630337 0.3889756761982182
6269.613004729736 26.663338393966004 0.3829573573594367
6273.185462946831 26.393702660103063 0.38951152159656316
6276.758261224305 23.25253507885938 0.4078895619973978
6280.331301488494 28.63546491154722 0.39352925042922005
6283.904638240844 27.60582197304481 0.39608457067836245
6287.478318905325 26.900761709388277 0.39357782312542455
6291.052293427244 36.57531765195853 0.25281418146123913
6294.626845236404 32.04787689715306 0.17382989207270075
6298.201657477423 33.396841714487344 0.17092074146886627
6301.776685415795 36.93584272229018 0.16828223363925146
6305.352055166734 29.924276422778377 0.17362201402118546
6308.9277970093435 38.29207060877762 0.16660734387951495
6312.504528262106 37.57531127627138 0.22957162809730366
6316.080026570824 41.09525054570634 0.34829465088954087
6319.656735746921 43.48766364142113 0.34028723925349663
6323.234156433693 44.22091371289343 0.34844557476074806
6326.811128225467 42.73699933475245 0.3453284611420825
6330.388868283688 45.540351393346995 0.3355960291807729
6333.966794915917 49.57868277785853 0.32942150213124965
6337.5450221092315 48.83257598728549 0.32956372561342623
6341.123817472463 48.23630877852623 0.3290149360098274
6344.702794907965 44.75092655650601 0.3458204980846817
6348.282077173959 45.720707571210134 0.3378619770288736
6351.86172037074 45.819864017529476 0.33704862028208044
6355.4416147380825 45.532803011296636 0.2767537250800003
6359.021088435368 41.001651485412395 0.2519645316281972
6362.602538319338 35.86794163475879 0.27021398563872745
6366.183457043941 40.85069532928889 0.2639035261843145
6369.764718604982 38.83684590850801 0.2680423865059865
6373.346336733173 35.52530289021837 0.2792213484314805
6376.928443343357 35.81994404712365 0.34372734820084616
6380.51017620293 36.59572595442238 0.3710449979401836
6384.092617658826 31.468531260202305 0.38609292918587623
6387.6754633288865 29.630733558499426 0.4017017189368964
6391.258164716008 29.40391063829243 0.400644849389605
6394.841988567994 32.262297511148326 0.39378255260692885
6398.4264070943445 29.523789524221975 0.3923973813850212
6402.0097832889915 29.735896335451542 0.4068871977878925
6405.594114307234 30.256835902016242 0.39566781465577444
6409.17884032849 28.22262254239399 0.4117204904573698
6412.763829007424 29.25872441682919 0.404881842003453
6416.349285782609 30.079772242299377 0.41369620369522997
6419.934721076318 23.545207466367398 0.4284329146972532
6423.520740353225 28.965789630227356 0.40966445058617895
6427.106869435381 28.684129404057916 0.4109653655321762
6430.693504679408 26.783389092293074 0.42052516488105607
6434.279948495047 25.769955706543072 0.42867840199922663
6437.867578240092 22.586942548173138 0.4343149227385511
6441.454933239374 25.846940520991577 0.42421511267065554
6445.042724410784 22.667626477569165 0.4383256392360424
6448.6306994622155 26.415338645647445 0.4275468756789464
6452.219206035063 18.52271309411616 0.4659614273801206
6455.8079038639125 24.10567466807108 0.4453706083683926
6459.39681719134 20.60280687140077 0.45656741680373997
6462.986155827434 25.014544423363482 0.43197674517052836
6466.575816907909 21.92972955066757 0.4429449698297692
6470.165840008077 20.14830553224047 0.4540481988169316
6473.755533875101 26.181351587678176 0.43457270718845287
6477.346314924007 21.49040896538216 0.4568609345656698
6480.937120715645 24.68393802762548 0.4447452265781008
6484.528352075372 18.451852501156953 0.4719257237619256
6488.11967470322 20.90064193398698 0.46535849337061835
6491.711437402062 24.344777065431142 0.4492106426348314
6495.303517473155 23.858661223170092 0.4464317826767612
6498.895706855969 23.90722351330521 0.45097786196333145
6502.488463901192 24.393148216998892 0.4436242895820529
6506.081245435584 20.454665739462747 0.46321167247744677
6509.6737636937305 21.926484257888948 0.45090809722035363
6513.268028193432 24.873512748540634 0.44663925111912683
6516.861833474746 23.464907627620093 0.4531677880524487
6520.456028148872 23.394369889733756 0.4646977164883204
6524.051110978656 22.370451223636366 0.4751919544041263
6527.645109870214 24.33546232870019 0.45719810386892873
6531.239188535697 28.130753417108693 0.43050687426008255
6534.835393166139 26.029143788382473 0.44768400107875894
6538.430900013281 22.362004858293886 0.46695305597817705
6542.026943116972 21.878373336311807 0.4592445692404652
6545.623035744985 24.136783399304 0.4585316036776884
6549.2195503149605 23.004429548553542 0.46103403475042676
6552.81625907757 22.940052705656367 0.4647286141573979
6556.4133340006765 21.14924318813375 0.48773976489744314
6560.0106760462495 21.98903012727353 0.4875527838873008
6563.608227155631 23.28510029960337 0.4876588590615781
6567.206261289052 21.863051361302645 0.49627375307040045
6570.804485448772 24.349275513906573 0.47753674409467706
6574.4030043094235 24.396175566967486 0.4761146246886796
6578.001794623344 20.937172670293972 0.48449263794053066
6581.6009509489795 19.751279899905263 0.49347710239982306
6585.2003123108 21.88360126755195 0.47811331299670673
6588.79996633283 23.294182434676028 0.47408451234528687
6592.3999097317555 22.567449386862968 0.45576802349118883
6596.00015036797 22.698753889149543 0.4538697908420858
6599.600697623173 23.922261824296605 0.45670874330338396
6603.201431422028 20.613992975409897 0.4629628685817374
6606.802671390735 22.41768434469158 0.4554741959091267
6610.404040102824 22.168652410111733 0.4551247621748106
6614.005831530491 23.355150652560408 0.47328802038969264
6617.60780165215 22.63786893108175 0.48282000538248837
6621.209977252704 25.289760383523937 0.46241969361816476
6624.812530460976 21.658825637438834 0.48499876806116327
6628.415413400381 25.040816551026744 0.46424591503447404
6632.018488815533 19.756933982593807 0.5001218616933958
6635.621919599836 21.202902363720337 0.511587406953535
6639.225612352256 21.222690808578015 0.507837703226142
6642.829630873388 19.014606359516804 0.5236069504816655
6646.433928113449 18.343974601145856 0.5178913048649741
6650.038381873853 20.12828351254996 0.5101367248576625
6653.64319471464 16.637774500680976 0.5291382422346642
6657.248244986094 18.443657974840253 0.5293111919599277
6660.854630343597 14.12513532991207 0.5456566954553341
6664.4593224719165 15.644315710657741 0.5422832952177025
6668.06528435608 14.815648702375034 0.5679791049541688
6671.671597577747 14.352344072780681 0.5687920409261766
6675.277583916586 11.512101361488883 0.587163313922993
6678.884668196751 14.205284209716494 0.5723639710492712
6682.491193976182 11.168398323399703 0.604550187939174
6686.099120833377 10.840539055935519 0.5993667108067771
6689.70680954586 10.71986037571843 0.6053698059254701
6693.314291873185 8.545157052016117 0.6233942449981008
6696.922834835934 12.462080518351254 0.5921313503268446
6700.531200749584 10.018268204519162 0.6158969855431284
6704.139919664961 9.612085819757759 0.6163095956309874
6707.748904151905 10.34917052351145 0.6121774449625951
6711.358226781625 10.598853743259193 0.6153299508683484
6714.967680532987 10.693142368363281 0.6142178607709642
6718.577672699806 9.354896147726638 0.6169350428385536
6722.187675235418 8.153608805854155 0.6350701308551471
6725.798022781573 9.435370234447685 0.6241936192501929
6729.408744998701 10.170379966151131 0.6218166563367578
6733.019554349189 11.001068850678289 0.6042779162647035
6736.630852136892 8.023423504873994 0.6437447052691243
6740.242335234416 7.800001248171229 0.6472139227436084
6743.854039332652 6.704760022168729 0.6499510831556855
6747.46608820765 9.862982423313525 0.6303632174945444
6751.078362006056 7.8972512477233145 0.6427931253792802
6754.690910285823 11.535541487797708 0.6113565353297619
6758.30385164236 7.617178449954507 0.6435318811981654
6761.9168293866505 8.038654649596957 0.637267751860155
6765.530191128562 7.788908694987747 0.6544858240880104
6769.143914542968 8.276064047266233 0.6423126252170318
6772.757849447466 6.06889772195294 0.6724950080893243
6776.3720690638 8.769553767697502 0.6458706918956332
6779.9866238143195 7.729696863411662 0.6773362964322696
6783.601353025188 5.492413107442558 0.6905533563461941
6787.216458404597 6.463900846828986 0.6877434966196667
6790.83161875795 10.239586313845571 0.6560265123435499
6794.4472152473145 5.733116896995218 0.6905810393204651
6798.063185806719 7.697876562335295 0.6804866997333668
6801.680077930147 4.390679999200983 0.7145501072876028
6805.295651357249 8.82069191311613 0.6694569678238239
6808.912295039779 4.9500047008341115 0.7065395514979166
6812.529297164131 6.60696936367278 0.6896944578536489
6816.146331473127 6.780644478655739 0.6954909270814311
6819.763344950641 5.51008710216144 0.6909982198744784
6823.38119822076 5.3537481384173615 0.6561322921872766
6826.999613232927 6.339043032327849 0.6635371752360933
6830.618021515165 6.603951128317115 0.653211267150168
6834.236501443873 6.4134275874290125 0.6667030880122078
6837.855122261476 6.412723720777221 0.6629967102493104
6841.474327117184 5.26816053396758 0.6792909240389515
6845.093662558162 3.810810368061722 0.7221127926546465
6848.713313921851 6.103909897923016 0.7170736657094359
6852.333605240137 4.530765876017983 0.7299378097344252
6855.953304632535 8.008987118862247 0.670984705258816
6859.572777900302 3.932204941649575 0.7001319447253589
6863.194548903996 4.752276756657879 0.7466169811188624
6866.815443150534 4.357563499347851 0.7775094967215865
6870.436582565579 3.900936054373194 0.803812730111795
6874.058199996374 3.0553846859502154 0.8430493340249526
6877.6799767057 4.059362068592377 0.8667113469665665
6881.301969180872 4.697979748509755 0.8628918529916783
6884.924321818693 5.544741904002558 0.8529050968639559
6888.547722849006 4.378260440516804 0.8399849319173581
6892.169715882311 4.639492778869283 0.824267691408412
6895.79287658894 2.7262687454170034 0.8677255024443052
6899.415729566539 4.830505362621292 0.813164029392795
6903.0398457926885 5.943469595004074 0.8085355470707125
6906.662610403982 8.208393014904516 0.7628969443886519
6910.287858145764 4.888586146831036 0.7991748648432778
6913.912440907662 6.698600425266556 0.7627659922776303
6917.537043569914 4.577473037532665 0.7733113227267059
6921.162018419637 4.521341578719413 0.7795770334587009
6924.787150880466 5.7365658996671804 0.7700505224153782
6928.412821238396 4.890686698697204 0.781861114874816
6932.038559936021 5.280735056656086 0.7636377578311098
6935.664595395851 3.535824486852911 0.810259547931265
6939.290924704604 5.945784656634198 0.7659976477978291
6942.917472510827 6.359589944543341 0.7468767772659259
6946.5443124138765 4.129022425428893 0.7810108265274273
6950.171427581158 5.180206087984532 0.7638972539496813
6953.798739641436 3.1598043422658866 0.7822943715097395
6957.426459928941 4.146324793755805 0.7803122277410697
6961.054272424316 4.608886479504058 0.7700153541770607
6964.682521708891 5.779273846371261 0.7773825747739549
6968.3107673645445 6.225394255740045 0.7708415458472582
6971.939638739489 4.971908359691893 0.7781203308339116
6975.568596909553 4.968438419833443 0.7730657925522234
6979.197760021422 5.763057829322518 0.7726221072618171
6982.827347019538 3.6220011838153603 0.8135330092363816
6986.457569320136 5.118518647636085 0.7743997868267049
6990.087049742521 6.572310625061601 0.7812474631336491
6993.71733769092 4.47230483140054 0.818396688819901
6997.347926676835 4.537346101504399 0.824539132506501
7000.978674854826 4.270169677216798 0.8236905898945895
7004.609802006859 6.654004359547509 0.8089864156001851
7008.241109320648 4.7593845377230934 0.8327335444781128
7011.872739141141 7.737178549302595 0.794288203590437
7015.504501048546 6.133656917496918 0.8087944517516708
7019.137682086909 6.177801211273947 0.8290773775506817
7022.769212853564 5.599244411165955 0.8286104367004122
7026.401864801186 7.825031567975706 0.8043507558454059
7030.034767888582 7.077570121319495 0.8197431182050298
7033.6680045984685 6.764460247538371 0.8228519482427707
7037.3021017434085 6.310879278080805 0.8373047493416368
7040.9352936352125 8.120732295541991 0.8114041271712973
7044.569649787466 5.094027440888465 0.8098094491672667
7048.203578331546 8.007923844561082 0.8115612996042215
7051.838127767603 8.56376144901256 0.7971257965093038
7055.47280987019 7.364790962902691 0.8037713341646585
7059.107847347037 9.334825409187117 0.8000464243006417
7062.74312667887 8.603334867005982 0.8233968544611195
7066.378738433824 8.036508517950095 0.816632926660288
7070.01459711695 7.238739501635803 0.8179360143142862
7073.650659612853 8.005175834550474 0.8030527734493781
7077.28709806194 8.617941897199954 0.815142946048048
7080.923270263589 8.992571398046039 0.8086677864277776
7084.560610185885 8.40324214967027 0.7991426523972256
7088.197807052878 8.936905123362791 0.7995311236550974
7091.835337556608 7.497654912219334 0.8279026856207903
7095.473001576294 7.251169252784609 0.8355078242704989
7099.110917262276 7.459259332675408 0.847833004828447
7102.74916670926 9.216912590829637 0.8295785068744526
7106.387625431053 9.008191308194844 0.8323761410174128
7110.02643935083 8.249661183839168 0.8585738113880909
7113.665590109422 8.568985266965504 0.832523981925251
7117.304824416947 7.957936388261771 0.8458245985684035
7120.944433915651 7.832877705708565 0.852927045793151
7124.58420461556 10.11499299247856 0.8262127856198854
7128.22425532017 7.7369862064230155 0.8336011619903002
7131.864829231601 9.748906505325955 0.8352686556864571
7135.505318754437 10.126344106548874 0.8229220066309179
7139.146296734286 10.398156333650594 0.8152988713613013
7142.787376029237 8.908172220219226 0.8362966189074046
7146.428922940622 9.807519112521069 0.8357688212031793
7150.07058656671 9.90631901202981 0.8304847379962593
7153.712543679701 10.530064931278027 0.8490433725367127
7157.354876831441 10.300114103167104 0.8592670504731504
7160.99711137599 9.657761950479605 0.8707097215881656
7164.639999441952 11.48166308426153 0.86762965879554
7168.282992230014 9.58986139076844 0.9063166918930919
7171.926389262712 10.594295855499693 0.9000435063668895
7175.570081950048 8.274489729163065 0.955113423475815
7179.213717727996 9.478990532483566 0.9459202080363853
7182.857508623883 10.137802123831419 0.9632723763937863
7186.502267058963 9.890351554892895 0.9562141591840724
7190.146738171386 11.337493337903268 0.9295969075025508
7193.791774877459 7.7535538465275895 1.0047619762520552
7197.436914726113 10.84597529207832 0.9411785607248425
7201.082746636266 8.906143826023316 0.9837315260794526
7204.728157088075 11.166540814499793 0.9224029020628778
7208.374032003244 11.53425593044979 0.9150904027933812
7212.020412124926 12.126485770698858 0.911762316311629
7215.666087881606 8.093635797238099 0.92466841700506
7219.313784667708 11.085339539635662 0.9231840796399341
7222.960874006578 12.810358099839057 0.885705861250038
7226.608017670171 12.145779404602973 0.9036018729571277
7230.255739068221 12.292399258172912 0.8755500637845105
7233.9035263455335 14.668938328332647 0.8265824389719428
7237.551686827529 12.127997038407615 0.8127504313244418
7241.200077374871 13.87336531455125 0.8001148412331892
7244.848836342277 14.227247824236914 0.7846820095271948
7248.497694588359 15.300166176140443 0.7733613144965455
7252.1469152205345 16.250762495429335 0.7992147334425381
7255.79633424038 15.924064724181628 0.8431730049545264
7259.446145492556 15.342996931733053 0.8923945981033999
7263.096320914384 15.434646084395995 0.8819332944225852
7266.746546185735 17.633511041083295 0.7987859702440137
7270.397082822118 16.70836648401874 0.8045173730036452
7274.047904469552 16.74916332589907 0.7792616441807447
7277.699121283851 17.218570738329454 0.7548463858046094
7281.350569953149 15.164635391525064 0.7752269505187066
7285.002239715647 18.364984147558378 0.7333386721495971
7288.654074986145 18.345544069726113 0.7831644304747434
7292.306285629503 18.855688097427056 0.7963937359409045
7295.958425394117 19.348677827085414 0.8213008465091165
7299.611506142224 20.733003459519505 0.8057434998362951
7303.264567777096 20.00563889948527 0.8056709417134382
7306.917598318366 23.282047830206903 0.7106666204804356
7310.571878383424 24.550663736228167 0.7062610626170069
7314.225272818114 23.779209098611464 0.6826145837877159
7317.879375913562 21.06208766283048 0.7070699335198718
7321.533701384453 24.486883900396897 0.6424006327772109
7325.188567072721 21.959757559012616 0.6685802711415296
7328.843422401103 24.187400439474033 0.6771924990234692
7332.498696032523 22.81114617584894 0.6729820694887305
7336.154195117444 21.46637211453079 0.6804094972730256
7339.8099694439925 20.343691388551257 0.7037413797874695
7343.466023195647 21.375979138104036 0.7197490309834658
7347.122274243518 21.11670210968288 0.7217716880809705
7350.77891130065 22.18540550610191 0.7310000315200522
7354.436416304154 23.42970909827263 0.7472196943465287
7358.092942945077 20.429951558255038 0.7695510589270639
7361.750447488032 22.30048301870886 0.714715221393331
7365.40809587642 21.578878406067652 0.7301571960428819
7369.066144971374 20.671862794015983 0.7459139471322811
7372.7244241557755 20.939783959993672 0.7552211054811839
7376.383089713116 21.11320949519207 0.7493791708681622
7380.041834386637 21.821476772225193 0.7558760163992131
7383.7009529754505 19.794569152876743 0.7976500804741906
7387.360411738376 19.69401627529754 0.8040170744080861
7391.0201317240435 18.59462359652897 0.7983680920748185
7394.680004365316 19.62624168211703 0.7632368679309509
7398.3402492403375 19.996499161681587 0.7738377445381627
7402.000674879841 19.134727745693382 0.7868707739999943
7405.6616188224425 16.699810583383282 0.807096967537306
7409.3235750701515 17.233225447863354 0.7957808946570106
7412.9839920822915 16.336750075902067 0.8496925298268583
7416.644057813524 18.052651478041778 0.39626807220846266
7416.646783231219 16.86370421609914 0.44520632946116273
7420.307598699973 18.25500874165937 0.8145051400072998
7423.9697902721055 16.537775568164268 0.8405997770880518
7427.632880284983 16.973471223747026 0.8243742376132341
7431.294918770038 15.735287588615568 0.822050689275518
7434.958144076241 15.859214132232841 0.8300895757512872
7438.621405753792 16.3816377207527 0.8186265048457753
7442.284922819616 15.172716442682498 0.8447766040470495
7445.948967454323 13.341911812277194 0.8752667135751845
7449.614378758936 14.1328973924602 0.8898183953721601
7453.277658994451 11.470984971407544 0.9267016337792309
7456.942405547022 13.517822763096405 0.8972046336350153
7460.607576139524 12.881140719629862 0.9160491140893643
7464.272706461428 13.817644064591441 0.8819385470058317
7467.938300597751 10.974331780847145 0.9252437323776201
7471.604363956652 11.320915176134287 0.9071973153641202
7475.270587253633 13.100545726125334 0.8774339775083198
7478.9371179400705 10.600911245094368 0.9116834291764407
7482.603683199375 12.397793510586009 0.8902729129516032
7486.270964705767 11.982233824108475 0.9051489699638869
7489.938155974104 12.461162603252557 0.9021989439233289
7493.60586217285 9.393737457720425 0.9613322464272401
7497.273852170715 10.192672486785707 0.9622026963965405
7500.9421337928015 7.437499969226729 0.9971226923011224
7504.610637303799 8.522112659484772 0.9930005227074734
7508.279407309746 10.06250046143822 0.9589664129542773
7511.948443563161 9.139350381349463 0.9410048273407725
7515.6179926343275 7.951022709813085 0.9120509989413716
7519.287576549999 7.5993185323506545 0.898616158436661
7522.957631930365 6.979565874895588 0.8945096709120691
7526.6277552600195 8.074485922671231 0.8956871220357858
7530.298075211143 6.091385865764799 0.8890351070357606
7533.968214007616 10.916256432720413 0.8843163440938959
7537.640448154649 8.302202310031962 0.9581783019839326
7541.311968820377 7.994817919267804 0.9998010438282174
7544.983546119146 6.931219170237863 1.0523292963523698
7548.655772323328 6.646442485637421 1.0273258365321978
7552.327984876633 8.071202988556125 1.0211428389868207
7556.0007961472265 6.81911626782539 1.0480851800226305
7559.673524048284 6.987957805566298 1.0305214725769052
7563.346898317589 6.215516594259175 0.9997048668605412
7567.02031128213 5.167901401821504 0.9973875769220085
7570.6942859222645 7.588390426376854 0.9573455855633005
7574.368344467922 5.772595304621212 0.9704765283442581
7578.042728114828 7.996981858107695 0.9330882664476381
7581.717850007049 7.297520970560015 0.9739644522890609
7585.392528922527 5.781670388661131 1.0932591074957525
7589.067818110507 5.908296447857103 1.1403792237071049
7592.743398097653 3.7918397974114506 1.3320561395407373
7596.41956736425 4.6372566450009955 1.458992578226523
7600.095536998655 1.9640680696686617 1.738709604158884
7603.77127908803 3.032296286368872 1.8470618702111794
7607.449166410296 2.481965848939975 1.83374279230546
7611.126006482297 1.9379855627495064 1.8223015519283925
7614.8036805233105 3.101108404185786 1.6705080426326546
7618.481279071954 3.293057730713155 1.5854952213095437
7622.159446075082 3.5100954446474533 1.5098507039646947
7625.8375869231095 2.867865188258148 1.5591471455129646
7629.516601595945 1.9244421076211171 1.6292281052874087
7633.195413940229 1.2754579828900732 1.7146038577090013
7636.8749573481255 1.8955072698625015 1.6489078139274453
7640.5543067596045 2.9491663778040356 1.5653428310693105
7644.234385998296 3.2570729797666447 1.5310836537336727
7647.915418726713 3.189555737237385 1.4461764837260473
7651.595054670166 3.4825817021041168 1.3444069288950047
7655.275974195661 2.124065245234648 1.3476998291127564
7658.957992750018 4.271220718769132 1.2237680791915493
7662.638445387455 3.465829687288859 1.200995951927321
7666.32043197565 2.4479024770809903 1.2419723410932684
7670.002429141615 5.040529304442514 1.1236188982590634
7673.684850922788 5.715409620596908 1.105206451716151
7677.367532867615 5.099873856543583 1.0858969573047994
7681.050466167302 5.176353431893312 1.0668434143654446
7684.733913793646 3.717991506418329 1.071109299427285
7688.4175576683365 8.16521479492913 1.0019588424162607
7692.101537168194 6.0934318593584615 1.0155173647680777
7695.785847109029 6.188384871311522 1.0077692131964404
7699.47038794272 6.340280401835368 1.0062865899546554
7703.155361726664 6.865703818040732 0.9186824755134052
7706.840502658999 8.730111587823572 0.821006326706607
7710.526166353122 7.238122974780116 0.823401112930373
7714.211991368593 7.347271337254388 0.8329298006857303
7717.899187823596 7.5787805100210015 0.8135595022009124
7721.585531625867 6.503362910296756 0.8489268565039728
7725.27173090113 9.027014063804497 0.8536060869273275
7728.958751210859 5.29931208687915 0.9854215514130301
7732.64634529697 6.867466595760221 0.9616237166974716
7736.333915790839 7.526283474197326 0.9751031670998033
7740.022160917657 8.500600522217994 0.8645486036166194
7743.71072387361 7.9901408623245045 0.8485281954739614
7747.400239115343 7.873103195062909 0.831239308281687
7751.088576924791 9.167205360606577 0.8007229631249704
7754.778061824764 7.33984954193137 0.8301602879814229
7758.467750087874 5.552300901157169 0.8601677192786712
7762.157804267455 7.283764159303187 0.8948988239440229
7765.848200239966 7.3913312614276485 0.8680458843459068
7769.538953135061 9.864748956802721 0.8588190277511111
7773.2301235302675 9.418326110333915 0.8904280721724486
7776.921490901842 8.368064290180277 0.8823469963725649
7780.613242359346 6.829720812784417 0.8842993556779374
7784.305189193784 7.592215014604856 0.8677696685952561
7787.998276801814 9.838811954684026 0.8473786570645927
7791.6909521129655 11.770381740640435 0.7960044587162529
7795.383246105744 10.455172228141368 0.8248041917558181
7799.076706104398 8.909940474714913 0.8374844282307751
7802.770563262208 9.781073219705982 0.8498752437118345
7806.464603946037 11.054774884560242 0.9029448817987074
7810.158948095945 11.116473381630652 0.8372917353190057
7813.853743612014 12.574453883925504 0.7877643150634758
7817.5487886410565 12.444250518472703 0.785124129455133
7821.244182949875 11.456323642050522 0.8230943147098285
7824.939876281802 12.130202450455684 0.8121391325268565
7828.636051628636 12.651914162082027 0.8167804580159923
7832.332430856849 10.06734001653497 0.8872513962432902
7836.029396321754 11.912918923168569 0.8921309456712533
7839.726218386598 11.528773504414007 0.9011555383797935
7843.423774467612 11.399169636445738 0.7972636836235893
7847.121643431206 10.392180744158878 0.786062247216538
7850.81986514524 9.627517755817932 0.7796602037784353
7854.518198734831 10.913302378302674 0.7699087518521254
7858.216924519182 12.56170505254071 0.7309071109872745
7861.91611629877 9.585526248652556 0.751908801302535
7865.615677407764 8.795971560766642 0.8197550151578917
7869.315542415853 9.626726298407226 0.8089020306942379
7873.015778006354 9.20537918697458 0.8462486797527039
7876.716237922738 8.274925394648687 0.8465626883006807
7880.417320032046 8.780488025905845 0.8387306311440207
7884.117986175082 6.249258336390737 0.9065587806311614
7887.820019298001 8.457004889419876 0.8778213615752062
7891.5221547062 7.610215590357263 0.922569748023367
7895.224203434694 5.347149279688212 0.9788001293675069
7898.92705228461 8.74465585748738 0.9280560997423809
7902.630058119739 6.991890347469954 0.897215562648516
7906.333429349541 8.48831044897935 0.8152700543561899
7910.036956152116 8.907177412245058 0.7698927014210931
7913.741132624893 6.743813898884917 0.779939565209381
7917.445652408557 6.250206477121892 0.7902174228467629
7921.150439637268 7.286335357716952 0.7566937113737574
7924.855470911204 6.573814226102191 0.8557356814911765
7928.561054265424 5.333670032934342 0.9052451129157593
7932.266841997428 7.135301853736005 0.9357570904317053
7935.973093943773 3.649533786795874 1.016107165154555
7939.679703265918 6.199827435829431 0.955698754099933
7943.3877742115765 6.744638719595886 0.9580905931242095
7947.093944445257 6.26491583756944 0.9882502664333385
7950.801626006733 6.903664266637512 0.9816108707990552
7954.509471521226 6.363957360160018 0.887999482308593
7958.218077608572 4.750386104330983 0.8945190702086298
7961.926808759387 5.602850572212007 0.8975820766647213
7965.635966040284 4.539133581101135 0.9112482424323443
7969.345456511202 5.318328677036912 0.8401477936122635
7973.055363540479 8.539290375074355 0.8220148670645239
7976.765424221451 6.627292200610285 0.9456333846015248
7980.476246722701 6.389556181695 0.9147725720894284
7984.1875780549235 3.810492483567691 0.8770948468334592
7987.898426656342 5.209740973278722 0.8344098376440274
7991.610162567495 7.353592546389527 0.8647699465128993
7995.321837918291 3.787591719394943 0.9233642725489651
7999.034750454967 4.497289005280996 0.8894146898626333
8002.747742125714 5.210339106539451 0.9431122987650085
8006.4592466573895 6.109059118411018 0.9857708774205081
8010.174480936352 5.599542470317997 1.0240294826368224
8013.888606649914 4.112473863284971 0.9847344880155086
8017.6026988737185 4.839291173305871 0.9122512877233968
8021.317628079055 4.979415575892138 0.9059963328123555
8025.0326077577365 3.818020397998351 0.9449139421549246
8028.748055070426 5.372190300131188 0.9401318201418809
8032.463941709986 6.127157433005442 0.9204017294092671
8036.180285819569 3.7064446815827643 1.0140403192162095
8039.896764508806 5.601261418731443 1.0222018247014255
8043.6143552006915 3.9393241057266506 1.0553144143951974
8047.331313421199 5.230239157956943 1.033428950854157
8051.04906602275 5.869054543872785 0.9729351474703746
8054.767224985389 5.205878653556614 0.955175509831044
8058.485667970483 4.13005366370784 0.9866403083858091
8062.204433727095 5.360614675808701 0.9832403760205145
8065.923998057625 5.695970408740229 0.9963750172465001
8069.643880277635 4.026281585445066 1.0261131561000776
8073.363909900174 5.424428780620648 1.0282169050962922
8077.083541087778 6.231259866308792 1.0143394461984092
8080.805218255891 5.7170547654494515 1.0587519267432681
8084.526684542101 2.7934607663558344 1.0918715798336862
8088.2482700573855 4.504275444292541 1.0483752772481438
8091.969040710452 6.30836031557376 0.9612175717997569
8095.692878512438 5.154172045577912 1.028816203889657
8099.415757474007 4.46266950071402 1.0349979496313821
8103.139018256286 4.532293715056352 1.0512667706661203
8106.862730208769 4.875583692164209 1.0464847257871317
8110.5869349339555 5.954733148215338 1.0246212205700886
8114.3118835590185 2.556768481584659 1.0691169729646466
8118.036053707121 5.348716401764678 1.0809088893350778
8121.761350343719 4.864480353474137 1.10162889325721
8125.486865813831 5.293627195409455 1.0745160820456878
8129.213035939142 5.494708419210924 1.0644403367226758
8132.939749394867 5.3861420602155805 1.0815369121142009
8136.665850681845 5.3058384904921985 1.1087085196722153
8140.392577097992 3.665189096080716 1.0770353307968563
8144.121579264971 2.4736320347072644 1.1773967125010405
8147.849735369847 5.047501944824243 1.107758458849113
8151.578338959314 4.8638891910147235 1.11828079398749
8155.306944894515 3.6787079501108173 1.1633203311559894
8159.036432708934 4.863364154461433 1.1401266015657476
8162.766206841719 4.864547242598281 1.1542531645544183
8166.4964137342395 4.72584093022448 1.1538752769186658
8170.227095058743 3.0242912784257285 1.1897275223550168
8173.958052803349 5.145013823387518 1.1197228788860873
8177.689535905645 2.297096099385497 1.1909420550649548
8181.421563298277 3.6375369445128167 1.1669126535025487
8185.15367017491 0.9808291804957034 1.2139681989790265
8188.887343723015 2.1719605020553843 1.1653685028868175
8192.619445417058 4.9949986804355895 1.0946755267035353
8196.352971933025 2.9727053661892655 1.1168796997970751
8200.086966566634 4.0593081110787095 1.0950000428410105
8203.821344672313 5.121397501749035 1.0709778847373372
8207.555883595967 4.761565896890375 1.0660627349183225
8211.290404952366 3.2549430889854234 1.1020261434564742
8215.027061930594 4.245641349679017 1.0992832213742598
8218.763170211343 2.4271297152607865 1.1716032885528365
8222.498816918047 3.2916103886862067 1.1884177220049135
8226.236529855196 2.340251206889073 1.2024644844741545
8229.973920402866 3.2560674273090053 1.147760203107458
8233.711674407046 5.00760330876629 1.1211640839528607
8237.449626065698 4.428335928380276 1.108272946002259
8241.188265404411 4.525513198691549 1.1016790435243418
8244.926613507545 2.989095273191835 1.1168490999755665
8248.667339755715 5.065468696159883 1.0697181962764923
8252.407214452067 4.073977131255366 1.1003107552380536
8256.147653634807 4.668024921014545 1.0776053121561537
8259.888462737228 5.756401992495758 1.0477735210044654
8263.629801516605 5.186995936528503 1.0764596811403435
8267.37166604444 5.017839732995963 1.0640901259206905
8271.113744393711 5.008814552912892 1.0054462704688711
8274.8563896423 3.750508779840632 0.9825562229402337
8278.59954761535 4.325447458171807 0.9033023332861643
8282.3428530653 5.388803678505103 0.8535691415880815
8286.08679238325 3.794122627990215 0.8241175467343028
8289.831239583005 5.12389227738267 0.7502697034450398
8293.576275153031 4.1017554778127305 0.7718086138368441
8297.321618336688 3.0663272769856587 0.8106158426427719
8301.067213172717 4.550534770422268 0.844394537693613
8304.813404029283 3.211443815750446 0.8630979120249007
8308.560102744283 1.3047728939370187 0.9517630639745833
8312.307444887208 2.8737683741364726 1.023424659026463
8316.054722196222 4.7518071700872495 0.995788357994618
8319.802728095707 3.962034858004183 1.050895761596418
8323.551314323951 1.8747213669257443 1.1207309348194539
8327.300296422398 1.3651317360404105 1.1331968134425672
8331.048689780515 2.6049234904165757 1.0522737192328309
8334.799479222249 4.973507260712175 0.7875894122896824
8338.549829355863 3.264489950980146 0.7287086745245226
8342.30070558445 3.116168720603988 0.7020549635524956
8346.051898862548 1.8569297587621851 0.6920357219801998
8349.803595452535 0.7806717761125357 0.6858478160224245
8353.555909273467 1.6982993222229905 0.7065691612320825
8357.308408101122 0.2937967974420627 0.8758959257486655
8361.061569140855 0.30764168140456966 0.9399134363525994
8364.815139857275 1.948272934809834 0.9781909086055414
8368.567999514387 3.2973696628972378 0.9729364642517876
8372.324598585732 2.699871249429479 0.9654534793540701
8376.078721857451 3.3766791154292863 0.9358211787535344
8379.834272143811 1.9459735861588048 0.9616495403590095
8383.590220607502 1.8056189747273033 0.9657871382651473
8387.346586085427 2.888568868267601 0.8779066325243474
8391.10364143374 2.7974353909837406 0.7622361778742749
8394.8608039241 3.090794574780786 0.7548228954101722
8398.618728001471 4.435726971225698 0.7741990821911253
8402.377049021683 4.693077345481741 0.7428253718857882
8406.136047352602 3.931924184200806 0.7251767550138501
8409.895239624559 4.557160537709011 0.7629452374183453
8413.655099886679 4.918571832630309 0.8654102897784842
8417.415160243103 3.5483922045057374 0.8759800864379063
8421.176131341073 2.738420889748136 0.7555523638658559
8424.937466987143 1.6288266165200442 0.7101808440537186
8428.699257657701 6.493680574332019 0.7016208118501059
8432.461506263866 3.602515005502836 0.7498474956544097
8436.223866130706 4.807615709774379 0.7022953331701993
8439.987368197704 3.9325638161408185 0.7286490415036385
8443.751065646678 4.37991555578148 0.8366478215367491
8447.515345432168 8.289750393109419 0.801251051693151
8451.279903535326 4.598788022970116 0.8443442040295378
8455.045889998535 4.094709850270109 0.7971095354103154
8458.810670890076 5.963889438887339 0.6947731054364298
8462.577067482927 4.4023859096829865 0.7505119106400817
8466.34375697007 5.65048992307729 0.754720666891631
8470.109622138541 2.779286239807814 0.7993527604262031
8473.87867055971 5.294565154074513 0.7832508773479007
8477.646862219974 6.23903407760474 0.8641142050846975
8481.415891779203 7.6281622249796435 0.9080960297420293
8485.18483131894 5.780920166725998 0.8921311279362498
8488.954639726233 5.787412545637356 0.9049904720976785
8492.724906047086 5.9954016234392835 0.8729795426433864
8496.49581933785 5.511326481618797 0.8428369710728237
8500.266732035594 5.1934168168752555 0.8166811675092321
8504.039385634314 5.590443486962282 0.8274571240064938
8507.811066318302 7.524943979151147 0.824484250271136
8511.583840744117 8.169484096321655 0.8040094387070197
8515.356856759694 9.418787443336356 0.7895163187295112
8519.130119645592 7.5551822056799125 0.8963731984703226
8522.905308402078 10.054704522714234 0.8595878468405079
8526.680123131448 11.053237301708648 0.8285409224715478
8530.45548627699 10.73342215839445 0.8247102534408777
8534.231477917463 11.928694326147287 0.815772201495412
8538.00784325873 14.243504621661868 0.779569524411188
8541.784978518755 16.198349473877016 0.7285947862462416
8545.562474060613 16.463822397243234 0.7300949622820371
8549.34052367027 20.459697060682018 0.6867803743364674
8553.119002741241 18.83983444549657 0.6972248073418276
8556.898153597676 22.87774219902833 0.6550057676081623
8560.67782458806 22.674754142577214 0.6479283161008741
8564.458006000557 25.87332209942735 0.6272541086813053
8568.23845869066 25.83391838897337 0.6380247539089038
8572.019843737673 29.015224468119186 0.6085353098934563
8575.80254288272 26.994917790320258 0.613437059374712
8579.584637741083 27.121252070282956 0.6136569535777435
8583.366837550491 28.452900284222768 0.6137917017559875
8587.150217999208 26.74627182329154 0.6181174142992748
8590.9339841587 28.008296780189415 0.6046579632839114
8594.718549423049 29.69474376256087 0.5931539933226685
8598.503759187486 24.519905118983747 0.6315641962527156
8602.289191651264 24.90988081986641 0.6282493032077999
8606.075333456822 27.47250239559219 0.6095997414630305
8609.861913964349 28.031570078264767 0.5992902656965114
8613.649236966274 25.913814314855173 0.5969470664394247
8617.437151132552 30.238885453496952 0.5487485758385668
8621.22526734649 29.514435957307143 0.5315565625480201
8625.01463273933 30.87965473984159 0.5006625869295545
8628.803547694346 30.540264714727062 0.5075077214263097
8632.593738484815 32.689290685058644 0.4778529711631938
8636.384307575734 30.38014932258925 0.5025818741190983
8640.175412683264 31.156445576625295 0.4951991058720016
8643.96697349892 33.29515049309053 0.4900509070636186
8647.760141947554 34.74436990216846 0.48823150552993594
8651.5520572293 31.084987023340958 0.5027810890025222
8655.345640116519 33.451212180642116 0.48376058269899685
8659.139467718514 33.195532344885024 0.47439563523943257
8662.93404020448 36.14279090615296 0.46950408573413155
8666.729074612645 31.525962842073096 0.49004064322488144
8670.524769769525 35.65295462045698 0.4770179821920535
8674.320741828486 36.53310495631949 0.4798360441107124
8678.117810223039 37.342388430664506 0.4733249406112112
8681.915002254702 42.94136641638243 0.4518101105325994
8685.712950476202 39.015423062631214 0.48061492880378354
8689.511491048042 37.80964469939892 0.49333405707713474
8693.31064287439 39.47208216267598 0.48185462490004977
8697.110322932846 38.328927685770125 0.48665163660412364
8700.91045086155 39.76857369755241 0.4854381957081879
8704.71236439499 36.74413504048175 0.48706928268869004
8708.512862089096 38.767017808103176 0.48634047985460804
8712.31473198411 39.56113706822103 0.4840081245398664
8716.117512185563 43.343430236961446 0.45910952837536145
8719.920628006066 41.06723557081535 0.47088585394642163
8723.725354815902 37.589614224818654 0.49430154064866644
8727.5287316363 40.55459127198739 0.47611977795268123
8731.333742995153 40.022771452146856 0.4765477890334133
8735.139286625697 40.690037177150046 0.4769031841838948
8738.945555236827 41.04013670674072 0.4708756799169235
8742.752160890366 37.445211271700245 0.49221783890454246
8746.559534929936 38.57731274021465 0.48999278816291125
8750.367441958495 41.64346734773989 0.45849066501866054
8754.176859709254 41.264581249399185 0.44268488516909016
8757.985212043084 44.5546068124919 0.3992574776750896
8761.794915808463 39.54856964407425 0.39289096625087927
8765.605422836923 42.599495306472924 0.3572213565083459
8769.416412346804 42.12761659800572 0.3442377502323279
8773.227996210975 37.25641290191869 0.3309762170538819
8777.04024587069 42.288639823041 0.3294511284220611
8780.853165741739 36.63699595086464 0.365598609395816
8784.666348101238 38.04159396314954 0.3740767417084958
8788.480433057126 37.475322497945086 0.38061047946962184
8792.295073250996 35.38699067391529 0.4146704523042087
8796.11028947955 33.978376048289306 0.4590482153529868
8799.926154336259 33.38780829906225 0.46500063870317887
8803.742683331391 31.924705311666465 0.4879114289066673
8807.5598102322 31.09646260934352 0.507189308362703
8811.377535502816 30.23843077643971 0.5231639020519203
8815.195946241456 31.471067948845484 0.5076420701736293
8819.014977480703 27.25640747103818 0.48900116315629055
8822.834462765371 29.422711260794678 0.38411669200949744
8826.655129064224 27.158587077146333 0.3699204930403408
8830.475922728407 26.61764853439774 0.35857721010844895
8834.297538419296 23.777008777447694 0.3434591668973864
8838.11968112314 25.52999295064802 0.3381608074512807
8841.942476229693 22.574277195228508 0.38162475254538536
8845.76611147783 21.122876261824423 0.4589016206685515
8849.589275883234 26.185151846398977 0.45632307734778527
8853.41351775324 22.442050068468447 0.5050459862730201
8857.239882507058 24.586701674420773 0.5106964582623635
8861.0660424819 22.784336806649662 0.5179941188115808
8864.892645835565 24.384183275689256 0.48792322601548926
8868.71998209235 23.153290338460433 0.49801997383498653
8872.54804178885 21.77606340309796 0.5026093948711204
8876.37677470753 20.407229407359452 0.4995657299903879
8880.205805564845 20.051591971999454 0.4582229489059521
8884.03588626064 18.979614446834187 0.4245418557739562
8887.866465480605 19.392286091442198 0.42933123589673333
8891.69766398375 18.831462581906198 0.4360802979984868
8895.529777950323 12.498344417291902 0.46437890935706505
8899.362389270727 15.248656866342142 0.4287316103798753
8903.195503563817 13.451127963259662 0.48024952641343327
8907.029890636324 12.932884458477096 0.559342807856973
8910.8641229763 10.025735452701397 0.5713813740453078
8914.699676507462 13.414374012137356 0.4860390449325469
8918.535179855282 15.677707583141279 0.40845195058143174
8922.371734722194 10.970303409693996 0.4467754584291393
8926.208758921497 7.606041293180399 0.4819225494030733
8930.046816987373 9.678039733048735 0.45770822335861466
8933.885540273934 9.996321597650683 0.4791550777996455
8937.724890422993 6.974329419760148 0.5708059026556502
8941.564986404894 9.087077771438764 0.6073418771356944
8945.405409294639 8.337394517262501 0.6039341843719519
8949.246542330811 8.433615940040813 0.5867933852545124
8953.08861136005 4.622939043951354 0.5980829015064049
8956.931525019845 8.911129596044734 0.4839395746225335
8960.775042994106 6.959165625303884 0.5017813156501657
8964.6191697025 5.3561148806070715 0.5447948641728958
8968.463663763263 7.715849398570764 0.5217575359215132
8972.310155010407 7.427833118380243 0.5296255426683258
8976.155440993098 7.037154415735056 0.5971113276792442
8980.002169619724 4.734222185066493 0.7259755952901553
8983.849490200935 5.277321378075969 0.7340536418787277
8987.698037589615 5.7350802248147605 0.687214706448773
8991.546991328905 3.6675247216483724 0.6952702219744931
8995.395909802492 9.75384871812149 0.6319948625327609
8999.246918694009 5.574513216658204 0.6055726603009908
9003.098085729396 3.871278034746803 0.6004052530040939
9006.948760609286 3.786224317574979 0.6099568606062109
9010.802264162718 6.0785086270730275 0.624010741356736
9014.656130554058 5.754901887508867 0.5861172612721948
9018.509310899195 5.397516359367103 0.6344870065661719
9022.363934359479 4.522994003531054 0.7171364467587759
9026.219234125756 5.16402580938369 0.7209867842745231
9030.075432921667 3.5106049848179985 0.7353538297330057
9033.931941979985 5.170718213720169 0.6914966731115743
9037.789571987421 8.22804684356406 0.634391367395886
9041.647907321663 3.1723153330248675 0.6916649426251814
9045.506588690345 5.72365530005998 0.655044357609696
9049.366216256705 4.064476663509615 0.6155557386568958
9053.226444354053 7.957366666847859 0.5627258803892851
9057.087683051315 6.717014723723477 0.5862922835438632
9060.949480071822 7.921393079362446 0.5958533583271992
9064.812201044302 5.3455426644925765 0.6283816482044233
9068.675381366818 4.755284731652466 0.6478354629466844
9072.539603331019 4.959207317634218 0.6705434223273221
9076.404166045308 4.231572466445934 0.6937627315801426
9080.26981547665 4.6787203036102305 0.6798037809020788
9084.136057013635 5.340502536336344 0.6845898033062067
9088.00305014892 3.6846355094963283 0.710540176193167
9091.870848939752 4.900847878962921 0.6821653845558365
9095.739136392815 2.0981301324235946 0.7145742412481628
9099.608412233087 5.74852526268498 0.6570702328199864
9103.478429285977 3.751210059338247 0.6422657510205271
9107.349172510289 5.296844348502012 0.6197272698536318
9111.220604548767 5.439793296997871 0.6105240170087567
9115.092900988338 4.33851680738772 0.6386839524235325
9118.965889920511 3.8994531371376104 0.647030282920659
9122.83944153825 4.572397682787957 0.6313442789126809
9126.714125603052 4.20414295961792 0.6541771165010729
9130.589288240479 7.076709700519628 0.6119490574412122
9134.465451772068 5.014048440923311 0.619998110393252
9138.342236410348 4.97753835817742 0.6555119446781045
9142.220084977727 4.795661241607754 0.6563007505795216
9146.098210948096 6.922466117733886 0.6174112358108362
9149.977272210954 4.272134461900122 0.648615676571432
9153.856995792024 4.147522521830566 0.6315233988419213
9157.737867207234 3.10610345433504 0.6481231542243393
9161.619234627986 4.442224199837328 0.6190336618292799
9165.500753557528 2.687784744765503 0.5928536794533293
9169.384295290405 5.731890915532653 0.5931885777128462
9173.268063126377 7.064813561666072 0.5832519612053918
9177.153112462025 5.547955046892731 0.6050142613169794
9181.03822346749 3.997150139334004 0.6318794057997349
9184.924125303667 4.001282447709975 0.628149342514016
9188.811065501615 3.857035118094896 0.6086651971675003
9192.698604506299 2.4468441643012193 0.6254196080665302
9196.587010350757 5.191164408816043 0.5839783251179513
9200.47632840119 4.665958705211031 0.5949497934924654
9204.366370882777 5.004834713068669 0.5883839962992906
9208.257357370538 5.307128039564527 0.5752028388303781
9212.14886787771 5.504149690657925 0.5505519730222693
9216.041552470702 4.183408035836019 0.5663685889780805
9219.934733111864 3.134207513284488 0.5724811824262915
9223.82881816228 6.132467143111372 0.5128311848537119
9227.72376431624 6.4718535262867345 0.5111571805413432
9231.619282517928 3.0190473104755955 0.55166919939246
9235.515823895652 2.0512020288775275 0.5512396175631381
9239.412952108185 4.082422277868301 0.5267890628371846
9243.311311079175 2.786053172428452 0.5598329844528126
9247.210337867562 6.146695098460307 0.5287466250287199
9251.110079505574 3.4075082344434198 0.5391355272310233
9255.010701723942 8.219679699367552 0.4985476214706621
9258.911916189745 4.9069836145393175 0.531428436501038
9262.813796705845 5.605238930485128 0.5143554979420939
9266.717351440262 9.538093726289375 0.4940617649205113
9270.620145476094 7.342552998937754 0.5006541360278459
9274.52591268231 4.993345379217312 0.5073025175822925
9278.431161621547 6.610050624655925 0.4927455439430592
9282.337761071887 7.196789723338109 0.47518487978517276
9286.244912276665 6.051177005282135 0.4812889475640293
9290.152972408763 8.462060850076167 0.4676324737067128
9294.061605367444 9.341689273869715 0.4749129918810211
9297.971440444238 7.36072671079949 0.49331937332156084
9301.883109438124 8.211150293075479 0.485716525254257
9305.793468983586 8.346579910342651 0.4736985116515197
9309.705788010497 5.773729227695771 0.46438748190561346
9313.61886239346 8.477263998441504 0.38975742704652255
9317.532813728325 9.313190927082864 0.34534466404505376
9321.447533298202 5.051648118105482 0.31477859681969456
9325.36321665784 4.693360233638216 0.30341135629102883
9329.279757313898 6.401834197355355 0.28453224881808975
9333.19636210167 7.641450452978821 0.2721669420169378
9337.115388695474 2.2647227664123224 0.3166625065616366
9341.034378028882 4.409308406201793 0.3401171638146297
9344.954360837806 4.73494072521181 0.3895225214191153
9348.87568951392 6.603243537378283 0.39258130575188555
9352.79686866287 3.0773031913329096 0.4660063187582623
9356.719531801953 5.932555638096504 0.4705216994131807
9360.642978982953 4.0312099501513945 0.4794264214725262
9364.567006260668 4.208632541627163 0.489223904621972
9368.492156921413 4.570828667764688 0.4821085268752657
9372.41853843266 2.6532475971694756 0.5085151140065249
9376.343923589411 4.231651090151943 0.4719344517136829
9380.272805122773 4.649716193021347 0.42445012717442726
9384.20173699487 9.481932575354717 0.29134027345622004
9388.131293761526 4.600061604118799 0.27470121478395465
9392.06169002692 4.809602962130419 0.25968041016228877
9395.992083801599 1.2278750965773544 0.2697182002886448
9399.925450073511 1.8085075351286382 0.27246277697219523
9403.858698753478 -0.6475800577941327 0.3215566808334132
9407.79253218955 4.973437563943258 0.3886690670124831
9411.72729790953 9.254345000369584 0.36709005381477994
9415.663379674224 5.57239128400155 0.38438423855687437
9419.599941765808 4.855960018877051 0.38603055992806545
9423.537696726878 2.3509610628501734 0.38680678818645076
9427.47624497692 1.5181966735190082 0.3783166975645142
9431.415609680185 4.714664651866977 0.34615570586848954
9435.355944869205 3.3278127685514263 0.3765970534524631
9439.29719497492 3.0909074404761108 0.36259517721826906
9443.239644999534 4.104830553003948 0.3558920817139853
9447.18241443443 6.278887477792506 0.32027329288625006
9451.126659027586 4.8570464421405575 0.2793652074109546
9455.071455254492 2.2927193986926655 0.30384624008043837
9459.017094730147 2.726922835676573 0.29668515198230216
9462.964857827843 2.9849048346882663 0.2922367743941706
9466.911609534705 4.341284222185194 0.2832895217901773
9470.861266159238 1.1288583869518038 0.3074170643216222
9474.809671445571 2.0841297334374174 0.3363580301687655
9478.7602123794 2.2610342255123594 0.31969412847469214
9482.71141034165 6.461798211996096 0.2963308393350925
9486.663982085114 3.2908544597787732 0.29444877165247224
9490.617338217797 1.9275189625631337 0.26991544189363476
9494.5715362909 3.4907532017679994 0.27436805743479914
9498.526676789155 4.037241444315044 0.27249353241782936
9502.482662675124 3.8554099082422812 0.2675455474874136
9506.439727927625 2.2608517534595474 0.2836858407750846
9510.397614328012 6.1988942449024 0.28981691537263987
9514.356684778626 3.9257755303512996 0.32052540141574865
9518.31633448234 3.813596053662693 0.31210957544609164
9522.27723038123 5.668910442768205 0.29036411234503273
9526.238944451341 3.3764231228539523 0.3124731482756906
9530.20203021967 6.207238566552931 0.2855199933881916
9534.16566411949 4.668308919134867 0.28173684017086503
9538.130277345577 0.38838217471279335 0.3127434885146431
9542.09609032583 4.555465465587373 0.29376747962165856
9546.062590679085 2.017812363448872 0.2974092912393507
9550.030136309435 4.796134423660716 0.2881249018380458
9553.998579883384 4.941497591221863 0.2942995178204392
9557.968213374472 4.3233680606778755 0.31092221620016225
9561.938604788009 8.532838206876209 0.282556462287661
9565.910245144842 4.875325251891248 0.29152813163419444
9569.882613784392 4.353023785897803 0.2818872525744131
9573.855955824933 6.758287102189992 0.2699921125093952
9577.83036792169 6.205184561877735 0.2555627773885874
9581.80572779491 2.745989839042077 0.23957487865290797
9585.782094404756 2.2008260267539597 0.23090798648871694
9589.759570643677 4.2013538607001095 0.2345800380951184
9593.738131549359 3.4699641860170316 0.24137214434008833
9597.717437921774 1.7102807625858163 0.24563072356340704
9601.697672628308 2.911736927439771 0.24312028203965189
9605.678969232808 5.037254517300907 0.25090747462976754
9609.661319651243 3.958603177216094 0.2603321320324321
9613.64462180931 5.348047540303729 0.2676676831262283
9617.628982981647 4.2879911411417435 0.2626560344282895
9621.614274214864 2.5023259501078443 0.26973315457978675
9625.600834291989 1.8510174484668416 0.27069043915064483
9629.588139601958 0.7407649982902224 0.2616300644984147
9633.576615598811 1.1482693466916885 0.255222006351719
