3.776699999999999818e+03 1.740840206937624477e-15 5.694000000000000263e-32
3.802300000000000182e+03 1.385059388206062045e-15 5.129999999999999473e-32
3.827900000000000091e+03 1.064235200135896861e-15 4.013000000000000232e-34
3.853400000000000091e+03 9.912146827543105460e-16 5.818000000000000391e-34
3.879000000000000000e+03 9.997596369159861214e-16 2.726000000000000168e-32
3.904599999999999909e+03 1.368746293897409391e-15 2.804000000000000149e-32
3.930099999999999909e+03 2.089629699536907539e-15 2.303000000000000123e-32
3.955699999999999818e+03 2.586790668943460299e-15 1.926000000000000123e-32
3.981300000000000182e+03 3.093273406526380031e-15 2.122999999999999935e-32
4.006800000000000182e+03 3.422642548758220790e-15 1.577999999999999997e-32
4.032400000000000091e+03 3.419535292699432325e-15 2.005000000000000034e-32
4.058000000000000000e+03 3.034235541409353444e-15 1.702999999999999952e-32
4.083599999999999909e+03 2.499010685282615562e-15 1.372999999999999927e-32
4.109100000000000364e+03 2.137792168448168583e-15 1.352999999999999967e-32
4.134699999999999818e+03 2.134684912389376568e-15 1.041000000000000043e-32
4.160300000000000182e+03 2.072539791213557966e-15 8.468999999999999443e-33
4.185800000000000182e+03 2.164203844947889467e-15 8.592000000000000087e-33
4.211399999999999636e+03 2.112157305963140870e-15 7.003000000000000591e-33
4.237000000000000000e+03 2.088852885522209634e-15 5.874000000000000177e-33
4.262600000000000364e+03 2.210812685829755095e-15 5.260999999999999827e-33
4.288100000000000364e+03 2.218580825976733751e-15 4.361000000000000256e-33
4.313699999999999818e+03 2.272180992990875792e-15 3.280000000000000293e-33
4.339300000000000182e+03 2.370836372857486466e-15 3.555000000000000086e-33
4.364800000000000182e+03 2.489688917106239912e-15 3.480999999999999960e-33
4.390399999999999636e+03 2.349862394460648945e-15 3.072999999999999885e-33
4.416000000000000000e+03 1.837941958774841906e-15 2.367999999999999925e-33
4.441600000000000364e+03 1.621210848674173324e-15 2.490000000000000160e-33
4.467100000000000364e+03 1.557512099468958714e-15 1.636000000000000018e-32
4.492699999999999818e+03 1.804538956142838692e-15 1.302999999999999930e-32
4.518300000000000182e+03 2.210035871815053640e-15 2.484000000000000103e-33
4.543800000000000182e+03 2.533967315944013402e-15 2.442000000000000050e-33
4.569399999999999636e+03 2.904507600954831693e-15 2.332999999999999994e-33
4.595000000000000000e+03 3.396230872258501089e-15 2.332999999999999994e-33
4.620500000000000000e+03 3.917473076120679046e-15 2.241000000000000041e-33
4.646100000000000364e+03 3.942331124591008853e-15 2.373999999999999981e-33
4.671699999999999818e+03 4.093809857457062874e-15 2.577999999999999847e-33
4.697300000000000182e+03 3.883293259473975166e-15 1.598000000000000094e-33
4.722800000000000182e+03 3.295245050347791572e-15 1.407999999999999960e-33
4.748399999999999636e+03 2.655150302236858986e-15 1.185000000000000029e-33
4.774000000000000000e+03 2.303253553578786079e-15 1.154999999999999918e-33
4.799500000000000000e+03 2.063994837051883771e-15 1.335999999999999967e-33
4.825100000000000364e+03 1.794440373951768687e-15 1.229000000000000043e-33
4.850699999999999818e+03 1.986313435582107068e-15 1.067000000000000059e-33
4.876300000000000182e+03 2.385595839136746663e-15 1.173999999999999982e-33
4.901800000000000182e+03 2.317236205843343243e-15 1.003000000000000084e-33
4.927399999999999636e+03 2.259751968755710099e-15 8.810000000000000199e-34
4.953000000000000000e+03 2.785655056706078642e-15 9.295999999999999297e-34
4.978500000000000000e+03 3.291360980274303229e-15 1.051000000000000023e-33
5.004100000000000364e+03 3.305343632538863549e-15 1.100000000000000027e-33
5.029699999999999818e+03 3.096380662585174018e-15 8.705999999999999449e-34
5.055300000000000182e+03 2.672240210560210137e-15 7.005000000000000040e-34
5.080800000000000182e+03 2.178186497212450575e-15 4.031999999999999613e-34
5.106399999999999636e+03 2.181293753271242590e-15 4.561000000000000370e-34
5.132000000000000000e+03 2.260528782770410765e-15 5.905999999999999908e-34
5.157500000000000000e+03 2.383265397092651370e-15 6.037999999999999610e-34
5.183100000000000364e+03 2.464830868635914838e-15 7.078000000000000270e-34
5.208699999999999818e+03 2.672240210560210137e-15 4.019000000000000118e-33
5.234199999999999818e+03 2.840808851749618464e-15 2.963999999999999829e-33
5.259800000000000182e+03 3.146873573540526015e-15 2.743999999999999926e-33
5.285399999999999636e+03 3.619176494476746601e-15 7.205999999999999878e-34
5.311000000000000000e+03 3.873971491297602672e-15 5.702000000000000212e-34
5.336500000000000000e+03 4.074389507089621952e-15 5.396999999999999624e-34
5.362100000000000364e+03 4.209555145647032194e-15 5.112000000000000364e-34
5.387699999999999818e+03 4.216546471779305845e-15 5.940999999999999667e-34
5.413199999999999818e+03 3.984279081384683895e-15 4.857999999999999913e-34
5.438800000000000182e+03 3.845229372753793200e-15 4.488000000000000139e-34
5.464399999999999636e+03 3.796290089827831095e-15 4.367999999999999865e-34
5.490000000000000000e+03 3.754342133034148954e-15 4.257000000000000019e-34
5.515500000000000000e+03 3.670446219446798082e-15 4.096000000000000272e-34
5.541100000000000364e+03 3.748127620916571235e-15 5.803999999999999632e-34
5.566699999999999818e+03 3.864649723121230177e-15 1.098999999999999961e-33
5.592199999999999818e+03 3.585773491844743388e-15 1.850000000000000069e-33
5.617800000000000182e+03 3.138328619378850243e-15 3.046000000000000144e-33
5.643399999999999636e+03 2.774779660500307970e-15 4.957999999999999714e-34
5.668899999999999636e+03 2.506778825429592246e-15 3.294000000000000111e-34
5.694500000000000000e+03 2.222464896050220516e-15 2.865999999999999820e-34
5.720100000000000364e+03 1.917176988274009686e-15 2.912999999999999863e-34
5.745699999999999818e+03 1.588584660056867227e-15 3.755999999999999924e-34
5.771199999999999818e+03 1.343888245427082147e-15 2.629999999999999795e-34
5.796800000000000182e+03 1.329905593162522419e-15 1.890000000000000032e-34
5.822399999999999636e+03 1.510126444572398337e-15 2.646000000000000173e-34
5.847899999999999636e+03 1.763367813363857809e-15 2.999999999999999997e-34
5.873500000000000000e+03 1.898533451921266275e-15 1.903000000000000169e-33
5.899100000000000364e+03 2.126916772242398306e-15 2.725999999999999928e-34
5.924699999999999818e+03 2.334326114166695182e-15 2.840000000000000060e-34
5.950199999999999818e+03 2.424436539871630084e-15 2.628999999999999985e-34
5.975800000000000182e+03 2.471045380753494923e-15 2.442999999999999860e-34
6.001399999999999636e+03 2.443856890239076528e-15 3.325000000000000203e-34
6.026899999999999636e+03 2.321120275916833557e-15 2.667000000000000029e-34
6.052500000000000000e+03 2.183624195315333939e-15 2.095000000000000179e-34
6.078100000000000364e+03 2.164203844947889467e-15 2.503999999999999807e-34
6.103699999999999818e+03 2.202267731668080900e-15 2.210999999999999930e-34
6.129199999999999818e+03 2.289270901314224576e-15 2.075000000000000133e-34
6.154800000000000182e+03 2.425213353886325623e-15 2.044000000000000041e-34
6.180399999999999636e+03 2.657480744280952701e-15 2.289999999999999875e-34
6.205899999999999636e+03 2.719625865456770120e-15 2.404000000000000007e-34
6.231500000000000000e+03 2.662141628369141315e-15 2.156999999999999935e-34
6.257100000000000364e+03 2.519984663679453478e-15 2.446000000000000145e-34
6.282600000000000364e+03 2.368505930813393934e-15 2.379999999999999866e-34
6.308199999999999818e+03 2.243438874447057642e-15 2.086999999999999990e-34
6.333800000000000182e+03 2.290047715328920903e-15 4.574000000000000036e-34
6.359399999999999636e+03 2.405793003518885490e-15 1.857999999999999917e-34
6.384899999999999636e+03 2.667579326472024284e-15 2.525999999999999900e-34
6.410500000000000000e+03 3.011707934983118929e-15 2.298999999999999874e-34
6.436100000000000364e+03 3.328648052979793996e-15 1.730000000000000095e-34
6.461600000000000364e+03 3.555477745271531794e-15 2.035000000000000042e-34
6.487199999999999818e+03 3.683652057696658129e-15 2.269000000000000020e-34
6.512800000000000182e+03 3.719385502372756241e-15 2.217999999999999882e-34
6.538399999999999636e+03 3.731814526607921145e-15 2.287000000000000018e-34
6.563899999999999636e+03 3.774539297416296853e-15 3.157000000000000077e-34
6.589500000000000000e+03 3.695304267917127889e-15 5.839999999999999629e-34
6.615100000000000364e+03 3.493332624095714376e-15 7.258999999999999635e-34
6.640600000000000364e+03 3.187267902304807614e-15 4.287000000000000301e-34
6.666199999999999818e+03 2.803521779044126909e-15 1.691000000000000028e-34
6.691800000000000182e+03 2.432204680018610713e-15 1.354999999999999989e-34
6.717399999999999636e+03 2.126916772242398306e-15 1.648000000000000079e-34
6.742899999999999636e+03 1.959124945067688673e-15 1.714999999999999954e-34
6.768500000000000000e+03 1.834057888701351986e-15 1.821999999999999920e-34
6.794100000000000364e+03 1.715205344452599132e-15 2.021999999999999948e-34
6.819600000000000364e+03 1.662381991453154405e-15 1.343999999999999942e-34
6.845199999999999818e+03 1.628978988821150797e-15 1.177000000000000053e-34
6.870800000000000182e+03 1.567610681660030494e-15 1.416999999999999959e-34
6.896300000000000182e+03 1.455749463543555236e-15 1.403000000000000055e-34
6.921899999999999636e+03 1.395157970397132642e-15 6.085999999999999890e-34
6.947500000000000000e+03 1.430891415073227401e-15 1.109999999999999965e-34
6.973100000000000364e+03 1.478277069969790342e-15 1.315999999999999921e-34
6.998600000000000364e+03 1.532654050998632063e-15 1.291999999999999995e-34
7.024199999999999818e+03 1.618103592615383281e-15 1.235999999999999953e-34
7.049800000000000182e+03 1.681025527805899591e-15 1.011999999999999998e-34
7.075300000000000182e+03 1.729964810731857751e-15 8.849999999999999862e-35
7.100899999999999636e+03 1.763367813363857809e-15 1.070999999999999897e-34
7.126500000000000000e+03 1.786672233804790425e-15 1.205000000000000074e-34
7.152100000000000364e+03 1.798324444025257818e-15 9.927999999999999284e-35
7.177600000000000364e+03 1.804538956142838692e-15 1.155999999999999984e-34
7.203199999999999818e+03 1.858139123156983888e-15 9.176999999999999261e-34
7.228800000000000182e+03 2.022046880258202813e-15 1.334000000000000005e-33
7.254300000000000182e+03 2.179740125241845202e-15 1.213000000000000007e-33
7.279899999999999636e+03 2.325781160005018621e-15 2.030999999999999947e-34
7.305500000000000000e+03 2.516877407620660279e-15 8.057000000000000129e-34
7.331100000000000364e+03 2.744483913927097561e-15 9.942999999999999852e-34
7.356600000000000364e+03 2.847800177881898032e-15 1.621000000000000082e-34
7.382199999999999818e+03 2.835371153646735101e-15 1.793000000000000089e-34
7.407800000000000182e+03 2.734385331736026372e-15 1.388999999999999938e-34
7.433300000000000182e+03 2.582129784855272079e-15 1.318999999999999992e-34
7.458899999999999636e+03 2.488135289076848046e-15 7.042000000000000274e-34
7.484500000000000000e+03 2.470268566738799385e-15 1.008999999999999970e-33
7.510000000000000000e+03 2.525422361782339602e-15 2.224999999999999834e-34
7.535600000000000364e+03 2.517654221635358579e-15 2.336000000000000108e-34
7.561199999999999818e+03 2.398024863371908806e-15 2.181000000000000076e-34
7.586800000000000182e+03 2.231786664226594982e-15 2.190999999999999885e-34
7.612300000000000182e+03 1.896979823891866915e-15 1.878999999999999986e-34
7.637899999999999636e+03 1.571494751733518245e-15 7.618999999999999601e-34
7.663500000000000000e+03 1.511680072601792964e-15 1.131000000000000034e-33
7.689000000000000000e+03 1.632086244879940642e-15 1.724999999999999977e-33
7.714600000000000364e+03 1.749385161099297686e-15 1.430000000000000053e-33
7.740199999999999818e+03 1.959901759082386183e-15 4.706999999999999975e-34
7.765800000000000182e+03 2.219357639991427712e-15 3.880999999999999675e-34
7.791300000000000182e+03 2.438419192136192376e-15 9.657999999999999737e-34
7.816899999999999636e+03 2.731278075677238696e-15 7.330999999999999628e-34
7.842500000000000000e+03 2.864890086205247211e-15 1.665000000000000054e-34
7.868000000000000000e+03 2.972090420233534842e-15 1.288999999999999924e-33
7.893600000000000364e+03 3.038896425497537324e-15 1.443000000000000061e-33
7.919199999999999818e+03 3.070745800100148277e-15 1.445000000000000023e-33
7.944699999999999818e+03 3.029574657321169957e-15 1.515999999999999949e-33
7.970300000000000182e+03 2.821388501382174387e-15 1.838999999999999895e-34
7.995899999999999636e+03 2.503671569370801415e-15 1.686999999999999933e-34
8.021500000000000000e+03 2.171195171080170218e-15 7.899000000000000239e-34
8.047000000000000000e+03 1.889211683744893781e-15 6.956000000000000377e-34
8.072600000000000364e+03 1.708214018320320747e-15 6.794999999999999775e-34
8.098199999999999818e+03 1.635193500938732263e-15 5.091999999999999891e-34
8.123699999999999818e+03 1.574602007792308288e-15 6.387000000000000384e-34
8.149300000000000182e+03 1.542752633189700884e-15 7.153000000000000120e-34
8.174899999999999636e+03 1.470508929822813066e-15 6.315000000000000391e-34
8.200500000000000000e+03 1.444097253323088435e-15 7.402000000000000239e-34
8.226000000000000000e+03 1.496143792307838806e-15 7.772999999999999396e-34
8.251600000000000364e+03 1.508572816543000949e-15 9.444000000000000233e-34
8.277200000000000728e+03 1.453419021499463493e-15 2.601000000000000178e-34
8.302700000000000728e+03 1.345441873456476182e-15 4.204000000000000261e-34
8.328299999999999272e+03 1.152791997811438714e-15 4.864999999999999865e-34
8.353899999999999636e+03 9.818929145779374599e-16 2.238999999999999908e-33
8.379500000000000000e+03 9.127564672698379094e-16 6.715999999999999830e-34
8.405000000000000000e+03 9.329536316519802862e-16 1.126000000000000044e-33
8.430600000000000364e+03 1.026171313415708386e-15 8.472999999999999709e-34
8.456200000000000728e+03 1.160560137958416778e-15 5.998999999999999756e-34
8.481700000000000728e+03 1.323691081044941348e-15 8.073999999999999889e-34
8.507299999999999272e+03 1.517117770704676722e-15 7.416000000000000143e-34
8.532899999999999636e+03 1.769582325481441838e-15 6.382000000000000052e-34
8.558399999999999636e+03 2.089629699536907539e-15 8.447000000000000376e-34
8.584000000000000000e+03 2.359960976651717767e-15 1.337000000000000033e-33
8.609600000000000364e+03 2.495126615209125642e-15 1.473000000000000001e-33
8.635200000000000728e+03 2.545619526164478429e-15 1.636999999999999947e-33
8.660700000000000728e+03 2.636506765884113603e-15 1.608000000000000074e-33
8.686299999999999272e+03 2.719625865456770120e-15 9.884999999999999763e-34
8.711899999999999636e+03 2.737492587794818781e-15 7.957000000000000328e-34
8.737399999999999636e+03 2.715741795383284933e-15 4.298999999999999729e-34
8.763000000000000000e+03 2.637283579898809930e-15 1.036999999999999948e-33
8.788600000000000364e+03 2.511439709517778099e-15 1.275999999999999915e-33
8.814200000000000728e+03 2.357630534607627207e-15 1.141000000000000014e-33
8.839700000000000728e+03 2.175079241153658561e-15 9.762999999999999870e-34
8.865299999999999272e+03 2.025154136316995222e-15 7.852000000000000196e-34
8.890899999999999636e+03 1.928052384479777597e-15 5.173999999999999693e-34
8.916399999999999636e+03 1.858139123156983888e-15 4.005000000000000043e-34
8.942000000000000000e+03 1.830173818627864827e-15 3.416999999999999814e-34
8.967600000000000364e+03 1.806869398186932802e-15 3.884999999999999769e-34
8.993200000000000728e+03 1.693454552041061339e-15 2.174000000000000038e-33
9.018700000000000728e+03 1.572271565748215756e-15 1.944999999999999880e-33
9.044299999999999272e+03 1.458856719602346462e-15 1.698999999999999960e-33
9.069899999999999636e+03 1.409917436676389288e-15 3.402999999999999911e-34
9.095399999999999636e+03 1.486822024131463354e-15 3.891999999999999721e-34
9.121000000000000000e+03 1.624318104732964155e-15 1.769000000000000163e-33
9.146600000000000364e+03 1.747054719055208704e-15 2.507999999999999987e-33
9.172100000000000364e+03 1.828620190598469017e-15 4.705000000000000356e-34
9.197700000000000728e+03 1.895426195862472288e-15 4.385999999999999864e-34
9.223299999999999272e+03 2.043020858655043884e-15 4.113000000000000032e-34
