3.776699999999999818e+03 6.040199940235675968e-16 2.039999999999999977e-31
3.802300000000000182e+03 9.193148882646090045e-16 1.695999999999999898e-31
3.827900000000000091e+03 6.755370241077363623e-16 1.119999999999999953e-31
3.853400000000000091e+03 5.131291554800653192e-16 8.479000000000000381e-32
3.879000000000000000e+03 5.306209368319207605e-16 7.352000000000000099e-32
3.904599999999999909e+03 8.944057059597513077e-16 7.294999999999999461e-32
3.930099999999999909e+03 1.397128358610232174e-15 6.660999999999999769e-32
3.955699999999999818e+03 1.649541405966121621e-15 5.566000000000000518e-32
3.981300000000000182e+03 1.956201117008145139e-15 2.334000000000000184e-31
4.006800000000000182e+03 2.422279594801258389e-15 2.155999999999999910e-31
4.032400000000000091e+03 2.498667753869487818e-15 2.472999999999999975e-31
4.058000000000000000e+03 2.494239454793068549e-15 2.032000000000000103e-31
4.083599999999999909e+03 2.042552948998317725e-15 1.957999999999999949e-31
4.109100000000000364e+03 1.672789976117322388e-15 5.474000000000000428e-32
4.134699999999999818e+03 1.755820583800179931e-15 1.005000000000000005e-31
4.160300000000000182e+03 1.730357864110771107e-15 1.144999999999999999e-31
4.185800000000000182e+03 1.792354051180638898e-15 1.032000000000000019e-31
4.211399999999999636e+03 1.962843565622774042e-15 7.515000000000000390e-32
4.237000000000000000e+03 1.675004125655531233e-15 6.972999999999999693e-32
4.262600000000000364e+03 1.922988873935001806e-15 6.482999999999999714e-32
4.288100000000000364e+03 1.948451593624412010e-15 6.400000000000000358e-32
4.313699999999999818e+03 1.833315817637515360e-15 5.776999999999999618e-32
4.339300000000000182e+03 2.318214566505408333e-15 4.883999999999999827e-32
4.364800000000000182e+03 2.425600819108571460e-15 4.643000000000000103e-32
4.390399999999999636e+03 2.122262332373862197e-15 5.316000000000000059e-32
4.416000000000000000e+03 1.761355957645704411e-15 4.054999999999999909e-32
4.441600000000000364e+03 1.610793789047454794e-15 4.360000000000000052e-32
4.467100000000000364e+03 1.545476377670272354e-15 3.334000000000000048e-32
4.492699999999999818e+03 1.777962079182276077e-15 3.962000000000000163e-32
4.518300000000000182e+03 2.151046276370586655e-15 3.313000000000000159e-32
4.543800000000000182e+03 2.464348436027239471e-15 3.440999999999999903e-32
4.569399999999999636e+03 2.721189782459547201e-15 3.510000000000000244e-32
4.595000000000000000e+03 3.214945129480279501e-15 3.218000000000000006e-32
4.620500000000000000e+03 3.465144027297961088e-15 4.269999999999999822e-32
4.646100000000000364e+03 3.572530279901126188e-15 4.476000000000000095e-32
4.671699999999999818e+03 3.614599121127105691e-15 4.299999999999999899e-32
4.697300000000000182e+03 3.388755868229728899e-15 5.141999999999999723e-32
4.722800000000000182e+03 2.721189782459547201e-15 3.569000000000000195e-32
4.748399999999999636e+03 2.255111304666436711e-15 4.026000000000000035e-32
4.774000000000000000e+03 1.835529967175724205e-15 3.502999999999999916e-32
4.799500000000000000e+03 1.774640854874960837e-15 3.394999999999999858e-32
4.825100000000000364e+03 1.451375022296365653e-15 3.572000000000000257e-32
4.850699999999999818e+03 1.579795695512520306e-15 3.763999999999999874e-32
4.876300000000000182e+03 1.986092135773973428e-15 3.132000000000000041e-32
4.901800000000000182e+03 1.980556761928450328e-15 3.006999999999999812e-32
4.927399999999999636e+03 2.002698257310545883e-15 2.583000000000000111e-32
4.953000000000000000e+03 2.372461230191542207e-15 2.031000000000000118e-32
4.978500000000000000e+03 2.787614268605833866e-15 2.672000000000000139e-32
5.004100000000000364e+03 2.994637250428428963e-15 2.289999999999999943e-32
5.029699999999999818e+03 2.862895352904959069e-15 1.916000000000000006e-32
5.055300000000000182e+03 2.468776735103656767e-15 1.421000000000000105e-32
5.080800000000000182e+03 2.030375126538166905e-15 1.371000000000000068e-32
5.106399999999999636e+03 1.927417173011421075e-15 9.914000000000000321e-33
5.132000000000000000e+03 1.918560574858582537e-15 1.031000000000000062e-32
5.157500000000000000e+03 2.069122743456832943e-15 1.134999999999999992e-32
5.183100000000000364e+03 2.105656210837290530e-15 1.105000000000000052e-32
5.208699999999999818e+03 2.325964089889141856e-15 1.140000000000000050e-32
5.234199999999999818e+03 2.617124754163699117e-15 1.012999999999999962e-32
5.259800000000000182e+03 2.795363791989568178e-15 1.195999999999999938e-32
5.285399999999999636e+03 3.010136297195894827e-15 1.263000000000000010e-32
5.311000000000000000e+03 3.228230026709538096e-15 1.181000000000000037e-32
5.336500000000000000e+03 3.396505391613464394e-15 1.409000000000000129e-32
5.362100000000000364e+03 3.510534092831256030e-15 1.418000000000000042e-32
5.387699999999999818e+03 3.452966204837806324e-15 1.305000000000000063e-32
5.413199999999999818e+03 3.266977643628206106e-15 1.154000000000000022e-32
5.438800000000000182e+03 3.082096157187705381e-15 1.197000000000000005e-32
5.464399999999999636e+03 3.046669764576353203e-15 1.037000000000000051e-32
5.490000000000000000e+03 2.929319839051245735e-15 1.037000000000000051e-32
5.515500000000000000e+03 2.893893446439893556e-15 1.055000000000000015e-32
5.541100000000000364e+03 2.850717530444807066e-15 9.885999999999999829e-33
5.566699999999999818e+03 2.959210857817074419e-15 6.359999999999999617e-33
5.592199999999999818e+03 2.834111408908236189e-15 8.018999999999999657e-33
5.617800000000000182e+03 2.487597006178439646e-15 1.099999999999999993e-32
5.643399999999999636e+03 2.115619883759233688e-15 7.300999999999999859e-33
5.668899999999999636e+03 1.839958266252143474e-15 5.267000000000000226e-33
5.694500000000000000e+03 1.682753649039265151e-15 4.073000000000000283e-33
5.720100000000000364e+03 1.502300461675185863e-15 3.837999999999999726e-33
5.745699999999999818e+03 1.241030816166458470e-15 3.626000000000000013e-33
5.771199999999999818e+03 1.030243780128907823e-15 2.782000000000000056e-33
5.796800000000000182e+03 9.899462585334936992e-16 2.581000000000000047e-33
5.822399999999999636e+03 1.043860799788896502e-15 3.208999999999999682e-33
5.847899999999999636e+03 1.254315713395715685e-15 3.414999999999999681e-33
5.873500000000000000e+03 1.388271760457393241e-15 2.860999999999999830e-33
5.899100000000000364e+03 1.568724947821472529e-15 3.745999999999999773e-33
5.924699999999999818e+03 1.759141808107494382e-15 2.964999999999999896e-33
5.950199999999999818e+03 1.894204929938277742e-15 3.595000000000000006e-33
5.975800000000000182e+03 1.865420985941553284e-15 3.192999999999999988e-33
6.001399999999999636e+03 1.870956359787077172e-15 2.332999999999999994e-33
6.026899999999999636e+03 1.775747929644066048e-15 2.923999999999999909e-33
6.052500000000000000e+03 1.657290929349855341e-15 2.450999999999999964e-33
6.078100000000000364e+03 1.660612153657169398e-15 2.262000000000000068e-33
6.103699999999999818e+03 1.650648480735226635e-15 2.155000000000000145e-33
6.129199999999999818e+03 1.700466845344941634e-15 3.114000000000000214e-33
6.154800000000000182e+03 1.838851191483038854e-15 2.262000000000000068e-33
6.180399999999999636e+03 2.048088322843842008e-15 2.866000000000000162e-33
6.205899999999999636e+03 2.189793893289253877e-15 2.914999999999999996e-33
6.231500000000000000e+03 2.155474575447005924e-15 2.670999999999999867e-33
6.257100000000000364e+03 2.060266145303994406e-15 3.661999999999999667e-33
6.282600000000000364e+03 2.011554855463384027e-15 2.758999999999999896e-33
6.308199999999999818e+03 1.884241257016334979e-15 2.181999999999999885e-33
6.333800000000000182e+03 1.812281397024524424e-15 2.618999999999999834e-33
6.359399999999999636e+03 1.872063434556181792e-15 2.139000000000000108e-33
6.384899999999999636e+03 2.096799612684453571e-15 2.268999999999999849e-33
6.410500000000000000e+03 2.349212660040342426e-15 3.135000000000000240e-33
6.436100000000000364e+03 2.601625707396232465e-15 2.557999999999999887e-33
6.461600000000000364e+03 2.841860932291968923e-15 3.283999999999999875e-33
6.487199999999999818e+03 2.878394399672427299e-15 3.242999999999999888e-33
6.512800000000000182e+03 2.880608549210636933e-15 3.271999999999999762e-33
6.538399999999999636e+03 2.920463240898408380e-15 2.737999999999999870e-33
6.563899999999999636e+03 2.937069362434980441e-15 2.180000000000000095e-33
6.589500000000000000e+03 2.860681203366750224e-15 3.039000000000000022e-33
6.615100000000000364e+03 2.682442165540880768e-15 3.807999999999999786e-33
6.640600000000000364e+03 2.506417277253220947e-15 3.398999999999999987e-33
6.666199999999999818e+03 2.198650491442091625e-15 3.021999999999999919e-33
6.691800000000000182e+03 1.867635135479762918e-15 1.928999999999999843e-33
6.717399999999999636e+03 1.636256508736864406e-15 1.835000000000000099e-33
6.742899999999999636e+03 1.479051891523984899e-15 2.069999999999999972e-33
6.768500000000000000e+03 1.320740199542002153e-15 1.687999999999999914e-33
6.794100000000000364e+03 1.257636937703029742e-15 1.625999999999999901e-33
6.819600000000000364e+03 1.212246872169733420e-15 1.862999999999999907e-33
6.845199999999999818e+03 1.200069049709580628e-15 2.641999999999999993e-33
6.870800000000000182e+03 1.148036535561656192e-15 2.785999999999999979e-33
6.896300000000000182e+03 1.083826198953578964e-15 3.042999999999999945e-33
6.921899999999999636e+03 1.062570363386766986e-15 2.014000000000000016e-33
6.947500000000000000e+03 1.082276294276832653e-15 2.138000000000000042e-33
6.973100000000000364e+03 1.130323339255979314e-15 2.256000000000000011e-33
6.998600000000000364e+03 1.172392180481961579e-15 2.499000000000000073e-33
7.024199999999999818e+03 1.190105376787637668e-15 2.181999999999999885e-33
7.049800000000000182e+03 1.215568096477048463e-15 1.903000000000000169e-33
7.075300000000000182e+03 1.268707685394076731e-15 1.889999999999999989e-33
7.100899999999999636e+03 1.308562377081849558e-15 2.129999999999999852e-33
7.126500000000000000e+03 1.337346321078573425e-15 3.051999999999999859e-33
7.152100000000000364e+03 1.340667545385887680e-15 3.061999999999999839e-33
7.177600000000000364e+03 1.345095844462307343e-15 2.890000000000000045e-33
7.203199999999999818e+03 1.386057610919184396e-15 2.629000000000000156e-33
7.228800000000000182e+03 1.494550938291452537e-15 2.396000000000000074e-33
7.254300000000000182e+03 1.659505078888063989e-15 2.448999999999999831e-33
7.279899999999999636e+03 1.845493640097666180e-15 2.310999999999999901e-33
7.305500000000000000e+03 2.046981248074736994e-15 2.059999999999999992e-33
7.331100000000000364e+03 2.310465043121674416e-15 2.433000000000000137e-33
7.356600000000000364e+03 2.457705987412609779e-15 2.541999999999999851e-33
7.382199999999999818e+03 2.439992791106933492e-15 2.634999999999999870e-33
7.407800000000000182e+03 2.330392388965560336e-15 2.531000000000000146e-33
7.433300000000000182e+03 2.185365594212835791e-15 2.145999999999999889e-33
7.458899999999999636e+03 2.034803425614583413e-15 1.954000000000000135e-33
7.484500000000000000e+03 1.950665743162620461e-15 1.917000000000000072e-33
7.510000000000000000e+03 1.929631322549630709e-15 2.414999999999999968e-33
7.535600000000000364e+03 1.895312004707381967e-15 6.609000000000000078e-34
7.561199999999999818e+03 1.895312004707381967e-15 8.740000000000000681e-34
7.586800000000000182e+03 1.834422892406619191e-15 1.206999999999999951e-33
7.612300000000000182e+03 1.614115013354769048e-15 9.962000000000000088e-34
7.637899999999999636e+03 1.273135984470496197e-15 6.700999999999999689e-34
7.663500000000000000e+03 1.144715311254342529e-15 3.208999999999999682e-33
7.689000000000000000e+03 1.154678984176285489e-15 2.959999999999999906e-33
7.714600000000000364e+03 1.255422788164819713e-15 3.001999999999999959e-33
7.740199999999999818e+03 1.383843461380973973e-15 2.677999999999999990e-33
7.765800000000000182e+03 1.565403723514158077e-15 2.493000000000000017e-33
7.791300000000000182e+03 1.806746023178999747e-15 2.467000000000000001e-33
7.816899999999999636e+03 2.054730771458471306e-15 2.648000000000000050e-33
7.842500000000000000e+03 2.255111304666436711e-15 2.641999999999999993e-33
7.868000000000000000e+03 2.351426809578551666e-15 3.231999999999999842e-33
7.893600000000000364e+03 2.373568304960646827e-15 3.332000000000000326e-33
7.919199999999999818e+03 2.385746127420799619e-15 3.187000000000000273e-33
7.944699999999999818e+03 2.353640959116760512e-15 2.941000000000000012e-33
7.970300000000000182e+03 2.148832126832377021e-15 2.316999999999999958e-33
7.995899999999999636e+03 1.918560574858582537e-15 6.059000000000000321e-34
8.021500000000000000e+03 1.662826303195378835e-15 5.238000000000000352e-34
8.047000000000000000e+03 1.421484003530536969e-15 4.708000000000000213e-34
8.072600000000000364e+03 1.252101563857505656e-15 4.947999999999999905e-34
8.098199999999999818e+03 1.164642657098227464e-15 5.008999999999999851e-34
8.123699999999999818e+03 1.136965787870608020e-15 2.985999999999999922e-33
8.149300000000000182e+03 1.093236334490969811e-15 3.063999999999999972e-33
8.174899999999999636e+03 1.027808215636877540e-15 4.896000000000000385e-34
8.200500000000000000e+03 9.973636594864957575e-16 3.280000000000000293e-33
8.226000000000000000e+03 1.025704773575578526e-15 3.444000000000000239e-33
8.251600000000000364e+03 1.070098471816680059e-15 3.885000000000000111e-33
8.277200000000000728e+03 1.068991397047574847e-15 4.030000000000000164e-33
8.302700000000000728e+03 1.011866338961768409e-15 7.916999999999999382e-34
8.328299999999999272e+03 8.991661274669016469e-16 8.333000000000000672e-34
8.353899999999999636e+03 7.507074009299509456e-16 7.569999999999999938e-34
8.379500000000000000e+03 6.353502099892329573e-16 2.589999999999999960e-33
8.405000000000000000e+03 6.391142642041892963e-16 2.633000000000000080e-33
8.430600000000000364e+03 7.058708727812076239e-16 2.572000000000000133e-33
8.456200000000000728e+03 8.129250029536394832e-16 3.030999999999999832e-33
8.481700000000000728e+03 9.393529415854057422e-16 2.666999999999999943e-33
8.507299999999999272e+03 1.104417789658928209e-15 2.311999999999999968e-33
8.532899999999999636e+03 1.299705778929011021e-15 2.706999999999999863e-33
8.558399999999999636e+03 1.514478284135337866e-15 2.737999999999999870e-33
8.584000000000000000e+03 1.741428611801817899e-15 3.446999999999999754e-33
8.609600000000000364e+03 1.888669556092753853e-15 4.747999999999999962e-33
8.635200000000000728e+03 1.955094042239040913e-15 4.716999999999999955e-33
8.660700000000000728e+03 1.969486014237402156e-15 4.966000000000000074e-33
8.686299999999999272e+03 1.997162883465021600e-15 3.838999999999999793e-33
8.711899999999999636e+03 2.019304378847117944e-15 3.768999999999999932e-33
8.737399999999999636e+03 2.014876079770698675e-15 9.128999999999999836e-34
8.763000000000000000e+03 1.970593089006507565e-15 1.165000000000000069e-33
8.788600000000000364e+03 1.882027107478125344e-15 1.255000000000000060e-33
8.814200000000000728e+03 1.766891331491227905e-15 1.185999999999999924e-33
8.839700000000000728e+03 1.635149433967759194e-15 9.741999999999999159e-34
8.865299999999999272e+03 1.517799508442653107e-15 1.036000000000000053e-33
8.890899999999999636e+03 1.431447676452479535e-15 8.560000000000000698e-34
8.916399999999999636e+03 1.348417068769621597e-15 8.253000000000000490e-34
8.942000000000000000e+03 1.279778433085124706e-15 1.031999999999999958e-33
8.967600000000000364e+03 1.227745918937200664e-15 1.085999999999999953e-33
8.993200000000000728e+03 1.131430414025084723e-15 1.229000000000000043e-33
9.018700000000000728e+03 1.015519685699814129e-15 1.227000000000000082e-33
9.044299999999999272e+03 9.554055257374243097e-16 1.110000000000000007e-33
9.069899999999999636e+03 9.573982603218130990e-16 1.350999999999999937e-33
9.095399999999999636e+03 9.719009397970859480e-16 1.654000000000000050e-33
9.121000000000000000e+03 1.001017006224541280e-15 9.843000000000000394e-33
9.146600000000000364e+03 1.073973233508546229e-15 1.037999999999999980e-32
9.172100000000000364e+03 1.109288918642988970e-15 1.721000000000000053e-33
9.197700000000000728e+03 1.163535582329123633e-15 1.047000000000000031e-32
9.223299999999999272e+03 1.289742106007067863e-15 1.125999999999999941e-32
