3.776699999999999818e+03 1.631821862706015185e-15 3.596999999999999865e-32
3.802300000000000182e+03 1.548245839007883583e-15 6.137000000000000541e-32
3.827900000000000091e+03 1.288115465247449635e-15 5.467000000000000100e-32
3.853400000000000091e+03 9.835853288973837973e-16 5.237000000000000422e-32
3.879000000000000000e+03 1.074996604817214553e-15 1.051999999999999952e-32
3.904599999999999909e+03 1.287070764951222647e-15 4.057999999999999971e-32
3.930099999999999909e+03 1.866879429357009909e-15 3.488999999999999807e-32
3.955699999999999818e+03 2.277446645774079794e-15 3.065000000000000107e-32
3.981300000000000182e+03 2.607571939381699040e-15 3.714999999999999767e-32
4.006800000000000182e+03 2.787260390332681363e-15 3.009999999999999874e-32
4.032400000000000091e+03 2.770545185593055082e-15 2.985000000000000266e-32
4.058000000000000000e+03 2.623242443825098530e-15 2.669000000000000076e-32
4.083599999999999909e+03 2.193870622075948389e-15 2.502000000000000068e-32
4.109100000000000364e+03 1.806286812175863950e-15 2.126999999999999927e-32
4.134699999999999818e+03 1.777035203881518156e-15 1.628000000000000034e-32
4.160300000000000182e+03 1.813599714249450695e-15 1.997999999999999979e-32
4.185800000000000182e+03 1.901354539132488078e-15 1.794000000000000113e-32
4.211399999999999636e+03 1.835538420470210139e-15 1.290000000000000024e-32
4.237000000000000000e+03 1.728978990255093091e-15 1.286000000000000032e-32
4.262600000000000364e+03 1.861655927875876745e-15 1.146000000000000038e-32
4.288100000000000364e+03 1.832404319581530556e-15 1.457999999999999963e-32
4.313699999999999818e+03 1.800018610398504391e-15 1.158999999999999944e-32
4.339300000000000182e+03 1.997466966385339391e-15 1.173999999999999982e-32
4.364800000000000182e+03 2.063283085047618118e-15 9.462000000000000402e-33
4.390399999999999636e+03 1.927472046538154684e-15 9.692000000000000627e-33
4.416000000000000000e+03 1.588989150560722889e-15 6.257000000000000302e-33
4.441600000000000364e+03 1.459446313828619212e-15 5.883000000000000090e-33
4.467100000000000364e+03 1.315277672949342440e-15 7.701000000000000429e-33
4.492699999999999818e+03 1.463625115013525979e-15 6.656000000000000121e-33
4.518300000000000182e+03 1.754051797364532512e-15 7.730000000000000303e-33
4.543800000000000182e+03 2.077908889194791607e-15 7.865999999999999757e-33
4.569399999999999636e+03 2.346396865325038499e-15 7.094999999999999860e-33
4.595000000000000000e+03 2.690103262783604049e-15 8.014000000000000009e-33
4.620500000000000000e+03 2.914713826472332051e-15 5.575000000000000158e-33
4.646100000000000364e+03 3.058882467351607442e-15 8.913000000000000198e-33
4.671699999999999818e+03 3.023362657279902483e-15 6.425000000000000514e-33
4.697300000000000182e+03 2.812333197442120784e-15 7.212000000000000105e-33
4.722800000000000182e+03 2.341173363843904941e-15 5.420000000000000125e-33
4.748399999999999636e+03 1.937919049500421011e-15 4.759000000000000008e-33
4.774000000000000000e+03 1.637045364187148349e-15 4.848999999999999829e-33
4.799500000000000000e+03 1.497055524492778147e-15 4.591999999999999863e-33
4.825100000000000364e+03 1.347663382132368409e-15 3.938000000000000211e-33
4.850699999999999818e+03 1.461535714421072399e-15 4.015999999999999918e-33
4.876300000000000182e+03 1.771811702400384795e-15 3.086999999999999789e-33
4.901800000000000182e+03 1.629732462113561801e-15 3.610000000000000318e-33
4.927399999999999636e+03 1.747783595587172361e-15 3.575000000000000046e-33
4.953000000000000000e+03 2.093579393638190703e-15 4.459999999999999990e-33
4.978500000000000000e+03 2.354754467694851245e-15 4.674999999999999902e-33
5.004100000000000364e+03 2.443553992874115418e-15 4.567000000000000255e-33
5.029699999999999818e+03 2.368335571545797549e-15 3.603999999999999920e-33
5.055300000000000182e+03 2.004779868458926530e-15 3.486999999999999674e-33
5.080800000000000182e+03 1.636000663890921558e-15 2.632000000000000013e-33
5.106399999999999636e+03 1.584810349375816516e-15 2.913999999999999929e-33
5.132000000000000000e+03 1.652715868630547839e-15 2.469000000000000133e-33
5.157500000000000000e+03 1.759275298845665676e-15 3.390000000000000073e-33
5.183100000000000364e+03 1.970304758683447177e-15 3.174000000000000094e-33
5.208699999999999818e+03 2.140590906968389964e-15 2.911000000000000072e-33
5.234199999999999818e+03 2.256552639849547534e-15 2.726000000000000099e-33
5.259800000000000182e+03 2.455045696132608930e-15 2.696999999999999883e-33
5.285399999999999636e+03 2.726667773151536587e-15 3.187000000000000273e-33
5.311000000000000000e+03 2.888596319066665839e-15 2.990999999999999912e-33
5.336500000000000000e+03 3.036943761130848787e-15 3.569000000000000332e-33
5.362100000000000364e+03 3.116340983644073818e-15 3.056000000000000125e-33
5.387699999999999818e+03 3.078731772979914489e-15 3.326999999999999994e-33
5.413199999999999818e+03 2.852031808698733300e-15 3.147999999999999736e-33
5.438800000000000182e+03 2.771589885889281872e-15 2.908999999999999939e-33
5.464399999999999636e+03 2.652494052119444719e-15 2.815999999999999919e-33
5.490000000000000000e+03 2.542800521015646708e-15 2.289000000000000151e-33
5.515500000000000000e+03 2.410123583394863251e-15 2.313000000000000034e-33
5.541100000000000364e+03 2.491610206500541469e-15 2.697999999999999950e-33
5.566699999999999818e+03 2.487431405315634307e-15 2.696000000000000159e-33
5.592199999999999818e+03 2.314011156142011938e-15 3.020000000000000128e-33
5.617800000000000182e+03 1.968215358090993991e-15 3.713000000000000318e-33
5.643399999999999636e+03 1.703906183145653670e-15 1.518999999999999978e-33
5.668899999999999636e+03 1.523173031898444359e-15 1.505000000000000074e-33
5.694500000000000000e+03 1.316322373245569033e-15 1.552999999999999841e-33
5.720100000000000364e+03 1.150215026145532620e-15 1.471999999999999935e-33
5.745699999999999818e+03 9.167245099388784763e-16 8.881000000000000810e-34
5.771199999999999818e+03 7.821671117848868160e-16 8.843000000000000338e-34
5.796800000000000182e+03 8.245819438116885532e-16 9.256000000000000061e-34
5.822399999999999636e+03 8.985467247845348464e-16 1.079000000000000001e-33
5.847899999999999636e+03 1.062460201262495237e-15 9.566999999999999508e-34
5.873500000000000000e+03 1.188868937105918740e-15 1.409000000000000026e-33
5.899100000000000364e+03 1.366467987464447876e-15 1.270000000000000030e-33
5.924699999999999818e+03 1.574363346413549992e-15 1.317000000000000073e-33
5.950199999999999818e+03 1.656894669815454212e-15 1.525999999999999929e-33
5.975800000000000182e+03 1.619285459151295080e-15 1.265999999999999935e-33
6.001399999999999636e+03 1.572273945821096411e-15 1.257999999999999917e-33
6.026899999999999636e+03 1.483474420641831843e-15 1.190000000000000019e-33
6.052500000000000000e+03 1.419747702572006499e-15 1.077999999999999934e-33
6.078100000000000364e+03 1.421837103164460080e-15 1.095999999999999933e-33
6.103699999999999818e+03 1.445865209977672908e-15 1.162999999999999936e-33
6.129199999999999818e+03 1.520038931009764382e-15 9.685999999999999544e-34
6.154800000000000182e+03 1.677788675739987063e-15 7.916000000000000000e-34
6.180399999999999636e+03 1.829270218692850579e-15 1.168999999999999992e-33
6.205899999999999636e+03 1.915980343279661567e-15 1.185999999999999924e-33
6.231500000000000000e+03 1.888818135577769353e-15 1.352000000000000003e-33
6.257100000000000364e+03 1.853298325506063605e-15 1.162000000000000040e-33
6.282600000000000364e+03 1.773901102992838179e-15 9.225000000000000397e-34
6.308199999999999818e+03 1.691369779590933367e-15 1.235999999999999995e-33
6.333800000000000182e+03 1.644358266260734896e-15 1.157999999999999946e-33
6.359399999999999636e+03 1.733157791439999661e-15 1.010000000000000036e-33
6.384899999999999636e+03 1.903443939724941264e-15 1.322999999999999958e-33
6.410500000000000000e+03 2.127009803117443265e-15 9.414999999999999333e-34
6.436100000000000364e+03 2.358933268879757618e-15 1.237000000000000062e-33
6.461600000000000364e+03 2.480118503242048352e-15 1.180999999999999934e-33
6.487199999999999818e+03 2.537577019534513939e-15 1.469999999999999973e-33
6.512800000000000182e+03 2.571007429013766107e-15 1.270000000000000030e-33
6.538399999999999636e+03 2.618018942343965367e-15 1.510000000000000064e-33
6.563899999999999636e+03 2.562649826643952966e-15 2.275999999999999971e-33
6.589500000000000000e+03 2.437285791096756253e-15 3.006999999999999949e-33
6.615100000000000364e+03 2.257597340145773930e-15 7.477000000000000089e-34
6.640600000000000364e+03 2.054925482677804584e-15 2.238999999999999908e-33
6.666199999999999818e+03 1.789571607436238064e-15 1.056000000000000013e-33
6.691800000000000182e+03 1.493921423604098367e-15 7.946000000000000282e-34
6.717399999999999636e+03 1.284981364358769855e-15 7.067999999999999606e-34
6.742899999999999636e+03 1.138723322887039897e-15 6.250000000000000350e-34
6.768500000000000000e+03 1.039372324715886362e-15 8.713999999999999638e-34
6.794100000000000364e+03 9.594527520545483295e-16 7.345000000000000387e-34
6.819600000000000364e+03 9.204854310052942909e-16 5.836999999999999772e-34
6.845199999999999818e+03 9.027255259694414167e-16 5.403000000000000194e-34
6.870800000000000182e+03 8.760856684156621053e-16 5.689999999999999928e-34
6.896300000000000182e+03 8.466251200620708345e-16 4.860999999999999771e-34
6.921899999999999636e+03 8.504905111581092887e-16 6.469000000000000186e-34
6.947500000000000000e+03 8.712800470530196975e-16 7.590999999999999793e-34
6.973100000000000364e+03 8.986511948141576832e-16 5.598000000000000317e-34
6.998600000000000364e+03 9.697952849871918197e-16 6.137000000000000028e-34
7.024199999999999818e+03 1.050968498004001922e-15 6.220000000000000068e-34
7.049800000000000182e+03 1.068728403039854993e-15 5.833999999999999915e-34
7.075300000000000182e+03 1.073951904520987960e-15 5.878000000000000100e-34
7.100899999999999636e+03 1.093801210149294218e-15 5.678999999999999882e-34
7.126500000000000000e+03 1.102158812519107358e-15 6.362999999999999816e-34
7.152100000000000364e+03 1.136633922294586710e-15 5.280000000000000063e-34
7.177600000000000364e+03 1.196181839179505484e-15 6.888999999999999861e-34
7.203199999999999818e+03 1.258863856953103841e-15 6.379999999999999577e-34
7.228800000000000182e+03 1.371691488945581040e-15 8.851000000000000528e-34
7.254300000000000182e+03 1.541977637230523629e-15 7.243000000000000112e-34
7.279899999999999636e+03 1.707040284034333055e-15 7.211000000000000210e-34
7.305500000000000000e+03 1.881505233504182609e-15 9.917000000000000520e-34
7.331100000000000364e+03 2.066417185936298490e-15 1.082000000000000029e-33
7.356600000000000364e+03 2.141635607264616360e-15 1.069000000000000021e-33
7.382199999999999818e+03 2.086266491564604353e-15 9.012999999999999657e-34
7.407800000000000182e+03 1.962991856609860827e-15 7.728999999999999210e-34
7.433300000000000182e+03 1.812555013953223904e-15 6.506999999999999802e-34
7.458899999999999636e+03 1.712263785515466810e-15 7.647000000000000263e-34
7.484500000000000000e+03 1.656894669815454212e-15 6.210999999999999641e-34
7.510000000000000000e+03 1.595257352338082646e-15 6.898999999999999670e-34
7.535600000000000364e+03 1.510636628343724648e-15 8.746999999999999777e-34
7.561199999999999818e+03 1.411390100202193753e-15 6.062000000000000178e-34
7.586800000000000182e+03 1.289160165543676425e-15 9.671000000000000259e-35
7.612300000000000182e+03 1.107382314000240916e-15 1.278000000000000091e-34
7.637899999999999636e+03 1.003330164496067021e-15 5.627999999999999744e-34
7.663500000000000000e+03 9.900624707339886360e-16 7.503000000000000277e-34
7.689000000000000000e+03 1.043028775752679537e-15 8.184000000000000354e-34
7.714600000000000364e+03 1.142902124071946270e-15 7.323999999999999676e-34
7.740199999999999818e+03 1.282891963766316669e-15 7.142000000000000074e-34
7.765800000000000182e+03 1.484519120938058239e-15 8.422000000000000426e-34
7.791300000000000182e+03 1.716442586700372986e-15 7.819000000000000056e-34
7.816899999999999636e+03 1.926427346241928683e-15 9.718999999999999684e-34
7.842500000000000000e+03 2.023584473791006391e-15 9.026000000000000178e-34
7.868000000000000000e+03 2.034031476753271535e-15 9.256000000000000061e-34
7.893600000000000364e+03 2.007913969347606112e-15 1.010000000000000036e-33
7.919199999999999818e+03 1.982841162238167085e-15 9.300000000000000247e-34
7.944699999999999818e+03 1.905533340317395240e-15 7.988999999999999375e-34
7.970300000000000182e+03 1.702861482849426879e-15 6.560000000000000415e-34
7.995899999999999636e+03 1.504368426566364694e-15 1.648000000000000079e-34
8.021500000000000000e+03 1.289160165543676425e-15 1.329000000000000015e-34
8.047000000000000000e+03 1.106337613704014520e-15 1.023000000000000044e-34
8.072600000000000364e+03 9.976887828964431021e-16 4.902000000000000099e-34
8.098199999999999818e+03 9.401257965743552696e-16 4.536000000000000419e-34
8.123699999999999818e+03 9.321860743230324903e-16 3.891000000000000339e-34
8.149300000000000182e+03 9.004271853177429509e-16 5.540000000000000228e-34
8.174899999999999636e+03 8.676235960162263253e-16 5.548999999999999799e-34
8.200500000000000000e+03 8.752499081786809885e-16 5.014000000000000183e-34
8.226000000000000000e+03 9.014718856139693470e-16 5.295999999999999586e-34
8.251600000000000364e+03 9.213211912422756049e-16 7.604000000000000315e-34
8.277200000000000728e+03 9.048149265618948004e-16 7.281999999999999966e-34
8.302700000000000728e+03 8.276115746707459892e-16 1.603000000000000084e-34
8.328299999999999272e+03 7.137392423820419995e-16 1.453999999999999979e-34
8.353899999999999636e+03 6.016429005969232775e-16 1.451999999999999932e-34
8.379500000000000000e+03 5.552582074444601506e-16 7.334000000000000341e-34
8.405000000000000000e+03 5.760477433393705594e-16 4.968999999999999760e-34
8.430600000000000364e+03 6.656830287556162445e-16 5.048999999999999943e-34
8.456200000000000728e+03 7.660787272229967671e-16 4.910999999999999671e-34
8.481700000000000728e+03 8.713845170826419427e-16 4.790000000000000015e-34
8.507299999999999272e+03 1.049923797707775526e-15 4.921999999999999717e-34
8.532899999999999636e+03 1.292294266432356205e-15 6.304999999999999727e-34
8.558399999999999636e+03 1.515860129824857614e-15 8.588999999999999887e-34
8.584000000000000000e+03 1.657939370111681200e-15 1.008999999999999970e-33
8.609600000000000364e+03 1.762409399734345456e-15 1.075000000000000077e-33
8.635200000000000728e+03 1.798973910102277995e-15 1.250999999999999965e-33
8.660700000000000728e+03 1.809420913064543927e-15 9.309999999999999200e-34
8.686299999999999272e+03 1.803152711287184762e-15 6.707999999999999641e-34
8.711899999999999636e+03 1.831359619285303766e-15 7.629999999999999647e-34
8.737399999999999636e+03 1.813599714249450695e-15 1.252999999999999927e-33
8.763000000000000000e+03 1.711219085219240020e-15 2.046000000000000089e-33
8.788600000000000364e+03 1.577497447302229969e-15 4.305000000000000299e-34
8.814200000000000728e+03 1.454222812347485654e-15 1.476000000000000029e-33
8.839700000000000728e+03 1.316322373245569033e-15 8.422999999999999808e-34
8.865299999999999272e+03 1.195137138883278694e-15 2.377000000000000009e-34
8.890899999999999636e+03 1.084398907483254681e-15 1.842999999999999989e-34
8.916399999999999636e+03 9.911071710302156237e-16 1.515999999999999949e-34
8.942000000000000000e+03 9.180826203239731855e-16 1.386000000000000081e-34
8.967600000000000364e+03 8.585347034390543131e-16 5.591999999999999748e-34
8.993200000000000728e+03 7.974197361097959453e-16 7.646000000000000026e-34
9.018700000000000728e+03 7.386031094322359445e-16 1.152999999999999913e-34
9.044299999999999272e+03 7.096649112267580689e-16 5.551000000000000274e-34
9.069899999999999636e+03 6.956659272573210093e-16 6.408000000000000240e-34
9.095399999999999636e+03 7.122766619673246506e-16 6.488999999999999804e-34
9.121000000000000000e+03 7.715111687633752098e-16 8.165999999999999500e-34
9.146600000000000364e+03 8.410882084920696536e-16 8.809000000000000817e-34
9.172100000000000364e+03 8.828762203411355532e-16 9.031000000000000510e-34
9.197700000000000728e+03 9.259178725456731280e-16 8.945999999999999996e-34
9.223299999999999272e+03 1.009807306332672452e-15 8.652000000000000309e-34
