3.776699999999999818e+03 3.339951545756990221e-16 6.759000000000000420e-35
3.802300000000000182e+03 3.289954539175007604e-16 3.062999999999999884e-35
3.827900000000000091e+03 3.846739385201633812e-16 8.726999999999999518e-36
3.853400000000000091e+03 2.981639665252782126e-16 2.177999999999999991e-36
3.879000000000000000e+03 2.510455754737734562e-16 2.543999999999999911e-37
3.904599999999999909e+03 3.389191021936216661e-16 6.152000000000000169e-33
3.930099999999999909e+03 4.420189900088918591e-16 4.955000000000000028e-33
3.955699999999999818e+03 5.601937328390326519e-16 5.378000000000000072e-33
3.981300000000000182e+03 7.404102156549974178e-16 2.957000000000000048e-32
4.006800000000000182e+03 8.340409734358012987e-16 1.986000000000000003e-32
4.032400000000000091e+03 8.105575309503245136e-16 2.168999999999999980e-32
4.058000000000000000e+03 8.363135646440733793e-16 5.546999999999999667e-33
4.083599999999999909e+03 7.099574934641531556e-16 1.423999999999999894e-32
4.109100000000000364e+03 6.019336580309607131e-16 4.672999999999999770e-33
4.134699999999999818e+03 4.983034989337603088e-16 1.066000000000000061e-32
4.160300000000000182e+03 5.423917683742358709e-16 1.099000000000000064e-32
4.185800000000000182e+03 5.926160340770457350e-16 5.471000000000000092e-34
4.211399999999999636e+03 5.316348366550818888e-16 4.432999999999999907e-34
4.237000000000000000e+03 5.017123857461680352e-16 6.676999999999999463e-33
4.262600000000000364e+03 6.335226758259407197e-16 8.100000000000000248e-33
4.288100000000000364e+03 6.524609358948734423e-16 7.710999999999999725e-33
4.313699999999999818e+03 7.048062867254036586e-16 2.395000000000000007e-33
4.339300000000000182e+03 7.135936393973882281e-16 6.250999999999999903e-33
4.364800000000000182e+03 8.219204869916841275e-16 2.215000000000000025e-33
4.390399999999999636e+03 7.163207488473146064e-16 5.511000000000000012e-33
4.416000000000000000e+03 7.027609546379588255e-16 7.621999999999999971e-33
4.441600000000000364e+03 6.196598694554819750e-16 6.981000000000000498e-33
4.467100000000000364e+03 5.650419274166793824e-16 5.641999999999999819e-33
4.492699999999999818e+03 5.348922173869383798e-16 5.198999999999999814e-33
4.518300000000000182e+03 6.601119929627222674e-16 5.361000000000000312e-33
4.543800000000000182e+03 7.462431997562286573e-16 4.729000000000000068e-33
4.569399999999999636e+03 8.113150613530821696e-16 4.761000000000000141e-33
4.595000000000000000e+03 9.514581858631848300e-16 4.976000000000000054e-33
4.620500000000000000e+03 9.779717499596904643e-16 4.896000000000000214e-33
4.646100000000000364e+03 9.378226386135531356e-16 4.328000000000000116e-33
4.671699999999999818e+03 9.272172129749506847e-16 4.588999999999999664e-33
4.697300000000000182e+03 7.504096169713939411e-16 4.070000000000000084e-33
4.722800000000000182e+03 5.814803371565128756e-16 3.592999999999999873e-33
4.748399999999999636e+03 5.132268478680793775e-16 3.169999999999999828e-33
4.774000000000000000e+03 4.295197383633963528e-16 3.417999999999999881e-33
4.799500000000000000e+03 4.028546681863387930e-16 3.693999999999999740e-33
4.825100000000000364e+03 3.824013473118913006e-16 2.123000000000000072e-33
4.850699999999999818e+03 4.029304212266144106e-16 2.922000000000000118e-33
4.876300000000000182e+03 5.015608796656165040e-16 2.543999999999999984e-33
4.901800000000000182e+03 4.995155475781717695e-16 2.241000000000000041e-33
4.927399999999999636e+03 5.247413099899905225e-16 2.268000000000000124e-33
4.953000000000000000e+03 6.213264363415474377e-16 2.376999999999999838e-33
4.978500000000000000e+03 7.088211978600176084e-16 2.313000000000000034e-33
5.004100000000000364e+03 7.810138452427891428e-16 2.443000000000000117e-33
5.029699999999999818e+03 7.545760341865593235e-16 2.175000000000000105e-33
5.055300000000000182e+03 6.826106459246145435e-16 2.340000000000000117e-33
5.080800000000000182e+03 5.580726477113122012e-16 2.146999999999999955e-33
5.106399999999999636e+03 4.833801499994409443e-16 1.680000000000000067e-33
5.132000000000000000e+03 5.514821332073235029e-16 1.603000000000000084e-33
5.157500000000000000e+03 5.986762772991040248e-16 2.097000000000000055e-33
5.183100000000000364e+03 7.523034429782868485e-16 1.997999999999999979e-33
5.208699999999999818e+03 8.855530408232986357e-16 1.738000000000000156e-33
5.234199999999999818e+03 8.719174935736671385e-16 2.009000000000000026e-33
5.259800000000000182e+03 8.946434056563859718e-16 1.801999999999999960e-33
5.285399999999999636e+03 9.491855946549125523e-16 1.995999999999999846e-33
5.311000000000000000e+03 9.378226386135531356e-16 1.821999999999999920e-33
5.336500000000000000e+03 9.756991587514185809e-16 1.723999999999999910e-33
5.362100000000000364e+03 9.423678210300972967e-16 2.047000000000000155e-33
5.387699999999999818e+03 8.741900847819390218e-16 1.728999999999999900e-33
5.413199999999999818e+03 7.643481763821285007e-16 1.777000000000000010e-33
5.438800000000000182e+03 7.007156225505139925e-16 1.252999999999999927e-33
5.464399999999999636e+03 6.272351734830549851e-16 1.533999999999999948e-33
5.490000000000000000e+03 5.486035176768456919e-16 1.307999999999999988e-33
5.515500000000000000e+03 4.818650891939266183e-16 1.327999999999999948e-33
5.541100000000000364e+03 5.549667730600070442e-16 1.633000000000000024e-33
5.566699999999999818e+03 5.817833493176160366e-16 1.530999999999999919e-33
5.592199999999999818e+03 5.076968759279510031e-16 1.808000000000000016e-33
5.617800000000000182e+03 4.086876522875701311e-16 2.582999999999999837e-33
5.643399999999999636e+03 3.326315998507359808e-16 1.010000000000000036e-33
5.668899999999999636e+03 2.918764641823926260e-16 9.994000000000000845e-34
5.694500000000000000e+03 2.854374557589554096e-16 8.284999999999999537e-34
5.720100000000000364e+03 2.377887934255204419e-16 8.774999999999999585e-34
5.745699999999999818e+03 2.010485688917908643e-16 7.305000000000000296e-34
5.771199999999999818e+03 1.355979420935589677e-16 1.222000000000000049e-34
5.796800000000000182e+03 1.415824322753416892e-16 1.479999999999999953e-34
5.822399999999999636e+03 1.838526287491997151e-16 7.829000000000000721e-34
5.847899999999999636e+03 2.327133397270464146e-16 7.402000000000000239e-34
5.873500000000000000e+03 2.760440787647647152e-16 9.073999999999999603e-34
5.899100000000000364e+03 3.539182041682163524e-16 8.926000000000000378e-34
5.924699999999999818e+03 3.876283070909168098e-16 1.262000000000000012e-33
5.950199999999999818e+03 4.136873529457684421e-16 9.170999999999999546e-34
5.975800000000000182e+03 3.808862865063766789e-16 7.185000000000000022e-34
6.001399999999999636e+03 3.388433491533459005e-16 7.413999999999999668e-34
6.026899999999999636e+03 3.202081012455159937e-16 5.514000000000000040e-34
6.052500000000000000e+03 2.931642658670800002e-16 4.763999999999999827e-34
6.078100000000000364e+03 2.650598879247835842e-16 5.144000000000000266e-34
6.103699999999999818e+03 3.072543313583659924e-16 7.180999999999999928e-34
6.129199999999999818e+03 3.566453136181427801e-16 7.495000000000000088e-34
6.154800000000000182e+03 3.967944249642804045e-16 7.013000000000000229e-34
6.180399999999999636e+03 4.225504586580289744e-16 6.512000000000000135e-34
6.205899999999999636e+03 4.516396261239098009e-16 5.455999999999999951e-34
6.231500000000000000e+03 4.923190087519775380e-16 7.409000000000000191e-34
6.257100000000000364e+03 5.399676710854125550e-16 9.660999999999999594e-34
6.282600000000000364e+03 5.782987094649324953e-16 8.430000000000000615e-34
6.308199999999999818e+03 6.170842660861068320e-16 7.637999999999999836e-34
6.333800000000000182e+03 5.671630125444001289e-16 9.604000000000000598e-34
6.359399999999999636e+03 5.439068291797503941e-16 6.541000000000000179e-34
6.384899999999999636e+03 5.692083446318446662e-16 7.788999999999999774e-34
6.410500000000000000e+03 5.751928348136275355e-16 8.711999999999999163e-34
6.436100000000000364e+03 5.942826009631115922e-16 7.060000000000000272e-34
6.461600000000000364e+03 6.413252389743405829e-16 6.477999999999999758e-34
6.487199999999999818e+03 6.367043035175214944e-16 7.042999999999999656e-34
6.512800000000000182e+03 6.558698227072813659e-16 6.013999999999999897e-34
6.538399999999999636e+03 6.519306646129432310e-16 7.125000000000000313e-34
6.563899999999999636e+03 6.357195139939366895e-16 2.314999999999999825e-34
6.589500000000000000e+03 6.252655944358859670e-16 4.047999999999999991e-34
6.615100000000000364e+03 5.678447899068816742e-16 4.077000000000000036e-34
6.640600000000000364e+03 4.689113193067765678e-16 1.618000000000000011e-34
6.666199999999999818e+03 3.610389899541353113e-16 1.068000000000000040e-34
6.691800000000000182e+03 2.893766138532933472e-16 3.607999999999999843e-34
6.717399999999999636e+03 2.446823200906119068e-16 3.938000000000000382e-34
6.742899999999999636e+03 2.030181479389598331e-16 7.435999999999999761e-35
6.768500000000000000e+03 1.907461554142914265e-16 8.191999999999999688e-35
6.794100000000000364e+03 1.825648270645123162e-16 8.600999999999999530e-35
6.819600000000000364e+03 1.905946493337398706e-16 3.614999999999999795e-34
6.845199999999999818e+03 1.787771750507257125e-16 3.719000000000000118e-34
6.870800000000000182e+03 1.709746119023254301e-16 8.754999999999999753e-35
6.896300000000000182e+03 1.787014220104499469e-16 8.113000000000000171e-35
6.921899999999999636e+03 1.771106081646597567e-16 1.837000000000000061e-34
6.947500000000000000e+03 1.883220581254679380e-16 3.813000000000000204e-34
6.973100000000000364e+03 1.896098598101553616e-16 2.975999999999999857e-34
6.998600000000000364e+03 1.981699533613130780e-16 3.406000000000000195e-34
7.024199999999999818e+03 2.255168009008518873e-16 2.703999999999999835e-34
7.049800000000000182e+03 2.507425633126703445e-16 3.422999999999999956e-34
7.075300000000000182e+03 2.684687747371916557e-16 3.148999999999999887e-34
7.100899999999999636e+03 2.786954351744153773e-16 3.242999999999999973e-34
7.126500000000000000e+03 2.752865483620074537e-16 3.229999999999999880e-34
7.152100000000000364e+03 2.818770628659961520e-16 3.272000000000000018e-34
7.177600000000000364e+03 3.123297850568400690e-16 3.862000000000000294e-34
7.203199999999999818e+03 3.402069038783092868e-16 6.191000000000000023e-34
7.228800000000000182e+03 3.489942565502938564e-16 6.923000000000000238e-34
7.254300000000000182e+03 3.973246962462104186e-16 4.319000000000000203e-34
7.279899999999999636e+03 4.848194577646799483e-16 3.476000000000000141e-34
7.305500000000000000e+03 5.423917683742358709e-16 3.940000000000000002e-34
7.331100000000000364e+03 5.994338077018612864e-16 5.910000000000000002e-34
7.356600000000000364e+03 6.200386346568602606e-16 5.526000000000000324e-34
7.382199999999999818e+03 6.011761276282033529e-16 4.621000000000000079e-34
7.407800000000000182e+03 5.247413099899905225e-16 4.410999999999999814e-34
7.433300000000000182e+03 4.451248646601969175e-16 3.472000000000000047e-34
7.458899999999999636e+03 3.800530030633437996e-16 2.833999999999999918e-34
7.484500000000000000e+03 3.424794950865810716e-16 2.386000000000000008e-34
7.510000000000000000e+03 3.286166887161221296e-16 3.202000000000000072e-34
7.535600000000000364e+03 3.050574931903696775e-16 3.562000000000000038e-34
7.561199999999999818e+03 2.657416652872651788e-16 3.940000000000000002e-34
7.586800000000000182e+03 2.340768944520095052e-16 1.047999999999999994e-34
7.612300000000000182e+03 2.103661928457056205e-16 8.866000000000000455e-35
7.637899999999999636e+03 2.128660431748047760e-16 5.033000000000000419e-34
7.663500000000000000e+03 2.815740507048931882e-16 9.078999999999999935e-34
7.689000000000000000e+03 3.055877644722999381e-16 7.774000000000000488e-34
7.714600000000000364e+03 3.295257251994310703e-16 5.734000000000000114e-34
7.740199999999999818e+03 3.861132462854019908e-16 5.122000000000000173e-34
7.765800000000000182e+03 4.660327037762989541e-16 4.978000000000000187e-34
7.791300000000000182e+03 5.561030686641430844e-16 5.419999999999999954e-34
7.816899999999999636e+03 6.197356224957576913e-16 6.592000000000000317e-34
7.842500000000000000e+03 5.957219087283503990e-16 5.288000000000000252e-34
7.868000000000000000e+03 5.067120864043662968e-16 6.124999999999999744e-34
7.893600000000000364e+03 4.246715437857493758e-16 6.708999999999999878e-34
7.919199999999999818e+03 3.753563145662484031e-16 6.088000000000000365e-34
7.944699999999999818e+03 3.428582602879597023e-16 5.911000000000000240e-34
7.970300000000000182e+03 3.014971002974103706e-16 4.658000000000000313e-34
7.995899999999999636e+03 2.565755474139019292e-16 4.740000000000000115e-34
8.021500000000000000e+03 2.291529468340869598e-16 3.703999999999999977e-34
8.047000000000000000e+03 2.018060992945480766e-16 4.258000000000000256e-34
8.072600000000000364e+03 1.784741628896228473e-16 3.191999999999999836e-34
8.098199999999999818e+03 1.710503649426011218e-16 3.126999999999999795e-34
8.123699999999999818e+03 1.673384659690903330e-16 2.792000000000000207e-34
8.149300000000000182e+03 1.695353041370866233e-16 6.372999999999999625e-35
8.174899999999999636e+03 1.743834987147334277e-16 1.588999999999999966e-34
8.200500000000000000e+03 1.927914875017359637e-16 3.222999999999999928e-34
8.226000000000000000e+03 2.042301965833714664e-16 3.941999999999999621e-34
8.251600000000000364e+03 2.274863799480210041e-16 5.148000000000000361e-34
8.277200000000000728e+03 2.256683069814034678e-16 1.204999999999999989e-33
8.302700000000000728e+03 1.969579047169012475e-16 1.701000000000000093e-33
8.328299999999999272e+03 1.588541254582083821e-16 3.110999999999999844e-34
8.353899999999999636e+03 1.524151170347713383e-16 1.332000000000000043e-33
8.379500000000000000e+03 1.649143686802669431e-16 2.799000000000000159e-34
8.405000000000000000e+03 2.084723668388123926e-16 1.647000000000000056e-34
8.430600000000000364e+03 2.599844342263096063e-16 7.059000000000000034e-34
8.456200000000000728e+03 3.379343126700370091e-16 5.961000000000000140e-34
8.481700000000000728e+03 4.133085877443899099e-16 5.493000000000000185e-34
8.507299999999999272e+03 5.439825822200262090e-16 4.615999999999999747e-34
8.532899999999999636e+03 6.496580734046713477e-16 5.961000000000000140e-34
8.558399999999999636e+03 7.719234804097011164e-16 8.286000000000000629e-34
8.584000000000000000e+03 8.310108518247717594e-16 9.065999999999999414e-34
8.609600000000000364e+03 8.446463990744035524e-16 9.386000000000000144e-34
8.635200000000000728e+03 8.226780173944415862e-16 1.123000000000000016e-33
8.660700000000000728e+03 8.098000005475673506e-16 6.949999999999999807e-34
8.686299999999999272e+03 7.885891492703624488e-16 1.055999999999999970e-34
8.711899999999999636e+03 7.832864364510612233e-16 2.090999999999999999e-33
8.737399999999999636e+03 7.518489247366328465e-16 4.407999999999999957e-33
8.763000000000000000e+03 7.416980173396849892e-16 6.057000000000000017e-33
8.788600000000000364e+03 6.672327787486407826e-16 4.958000000000000227e-33
8.814200000000000728e+03 5.367102903535559654e-16 3.320000000000000213e-33
8.839700000000000728e+03 4.583058936681739197e-16 2.644000000000000126e-33
8.865299999999999272e+03 3.914917121449790312e-16 3.461000000000000000e-34
8.890899999999999636e+03 3.395251265158273964e-16 1.865000000000000082e-34
8.916399999999999636e+03 2.878615530477789227e-16 1.761999999999999997e-34
8.942000000000000000e+03 2.496820207488101685e-16 8.289999999999999869e-34
8.967600000000000364e+03 2.233199627328557203e-16 8.090000000000000268e-34
8.993200000000000728e+03 2.079420955568823045e-16 6.724000000000000019e-34
9.018700000000000728e+03 1.771106081646597567e-16 1.106999999999999894e-34
9.044299999999999272e+03 1.698383162981895131e-16 5.616999999999999698e-34
9.069899999999999636e+03 1.759743125605237411e-16 1.333999999999999919e-34
9.095399999999999636e+03 1.850646773936114470e-16 1.233000000000000095e-34
9.121000000000000000e+03 2.017303462542724589e-16 5.622000000000000030e-34
9.146600000000000364e+03 2.186990272760361387e-16 4.938000000000000096e-34
9.172100000000000364e+03 2.199868289607236116e-16 1.447000000000000027e-34
9.197700000000000728e+03 2.370312630227631310e-16 1.711000000000000073e-34
9.223299999999999272e+03 2.731654632342869043e-16 3.227000000000000023e-34
