3.776699999999999818e+03 4.582418707756188749e-16 6.759000000000000420e-35
3.802300000000000182e+03 4.513822737079864860e-16 3.062999999999999884e-35
3.827900000000000091e+03 5.277732410520737174e-16 8.726999999999999518e-36
3.853400000000000091e+03 4.090814251242539969e-16 2.177999999999999991e-36
3.879000000000000000e+03 3.444349194262647270e-16 2.543999999999999911e-37
3.904599999999999909e+03 4.649975345543476381e-16 6.152000000000000169e-33
3.930099999999999909e+03 6.064507407520382473e-16 4.955000000000000028e-33
3.955699999999999818e+03 7.685866714415291556e-16 5.378000000000000072e-33
3.981300000000000182e+03 1.015843965743002875e-15 2.957000000000000048e-32
4.006800000000000182e+03 1.144305510827753592e-15 1.986000000000000003e-32
4.032400000000000091e+03 1.112086191267662189e-15 2.168999999999999980e-32
4.058000000000000000e+03 1.147423509494859206e-15 5.546999999999999667e-33
4.083599999999999909e+03 9.740627836037875767e-16 1.423999999999999894e-32
4.109100000000000364e+03 8.258539136273686973e-16 4.672999999999999770e-33
4.134699999999999818e+03 6.836731744073533003e-16 1.066000000000000061e-32
4.160300000000000182e+03 7.441623485492021797e-16 1.099000000000000064e-32
4.185800000000000182e+03 8.130701190922355642e-16 5.471000000000000092e-34
4.211399999999999636e+03 7.294038215249020332e-16 4.432999999999999907e-34
4.237000000000000000e+03 6.883501724080116218e-16 6.676999999999999463e-33
4.262600000000000364e+03 8.691940951001365060e-16 8.100000000000000248e-33
4.288100000000000364e+03 8.951774173260164858e-16 7.710999999999999725e-33
4.313699999999999818e+03 9.669953199583485283e-16 2.395000000000000007e-33
4.339300000000000182e+03 9.790515814711566764e-16 6.250999999999999903e-33
4.364800000000000182e+03 1.127676184603190058e-15 2.215000000000000025e-33
4.390399999999999636e+03 9.827931798716832546e-16 5.511000000000000012e-33
4.416000000000000000e+03 9.641891211579531015e-16 7.621999999999999971e-33
4.441600000000000364e+03 8.501743032307924420e-16 6.981000000000000498e-33
4.467100000000000364e+03 7.752384019313541945e-16 5.641999999999999819e-33
4.492699999999999818e+03 7.338729529477534978e-16 5.198999999999999814e-33
4.518300000000000182e+03 9.056746795052717286e-16 5.361000000000000312e-33
4.543800000000000182e+03 1.023846828988573863e-15 4.729000000000000068e-33
4.569399999999999636e+03 1.113125524156698051e-15 4.761000000000000141e-33
4.595000000000000000e+03 1.305402108628209033e-15 4.976000000000000054e-33
4.620500000000000000e+03 1.341778759744440926e-15 4.896000000000000214e-33
4.646100000000000364e+03 1.286694116625575550e-15 4.328000000000000116e-33
4.671699999999999818e+03 1.272143456179082754e-15 4.588999999999999664e-33
4.697300000000000182e+03 1.029563159878267455e-15 4.070000000000000084e-33
4.722800000000000182e+03 7.977919256234179799e-16 3.592999999999999873e-33
4.748399999999999636e+03 7.041480323213469398e-16 3.169999999999999828e-33
4.774000000000000000e+03 5.893017480829574725e-16 3.417999999999999881e-33
4.799500000000000000e+03 5.527172303889183284e-16 3.693999999999999740e-33
4.825100000000000364e+03 5.246552423849682026e-16 2.123000000000000072e-33
4.850699999999999818e+03 5.528211636778217568e-16 2.922000000000000118e-33
4.876300000000000182e+03 6.881423058302045677e-16 2.543999999999999984e-33
4.901800000000000182e+03 6.853361070298095354e-16 2.241000000000000041e-33
4.927399999999999636e+03 7.199458922346818634e-16 2.268000000000000124e-33
4.953000000000000000e+03 8.524608355866694448e-16 2.376999999999999838e-33
4.978500000000000000e+03 9.725037842702352631e-16 2.313000000000000034e-33
5.004100000000000364e+03 1.071552208595289412e-15 2.443000000000000117e-33
5.029699999999999818e+03 1.035279490767961244e-15 2.175000000000000105e-33
5.055300000000000182e+03 9.365428663096172811e-16 2.340000000000000117e-33
5.080800000000000182e+03 7.656765393522304976e-16 2.146999999999999955e-33
5.106399999999999636e+03 6.631983164933598581e-16 1.680000000000000067e-33
5.132000000000000000e+03 7.566343432176245345e-16 1.603000000000000084e-33
5.157500000000000000e+03 8.213847822045173313e-16 2.097000000000000055e-33
5.183100000000000364e+03 1.032161492100855433e-15 1.997999999999999979e-33
5.208699999999999818e+03 1.214980147282146641e-15 1.738000000000000156e-33
5.234199999999999818e+03 1.196272155279513355e-15 2.009000000000000026e-33
5.259800000000000182e+03 1.227452141950569291e-15 1.801999999999999960e-33
5.285399999999999636e+03 1.302284109961103223e-15 1.995999999999999846e-33
5.311000000000000000e+03 1.286694116625575550e-15 1.821999999999999920e-33
5.336500000000000000e+03 1.338660761077335116e-15 1.723999999999999910e-33
5.362100000000000364e+03 1.292930113959786777e-15 2.047000000000000155e-33
5.387699999999999818e+03 1.199390153946619165e-15 1.728999999999999900e-33
5.413199999999999818e+03 1.048686885036515046e-15 1.777000000000000010e-33
5.438800000000000182e+03 9.613829223575580693e-16 1.252999999999999927e-33
5.464399999999999636e+03 8.605676321211442564e-16 1.533999999999999948e-33
5.490000000000000000e+03 7.526848782392905078e-16 1.307999999999999988e-33
5.515500000000000000e+03 6.611196507152897122e-16 1.327999999999999948e-33
5.541100000000000364e+03 7.614152745071859885e-16 1.633000000000000024e-33
5.566699999999999818e+03 7.982076587790322852e-16 1.530999999999999919e-33
5.592199999999999818e+03 6.965609022313899604e-16 1.808000000000000016e-33
5.617800000000000182e+03 5.607200936344894158e-16 2.582999999999999837e-33
5.643399999999999636e+03 4.563710715753554871e-16 1.010000000000000036e-33
5.668899999999999636e+03 4.004549621452619445e-16 9.994000000000000845e-34
5.694500000000000000e+03 3.916206325884626903e-16 8.284999999999999537e-34
5.720100000000000364e+03 3.262465938681487806e-16 8.774999999999999585e-34
5.745699999999999818e+03 2.758389487499416770e-16 7.305000000000000296e-34
5.771199999999999818e+03 1.860405871373005449e-16 1.222000000000000049e-34
5.796800000000000182e+03 1.942513169606785138e-16 1.479999999999999953e-34
5.822399999999999636e+03 2.522460921688426214e-16 7.829000000000000721e-34
5.847899999999999636e+03 3.192830635116128155e-16 7.402000000000000239e-34
5.873500000000000000e+03 3.787329047644262767e-16 9.073999999999999603e-34
5.899100000000000364e+03 4.855763257572445087e-16 8.926000000000000378e-34
5.924699999999999818e+03 5.318266393193107781e-16 1.262000000000000012e-33
5.950199999999999818e+03 5.675796907021219032e-16 9.170999999999999546e-34
5.975800000000000182e+03 5.225765766068976622e-16 7.185000000000000022e-34
6.001399999999999636e+03 4.648936012654441110e-16 7.413999999999999668e-34
6.026899999999999636e+03 4.393260121951782886e-16 5.514000000000000040e-34
6.052500000000000000e+03 4.022218280566216574e-16 4.763999999999999827e-34
6.078100000000000364e+03 3.636625778734158943e-16 5.144000000000000266e-34
6.103699999999999818e+03 4.215534197926764503e-16 7.180999999999999928e-34
6.129199999999999818e+03 4.893179241577712842e-16 7.495000000000000088e-34
6.154800000000000182e+03 5.444025672766369557e-16 7.013000000000000229e-34
6.180399999999999636e+03 5.797398855038334798e-16 6.512000000000000135e-34
6.205899999999999636e+03 6.196502684427851926e-16 5.455999999999999951e-34
6.231500000000000000e+03 6.754624445839753561e-16 7.409000000000000191e-34
6.257100000000000364e+03 7.408364833042894137e-16 9.660999999999999594e-34
6.282600000000000364e+03 7.934267274894702396e-16 8.430000000000000615e-34
6.308199999999999818e+03 8.466405714080724248e-16 7.637999999999999836e-34
6.333800000000000182e+03 7.781485340206530497e-16 9.604000000000000598e-34
6.359399999999999636e+03 7.462410143272724242e-16 6.541000000000000179e-34
6.384899999999999636e+03 7.809547328210481806e-16 7.788999999999999774e-34
6.410500000000000000e+03 7.891654626444261248e-16 8.711999999999999163e-34
6.436100000000000364e+03 8.153566514481128628e-16 7.060000000000000272e-34
6.461600000000000364e+03 8.798992238571987042e-16 6.477999999999999758e-34
6.487199999999999818e+03 8.735592932340842463e-16 7.042999999999999656e-34
6.512800000000000182e+03 8.998544153266748072e-16 6.013999999999999897e-34
6.538399999999999636e+03 8.944498843036915994e-16 7.125000000000000313e-34
6.563899999999999636e+03 8.722081604783381979e-16 2.314999999999999825e-34
6.589500000000000000e+03 8.578653666096529484e-16 4.047999999999999991e-34
6.615100000000000364e+03 7.790839336207847928e-16 4.077000000000000036e-34
6.640600000000000364e+03 6.433470583127877752e-16 1.618000000000000011e-34
6.666199999999999818e+03 4.953460549141755554e-16 1.068000000000000040e-34
6.691800000000000182e+03 3.970251636114457501e-16 3.607999999999999843e-34
6.717399999999999636e+03 3.357045231583690491e-16 3.938000000000000382e-34
6.742899999999999636e+03 2.785412142614331330e-16 7.435999999999999761e-35
6.768500000000000000e+03 2.617040214590630378e-16 8.191999999999999688e-35
6.794100000000000364e+03 2.504792262574827607e-16 8.600999999999999530e-35
6.819600000000000364e+03 2.614961548812559345e-16 3.614999999999999795e-34
6.845199999999999818e+03 2.452825618123067549e-16 3.719000000000000118e-34
6.870800000000000182e+03 2.345774330552442115e-16 8.754999999999999753e-35
6.896300000000000182e+03 2.451786285234031786e-16 8.113000000000000171e-35
6.921899999999999636e+03 2.429960294564294563e-16 1.837000000000000061e-34
6.947500000000000000e+03 2.583781562141502718e-16 3.813000000000000204e-34
6.973100000000000364e+03 2.601450221255101325e-16 2.975999999999999857e-34
6.998600000000000364e+03 2.718894837716079461e-16 3.406000000000000195e-34
7.024199999999999818e+03 3.094094010657784882e-16 2.703999999999999835e-34
7.049800000000000182e+03 3.440191862706505204e-16 3.422999999999999956e-34
7.075300000000000182e+03 3.683395758740743144e-16 3.148999999999999887e-34
7.100899999999999636e+03 3.823705698760494758e-16 3.242999999999999973e-34
7.126500000000000000e+03 3.776935718753911051e-16 3.229999999999999880e-34
7.152100000000000364e+03 3.867357680099974134e-16 3.272000000000000018e-34
7.177600000000000364e+03 4.285169501492123168e-16 3.862000000000000294e-34
7.203199999999999818e+03 4.667644004657077946e-16 6.191000000000000023e-34
7.228800000000000182e+03 4.788206619785158441e-16 6.923000000000000238e-34
7.254300000000000182e+03 5.451301002989613490e-16 4.319000000000000203e-34
7.279899999999999636e+03 6.651730489825267729e-16 3.476000000000000141e-34
7.305500000000000000e+03 7.441623485492021797e-16 3.940000000000000002e-34
7.331100000000000364e+03 8.224241150935523057e-16 5.910000000000000002e-34
7.356600000000000364e+03 8.506939696753095841e-16 5.526000000000000324e-34
7.382199999999999818e+03 8.248145807383334271e-16 4.621000000000000079e-34
7.407800000000000182e+03 7.199458922346818634e-16 4.410999999999999814e-34
7.433300000000000182e+03 6.107120055970826579e-16 3.472000000000000047e-34
7.458899999999999636e+03 5.214333104289590623e-16 2.833999999999999918e-34
7.484500000000000000e+03 4.698823991328131121e-16 2.386000000000000008e-34
7.510000000000000000e+03 4.508626072634689496e-16 3.202000000000000072e-34
7.535600000000000364e+03 4.185393544144742653e-16 3.562000000000000038e-34
7.561199999999999818e+03 3.645979774735474896e-16 3.940000000000000002e-34
7.586800000000000182e+03 3.211538627118761539e-16 1.047999999999999994e-34
7.612300000000000182e+03 2.886227432850744650e-16 8.866000000000000455e-35
7.637899999999999636e+03 2.920525418188907580e-16 5.033000000000000419e-34
7.663500000000000000e+03 3.863200348543833054e-16 9.078999999999999935e-34
7.689000000000000000e+03 4.192668874367990038e-16 7.774000000000000488e-34
7.714600000000000364e+03 4.521098067303113724e-16 5.734000000000000114e-34
7.740199999999999818e+03 5.297479735412404349e-16 5.122000000000000173e-34
7.765800000000000182e+03 6.393975933344541429e-16 4.978000000000000187e-34
7.791300000000000182e+03 7.629742738407389924e-16 5.419999999999999954e-34
7.816899999999999636e+03 8.502782365196959690e-16 6.592000000000000317e-34
7.842500000000000000e+03 8.173313839372796790e-16 5.288000000000000252e-34
7.868000000000000000e+03 6.952097694756439120e-16 6.124999999999999744e-34
7.893600000000000364e+03 5.826500175931321377e-16 6.708999999999999878e-34
7.919199999999999818e+03 5.149894465169406829e-16 6.088000000000000365e-34
7.944699999999999818e+03 4.704020655773307472e-16 5.911000000000000240e-34
7.970300000000000182e+03 4.136544898360088406e-16 4.658000000000000313e-34
7.995899999999999636e+03 3.520220495162218050e-16 4.740000000000000115e-34
8.021500000000000000e+03 3.143981989331473414e-16 3.703999999999999977e-34
8.047000000000000000e+03 2.768782816389767500e-16 4.258000000000000256e-34
8.072600000000000364e+03 2.448668286566927454e-16 3.191999999999999836e-34
8.098199999999999818e+03 2.346813663441476892e-16 3.126999999999999795e-34
8.123699999999999818e+03 2.295886351878753090e-16 2.792000000000000207e-34
8.149300000000000182e+03 2.326027005660774447e-16 6.372999999999999625e-35
8.174899999999999636e+03 2.392544310559027301e-16 1.588999999999999966e-34
8.200500000000000000e+03 2.645102202594578729e-16 3.222999999999999928e-34
8.226000000000000000e+03 2.802041468838894174e-16 3.941999999999999621e-34
8.251600000000000364e+03 3.121116665772700428e-16 5.148000000000000361e-34
8.277200000000000728e+03 3.096172676435855916e-16 1.204999999999999989e-33
8.302700000000000728e+03 2.702265511491515138e-16 1.701000000000000093e-33
8.328299999999999272e+03 2.179481068306810225e-16 3.110999999999999844e-34
8.353899999999999636e+03 2.091137772738819161e-16 1.332000000000000043e-33
8.379500000000000000e+03 2.262627699429626416e-16 2.799000000000000159e-34
8.405000000000000000e+03 2.860244110624864867e-16 1.647000000000000056e-34
8.430600000000000364e+03 3.566990475168800278e-16 7.059000000000000034e-34
8.456200000000000728e+03 4.636464017986017868e-16 5.961000000000000140e-34
8.481700000000000728e+03 5.670600242576043667e-16 5.493000000000000185e-34
8.507299999999999272e+03 7.463449476161758526e-16 4.615999999999999747e-34
8.532899999999999636e+03 8.913318856365861833e-16 5.961000000000000140e-34
8.558399999999999636e+03 1.059080213926866565e-15 8.286000000000000629e-34
8.584000000000000000e+03 1.140148179271612314e-15 9.065999999999999414e-34
8.609600000000000364e+03 1.158856171274246192e-15 9.386000000000000144e-34
8.635200000000000728e+03 1.128715517492225526e-15 1.123000000000000016e-33
8.660700000000000728e+03 1.111046858378626919e-15 6.949999999999999807e-34
8.686299999999999272e+03 1.081945537485641325e-15 1.055999999999999970e-34
8.711899999999999636e+03 1.074670207262394829e-15 2.090999999999999999e-33
8.737399999999999636e+03 1.031537892367434468e-15 4.407999999999999957e-33
8.763000000000000000e+03 1.017610831654362834e-15 6.057000000000000017e-33
8.788600000000000364e+03 9.154444086622024795e-16 4.958000000000000227e-33
8.814200000000000728e+03 7.363673518814379491e-16 3.320000000000000213e-33
8.839700000000000728e+03 6.287963978662946828e-16 2.644000000000000126e-33
8.865299999999999272e+03 5.371272370533901630e-16 3.461000000000000000e-34
8.890899999999999636e+03 4.658290008655757556e-16 1.865000000000000082e-34
8.916399999999999636e+03 3.949464978333755056e-16 1.761999999999999997e-34
8.942000000000000000e+03 3.425641202260012900e-16 8.289999999999999869e-34
8.967600000000000364e+03 3.063953356875764512e-16 8.090000000000000268e-34
8.993200000000000728e+03 2.852968780401619455e-16 6.724000000000000019e-34
9.018700000000000728e+03 2.429960294564294563e-16 1.106999999999999894e-34
9.044299999999999272e+03 2.330184337216915034e-16 5.616999999999999698e-34
9.069899999999999636e+03 2.414370301228766003e-16 1.333999999999999919e-34
9.095399999999999636e+03 2.539090247912989551e-16 1.233000000000000095e-34
9.121000000000000000e+03 2.767743483500733709e-16 5.622000000000000030e-34
9.146600000000000364e+03 3.000554050644616482e-16 4.938000000000000096e-34
9.172100000000000364e+03 3.018222709758215582e-16 1.447000000000000027e-34
9.197700000000000728e+03 3.252072609791135597e-16 1.711000000000000073e-34
9.223299999999999272e+03 3.747834397860923979e-16 3.227000000000000023e-34
