3.776699999999999818e+03 1.112089931926841774e-15 4.396999999999999910e-33
3.802300000000000182e+03 1.087464379846974320e-15 5.276000000000000139e-33
3.827900000000000091e+03 8.959760868739194885e-16 3.466000000000000332e-33
3.853400000000000091e+03 7.948143189298215365e-16 3.415999999999999748e-33
3.879000000000000000e+03 6.991686746516144921e-16 3.058999999999999982e-33
3.904599999999999909e+03 8.685924729611074690e-16 2.787000000000000046e-33
3.930099999999999909e+03 1.087464379846974320e-15 2.759999999999999963e-33
3.955699999999999818e+03 1.456847661044994993e-15 2.371999999999999848e-33
3.981300000000000182e+03 1.819335787660654349e-15 1.928000000000000119e-33
4.006800000000000182e+03 2.044905844712245127e-15 1.152999999999999956e-32
4.032400000000000091e+03 2.064606286376137985e-15 1.862999999999999907e-33
4.058000000000000000e+03 2.005504961384456256e-15 1.739999999999999947e-33
4.083599999999999909e+03 1.707043270176454802e-15 1.669000000000000020e-33
4.109100000000000364e+03 1.410551623134843227e-15 1.291000000000000057e-33
4.134699999999999818e+03 1.297274083567450220e-15 1.301999999999999932e-33
4.160300000000000182e+03 1.282498752319528999e-15 1.108999999999999941e-33
4.185800000000000182e+03 1.407596556885258706e-15 1.281999999999999972e-33
4.211399999999999636e+03 1.381985982722195427e-15 1.167000000000000030e-33
4.237000000000000000e+03 1.274618575653971856e-15 8.923000000000000521e-34
4.262600000000000364e+03 1.381000960639000784e-15 6.732000000000000208e-34
4.288100000000000364e+03 1.393806247720532720e-15 5.288000000000000252e-33
4.313699999999999818e+03 1.461772771460969391e-15 8.586000000000000030e-34
4.339300000000000182e+03 1.615436216439346701e-15 2.047000000000000155e-33
4.364800000000000182e+03 1.666657364765471682e-15 8.032000000000000179e-34
4.390399999999999636e+03 1.551409781031688009e-15 3.343999999999999755e-33
4.416000000000000000e+03 1.398731358136506526e-15 2.649999999999999840e-33
4.441600000000000364e+03 1.137700506089904461e-15 3.917000000000000184e-33
4.467100000000000364e+03 1.117015042342815974e-15 5.280000000000000063e-34
4.492699999999999818e+03 1.140655572339489771e-15 4.497999999999999948e-34
4.518300000000000182e+03 1.408581578968453941e-15 5.525000000000000087e-34
4.543800000000000182e+03 1.612481150189761589e-15 3.960999999999999686e-33
4.569399999999999636e+03 1.839036229324547602e-15 6.040000000000000085e-34
4.595000000000000000e+03 2.084306728040032816e-15 2.962000000000000039e-33
4.620500000000000000e+03 2.121737567201433191e-15 3.257000000000000134e-33
4.646100000000000364e+03 2.187734046775480379e-15 3.297000000000000054e-33
4.671699999999999818e+03 2.133557832199769694e-15 2.902999999999999883e-33
4.697300000000000182e+03 1.933598349311240815e-15 2.476999999999999981e-33
4.722800000000000182e+03 1.590810664359477473e-15 1.872000000000000162e-33
4.748399999999999636e+03 1.280528708153140108e-15 2.215000000000000025e-33
4.774000000000000000e+03 1.165281124419357815e-15 2.335999999999999852e-33
4.799500000000000000e+03 9.783239330289996426e-16 1.970999999999999896e-33
4.825100000000000364e+03 9.546834030323248601e-16 1.889999999999999989e-33
4.850699999999999818e+03 1.033288165271263636e-15 1.636999999999999947e-33
4.876300000000000182e+03 1.184981566083251660e-15 1.719999999999999987e-33
4.901800000000000182e+03 1.249993023574103811e-15 1.402000000000000074e-33
4.927399999999999636e+03 1.167251168585746115e-15 1.445999999999999918e-33
4.953000000000000000e+03 1.449952506462632690e-15 1.932000000000000042e-33
4.978500000000000000e+03 1.654837099767134192e-15 1.445000000000000023e-33
5.004100000000000364e+03 1.736593932672298428e-15 1.691000000000000113e-33
5.029699999999999818e+03 1.730683800173129190e-15 1.520999999999999939e-33
5.055300000000000182e+03 1.493293478123199345e-15 1.473000000000000001e-33
5.080800000000000182e+03 1.221427383161455814e-15 1.526999999999999996e-33
5.106399999999999636e+03 1.120955130675594546e-15 1.069000000000000021e-33
5.132000000000000000e+03 1.168236190668941350e-15 8.120000000000000550e-34
5.157500000000000000e+03 1.266738398988414515e-15 1.235999999999999995e-33
5.183100000000000364e+03 1.492308456040005885e-15 1.165000000000000069e-33
5.208699999999999818e+03 1.658777188099913553e-15 1.162999999999999936e-33
5.234199999999999818e+03 1.701133137677284776e-15 1.278999999999999944e-33
5.259800000000000182e+03 1.807515522662317451e-15 1.129999999999999967e-33
5.285399999999999636e+03 1.934583371394434077e-15 1.029999999999999996e-33
5.311000000000000000e+03 2.048845933045023699e-15 6.815999999999999630e-34
5.336500000000000000e+03 2.102037125537539938e-15 1.142000000000000080e-33
5.362100000000000364e+03 2.102037125537539938e-15 1.064000000000000031e-33
5.387699999999999818e+03 1.995654740552507460e-15 9.860999999999999195e-34
5.413199999999999818e+03 1.856766626822052357e-15 8.298999999999999440e-34
5.438800000000000182e+03 1.711968380592431370e-15 9.608999999999999219e-34
5.464399999999999636e+03 1.604600973524205037e-15 1.021999999999999978e-33
5.490000000000000000e+03 1.462757793544163442e-15 7.868000000000000574e-34
5.515500000000000000e+03 1.397746336053311094e-15 8.713000000000000256e-34
5.541100000000000364e+03 1.384941048971781919e-15 9.324000000000000815e-34
5.566699999999999818e+03 1.414491711467620221e-15 1.002000000000000018e-33
5.592199999999999818e+03 1.329779812312876395e-15 1.082000000000000029e-33
5.617800000000000182e+03 1.125880241091568746e-15 1.774999999999999877e-33
5.643399999999999636e+03 9.277923001611100635e-16 6.332000000000000152e-34
5.668899999999999636e+03 8.279110609251642204e-16 7.582000000000000222e-34
5.694500000000000000e+03 7.429036551454603646e-16 5.781000000000000157e-34
5.720100000000000364e+03 6.509025925750727494e-16 6.714999999999999592e-34
5.745699999999999818e+03 4.815772964739001440e-16 5.677999999999999645e-34
5.771199999999999818e+03 4.140047815667422466e-16 5.525000000000000087e-34
5.796800000000000182e+03 3.843556168625806157e-16 4.472999999999999998e-34
5.822399999999999636e+03 4.995046983880438676e-16 5.558000000000000226e-34
5.847899999999999636e+03 5.565374770050182083e-16 5.083000000000000319e-34
5.873500000000000000e+03 6.416433849930430272e-16 5.933999999999999715e-34
5.899100000000000364e+03 7.856536135561108053e-16 5.815999999999999916e-34
5.924699999999999818e+03 8.947940603740872581e-16 5.592999999999999985e-34
5.950199999999999818e+03 9.278908023694281670e-16 4.931000000000000144e-34
5.975800000000000182e+03 8.876033991667647279e-16 4.754000000000000018e-34
6.001399999999999636e+03 8.641598735867307871e-16 3.825000000000000060e-34
6.026899999999999636e+03 7.929427769717515375e-16 4.251999999999999686e-34
6.052500000000000000e+03 7.788569611820674931e-16 4.269999999999999685e-34
6.078100000000000364e+03 7.622100879760753853e-16 5.066999999999999941e-34
6.103699999999999818e+03 7.738333485577747946e-16 3.643999999999999840e-34
6.129199999999999818e+03 8.475130003807394681e-16 4.427999999999999575e-34
6.154800000000000182e+03 9.502508036579500517e-16 3.988999999999999664e-34
6.180399999999999636e+03 1.050033540685574734e-15 4.381000000000000387e-34
6.205899999999999636e+03 1.072689048599054085e-15 3.948999999999999573e-34
6.231500000000000000e+03 1.114059976093231257e-15 5.032000000000000182e-34
6.257100000000000364e+03 1.149520771088241951e-15 4.867000000000000340e-34
6.282600000000000364e+03 1.167251168585746115e-15 3.042999999999999945e-34
6.308199999999999818e+03 1.147550726921853060e-15 3.909999999999999719e-34
6.333800000000000182e+03 1.091404468179753286e-15 3.862999999999999676e-34
6.359399999999999636e+03 1.115044998176426491e-15 3.503000000000000139e-34
6.384899999999999636e+03 1.172176279001720513e-15 3.913999999999999814e-34
6.410500000000000000e+03 1.255903156073271471e-15 3.370000000000000199e-34
6.436100000000000364e+03 1.355390386475939674e-15 4.104999999999999843e-34
6.461600000000000364e+03 1.452907572712215633e-15 3.849000000000000200e-34
6.487199999999999818e+03 1.483443257291253310e-15 3.744000000000000068e-34
6.512800000000000182e+03 1.491323433956809862e-15 4.640000000000000314e-34
6.538399999999999636e+03 1.511023875620705875e-15 5.842000000000000104e-34
6.563899999999999636e+03 1.477533124792085255e-15 7.233000000000000303e-34
6.589500000000000000e+03 1.429267042715543217e-15 1.649000000000000103e-34
6.615100000000000364e+03 1.369180695640664872e-15 1.647000000000000056e-34
6.640600000000000364e+03 1.204682007747145110e-15 9.883999999999999525e-35
6.666199999999999818e+03 9.997974144426447907e-16 4.469000000000000224e-35
6.691800000000000182e+03 8.073240993863949214e-16 3.269000000000000161e-34
6.717399999999999636e+03 6.630183641983685927e-16 3.191999999999999836e-34
6.742899999999999636e+03 5.807690202516087115e-16 2.520999999999999995e-34
6.768500000000000000e+03 5.165455804273122352e-16 3.886000000000000221e-35
6.794100000000000364e+03 4.795087500991918672e-16 2.664000000000000172e-34
6.819600000000000364e+03 4.606948283101714069e-16 2.981000000000000189e-34
6.845199999999999818e+03 4.564592333524343832e-16 2.970000000000000142e-34
6.870800000000000182e+03 4.484805544785572629e-16 2.649999999999999840e-34
6.896300000000000182e+03 4.315381746476086259e-16 2.804999999999999873e-34
6.921899999999999636e+03 4.358722718136654787e-16 2.476000000000000000e-34
6.947500000000000000e+03 4.605963261018523173e-16 2.999000000000000187e-34
6.973100000000000364e+03 4.830548295986920097e-16 2.802000000000000016e-34
6.998600000000000364e+03 5.144770340526040570e-16 2.793999999999999827e-34
7.024199999999999818e+03 5.424516612153342625e-16 2.179999999999999838e-34
7.049800000000000182e+03 5.785034694602609736e-16 2.266999999999999972e-34
7.075300000000000182e+03 6.036215325817265372e-16 2.280000000000000066e-34
7.100899999999999636e+03 6.124867313304787178e-16 2.584999999999999799e-34
7.126500000000000000e+03 6.216474367041901393e-16 2.748999999999999831e-34
7.152100000000000364e+03 6.376047944519441827e-16 2.480999999999999904e-34
7.177600000000000364e+03 6.792712285710806937e-16 2.291000000000000112e-34
7.203199999999999818e+03 7.278328172725807898e-16 3.015999999999999948e-34
7.228800000000000182e+03 8.195383732180092626e-16 3.341000000000000154e-34
7.254300000000000182e+03 9.215866610369821763e-16 3.595000000000000177e-34
7.279899999999999636e+03 1.038213275687238231e-15 2.849000000000000059e-34
7.305500000000000000e+03 1.196801831081589150e-15 3.418999999999999862e-34
7.331100000000000364e+03 1.326824746063291874e-15 2.712999999999999834e-34
7.356600000000000364e+03 1.381000960639000784e-15 2.705000000000000073e-34
7.382199999999999818e+03 1.321899635647317674e-15 2.835000000000000155e-34
7.407800000000000182e+03 1.228322537743819498e-15 3.879999999999999865e-35
7.433300000000000182e+03 1.098299622762115195e-15 4.217999999999999951e-35
7.458899999999999636e+03 9.948723040266709845e-16 3.006000000000000139e-34
7.484500000000000000e+03 9.386275430762503466e-16 2.936000000000000193e-34
7.510000000000000000e+03 8.876033991667647279e-16 2.246000000000000117e-34
7.535600000000000364e+03 8.525366130050322652e-16 2.417000000000000100e-34
7.561199999999999818e+03 7.919577548885568946e-16 2.810999999999999908e-35
7.586800000000000182e+03 7.038967806509487386e-16 2.485999999999999809e-34
7.612300000000000182e+03 6.186923704546057175e-16 3.516000000000000019e-35
7.637899999999999636e+03 5.655011779620905631e-16 3.665999999999999933e-34
7.663500000000000000e+03 5.838225887095125187e-16 3.267999999999999924e-34
7.689000000000000000e+03 6.274590669950384141e-16 3.634000000000000031e-34
7.714600000000000364e+03 6.783847086962056334e-16 3.539999999999999945e-34
7.740199999999999818e+03 7.643771365591055127e-16 2.855000000000000201e-34
7.765800000000000182e+03 9.174495682875646366e-16 2.458000000000000001e-34
7.791300000000000182e+03 1.082539269431000711e-15 2.822999999999999871e-34
7.816899999999999636e+03 1.206652051913535973e-15 2.851000000000000106e-34
7.842500000000000000e+03 1.277573641903556771e-15 2.692999999999999789e-34
7.868000000000000000e+03 1.226352493577430015e-15 2.788000000000000112e-34
7.893600000000000364e+03 1.143610638589073897e-15 3.463999999999999857e-34
7.919199999999999818e+03 1.088449401930168963e-15 3.452000000000000001e-34
7.944699999999999818e+03 1.020482878189732095e-15 3.670000000000000028e-34
7.970300000000000182e+03 9.366574989098630329e-16 3.544000000000000040e-34
7.995899999999999636e+03 7.857521157644299935e-16 2.637999999999999984e-34
8.021500000000000000e+03 6.527741345331432415e-16 3.042999999999999945e-35
8.047000000000000000e+03 5.638266404206595321e-16 2.821999999999999848e-35
8.072600000000000364e+03 5.164470782189931456e-16 1.735000000000000000e-34
8.098199999999999818e+03 4.973376498050153180e-16 2.206999999999999835e-34
8.123699999999999818e+03 4.759626705996900483e-16 2.129999999999999938e-34
8.149300000000000182e+03 4.502535942283085668e-16 2.065999999999999920e-35
8.174899999999999636e+03 4.313411702309695100e-16 1.837000000000000061e-34
8.200500000000000000e+03 4.633543879347979683e-16 2.181999999999999885e-34
8.226000000000000000e+03 5.065968573870463221e-16 2.325999999999999872e-34
8.251600000000000364e+03 5.254107791760655991e-16 2.862000000000000153e-34
8.277200000000000728e+03 5.323059337584285925e-16 3.359000000000000152e-34
8.302700000000000728e+03 5.032477823041848518e-16 4.532000000000000325e-34
8.328299999999999272e+03 4.362662806469429217e-16 3.481999999999999856e-34
8.353899999999999636e+03 3.564794919081704859e-16 5.922000000000000500e-35
8.379500000000000000e+03 3.188516483301316854e-16 4.421999999999999860e-34
8.405000000000000000e+03 3.617986111574216858e-16 3.098999999999999987e-34
8.430600000000000364e+03 4.321291878975246918e-16 2.608000000000000130e-34
8.456200000000000728e+03 5.001942138462798613e-16 2.856000000000000011e-34
8.481700000000000728e+03 6.334677017025269389e-16 2.523000000000000043e-34
8.507299999999999272e+03 8.094911479694229781e-16 3.081999999999999799e-34
8.532899999999999636e+03 9.909322156938918212e-16 2.451000000000000050e-34
8.558399999999999636e+03 1.195816808998394112e-15 2.984000000000000046e-34
8.584000000000000000e+03 1.360315496891911508e-15 4.695999999999999929e-34
8.609600000000000364e+03 1.439117263547490238e-15 6.415999999999999574e-34
8.635200000000000728e+03 1.444042373963463649e-15 5.908000000000000383e-34
8.660700000000000728e+03 1.448967484379438639e-15 4.875999999999999912e-34
8.686299999999999272e+03 1.450937528545826544e-15 3.739000000000000163e-34
8.711899999999999636e+03 1.451922550629021384e-15 3.236999999999999832e-34
8.737399999999999636e+03 1.401686424386091441e-15 9.897000000000000475e-35
8.763000000000000000e+03 1.336674966895239487e-15 1.840999999999999942e-34
8.788600000000000364e+03 1.244082891074933981e-15 1.556000000000000041e-33
8.814200000000000728e+03 1.121940152758789978e-15 1.257999999999999917e-33
8.839700000000000728e+03 9.968423481930602703e-16 8.289000000000000486e-34
8.865299999999999272e+03 8.807082445844026220e-16 6.250000000000000350e-34
8.890899999999999636e+03 7.821075340566095781e-16 6.429000000000000095e-35
8.916399999999999636e+03 7.016312298596012966e-16 6.049999999999999894e-35
8.942000000000000000e+03 6.383928121184997590e-16 5.898999999999999956e-34
8.967600000000000364e+03 5.787004738768998431e-16 4.938000000000000096e-34
8.993200000000000728e+03 5.553554505051847945e-16 6.033000000000000133e-35
9.018700000000000728e+03 5.129995009278117968e-16 4.068999999999999847e-34
9.044299999999999272e+03 5.047253154289764217e-16 4.391000000000000196e-34
9.069899999999999636e+03 4.902454908060134552e-16 4.075000000000000416e-34
9.095399999999999636e+03 4.985196763048494219e-16 5.125999999999999626e-35
9.121000000000000000e+03 5.394965949657497421e-16 5.353000000000000293e-34
9.146600000000000364e+03 5.878611792506108701e-16 4.791000000000000252e-34
9.172100000000000364e+03 6.097286694975335599e-16 4.096999999999999654e-34
9.197700000000000728e+03 6.620333421151735554e-16 5.005999999999999994e-34
9.223299999999999272e+03 7.414261220206678086e-16 6.336000000000000247e-34
