3.776699999999999818e+03 6.827374320602374538e-16 3.618999999999999958e-32
3.802300000000000182e+03 5.930661323736871947e-16 4.037999999999999737e-32
3.827900000000000091e+03 4.170932269345240912e-16 2.793999999999999758e-32
3.853400000000000091e+03 4.206501260870183479e-16 1.796999999999999901e-32
3.879000000000000000e+03 3.804946067075498317e-16 1.961000000000000121e-32
3.904599999999999909e+03 3.591532117925881370e-16 2.102999999999999975e-32
3.930099999999999909e+03 6.253590325739585161e-16 1.876000000000000086e-32
3.955699999999999818e+03 7.598659821037854332e-16 1.532999999999999881e-32
3.981300000000000182e+03 9.949957366054750959e-16 1.597000000000000027e-32
4.006800000000000182e+03 1.124167337406561565e-15 1.536999999999999873e-32
4.032400000000000091e+03 1.120423233035514262e-15 1.177000000000000045e-32
4.058000000000000000e+03 1.092342450252671624e-15 1.271999999999999923e-32
4.083599999999999909e+03 1.101702711180286034e-15 8.975000000000000212e-33
4.109100000000000364e+03 7.776504778662544489e-16 7.041000000000000378e-33
4.134699999999999818e+03 7.390862028444799168e-16 9.425999999999999379e-33
4.160300000000000182e+03 7.192424496779369656e-16 8.138999999999999418e-33
4.185800000000000182e+03 7.857003022640033581e-16 7.163999999999999654e-33
4.211399999999999636e+03 8.335312356041153335e-16 5.441000000000000152e-33
4.237000000000000000e+03 7.400222289372425806e-16 5.153000000000000180e-33
4.262600000000000364e+03 8.169635737622375144e-16 4.536000000000000248e-33
4.288100000000000364e+03 8.492564739625099205e-16 4.145000000000000276e-33
4.313699999999999818e+03 8.739675628114121361e-16 4.139999999999999944e-33
4.339300000000000182e+03 9.435143015035935735e-16 4.648000000000000162e-33
4.364800000000000182e+03 1.023076519388321284e-15 3.898000000000000291e-33
4.390399999999999636e+03 1.026820623759367205e-15 3.982999999999999779e-33
4.416000000000000000e+03 9.203944570123821374e-16 4.221999999999999917e-33
4.441600000000000364e+03 8.611440053405801402e-16 3.628000000000000146e-33
4.467100000000000364e+03 7.198976679428699131e-16 3.956000000000000038e-33
4.492699999999999818e+03 7.566834933883963800e-16 4.154000000000000190e-33
4.518300000000000182e+03 8.842638498317894069e-16 3.045000000000000078e-33
4.543800000000000182e+03 9.407062232253076531e-16 4.540999999999999896e-33
4.569399999999999636e+03 1.135399650519698147e-15 3.163000000000000048e-33
4.595000000000000000e+03 1.239298546816225926e-15 3.125000000000000260e-33
4.620500000000000000e+03 1.287035877547062907e-15 3.328000000000000060e-33
4.646100000000000364e+03 1.268315355691833890e-15 2.433000000000000137e-33
4.671699999999999818e+03 1.217769946682710397e-15 2.959999999999999906e-33
4.697300000000000182e+03 1.014652284553465692e-15 2.414999999999999968e-33
4.722800000000000182e+03 7.874787518402507330e-16 2.866999999999999886e-33
4.748399999999999636e+03 6.766532624572881762e-16 5.728000000000000058e-33
4.774000000000000000e+03 5.864203471150798652e-16 1.676000000000000143e-33
4.799500000000000000e+03 5.587139747693393739e-16 1.856999999999999850e-33
4.825100000000000364e+03 5.427079285831173387e-16 5.002999999999999795e-33
4.850699999999999818e+03 5.431759416294979310e-16 2.223999999999999938e-33
4.876300000000000182e+03 6.686034380595397600e-16 1.510000000000000064e-33
4.901800000000000182e+03 6.530654049196985143e-16 1.638000000000000014e-33
4.927399999999999636e+03 6.909744616765386197e-16 1.794999999999999837e-33
4.953000000000000000e+03 7.589299560110243472e-16 7.509999999999999373e-33
4.978500000000000000e+03 9.206752648402107689e-16 1.168999999999999992e-33
5.004100000000000364e+03 9.875075278633830552e-16 1.979000000000000085e-33
5.029699999999999818e+03 1.018396388924513389e-15 1.437000000000000004e-33
5.055300000000000182e+03 9.264786266153335845e-16 1.671000000000000153e-33
5.080800000000000182e+03 7.649205230046985319e-16 1.547000000000000127e-33
5.106399999999999636e+03 6.357489222036107812e-16 1.322999999999999958e-33
5.132000000000000000e+03 7.056700713328936751e-16 1.399000000000000046e-33
5.157500000000000000e+03 7.663245621438402103e-16 1.267000000000000002e-33
5.183100000000000364e+03 9.650429016371065388e-16 1.209999999999999979e-33
5.208699999999999818e+03 1.133527598334177158e-15 1.150999999999999994e-33
5.234199999999999818e+03 1.171904668137397757e-15 1.093000000000000076e-33
5.259800000000000182e+03 1.179392876879490784e-15 1.015999999999999921e-33
5.285399999999999636e+03 1.206537633569573223e-15 1.041999999999999972e-32
5.311000000000000000e+03 1.199049424827482760e-15 8.490999999999999536e-33
5.336500000000000000e+03 1.235554442445180201e-15 1.332000000000000043e-33
5.362100000000000364e+03 1.167224537673591637e-15 8.465999999999999928e-33
5.387699999999999818e+03 1.121359259128275644e-15 1.072999999999999944e-33
5.413199999999999818e+03 9.463223797818779162e-16 1.014999999999999958e-32
5.438800000000000182e+03 9.223601118071823606e-16 7.003999999999999973e-33
5.464399999999999636e+03 8.014255406223961701e-16 6.813000000000000286e-33
5.490000000000000000e+03 6.362169352499925568e-16 6.902000000000000040e-33
5.515500000000000000e+03 6.247974169183018448e-16 7.234000000000000198e-33
5.541100000000000364e+03 6.423947074622180121e-16 4.753999999999999676e-33
5.566699999999999818e+03 7.105374070152552074e-16 1.013999999999999960e-33
5.592199999999999818e+03 6.418330918065616366e-16 4.894000000000000081e-33
5.617800000000000182e+03 4.907584804348544352e-16 4.115000000000000336e-33
5.643399999999999636e+03 4.699787011755494119e-16 5.164000000000000226e-33
5.668899999999999636e+03 3.489505273814869945e-16 2.639000000000000136e-33
5.694500000000000000e+03 3.239586307047557530e-16 3.161999999999999981e-34
5.720100000000000364e+03 3.121647019359604783e-16 3.179999999999999808e-33
5.745699999999999818e+03 2.514166085157392446e-16 3.179000000000000170e-34
5.771199999999999818e+03 1.938510038109066697e-16 1.929999999999999910e-33
5.796800000000000182e+03 1.769089315319234746e-16 2.275999999999999971e-33
5.822399999999999636e+03 1.985311342747142444e-16 3.150999999999999935e-34
5.847899999999999636e+03 3.077653792999813132e-16 2.463000000000000077e-33
5.873500000000000000e+03 2.922273461601411029e-16 1.974000000000000095e-33
5.899100000000000364e+03 3.451128204011652403e-16 2.290999999999999941e-33
5.924699999999999818e+03 4.542534628171567970e-16 3.621999999999999747e-33
5.950199999999999818e+03 4.722251637981768860e-16 2.512999999999999977e-33
5.975800000000000182e+03 4.165316112788676171e-16 1.768000000000000096e-33
6.001399999999999636e+03 4.419915210019803384e-16 2.328000000000000004e-33
6.026899999999999636e+03 3.637397396471191150e-16 1.867999999999999897e-33
6.052500000000000000e+03 3.105734575782657052e-16 2.095000000000000179e-34
6.078100000000000364e+03 2.856751635108104441e-16 1.890000000000000032e-34
6.103699999999999818e+03 3.013067992599272264e-16 1.751999999999999974e-34
6.129199999999999818e+03 3.761888866808469921e-16 1.801999999999999960e-33
6.154800000000000182e+03 4.073585555698049708e-16 1.805000000000000159e-33
6.180399999999999636e+03 4.170932269345240912e-16 1.645999999999999861e-33
6.205899999999999636e+03 4.640817367911511090e-16 1.672999999999999944e-33
6.231500000000000000e+03 5.306331919864952568e-16 1.288999999999999924e-33
6.257100000000000364e+03 5.602116165177571312e-16 1.671000000000000153e-33
6.282600000000000364e+03 6.292903421635565958e-16 1.536000000000000080e-33
6.308199999999999818e+03 6.289159317264518853e-16 1.445000000000000023e-33
6.333800000000000182e+03 6.244230064811973315e-16 1.589999999999999904e-33
6.359399999999999636e+03 6.102890124804984543e-16 1.660999999999999831e-33
6.384899999999999636e+03 5.991503019766356835e-16 1.630000000000000166e-33
6.410500000000000000e+03 6.191812603617324691e-16 1.592000000000000037e-33
6.436100000000000364e+03 6.640169102050081410e-16 1.609000000000000140e-33
6.461600000000000364e+03 7.000539147763262716e-16 1.275000000000000020e-33
6.487199999999999818e+03 7.008963382598115744e-16 1.222999999999999987e-33
6.512800000000000182e+03 6.757172363645271888e-16 1.479000000000000057e-33
6.538399999999999636e+03 6.846094842457610063e-16 1.170000000000000059e-33
6.563899999999999636e+03 6.541886362310128430e-16 1.505999999999999969e-33
6.589500000000000000e+03 6.266694691038241154e-16 4.308000000000000156e-34
6.615100000000000364e+03 5.882923993006028260e-16 3.930000000000000193e-34
6.640600000000000364e+03 4.972170604749095081e-16 2.604000000000000035e-34
6.666199999999999818e+03 4.192460869478761273e-16 1.010000000000000036e-33
6.691800000000000182e+03 3.357525594735498936e-16 6.862000000000000291e-34
6.717399999999999636e+03 2.661122181720945959e-16 1.029999999999999996e-34
6.742899999999999636e+03 2.470172858797597837e-16 7.193000000000000212e-34
6.768500000000000000e+03 2.235230309514461516e-16 6.989999999999999899e-34
6.794100000000000364e+03 2.072361769373961012e-16 6.137000000000000028e-34
6.819600000000000364e+03 1.978759160097812229e-16 5.890999999999999767e-34
6.845199999999999818e+03 1.770961367504759284e-16 5.501999999999999756e-34
6.870800000000000182e+03 1.854267689760529021e-16 5.713999999999999641e-34
6.896300000000000182e+03 1.802786254658649323e-16 5.062999999999999846e-34
6.921899999999999636e+03 1.697951332269362923e-16 6.552999999999999608e-34
6.947500000000000000e+03 1.634301557961581613e-16 9.791000000000000960e-35
6.973100000000000364e+03 1.832739089627016056e-16 9.640999999999999549e-35
6.998600000000000364e+03 2.059257404075301075e-16 5.220999999999999736e-34
7.024199999999999818e+03 2.230550179050656086e-16 4.478000000000000330e-34
7.049800000000000182e+03 2.545990972311283471e-16 4.227999999999999974e-34
7.075300000000000182e+03 2.735068243049104589e-16 4.227999999999999974e-34
7.100899999999999636e+03 2.912913200673790801e-16 4.845000000000000247e-34
7.126500000000000000e+03 2.942866035642156302e-16 4.716999999999999784e-34
7.152100000000000364e+03 3.213377576450230260e-16 5.811999999999999822e-34
7.177600000000000364e+03 3.540050682823996002e-16 5.385999999999999578e-34
7.203199999999999818e+03 3.652373813955375626e-16 6.017999999999999992e-34
7.228800000000000182e+03 4.015551937946837823e-16 5.112000000000000364e-34
7.254300000000000182e+03 4.596824141551724369e-16 5.753999999999999732e-34
7.279899999999999636e+03 5.127550936147497677e-16 5.252000000000000256e-34
7.305500000000000000e+03 5.883860019098794967e-16 5.933999999999999715e-34
7.331100000000000364e+03 6.507253396877953556e-16 6.495000000000000374e-34
7.356600000000000364e+03 6.948121686568615079e-16 7.510000000000000229e-34
7.382199999999999818e+03 6.844222790272090455e-16 8.982999999999999374e-34
7.407800000000000182e+03 6.201172864544935551e-16 7.281999999999999966e-34
7.433300000000000182e+03 5.229577780258503678e-16 6.004000000000000088e-34
7.458899999999999636e+03 4.462036384194070990e-16 5.911000000000000240e-34
7.484500000000000000e+03 3.907908937279266587e-16 5.051000000000000417e-34
7.510000000000000000e+03 3.600892378853492230e-16 5.418000000000000335e-34
7.535600000000000364e+03 3.222737837377849994e-16 5.244000000000000066e-34
7.561199999999999818e+03 2.746300556162240481e-16 9.442999999999999568e-35
7.586800000000000182e+03 2.486085302374547540e-16 1.506999999999999950e-34
7.612300000000000182e+03 2.231486205143414904e-16 5.957000000000000045e-34
7.637899999999999636e+03 2.139755648052788441e-16 5.212000000000000164e-34
7.663500000000000000e+03 2.529142502641575936e-16 5.645000000000000360e-34
7.689000000000000000e+03 3.073909688628764548e-16 5.303000000000000393e-34
7.714600000000000364e+03 3.428663577785377168e-16 4.096999999999999654e-34
7.740199999999999818e+03 3.946286007082484130e-16 4.342999999999999915e-34
7.765800000000000182e+03 4.961874317728709626e-16 4.837000000000000058e-34
7.791300000000000182e+03 5.948445819499339779e-16 6.206000000000000164e-34
7.816899999999999636e+03 6.299455604284893462e-16 6.143999999999999980e-34
7.842500000000000000e+03 6.082297550764222508e-16 6.143999999999999980e-34
7.868000000000000000e+03 5.507577529808662479e-16 5.775999999999999825e-34
7.893600000000000364e+03 5.050796796541056676e-16 6.675000000000000356e-34
7.919199999999999818e+03 4.305720026702900701e-16 7.507000000000000372e-34
7.944699999999999818e+03 3.893868545887846353e-16 5.476999999999999806e-34
7.970300000000000182e+03 3.438023838712988521e-16 6.034999999999999753e-34
7.995899999999999636e+03 3.056125192866301153e-16 5.231999999999999782e-34
8.021500000000000000e+03 2.720091825564918634e-16 4.949000000000000142e-34
8.047000000000000000e+03 2.321344710048519786e-16 4.668000000000000122e-34
8.072600000000000364e+03 2.081722030301576556e-16 3.909999999999999719e-34
8.098199999999999818e+03 2.050833169240447061e-16 4.031999999999999613e-34
8.123699999999999818e+03 1.982503264468858348e-16 4.124000000000000079e-34
8.149300000000000182e+03 2.005903916787894619e-16 4.514000000000000327e-34
8.174899999999999636e+03 2.090146265136429830e-16 3.382000000000000055e-34
8.200500000000000000e+03 2.159412196000784263e-16 3.924999999999999860e-34
8.226000000000000000e+03 2.226806074679610460e-16 4.059000000000000038e-34
8.251600000000000364e+03 2.224934022494087400e-16 3.910999999999999957e-34
8.277200000000000728e+03 2.311984449120903996e-16 5.742999999999999686e-34
8.302700000000000728e+03 2.250206726998646485e-16 8.295999999999999583e-34
8.328299999999999272e+03 1.829931011348731467e-16 9.870000000000000477e-34
8.353899999999999636e+03 1.527594583386768209e-16 8.320000000000000151e-34
8.379500000000000000e+03 1.450840443780324497e-16 7.522999999999999895e-34
8.405000000000000000e+03 1.802786254658649323e-16 6.052000000000000369e-34
8.430600000000000364e+03 2.619001007546681805e-16 5.251000000000000018e-34
8.456200000000000728e+03 3.298555950891527247e-16 4.665999999999999647e-34
8.481700000000000728e+03 4.339416966042309855e-16 5.444999999999999904e-34
8.507299999999999272e+03 5.541274469148074591e-16 7.369000000000000100e-34
8.532899999999999636e+03 7.281346975591717692e-16 7.125000000000000313e-34
8.558399999999999636e+03 8.895991985605302497e-16 8.157999999999999311e-34
8.584000000000000000e+03 9.828273973995733851e-16 7.957999999999999711e-34
8.609600000000000364e+03 1.001547919254804966e-15 7.383000000000000003e-34
8.635200000000000728e+03 9.968677887909982539e-16 9.169000000000000782e-34
8.660700000000000728e+03 9.875075278633830552e-16 9.358999999999999718e-34
8.686299999999999272e+03 9.818913713068135810e-16 9.123999999999999503e-34
8.711899999999999636e+03 9.744031625647213431e-16 1.067000000000000059e-33
8.737399999999999636e+03 9.491304580601604840e-16 1.557999999999999831e-33
8.763000000000000000e+03 8.845446576596177426e-16 1.820000000000000129e-33
8.788600000000000364e+03 7.935629214431993204e-16 2.381000000000000104e-33
8.814200000000000728e+03 6.590559719133729949e-16 1.836999999999999890e-33
8.839700000000000728e+03 5.210857258403266181e-16 1.322000000000000063e-33
8.865299999999999272e+03 4.525686158501860928e-16 1.059000000000000041e-33
8.890899999999999636e+03 4.037080538080353747e-16 8.037000000000000511e-34
8.916399999999999636e+03 3.318212498839515674e-16 6.164999999999999835e-34
8.942000000000000000e+03 2.876408183056086458e-16 8.243999999999999208e-34
8.967600000000000364e+03 2.814630460933835849e-16 1.002000000000000018e-33
8.993200000000000728e+03 2.283903666338060569e-16 8.488000000000000705e-34
9.018700000000000728e+03 2.083594082487101341e-16 7.549000000000000082e-34
9.044299999999999272e+03 2.224934022494087400e-16 6.945000000000000331e-34
9.069899999999999636e+03 2.133203465403458966e-16 7.538000000000000036e-34
9.095399999999999636e+03 2.058321377982540038e-16 7.128000000000000170e-34
9.121000000000000000e+03 2.286711744616342447e-16 7.532000000000000322e-34
9.146600000000000364e+03 2.371890119057641899e-16 7.536999999999999798e-34
9.172100000000000364e+03 2.344745362367560741e-16 6.438999999999999904e-34
9.197700000000000728e+03 2.603088563969732594e-16 7.804000000000000771e-34
9.223299999999999272e+03 3.058933271144582044e-16 8.070000000000000650e-34
