3.776699999999999818e+03 2.972757890990208971e-16 9.968999999999998911e-32
3.802300000000000182e+03 6.050222415200592426e-16 8.737000000000000276e-32
3.827900000000000091e+03 5.599528646122438374e-16 5.618000000000000141e-32
3.853400000000000091e+03 2.034950654322546611e-16 4.544000000000000232e-32
3.879000000000000000e+03 2.899918493967479259e-16 4.078999999999999861e-32
3.904599999999999909e+03 3.778543720554167472e-16 3.701999999999999861e-32
3.930099999999999909e+03 6.836280908070896823e-16 3.120999999999999995e-32
3.955699999999999818e+03 9.514646236094234471e-16 2.716999999999999980e-32
3.981300000000000182e+03 1.444799789694629347e-15 3.447000000000000028e-32
4.006800000000000182e+03 1.751180503421489622e-15 3.105000000000000027e-32
4.032400000000000091e+03 1.851334674327744171e-15 2.426999999999999875e-32
4.058000000000000000e+03 1.814914975816380745e-15 1.726999999999999904e-32
4.083599999999999909e+03 1.757250453173385498e-15 1.667000000000000024e-32
4.109100000000000364e+03 1.377271598704804484e-15 1.380999999999999911e-32
4.134699999999999818e+03 1.176052764429510530e-15 1.278000000000000048e-32
4.160300000000000182e+03 1.173624784528752890e-15 1.105999999999999981e-32
4.185800000000000182e+03 1.255265608691729986e-15 1.041999999999999972e-32
4.211399999999999636e+03 1.268012503170708486e-15 1.236999999999999925e-32
4.237000000000000000e+03 1.142819789537888968e-15 6.188999999999999890e-33
4.262600000000000364e+03 1.223398372494285706e-15 5.352999999999999780e-33
4.288100000000000364e+03 1.366952684126584019e-15 6.534000000000000227e-33
4.313699999999999818e+03 1.314295870028901923e-15 5.010000000000000260e-33
4.339300000000000182e+03 1.389714995696188231e-15 5.286000000000000119e-33
4.364800000000000182e+03 1.569082010864662827e-15 5.763999999999999712e-33
4.390399999999999636e+03 1.635851458135499917e-15 4.683999999999999816e-33
4.416000000000000000e+03 1.468320844983219163e-15 4.423000000000000269e-33
4.441600000000000364e+03 1.233869035816305422e-15 5.475999999999999740e-33
4.467100000000000364e+03 1.140998804612321231e-15 5.073000000000000339e-33
4.492699999999999818e+03 1.118539990530312956e-15 3.723999999999999680e-33
4.518300000000000182e+03 1.338575669036479710e-15 3.459999999999999934e-33
4.543800000000000182e+03 1.469686583677394868e-15 3.950999999999999706e-33
4.569399999999999636e+03 1.685928543588627093e-15 3.313999999999999815e-33
4.595000000000000000e+03 2.007635880439021576e-15 3.408999999999999967e-33
4.620500000000000000e+03 2.327825729851443471e-15 4.098999999999999958e-33
4.646100000000000364e+03 2.434049850509593700e-15 3.783000000000000178e-33
4.671699999999999818e+03 2.517511659598138731e-15 4.395999999999999844e-33
4.697300000000000182e+03 2.376385327866597861e-15 4.517999999999999737e-33
4.722800000000000182e+03 2.171524523740169616e-15 1.853000000000000063e-32
4.748399999999999636e+03 1.684411056150654702e-15 3.755999999999999753e-33
4.774000000000000000e+03 1.464375377644485581e-15 5.120000000000000040e-33
4.799500000000000000e+03 1.295782523285624075e-15 3.513000000000000033e-33
4.825100000000000364e+03 1.163761116181925640e-15 4.644999999999999962e-33
4.850699999999999818e+03 1.083486030713123263e-15 3.445999999999999688e-33
4.876300000000000182e+03 1.287284593632972136e-15 3.301999999999999702e-33
4.901800000000000182e+03 1.370746402721518152e-15 3.360000000000000133e-33
4.927399999999999636e+03 1.372870885134682222e-15 3.119999999999999928e-33
4.953000000000000000e+03 1.439033337430328817e-15 3.764999999999999667e-33
4.978500000000000000e+03 1.688963518464574637e-15 1.505999999999999867e-32
5.004100000000000364e+03 2.018258292504837388e-15 1.838000000000000025e-32
5.029699999999999818e+03 2.015223317628891422e-15 3.319000000000000147e-33
5.055300000000000182e+03 2.024328242256731687e-15 2.891999999999999836e-33
5.080800000000000182e+03 1.745110553669596901e-15 1.247000000000000042e-32
5.106399999999999636e+03 1.367711427845571595e-15 2.370000000000000057e-33
5.132000000000000000e+03 1.416422774604521094e-15 2.232000000000000128e-33
5.157500000000000000e+03 1.483950965594346549e-15 2.335999999999999852e-33
5.183100000000000364e+03 1.596396784748187172e-15 2.448999999999999831e-33
5.208699999999999818e+03 1.802775076312593331e-15 1.708999999999999940e-33
5.234199999999999818e+03 1.913551659284663100e-15 1.697999999999999894e-33
5.259800000000000182e+03 2.057712965892150725e-15 1.950999999999999936e-33
5.285399999999999636e+03 2.210979197127480191e-15 2.041000000000000098e-33
5.311000000000000000e+03 2.459847136955142498e-15 1.513999999999999988e-33
5.336500000000000000e+03 2.613113368190473542e-15 1.753999999999999850e-33
5.362100000000000364e+03 2.692022714965100215e-15 2.253000000000000154e-33
5.387699999999999818e+03 2.728442413476464036e-15 2.272000000000000048e-33
5.413199999999999818e+03 2.670777890833469381e-15 9.721999999999999883e-33
5.438800000000000182e+03 2.441637287699462757e-15 7.954000000000000129e-33
5.464399999999999636e+03 2.300510955967921099e-15 1.657999999999999974e-33
5.490000000000000000e+03 2.221601609193296792e-15 8.370999999999999775e-33
5.515500000000000000e+03 1.986391056307392319e-15 1.676999999999999867e-33
5.541100000000000364e+03 1.924174071350474968e-15 1.271999999999999992e-33
5.566699999999999818e+03 2.016740805066863419e-15 1.590999999999999971e-33
5.592199999999999818e+03 2.091097689527567001e-15 5.106999999999999861e-33
5.617800000000000182e+03 1.872579498459375400e-15 1.154000000000000022e-33
5.643399999999999636e+03 1.605501709376029803e-15 9.574999999999999698e-34
5.668899999999999636e+03 1.366042191663800741e-15 1.492999999999999961e-33
5.694500000000000000e+03 1.207768251883156940e-15 8.312999999999999344e-34
5.720100000000000364e+03 1.104123859869563800e-15 3.921999999999999832e-33
5.745699999999999818e+03 9.314337894281718272e-16 8.731999999999999807e-33
5.771199999999999818e+03 7.379541410865424337e-16 6.595000000000000174e-34
5.796800000000000182e+03 6.305160304780148637e-16 5.292000000000000347e-34
5.822399999999999636e+03 6.376482214364900139e-16 6.318000000000000248e-34
5.847899999999999636e+03 7.440240908384373242e-16 5.055999999999999894e-34
5.873500000000000000e+03 8.608706235624011954e-16 2.814000000000000129e-33
5.899100000000000364e+03 9.499471361714504641e-16 7.207000000000000115e-34
5.924699999999999818e+03 1.076050342267051879e-15 5.113999999999999984e-34
5.950199999999999818e+03 1.310805648921561755e-15 7.607000000000000172e-34
5.975800000000000182e+03 1.341458895168629778e-15 7.021000000000000418e-34
6.001399999999999636e+03 1.317786091136240514e-15 5.271999999999999874e-34
6.026899999999999636e+03 1.310502151433967789e-15 4.438999999999999621e-34
6.052500000000000000e+03 1.244491447882118868e-15 5.623999999999999650e-34
6.078100000000000364e+03 1.215507437816823078e-15 5.130999999999999745e-34
6.103699999999999818e+03 1.157691166430029369e-15 3.701999999999999929e-34
6.129199999999999818e+03 1.183488452875581322e-15 5.691000000000000166e-34
6.154800000000000182e+03 1.275903437848170523e-15 2.391000000000000084e-33
6.180399999999999636e+03 1.354661035878999128e-15 5.487999999999999853e-34
6.205899999999999636e+03 1.535697287229244973e-15 4.600000000000000223e-34
6.231500000000000000e+03 1.605501709376029803e-15 2.505999999999999854e-33
6.257100000000000364e+03 1.596396784748187172e-15 4.730000000000000306e-34
6.282600000000000364e+03 1.726900704413914201e-15 5.257999999999999970e-34
6.308199999999999818e+03 1.685928543588627093e-15 4.237999999999999783e-34
6.333800000000000182e+03 1.647991357639288514e-15 4.257000000000000019e-34
6.359399999999999636e+03 1.578186935492505656e-15 3.748000000000000163e-34
6.384899999999999636e+03 1.608536684251976164e-15 1.770999999999999953e-33
6.410500000000000000e+03 1.719313267224045539e-15 3.666999999999999999e-33
6.436100000000000364e+03 1.875614473335321366e-15 4.219000000000000402e-34
6.461600000000000364e+03 2.036468141760521073e-15 2.459000000000000153e-33
6.487199999999999818e+03 2.142692262418671697e-15 4.611000000000000270e-34
6.512800000000000182e+03 2.212496684565450216e-15 3.676999999999999979e-34
6.538399999999999636e+03 2.264091257456557278e-15 3.814999999999999824e-34
6.563899999999999636e+03 2.268643719770474452e-15 4.269000000000000303e-34
6.589500000000000000e+03 2.306580905719813425e-15 4.312999999999999633e-34
6.615100000000000364e+03 2.303545930843867065e-15 4.907999999999999814e-34
6.640600000000000364e+03 2.174559498616115188e-15 5.889000000000000147e-34
6.666199999999999818e+03 1.930244021102372422e-15 5.814000000000000297e-34
6.691800000000000182e+03 1.638886433011448052e-15 3.330000000000000108e-34
6.717399999999999636e+03 1.360579236887095557e-15 3.271000000000000208e-34
6.742899999999999636e+03 1.118691739274109841e-15 2.694999999999999836e-34
6.768500000000000000e+03 1.005942422632674463e-15 2.635000000000000127e-34
6.794100000000000364e+03 8.980490657927531839e-16 2.723000000000000071e-34
6.819600000000000364e+03 8.250579200262253059e-16 3.051000000000000134e-34
6.845199999999999818e+03 7.843892566885334448e-16 2.966999999999999857e-34
6.870800000000000182e+03 7.374988948551508938e-16 3.022000000000000090e-34
6.896300000000000182e+03 7.092736285088427791e-16 2.732999999999999880e-34
6.921899999999999636e+03 6.828693470881027963e-16 2.114999999999999797e-34
6.947500000000000000e+03 6.767993973362087933e-16 2.084999999999999942e-34
6.973100000000000364e+03 6.856008244764546983e-16 1.847000000000000084e-34
6.998600000000000364e+03 7.335534275164198757e-16 2.041000000000000184e-34
7.024199999999999818e+03 7.842375079447363634e-16 2.867999999999999867e-34
7.049800000000000182e+03 8.415985331001376448e-16 2.352999999999999869e-34
7.075300000000000182e+03 8.913721210656699680e-16 2.087999999999999799e-34
7.100899999999999636e+03 9.406904627998113429e-16 2.829000000000000013e-34
7.126500000000000000e+03 9.928920306661014053e-16 3.355000000000000058e-34
7.152100000000000364e+03 1.008673900021027253e-15 3.869000000000000246e-34
7.177600000000000364e+03 9.918297894595200608e-16 4.059000000000000038e-34
7.203199999999999818e+03 1.010798382434188956e-15 3.469999999999999999e-34
7.228800000000000182e+03 1.057992241755166853e-15 3.011000000000000043e-34
7.254300000000000182e+03 1.135384101091819162e-15 2.547000000000000183e-34
7.279899999999999636e+03 1.257693588592487035e-15 2.993000000000000045e-34
7.305500000000000000e+03 1.417029769579712181e-15 2.685999999999999837e-34
7.331100000000000364e+03 1.597914272186160747e-15 3.094000000000000083e-34
7.356600000000000364e+03 1.793670151684750305e-15 3.265000000000000066e-34
7.382199999999999818e+03 1.939348945730212687e-15 3.022000000000000090e-34
7.407800000000000182e+03 1.963628744737790277e-15 4.042999999999999659e-34
7.433300000000000182e+03 1.889271860277084328e-15 3.325000000000000203e-34
7.458899999999999636e+03 1.755732965735410740e-15 3.017000000000000185e-34
7.484500000000000000e+03 1.631298995821578798e-15 2.707000000000000120e-34
7.510000000000000000e+03 1.532662312353298218e-15 2.756000000000000210e-34
7.535600000000000364e+03 1.499429337461675867e-15 3.924999999999999860e-34
7.561199999999999818e+03 1.467713850008027880e-15 5.547000000000000180e-34
7.586800000000000182e+03 1.481674734437385792e-15 7.201000000000000401e-34
7.612300000000000182e+03 1.319455327318012550e-15 8.137999999999999693e-34
7.637899999999999636e+03 1.084244774432110050e-15 5.054999999999999657e-34
7.663500000000000000e+03 8.346180908854591814e-16 2.167999999999999982e-34
7.689000000000000000e+03 7.652689149700670741e-16 2.212000000000000168e-34
7.714600000000000364e+03 8.467579903892472860e-16 3.602000000000000129e-34
7.740199999999999818e+03 9.623905331628338160e-16 3.960999999999999857e-34
7.765800000000000182e+03 1.085307015638690408e-15 4.176999999999999836e-34
7.791300000000000182e+03 1.264218784575773366e-15 3.841999999999999821e-34
7.816899999999999636e+03 1.507016774651544727e-15 4.097999999999999891e-34
7.842500000000000000e+03 1.749663015983516244e-15 3.668999999999999790e-34
7.868000000000000000e+03 1.927209046226422906e-15 4.222999999999999642e-34
7.893600000000000364e+03 1.983356081431446353e-15 3.952999999999999668e-34
7.919199999999999818e+03 1.904446734656820075e-15 4.589000000000000177e-34
7.944699999999999818e+03 1.786082714494882826e-15 4.395000000000000290e-34
7.970300000000000182e+03 1.713243317472151635e-15 4.792999999999999872e-34
7.995899999999999636e+03 1.631298995821578798e-15 3.902999999999999768e-34
8.021500000000000000e+03 1.405952111282504533e-15 3.850000000000000010e-34
8.047000000000000000e+03 1.232351548378330467e-15 3.254999999999999830e-34
8.072600000000000364e+03 1.045093598532392059e-15 3.098000000000000177e-34
8.098199999999999818e+03 9.238463522383037565e-16 2.660999999999999887e-34
8.123699999999999818e+03 8.655748346201191981e-16 3.233999999999999974e-34
8.149300000000000182e+03 8.459992466702605973e-16 3.836000000000000107e-34
8.174899999999999636e+03 7.989571360930803733e-16 4.190999999999999740e-34
8.200500000000000000e+03 7.280904727397148884e-16 3.047999999999999850e-34
8.226000000000000000e+03 6.959197390546750654e-16 2.842999999999999917e-34
8.251600000000000364e+03 7.151918295169393063e-16 2.946000000000000002e-34
8.277200000000000728e+03 7.564674878298208734e-16 4.129000000000000411e-34
8.302700000000000728e+03 7.895487139776440721e-16 3.629999999999999936e-34
8.328299999999999272e+03 7.616269451189306132e-16 4.407999999999999957e-34
8.353899999999999636e+03 6.698189551215304286e-16 5.354999999999999913e-34
8.379500000000000000e+03 5.682990455210992871e-16 4.507000000000000375e-34
8.405000000000000000e+03 4.998603620684911471e-16 4.551999999999999943e-34
8.430600000000000364e+03 4.802847741186321518e-16 4.111000000000000413e-34
8.456200000000000728e+03 5.393150354558039907e-16 4.023000000000000041e-34
8.481700000000000728e+03 6.443251661635750048e-16 3.855999999999999725e-34
8.507299999999999272e+03 7.699731260277852740e-16 3.634000000000000031e-34
8.532899999999999636e+03 9.362897492296877001e-16 3.927000000000000335e-34
8.558399999999999636e+03 1.159056905124206454e-15 4.355999999999999581e-34
8.584000000000000000e+03 1.438274593711342621e-15 5.244000000000000066e-34
8.609600000000000364e+03 1.685928543588627093e-15 5.234999999999999640e-34
8.635200000000000728e+03 1.874096985897348186e-15 5.579000000000000082e-34
8.660700000000000728e+03 2.001565930687128855e-15 5.993000000000000042e-34
8.686299999999999272e+03 2.033433166884572346e-15 6.095999999999999699e-34
8.711899999999999636e+03 2.045573066388361338e-15 5.026999999999999850e-34
8.737399999999999636e+03 2.062265428206072238e-15 5.826999999999999963e-34
8.763000000000000000e+03 2.062265428206072238e-15 6.613000000000000172e-34
8.788600000000000364e+03 1.983356081431446353e-15 7.968000000000000375e-34
8.814200000000000728e+03 1.848299699451797416e-15 8.186000000000000829e-34
8.839700000000000728e+03 1.699585930530389462e-15 8.353999999999999672e-34
8.865299999999999272e+03 1.561494573674795151e-15 6.952999999999999665e-34
8.890899999999999636e+03 1.436605357529570979e-15 6.973000000000000138e-34
8.916399999999999636e+03 1.316723849929659958e-15 6.599999999999999651e-34
8.942000000000000000e+03 1.198663327255315886e-15 6.985999999999999804e-34
8.967600000000000364e+03 1.092439206597166643e-15 7.546999999999999607e-34
8.993200000000000728e+03 9.881878196083835998e-16 6.836000000000000103e-34
9.018700000000000728e+03 8.479719803396261063e-16 6.676999999999999976e-34
9.044299999999999272e+03 7.343121712354068603e-16 6.260000000000000159e-34
9.069899999999999636e+03 7.209582817812392451e-16 7.752000000000000396e-34
9.095399999999999636e+03 7.549500003918473973e-16 1.018000000000000054e-33
9.121000000000000000e+03 7.661794074328514359e-16 1.021000000000000082e-33
9.146600000000000364e+03 7.390163822931248629e-16 8.976999999999999660e-34
9.172100000000000364e+03 7.133708445913716675e-16 9.525999999999999180e-34
9.197700000000000728e+03 7.361331561609745977e-16 8.799000000000000152e-34
9.223299999999999272e+03 7.992606335806747332e-16 1.002000000000000018e-33
