3.650047851562500000e+03 4.510361950972118454e-16
3.655565780162811279e+03 9.018385296626915036e-16
3.661083708763122559e+03 6.913094166696236057e-16
3.666601637363433838e+03 7.284119797802250043e-16
3.672119565963745117e+03 7.611615037219205478e-16
3.677637494564056396e+03 6.315262011763902278e-16
3.683155423164367676e+03 8.671030701227067894e-16
3.688673351764678955e+03 8.444609164568482557e-16
3.694191280364990234e+03 8.543592279639104456e-16
3.699709208965301514e+03 8.508814594215743153e-16
3.705227137565612793e+03 1.005821308962674340e-15
3.710745066165924072e+03 9.479134104440758673e-16
3.716262994766235352e+03 7.118021148887770844e-16
3.721780923366546631e+03 7.266821450082189595e-16
3.727298851966857910e+03 6.517849928494085840e-16
3.732816780567169189e+03 5.227372942240374479e-16
3.738334709167480469e+03 5.666830579246298348e-16
3.743852637767791748e+03 5.698983143005990364e-16
3.749370566368103027e+03 3.594081448301959599e-16
3.754888494968414307e+03 4.181838443040220144e-16
3.760406423568725586e+03 4.384880368541919302e-16
3.765924352169036865e+03 4.769009981197106250e-16
3.771442280769348145e+03 3.300133929329052133e-16
3.776960209369659879e+03 3.742712416495111989e-16
3.782478137969971158e+03 3.379723047407584418e-16
3.787996066570282437e+03 4.003472507795690994e-16
3.793513995170593716e+03 2.644900187687161993e-16
3.799031923770904996e+03 4.505429513784835323e-16
3.804549852371216275e+03 3.569531537507690273e-16
3.810067780971527554e+03 5.869303766732870685e-16
3.815585709571838834e+03 4.554195730955115813e-16
3.821103638172150113e+03 3.292857825240168134e-16
3.826621566772461392e+03 6.842638293992227636e-16
3.832139495372772672e+03 6.612823962054625222e-16
3.837657423973083951e+03 6.694576063814202558e-16
3.843175352573395230e+03 7.803556448257378833e-16
3.848693281173706509e+03 8.880084868561814111e-16
3.854211209774017789e+03 8.929877053526909942e-16
3.859729138374329068e+03 9.832842982065703776e-16
3.865247066974640347e+03 1.184290423835783776e-15
3.870764995574951627e+03 1.231436903361149470e-15
3.876282924175262906e+03 1.283180175683694944e-15
3.881800852775574185e+03 1.202762031453124064e-15
3.887318781375885465e+03 1.439980847662636521e-15
3.892836709976196744e+03 1.610351780469604264e-15
3.898354638576508023e+03 1.863829939190314514e-15
3.903872567176819302e+03 1.749980797716751114e-15
3.909390495777130582e+03 1.879547845565212859e-15
3.914908424377441861e+03 2.097436471420795943e-15
3.920426352977753140e+03 1.935301349757902399e-15
3.925944281578064420e+03 2.138196029171542064e-15
3.931462210178375699e+03 2.227786070874752253e-15
3.936980138778686978e+03 2.159269858618233709e-15
3.942498067378998257e+03 2.400627056808904460e-15
3.948015995979309537e+03 2.310172097719691297e-15
3.953533924579620816e+03 2.497521424767876243e-15
3.959051853179932095e+03 2.398557022220945792e-15
3.964569781780243375e+03 2.583745973070894459e-15
3.970087710380554654e+03 2.808265120948028449e-15
3.975605638980865933e+03 2.979609871893625438e-15
3.981123567581177213e+03 2.891114206063643827e-15
3.986641496181488492e+03 2.992265673162270421e-15
3.992159424781800226e+03 3.079970964938329671e-15
3.997677353382111505e+03 3.185527697552720300e-15
4.003195281982422784e+03 3.406483950242860065e-15
4.008713210582734064e+03 3.102279514185929154e-15
4.014231139183045343e+03 3.347205129291897055e-15
4.019749067783356622e+03 3.244999472231575651e-15
4.025266996383667902e+03 3.264914812404197534e-15
4.030784924983979181e+03 3.060598594715424277e-15
4.036302853584290460e+03 2.674202465973525253e-15
4.041820782184601740e+03 2.698994259143698710e-15
4.047338710784913019e+03 2.529521680855230756e-15
4.052856639385224298e+03 2.524040445227245788e-15
4.058374567985535577e+03 2.245785371326510435e-15
4.063892496585846857e+03 2.219023241440501550e-15
4.069410425186158136e+03 2.105532552162556122e-15
4.074928353786469415e+03 1.963943628130810904e-15
4.080446282386780695e+03 2.124770560330107434e-15
4.085964210987091974e+03 1.803289096559616592e-15
4.091482139587403253e+03 1.948498587162845845e-15
4.097000068187714533e+03 1.755087936252261925e-15
4.102517996788025812e+03 1.844994250282115250e-15
4.108035925388337091e+03 1.795060187575919569e-15
4.113553853988648370e+03 1.617130468867264198e-15
4.119071782588959650e+03 1.666488738016613192e-15
4.124589711189270929e+03 1.522046307503364123e-15
4.130107639789582208e+03 1.487480288331586412e-15
4.135625568389893488e+03 1.586885048710616849e-15
4.141143496990204767e+03 1.352140626320259703e-15
4.146661425590516046e+03 1.467516172892295331e-15
4.152179354190827326e+03 1.366578672765378778e-15
4.157697282791138605e+03 1.393687597865034153e-15
4.163215211391449884e+03 1.366049353755076023e-15
4.168733139991761163e+03 1.337442000313679229e-15
4.174251068592072443e+03 1.410599424603941920e-15
4.179768997192383722e+03 1.322488393164610592e-15
4.185286925792695001e+03 1.203467125481046724e-15
4.190804854393006281e+03 1.326899226423079501e-15
4.196322782993317560e+03 1.254556563820074756e-15
4.201840711593628839e+03 1.296866898964494707e-15
4.207358640193940118e+03 1.249903173307797391e-15
4.212876568794251398e+03 1.064409146969152255e-15
4.218394497394562677e+03 1.204731233147030745e-15
4.223912425994873956e+03 1.352934635511981999e-15
4.229430354595185236e+03 1.328808057220882026e-15
4.234948283195496515e+03 1.430906807486019606e-15
4.240466211795807794e+03 1.391075360234068010e-15
4.245984140396119074e+03 1.455837410770457056e-15
4.251502068996430353e+03 1.490934589528637971e-15
4.257019997596741632e+03 1.383334664061090736e-15
4.262537926197052911e+03 1.384670768928881838e-15
4.268055854797364191e+03 1.380633005107897401e-15
4.273573783397675470e+03 1.470835805271310189e-15
4.279091711997986749e+03 1.360749568254355491e-15
4.284609640598298029e+03 1.462695090559106922e-15
4.290127569198609308e+03 1.320081732545962023e-15
4.295645497798920587e+03 1.434237636702980737e-15
4.301163426399231867e+03 1.364294671205710070e-15
4.306681354999543146e+03 1.480822157668524233e-15
4.312199283599854425e+03 1.334566406918966439e-15
4.317717212200165704e+03 1.313841059880680324e-15
4.323235140800476984e+03 1.320461090618457646e-15
4.328753069400789173e+03 1.506604947687600948e-15
4.334270998001100452e+03 1.337357303136777195e-15
4.339788926601411731e+03 1.309847669281857714e-15
4.345306855201723010e+03 1.407014289122396164e-15
4.350824783802034290e+03 1.391541946275604030e-15
4.356342712402345569e+03 1.317762453277695852e-15
4.361860641002656848e+03 1.401414029573230482e-15
4.367378569602968128e+03 1.280969429052835311e-15
4.372896498203279407e+03 1.318151367007780853e-15
4.378414426803590686e+03 1.213603638211812244e-15
4.383932355403901965e+03 1.210549048791302876e-15
4.389450284004213245e+03 1.448462835860184142e-15
4.394968212604524524e+03 1.295696323240696414e-15
4.400486141204835803e+03 1.178360179668025094e-15
4.406004069805147083e+03 1.187338233800988621e-15
4.411521998405458362e+03 1.217493849182054469e-15
4.417039927005769641e+03 1.171246613786970429e-15
4.422557855606080921e+03 1.221252060169605784e-15
4.428075784206392200e+03 1.169884832882574177e-15
4.433593712806703479e+03 1.157089423916689010e-15
4.439111641407014758e+03 1.099805572725044490e-15
4.444629570007326038e+03 1.160255920364122800e-15
4.450147498607637317e+03 1.298213188353376183e-15
4.455665427207948596e+03 1.311437006744841218e-15
4.461183355808259876e+03 1.294984050965980543e-15
4.466701284408571155e+03 1.471144101768182938e-15
4.472219213008882434e+03 1.511678035565248126e-15
4.477737141609193714e+03 1.505864575951081023e-15
4.483255070209504993e+03 1.710044130864374143e-15
4.488772998809816272e+03 1.762342720334645308e-15
4.494290927410127551e+03 1.762312504210325165e-15
4.499808856010438831e+03 1.891134118737989468e-15
4.505326784610750110e+03 1.969002144780994320e-15
4.510844713211061389e+03 2.006417989282074195e-15
4.516362641811372669e+03 2.095254468453375738e-15
4.521880570411683948e+03 2.098644502868243916e-15
4.527398499011995227e+03 2.133228314275662062e-15
4.532916427612306506e+03 2.206425264937688573e-15
4.538434356212617786e+03 2.255740740692695322e-15
4.543952284812929065e+03 2.424919440330412487e-15
4.549470213413240344e+03 2.425605208309277079e-15
4.554988142013551624e+03 2.782881275798785306e-15
4.560506070613862903e+03 2.701706654790813105e-15
4.566023999214174182e+03 2.855495070599562742e-15
4.571541927814485462e+03 2.948815499914934449e-15
4.577059856414796741e+03 3.150044764720093351e-15
4.582577785015108020e+03 3.111987019303882367e-15
4.588095713615419299e+03 3.420921275795672471e-15
4.593613642215730579e+03 3.800047282321016125e-15
4.599131570816041858e+03 3.827060190700749357e-15
4.604649499416353137e+03 3.838409336319214565e-15
4.610167428016664417e+03 3.996722041564909543e-15
4.615685356616975696e+03 4.065314791110950161e-15
4.621203285217286975e+03 4.027877779984710980e-15
4.626721213817598255e+03 4.014695420569915296e-15
4.632239142417909534e+03 4.099058379528382947e-15
4.637757071018220813e+03 3.952706197929281326e-15
4.643274999618532092e+03 3.886023659613118272e-15
4.648792928218843372e+03 3.926337797947488270e-15
4.654310856819154651e+03 3.855417946684752304e-15
4.659828785419465930e+03 3.895109510153048867e-15
4.665346714019777210e+03 3.982499910034539824e-15
4.670864642620088489e+03 4.093490790205006054e-15
4.676382571220399768e+03 3.977212241659815592e-15
4.681900499820711048e+03 3.714977388758524576e-15
4.687418428421022327e+03 3.883402372482990503e-15
4.692936357021333606e+03 3.878762740277065543e-15
4.698454285621644885e+03 3.676567633163046797e-15
4.703972214221956165e+03 3.460737078150767292e-15
4.709490142822267444e+03 3.278401633782322871e-15
4.715008071422578723e+03 3.064021606118763469e-15
4.720526000022890003e+03 2.979015825957113893e-15
4.726043928623201282e+03 2.756796477917846992e-15
4.731561857223512561e+03 2.638946537526655855e-15
4.737079785823823840e+03 2.533792124171616090e-15
4.742597714424135120e+03 2.479763699929339374e-15
4.748115643024446399e+03 2.410994715221653442e-15
4.753633571624757678e+03 2.444432307862340125e-15
4.759151500225068958e+03 2.263894339437603114e-15
4.764669428825380237e+03 2.128895137990509796e-15
4.770187357425691516e+03 2.222462357884722136e-15
4.775705286026002796e+03 2.175732738169904483e-15
4.781223214626314075e+03 2.014859178042722021e-15
4.786741143226625354e+03 1.893337901855934611e-15
4.792259071826936633e+03 1.875828501409655219e-15
4.797777000427247913e+03 1.999698506082321112e-15
4.803294929027559192e+03 1.838207125910659915e-15
4.808812857627870471e+03 1.763845550720894492e-15
4.814330786228181751e+03 1.745954844259079963e-15
4.819848714828493030e+03 1.743120357063949983e-15
4.825366643428804309e+03 1.690527582180245212e-15
4.830884572029115589e+03 1.920774296120179198e-15
4.836402500629426868e+03 1.885186143687126874e-15
4.841920429229738147e+03 1.982100911364548556e-15
4.847438357830049426e+03 2.126398856653889693e-15
4.852956286430360706e+03 2.315560537635930993e-15
4.858474215030671985e+03 2.351179673100012078e-15
4.863992143630983264e+03 2.378345042533422644e-15
4.869510072231294544e+03 2.412649393136213538e-15
4.875028000831605823e+03 2.202823257508552409e-15
4.880545929431917102e+03 2.160652284651226546e-15
4.886063858032228381e+03 2.181350483192026797e-15
4.891581786632540570e+03 2.098283596571158481e-15
4.897099715232851850e+03 2.120802891782292712e-15
4.902617643833163129e+03 1.975144300610483676e-15
4.908135572433474408e+03 2.025410740684203296e-15
4.913653501033785687e+03 2.113703176236396125e-15
4.919171429634096967e+03 2.262666675178413862e-15
4.924689358234408246e+03 2.345577726356087158e-15
4.930207286834719525e+03 2.614271007413511257e-15
4.935725215435030805e+03 2.852468856727272673e-15
4.941243144035342084e+03 3.068920452792207981e-15
4.946761072635653363e+03 3.269278358195011746e-15
4.952279001235964643e+03 3.362781618069723127e-15
4.957796929836275922e+03 3.494792490835933499e-15
4.963314858436587201e+03 3.469882594032630342e-15
4.968832787036898480e+03 3.417037966985807422e-15
4.974350715637209760e+03 3.351085217093585824e-15
4.979868644237521039e+03 3.368747692118908973e-15
4.985386572837832318e+03 3.300456643672047136e-15
4.990904501438143598e+03 3.354061582029814471e-15
4.996422430038454877e+03 3.259438945123172900e-15
5.001940358638766156e+03 3.211367085286894995e-15
5.007458287239077436e+03 2.922817055729388849e-15
5.012976215839388715e+03 2.919041420621416440e-15
5.018494144439699994e+03 2.776467174850412297e-15
5.024012073040011273e+03 2.672034880852227797e-15
5.029530001640322553e+03 2.565813393502788501e-15
5.035047930240633832e+03 2.325021712319068587e-15
5.040565858840945111e+03 2.340881956579090415e-15
5.046083787441256391e+03 2.235857150457811214e-15
5.051601716041567670e+03 2.259194735127063670e-15
5.057119644641878949e+03 2.135680575167206090e-15
5.062637573242190228e+03 2.143739384242926752e-15
5.068155501842501508e+03 2.219875121412457604e-15
5.073673430442812787e+03 2.174061648451779782e-15
5.079191359043124066e+03 2.510935236627339390e-15
5.084709287643435346e+03 2.643254099127739299e-15
5.090227216243746625e+03 2.737936401376312932e-15
5.095745144844057904e+03 2.656251787407095255e-15
5.101263073444369184e+03 2.318100225892259565e-15
5.106781002044680463e+03 2.545081451066807828e-15
5.112298930644991742e+03 2.464149632722791362e-15
5.117816859245303021e+03 2.496283944102816351e-15
5.123334787845614301e+03 2.628023025131484873e-15
5.128852716445925580e+03 2.543000219640903481e-15
5.134370645046236859e+03 2.593721895536871046e-15
5.139888573646548139e+03 2.495419026716812984e-15
5.145406502246859418e+03 2.573958096129876469e-15
5.150924430847170697e+03 2.592926920042695393e-15
5.156442359447481977e+03 2.455336800971136646e-15
5.161960288047793256e+03 2.560296266640839057e-15
5.167478216648104535e+03 2.650121288559576199e-15
5.172996145248415814e+03 2.583144104685954921e-15
5.178514073848727094e+03 2.590763936361650046e-15
5.184032002449038373e+03 2.700110568548793241e-15
5.189549931049349652e+03 2.738076745303992980e-15
5.195067859649660932e+03 2.773637595858217833e-15
5.200585788249972211e+03 2.727298331658097534e-15
5.206103716850283490e+03 2.761035938203203170e-15
5.211621645450594769e+03 2.914197024324285854e-15
5.217139574050906049e+03 3.001658899911022947e-15
5.222657502651217328e+03 2.991334495036641026e-15
5.228175431251528607e+03 3.130610888579155842e-15
5.233693359851839887e+03 3.165424771999165621e-15
5.239211288452152075e+03 3.292700609364897481e-15
5.244729217052463355e+03 3.407148551596565746e-15
5.250247145652774634e+03 3.399118271450407369e-15
5.255765074253085913e+03 3.511307213281108340e-15
5.261283002853397193e+03 3.670558458956835298e-15
5.266800931453708472e+03 3.830477680375786018e-15
5.272318860054019751e+03 3.905415969410448944e-15
5.277836788654331031e+03 3.884900908191670789e-15
5.283354717254642310e+03 4.109557485750993337e-15
5.288872645854953589e+03 4.333015081362030327e-15
5.294390574455264868e+03 4.330763136502782014e-15
5.299908503055576148e+03 4.324927283212722366e-15
5.305426431655887427e+03 4.407423591242363907e-15
5.310944360256198706e+03 4.430106390963779349e-15
5.316462288856509986e+03 4.492505295168168741e-15
5.321980217456821265e+03 4.563648009520433585e-15
5.327498146057132544e+03 4.581482885173859345e-15
5.333016074657443824e+03 4.734009432684214294e-15
5.338534003257755103e+03 5.040929025252408499e-15
5.344051931858066382e+03 5.089917185224168432e-15
5.349569860458377661e+03 5.097849454692963400e-15
5.355087789058688941e+03 5.271199053156284070e-15
5.360605717659000220e+03 5.382675231891977374e-15
5.366123646259311499e+03 5.324031409695769085e-15
5.371641574859622779e+03 5.282332851370963998e-15
5.377159503459934058e+03 5.132280805046704213e-15
5.382677432060245337e+03 4.973172204018785527e-15
5.388195360660556616e+03 4.854184634215998751e-15
5.393713289260867896e+03 4.673785629286867930e-15
5.399231217861179175e+03 4.708484630081923498e-15
5.404749146461490454e+03 4.635237830483835565e-15
5.410267075061801734e+03 4.361617787348772274e-15
5.415785003662113013e+03 4.344163297422831031e-15
5.421302932262424292e+03 4.224471860642856411e-15
5.426820860862735572e+03 4.394823314019424679e-15
5.432338789463046851e+03 4.555054666468790059e-15
5.437856718063358130e+03 4.609098582226583720e-15
5.443374646663669409e+03 4.669061023817625296e-15
5.448892575263980689e+03 4.949395028424141112e-15
5.454410503864291968e+03 5.238940656270801836e-15
5.459928432464603247e+03 5.565629416592951346e-15
5.465446361064914527e+03 5.468227816536885352e-15
5.470964289665225806e+03 5.575311613789519736e-15
5.476482218265537085e+03 5.520523491761663843e-15
5.482000146865848365e+03 5.462357452444938241e-15
5.487518075466159644e+03 5.487167497994776357e-15
5.493036004066470923e+03 5.440625617042234092e-15
5.498553932666782202e+03 5.634287199827884754e-15
5.504071861267093482e+03 5.470521634502425291e-15
5.509589789867404761e+03 5.437238190110174982e-15
5.515107718467716040e+03 5.519918709131232421e-15
5.520625647068027320e+03 5.570368593289656558e-15
5.526143575668338599e+03 5.553522260383667975e-15
5.531661504268649878e+03 5.483596166833987322e-15
5.537179432868961158e+03 5.305952504327654352e-15
5.542697361469272437e+03 5.478421080364091837e-15
5.548215290069583716e+03 5.280476630373374161e-15
5.553733218669894995e+03 5.260056972349151529e-15
5.559251147270206275e+03 5.391440055283671118e-15
5.564769075870517554e+03 5.341211807164040648e-15
5.570287004470828833e+03 5.399385668929196610e-15
5.575804933071140113e+03 5.177215402919280934e-15
5.581322861671451392e+03 5.350292135975668712e-15
5.586840790271762671e+03 5.471436094061806475e-15
5.592358718872073950e+03 5.308301232813531257e-15
5.597876647472385230e+03 5.394497098805647357e-15
5.603394576072696509e+03 5.143994077970431529e-15
5.608912504673007788e+03 4.930956443809674182e-15
5.614430433273319068e+03 4.844965495290107088e-15
5.619948361873630347e+03 4.673319350008014923e-15
5.625466290473941626e+03 4.609700297230182244e-15
5.630984219074252906e+03 4.572026158549631268e-15
5.636502147674564185e+03 4.349929822346429781e-15
5.642020076274875464e+03 4.293390392158726608e-15
5.647538004875186743e+03 4.237639495448845348e-15
5.653055933475498023e+03 4.258746762028034204e-15
5.658573862075809302e+03 4.159709503343783366e-15
5.664091790676120581e+03 4.226819515459341487e-15
5.669609719276431861e+03 4.130649874340034432e-15
5.675127647876743140e+03 4.294506701563821534e-15
5.680645576477054419e+03 4.263300193919908647e-15
5.686163505077365699e+03 4.215394752839404627e-15
5.691681433677676978e+03 3.998163212651783230e-15
5.697199362277988257e+03 4.038957127823077772e-15
5.702717290878299536e+03 3.742439397706836802e-15
5.708235219478610816e+03 3.708729553184583255e-15
5.713753148078922095e+03 3.565991189377930295e-15
5.719271076679233374e+03 3.302381579510731055e-15
5.724789005279544654e+03 3.037088149274044590e-15
5.730306933879855933e+03 2.999357259497055409e-15
5.735824862480167212e+03 2.933621850966061737e-15
5.741342791080478491e+03 2.677511054895935248e-15
5.746860719680789771e+03 2.735353306200274707e-15
5.752378648281101050e+03 2.638356939649053828e-15
5.757896576881412329e+03 2.657977174120191290e-15
5.763414505481723609e+03 2.750650027410787949e-15
5.768932434082034888e+03 2.644909390567665422e-15
5.774450362682346167e+03 2.838192121439248805e-15
5.779968291282657447e+03 2.680562423308268732e-15
5.785486219882968726e+03 2.856506160404232293e-15
5.791004148483280005e+03 2.883125952405118090e-15
5.796522077083591284e+03 2.983551618994688520e-15
5.802040005683902564e+03 3.065683492956384347e-15
5.807557934284213843e+03 3.136180625241317578e-15
5.813075862884525122e+03 3.326213512244372212e-15
5.818593791484836402e+03 3.445152766924514015e-15
5.824111720085147681e+03 3.555214002782767299e-15
5.829629648685458960e+03 3.595893648854474052e-15
5.835147577285770240e+03 3.773925979680744941e-15
5.840665505886081519e+03 3.839789308250739742e-15
5.846183434486392798e+03 3.783316138802662991e-15
5.851701363086704077e+03 3.771655935823174164e-15
5.857219291687015357e+03 3.801347649336183568e-15
5.862737220287326636e+03 3.893198838779145104e-15
5.868255148887637915e+03 3.863987822391111062e-15
5.873773077487949195e+03 4.011373794233457200e-15
5.879291006088260474e+03 3.930797053695540823e-15
5.884808934688571753e+03 3.996482766671814087e-15
5.890326863288883942e+03 4.213123481931098640e-15
5.895844791889195221e+03 4.361801231433477581e-15
5.901362720489506501e+03 4.391779614674177385e-15
5.906880649089817780e+03 4.479905017945228724e-15
5.912398577690129059e+03 4.419975093198632754e-15
5.917916506290440338e+03 4.270269688706678248e-15
5.923434434890751618e+03 4.241317119879453954e-15
5.928952363491062897e+03 4.340736758248632744e-15
5.934470292091374176e+03 4.361733590261775724e-15
5.939988220691685456e+03 4.392485168846125848e-15
5.945506149291996735e+03 4.491384691085504129e-15
5.951024077892308014e+03 4.487861675047358488e-15
5.956542006492619294e+03 4.503911805408439758e-15
5.962059935092930573e+03 4.395999135385109863e-15
5.967577863693241852e+03 4.436569880704189555e-15
5.973095792293553131e+03 4.508492692560481896e-15
5.978613720893864411e+03 4.560806466783584428e-15
5.984131649494175690e+03 4.607939632808487367e-15
5.989649578094486969e+03 4.406947342176298458e-15
5.995167506694798249e+03 4.522732616326492049e-15
6.000685435295109528e+03 4.552695661433017895e-15
6.006203363895420807e+03 4.396813743691026400e-15
6.011721292495732087e+03 4.244353150157613479e-15
6.017239221096043366e+03 4.130937310974432269e-15
6.022757149696354645e+03 3.860344555381049693e-15
6.028275078296665924e+03 3.888315790383898382e-15
6.033793006896977204e+03 3.710000164219456752e-15
6.039310935497288483e+03 3.666497841315933107e-15
6.044828864097599762e+03 3.536485220669752055e-15
6.050346792697911042e+03 3.636048730737471173e-15
6.055864721298222321e+03 3.811082149570279856e-15
6.061382649898533600e+03 3.654098340269315790e-15
6.066900578498844880e+03 3.713964304996411590e-15
6.072418507099156159e+03 3.564599100320408227e-15
6.077936435699467438e+03 3.709742636946695452e-15
6.083454364299778717e+03 3.763444358931092169e-15
6.088972292900089997e+03 3.648087785631028067e-15
6.094490221500401276e+03 3.448838520566233431e-15
6.100008150100712555e+03 3.435677481157937672e-15
6.105526078701023835e+03 3.237465994251272846e-15
6.111044007301335114e+03 3.230556778331802123e-15
6.116561935901646393e+03 3.144476255108666036e-15
6.122079864501957672e+03 3.134183600172021891e-15
6.127597793102269861e+03 3.014217150646328747e-15
6.133115721702581141e+03 3.119963462599095607e-15
6.138633650302892420e+03 3.145862515675201180e-15
6.144151578903203699e+03 3.324669729039881824e-15
6.149669507503514978e+03 3.504278206533748087e-15
6.155187436103826258e+03 3.800326743125643377e-15
6.160705364704137537e+03 3.821779271105061288e-15
6.166223293304448816e+03 3.933511289918754484e-15
6.171741221904760096e+03 4.263563549683653716e-15
6.177259150505071375e+03 4.172961497887723553e-15
6.182777079105382654e+03 4.262768420808137443e-15
6.188295007705693934e+03 4.173738527764917363e-15
6.193812936306005213e+03 3.967861348161380888e-15
6.199330864906316492e+03 4.064683473508397916e-15
6.204848793506627771e+03 3.967922700698071201e-15
6.210366722106939051e+03 3.835329285595978176e-15
6.215884650707250330e+03 3.860794269474995109e-15
6.221402579307561609e+03 3.723893752915844443e-15
6.226920507907872889e+03 3.536037653914590694e-15
6.232438436508184168e+03 3.377185353108696914e-15
6.237956365108495447e+03 3.418264250812921633e-15
6.243474293708806726e+03 3.314360969062356283e-15
6.248992222309118006e+03 3.269525302155192998e-15
6.254510150909429285e+03 3.296233441808913366e-15
6.260028079509740564e+03 3.161427807615081966e-15
6.265546008110051844e+03 3.084987301719537461e-15
6.271063936710363123e+03 2.985596345661261970e-15
6.276581865310674402e+03 2.857592560447690681e-15
6.282099793910985682e+03 2.858946304169779824e-15
6.287617722511296961e+03 2.817102647095700778e-15
6.293135651111608240e+03 2.773779780361999514e-15
6.298653579711919519e+03 2.788787224362014865e-15
6.304171508312230799e+03 2.726746925734585446e-15
6.309689436912542078e+03 2.632575843497990922e-15
6.315207365512853357e+03 2.661497582675527468e-15
6.320725294113164637e+03 2.764376583826034940e-15
6.326243222713475916e+03 2.777393138010423161e-15
6.331761151313787195e+03 2.945022992859373210e-15
6.337279079914098475e+03 2.982922295349579711e-15
6.342797008514409754e+03 3.095450209945498982e-15
6.348314937114721033e+03 3.112458360167011708e-15
6.353832865715032312e+03 3.151663704782030773e-15
6.359350794315343592e+03 3.392184821278942469e-15
6.364868722915654871e+03 3.336663536437628616e-15
6.370386651515966150e+03 3.407716982849009650e-15
6.375904580116277430e+03 3.423365407476104900e-15
6.381422508716588709e+03 3.629737548669396892e-15
6.386940437316899988e+03 3.764087486896956910e-15
6.392458365917211268e+03 3.678239183025196906e-15
6.397976294517522547e+03 3.851935116558140038e-15
6.403494223117833826e+03 3.851770538378465419e-15
6.409012151718145105e+03 3.947510098215569127e-15
6.414530080318456385e+03 4.065040698653282059e-15
6.420048008918767664e+03 4.289354468913842818e-15
6.425565937519078943e+03 4.351580512346104979e-15
6.431083866119390223e+03 4.556977301587348910e-15
6.436601794719701502e+03 4.766838101398241276e-15
6.442119723320012781e+03 4.765927629753744596e-15
6.447637651920324060e+03 4.808776241378823847e-15
6.453155580520635340e+03 4.747130286180977074e-15
6.458673509120946619e+03 4.721549039244929706e-15
6.464191437721257898e+03 4.917607819020445626e-15
6.469709366321569178e+03 4.888874585511891904e-15
6.475227294921880457e+03 4.769325793379723584e-15
6.480745223522191736e+03 4.801206258639190144e-15
6.486263152122503016e+03 4.781886344835155635e-15
6.491781080722814295e+03 4.867097655994720639e-15
6.497299009323125574e+03 4.883873586864857283e-15
6.502816937923436853e+03 4.955089464117126515e-15
6.508334866523748133e+03 5.116478232171171011e-15
6.513852795124059412e+03 5.138374645753550568e-15
6.519370723724370691e+03 5.225133114507122859e-15
6.524888652324681971e+03 5.199875195439437804e-15
6.530406580924993250e+03 5.178631419466112390e-15
6.535924509525304529e+03 5.279186233145418371e-15
6.541442438125615809e+03 5.277096719127060228e-15
6.546960366725927088e+03 5.178218516894181478e-15
6.552478295326238367e+03 5.152305966260002790e-15
6.557996223926549646e+03 5.184178915833723385e-15
6.563514152526860926e+03 5.180875541876931921e-15
6.569032081127172205e+03 5.186007221427118542e-15
6.574550009727483484e+03 5.303957166453117310e-15
6.580067938327794764e+03 5.330541987508088264e-15
6.585585866928106043e+03 5.202060112652350682e-15
6.591103795528417322e+03 5.123678259114558047e-15
6.596621724128728601e+03 5.179834235947942227e-15
6.602139652729039881e+03 5.306722632044469406e-15
6.607657581329351160e+03 5.497879037375680142e-15
6.613175509929662439e+03 5.271270375480187614e-15
6.618693438529973719e+03 5.297805500980440526e-15
6.624211367130284998e+03 5.385113381700081865e-15
6.629729295730596277e+03 5.196989632257513361e-15
6.635247224330907557e+03 5.167649468779742979e-15
6.640765152931218836e+03 5.049381257469660597e-15
6.646283081531530115e+03 4.861806306467795508e-15
6.651801010131841394e+03 4.777024002921042810e-15
6.657318938732152674e+03 4.653928420642761264e-15
6.662836867332463953e+03 4.581614179602378556e-15
6.668354795932775232e+03 4.436472790314875779e-15
6.673872724533086512e+03 4.464338192191931883e-15
6.679390653133397791e+03 4.304791073908012278e-15
6.684908581733709070e+03 4.261980500855681164e-15
6.690426510334020350e+03 4.277464500684445570e-15
6.695944438934331629e+03 4.205045040043637488e-15
6.701462367534642908e+03 4.269612603038714983e-15
6.706980296134954187e+03 4.119881890625374864e-15
6.712498224735265467e+03 4.035317388583877077e-15
6.718016153335576746e+03 4.123742652378005960e-15
6.723534081935888025e+03 3.997975473889509026e-15
6.729052010536199305e+03 3.954555363385151394e-15
6.734569939136510584e+03 3.925866610465699155e-15
6.740087867736821863e+03 4.070566108107684510e-15
6.745605796337133143e+03 4.172943398889401090e-15
6.751123724937444422e+03 4.001777337206915497e-15
6.756641653537755701e+03 3.984765045689176859e-15
6.762159582138066980e+03 3.900639827810385848e-15
6.767677510738378260e+03 3.975163680459699836e-15
6.773195439338689539e+03 3.859532861320627407e-15
6.778713367939000818e+03 3.769208889897249061e-15
6.784231296539312098e+03 3.843937353256426872e-15
6.789749225139623377e+03 3.675953647652111157e-15
6.795267153739934656e+03 3.742246750741626489e-15
6.800785082340245935e+03 3.646120669923369311e-15
6.806303010940557215e+03 3.647837467281329128e-15
6.811820939540868494e+03 3.599791068747777060e-15
6.817338868141179773e+03 3.513089351090643368e-15
6.822856796741491053e+03 3.788636937547200829e-15
6.828374725341803241e+03 3.643673010472076998e-15
6.833892653942114521e+03 3.450250395816838186e-15
6.839410582542425800e+03 3.494865960498621886e-15
6.844928511142737079e+03 3.531340350324177108e-15
6.850446439743048359e+03 3.367914984814669578e-15
6.855964368343359638e+03 3.349866295570875382e-15
6.861482296943670917e+03 3.176823153028325434e-15
6.867000225543982197e+03 2.760408915278219428e-15
6.872518154144293476e+03 2.496896242418993739e-15
6.878036082744604755e+03 2.485030968585614498e-15
6.883554011344916034e+03 2.686193359125779767e-15
6.889071939945227314e+03 2.689908715366452115e-15
6.894589868545538593e+03 2.597427742134356755e-15
6.900107797145849872e+03 2.745612063860397023e-15
6.905625725746161152e+03 2.895475911278356801e-15
6.911143654346472431e+03 2.851087657745014257e-15
6.916661582946783710e+03 2.959302335630206540e-15
6.922179511547094990e+03 2.943758517078169060e-15
6.927697440147406269e+03 2.935085722491512363e-15
6.933215368747717548e+03 3.043232299060977381e-15
6.938733297348028827e+03 3.143577133683457234e-15
6.944251225948340107e+03 3.040739698876558571e-15
6.949769154548651386e+03 3.226809058628024788e-15
6.955287083148962665e+03 3.276214722611968136e-15
6.960805011749273945e+03 3.198492102080921637e-15
6.966322940349585224e+03 3.356059834149844186e-15
6.971840868949896503e+03 3.389515219026170516e-15
6.977358797550207782e+03 3.148686266176411085e-15
6.982876726150519062e+03 3.273878264633428346e-15
6.988394654750830341e+03 3.329650788112491954e-15
6.993912583351141620e+03 3.179903510514245428e-15
6.999430511951452900e+03 3.258732930807199424e-15
7.004948440551764179e+03 3.347437655405957136e-15
7.010466369152075458e+03 3.322814428330342802e-15
7.015984297752386738e+03 3.387297478206128032e-15
7.021502226352698017e+03 3.152183360767804297e-15
7.027020154953009296e+03 3.142561289057194165e-15
7.032538083553320575e+03 3.379029303598949635e-15
7.038056012153631855e+03 3.363048808367013263e-15
7.043573940753943134e+03 3.314454224918126963e-15
7.049091869354254413e+03 3.321764379664873510e-15
7.054609797954565693e+03 3.319880550025772992e-15
7.060127726554876972e+03 3.310257097883087030e-15
7.065645655155189161e+03 3.253050305477525728e-15
7.071163583755500440e+03 3.295627278746405720e-15
7.076681512355811719e+03 3.320806973329808476e-15
7.082199440956122999e+03 3.188525229114107070e-15
7.087717369556434278e+03 3.271307133202045209e-15
7.093235298156745557e+03 3.203826245002188816e-15
7.098753226757056837e+03 3.262637559623564792e-15
7.104271155357368116e+03 3.217127014812799384e-15
7.109789083957679395e+03 3.291169403430428209e-15
7.115307012557990674e+03 3.346489605332737728e-15
7.120824941158301954e+03 3.388298138079560917e-15
7.126342869758613233e+03 3.305297818961001838e-15
7.131860798358924512e+03 3.350841954285605865e-15
7.137378726959235792e+03 3.265066813313849065e-15
7.142896655559547071e+03 3.246813513360190257e-15
7.148414584159858350e+03 3.217109682721183962e-15
7.153932512760169629e+03 3.068167657167008347e-15
7.159450441360480909e+03 2.939961255201013515e-15
7.164968369960792188e+03 2.768362197990831900e-15
7.170486298561103467e+03 2.876306157807874952e-15
7.176004227161414747e+03 2.869259972350240684e-15
7.181522155761726026e+03 2.628760022478487111e-15
7.187040084362037305e+03 2.735014793579081026e-15
7.192558012962348585e+03 2.853421508240744190e-15
7.198075941562659864e+03 2.955272240876308097e-15
7.203593870162971143e+03 3.005192652643089255e-15
7.209111798763282422e+03 3.045941013555890089e-15
7.214629727363593702e+03 3.285684026506217329e-15
7.220147655963904981e+03 3.451468243670157194e-15
7.225665584564216260e+03 3.412614142327694727e-15
7.231183513164527540e+03 3.318275414284591502e-15
7.236701441764838819e+03 3.332623318515177506e-15
7.242219370365150098e+03 3.369600952522940857e-15
7.247737298965461378e+03 3.484239240999694366e-15
7.253255227565772657e+03 3.527823469539700025e-15
7.258773156166083936e+03 3.535159085589173592e-15
7.264291084766395215e+03 3.487302419775339952e-15
7.269809013366706495e+03 3.537249519895581763e-15
7.275326941967017774e+03 3.566691681965600846e-15
7.280844870567329053e+03 3.653179125888341089e-15
7.286362799167640333e+03 3.515486087936482430e-15
7.291880727767951612e+03 3.656270833593548172e-15
7.297398656368262891e+03 3.432824741583142440e-15
7.302916584968574170e+03 3.636847387383848118e-15
7.308434513568885450e+03 3.741381526592939516e-15
7.313952442169196729e+03 3.688593497261215759e-15
7.319470370769508008e+03 3.626162843119088986e-15
7.324988299369819288e+03 3.718963002923321536e-15
7.330506227970130567e+03 3.810798547469426298e-15
7.336024156570441846e+03 3.791037202163898986e-15
7.341542085170753126e+03 3.781007442846976079e-15
7.347060013771064405e+03 3.836319208775489999e-15
7.352577942371375684e+03 3.936272460832538471e-15
7.358095870971686963e+03 3.900970671364493338e-15
7.363613799571998243e+03 4.001110435133083170e-15
7.369131728172309522e+03 4.100675632395560933e-15
7.374649656772620801e+03 3.991890836063166888e-15
7.380167585372932081e+03 3.834947212673735407e-15
7.385685513973243360e+03 3.949109405465764087e-15
7.391203442573554639e+03 3.846319672256143580e-15
7.396721371173865919e+03 4.000115603750636816e-15
7.402239299774177198e+03 3.798127561447949948e-15
7.407757228374488477e+03 3.657706329570779104e-15
7.413275156974799756e+03 3.806575805750316753e-15
7.418793085575111036e+03 4.152612088518013425e-15
7.424311014175422315e+03 4.047573784838661898e-15
7.429828942775733594e+03 3.937893241470577131e-15
7.435346871376044874e+03 3.898932386714272052e-15
7.440864799976356153e+03 3.747353582514453695e-15
7.446382728576667432e+03 3.967461789766179711e-15
7.451900657176978712e+03 4.225622680849839589e-15
7.457418585777289991e+03 4.060076818290945547e-15
7.462936514377601270e+03 3.985341912915414390e-15
7.468454442977912549e+03 4.003254092765071633e-15
7.473972371578223829e+03 4.082947510155977786e-15
7.479490300178535108e+03 4.038027636892207024e-15
7.485008228778846387e+03 4.169715795315421505e-15
7.490526157379157667e+03 4.373352226897657319e-15
7.496044085979468946e+03 4.161565570960031400e-15
7.501562014579780225e+03 3.967263927835350473e-15
7.507079943180091504e+03 3.858522078278639095e-15
7.512597871780402784e+03 3.998657867478856325e-15
7.518115800380714063e+03 3.919299434938280813e-15
7.523633728981025342e+03 3.984067313965656389e-15
7.529151657581336622e+03 3.714759740634612256e-15
7.534669586181647901e+03 3.694071511881024053e-15
7.540187514781959180e+03 3.420308363954128266e-15
7.545705443382270460e+03 3.404482630495995085e-15
7.551223371982581739e+03 3.401024801528083642e-15
7.556741300582893018e+03 3.239102726548850309e-15
7.562259229183204297e+03 3.104146932021465855e-15
7.567777157783515577e+03 2.962485611996425262e-15
7.573295086383826856e+03 2.579172141460571695e-15
7.578813014984138135e+03 2.536312793141571383e-15
7.584330943584449415e+03 2.464190278778348567e-15
7.589848872184760694e+03 2.124682059295930665e-15
7.595366800785071973e+03 1.573744562402112396e-15
7.600884729385383253e+03 1.056894074749856505e-15
7.606402657985694532e+03 7.138226533177597857e-16
7.611920586586005811e+03 7.775535210937126920e-16
7.617438515186317090e+03 1.064497801384671024e-15
7.622956443786628370e+03 1.366265161302887499e-15
7.628474372386939649e+03 1.431341490208476246e-15
7.633992300987250928e+03 1.186760016818943226e-15
7.639510229587562208e+03 1.134607185637716166e-15
7.645028158187873487e+03 1.317579561365819655e-15
7.650546086788184766e+03 1.608786523877271951e-15
7.656064015388496045e+03 1.983787185835503835e-15
7.661581943988807325e+03 2.199055598230350190e-15
7.667099872589118604e+03 2.246586942218379660e-15
7.672617801189429883e+03 2.244340979231459679e-15
7.678135729789741163e+03 2.531802614788064791e-15
7.683653658390052442e+03 2.613767149705935916e-15
7.689171586990363721e+03 2.667821495394964667e-15
7.694689515590675001e+03 2.975779939790682484e-15
7.700207444190986280e+03 3.010320190897049569e-15
7.705725372791297559e+03 2.923211705921654312e-15
7.711243301391608838e+03 2.823447879821639086e-15
7.716761229991920118e+03 2.893692393036745943e-15
7.722279158592231397e+03 3.010528789521800263e-15
7.727797087192542676e+03 3.243669502617453698e-15
7.733315015792853956e+03 3.359744974266195997e-15
7.738832944393165235e+03 3.278340281245631375e-15
7.744350872993476514e+03 3.295574668946192638e-15
7.749868801593788703e+03 3.265139055925803031e-15
7.755386730194099982e+03 3.570140921578375677e-15
7.760904658794411262e+03 3.744104045408608156e-15
7.766422587394722541e+03 3.671831984237200680e-15
7.771940515995033820e+03 3.730974295794024765e-15
7.777458444595345100e+03 3.656097359296053730e-15
7.782976373195656379e+03 3.915264278600107614e-15
7.788494301795967658e+03 4.408853565491291519e-15
7.794012230396278937e+03 4.627847150532680862e-15
7.799530158996590217e+03 4.629503669023340618e-15
7.805048087596901496e+03 4.553825161633501541e-15
7.810566016197212775e+03 4.513913649321167985e-15
7.816083944797524055e+03 4.350998430154247734e-15
7.821601873397835334e+03 4.538514482720889775e-15
7.827119801998146613e+03 4.952371853504393195e-15
7.832637730598457892e+03 4.906898887122350909e-15
7.838155659198769172e+03 5.011586100910488035e-15
7.843673587799080451e+03 4.579547519403937970e-15
7.849191516399391730e+03 4.439043921746258521e-15
7.854709444999703010e+03 4.533755213068418665e-15
7.860227373600014289e+03 4.959986776977153789e-15
7.865745302200325568e+03 5.101875561531976551e-15
7.871263230800636848e+03 4.881180210504116956e-15
7.876781159400948127e+03 4.939522945126513279e-15
7.882299088001259406e+03 4.774432931915234395e-15
7.887817016601570685e+03 4.786074575752375350e-15
7.893334945201881965e+03 5.099951545981342265e-15
7.898852873802193244e+03 5.339383961714670110e-15
7.904370802402504523e+03 5.469095494787039590e-15
7.909888731002815803e+03 5.318617355095460172e-15
7.915406659603127082e+03 5.103996518725388470e-15
7.920924588203438361e+03 5.114641490603981439e-15
7.926442516803749641e+03 5.175538024566146266e-15
7.931960445404060920e+03 5.404811380511476217e-15
7.937478374004372199e+03 5.623251412290568628e-15
7.942996302604683478e+03 5.544101271612062571e-15
7.948514231204994758e+03 5.159877176050370915e-15
7.954032159805306037e+03 5.026794781230849917e-15
7.959550088405617316e+03 5.072544447553368583e-15
7.965068017005928596e+03 5.138383541871369603e-15
7.970585945606239875e+03 5.206681032334585180e-15
7.976103874206551154e+03 5.088321712507515384e-15
7.981621802806862433e+03 4.727367867206057932e-15
7.987139731407173713e+03 4.249003672438800120e-15
7.992657660007484992e+03 4.358828547649451804e-15
7.998175588607796271e+03 4.268475740533828751e-15
8.003693517208107551e+03 4.478116131356657138e-15
8.009211445808418830e+03 4.651290414946384100e-15
8.014729374408730109e+03 4.312418574650795172e-15
8.020247303009041389e+03 4.077072391242436369e-15
8.025765231609352668e+03 3.787700544455952903e-15
8.031283160209663947e+03 3.751392113242145764e-15
8.036801088809975226e+03 3.865098303305219851e-15
8.042319017410286506e+03 3.851688019216615800e-15
8.047836946010597785e+03 3.900917908182939243e-15
8.053354874610909064e+03 3.772560732358025723e-15
8.058872803211220344e+03 3.557262257220201027e-15
8.064390731811531623e+03 3.414807188751718809e-15
8.069908660411842902e+03 3.481310884423426692e-15
8.075426589012154182e+03 3.628019677642046034e-15
8.080944517612465461e+03 3.652544433896271551e-15
8.086462446212776740e+03 3.548359850764976923e-15
8.091980374813088019e+03 3.249067758939563638e-15
8.097498303413399299e+03 2.993121541049111768e-15
8.103016232013710578e+03 3.023620193800951124e-15
8.108534160614021857e+03 3.354207754448480261e-15
8.114052089214333137e+03 3.234331799914407715e-15
8.119570017814644416e+03 3.090316843200552926e-15
8.125087946414956605e+03 2.908896011772831492e-15
8.130605875015267884e+03 2.722510226313380533e-15
8.136123803615579163e+03 2.512583625906887547e-15
8.141641732215890443e+03 2.547254557916407421e-15
8.147159660816201722e+03 2.554859358220614164e-15
8.152677589416513001e+03 2.405346600693869182e-15
8.158195518016824280e+03 2.144491566342759963e-15
8.163713446617135560e+03 2.027845209340106889e-15
8.169231375217446839e+03 1.805281980332685579e-15
8.174749303817758118e+03 1.854205259996894525e-15
8.180267232418069398e+03 1.767674869298470629e-15
8.185785161018380677e+03 1.776251647165206169e-15
8.191303089618691956e+03 1.828632449034643151e-15
8.196821018219003236e+03 1.692968186089817955e-15
8.202338946819314515e+03 1.666135654167955947e-15
8.207856875419625794e+03 1.510513411037509214e-15
8.213374804019937073e+03 1.510041916793037874e-15
8.218892732620248353e+03 1.619858509411235171e-15
8.224410661220559632e+03 1.638778404676042898e-15
8.229928589820870911e+03 1.328849224773001754e-15
8.235446518421182191e+03 1.328693404667940519e-15
8.240964447021493470e+03 1.267035455049170691e-15
8.246482375621804749e+03 1.245346274997601362e-15
8.252000304222116029e+03 1.304014883618632740e-15
8.257518232822427308e+03 1.160792141534803324e-15
8.263036161422738587e+03 1.161152971141217858e-15
8.268554090023049866e+03 9.587393723059074692e-16
8.274072018623361146e+03 1.002418283148162179e-15
8.279589947223672425e+03 8.456434866015696030e-16
8.285107875823983704e+03 8.605796082776816073e-16
8.290625804424294984e+03 7.426667815363820322e-16
8.296143733024606263e+03 7.712207582708576187e-16
8.301661661624917542e+03 7.334516305253755635e-16
8.307179590225228822e+03 7.380768448851773812e-16
8.312697518825540101e+03 7.257275762279758946e-16
8.318215447425851380e+03 7.058641556395292766e-16
8.323733376026162659e+03 7.616897490628310786e-16
8.329251304626473939e+03 7.995137873286518752e-16
8.334769233226785218e+03 8.533640898187805847e-16
8.340287161827096497e+03 8.170206876590607715e-16
8.345805090427407777e+03 7.256389985031282245e-16
8.351323019027719056e+03 8.693746017792931506e-16
8.356840947628030335e+03 9.093244594270583494e-16
8.362358876228341614e+03 8.344741039156093956e-16
8.367876804828652894e+03 9.161636260877618990e-16
8.373394733428964173e+03 1.143001746470478849e-15
8.378912662029275452e+03 1.262549112156168996e-15
8.384430590629586732e+03 1.123964054335223844e-15
8.389948519229898011e+03 1.031434566584739364e-15
8.395466447830209290e+03 1.062516881356256533e-15
8.400984376430520570e+03 1.186524315711109998e-15
8.406502305030831849e+03 1.314128343133736358e-15
8.412020233631143128e+03 1.363352756386159614e-15
8.417538162231454407e+03 1.269351620676199451e-15
8.423056090831765687e+03 1.290304202172255229e-15
8.428574019432076966e+03 1.263655129673234088e-15
8.434091948032388245e+03 1.364026407239027907e-15
8.439609876632699525e+03 1.315205939088179413e-15
8.445127805233010804e+03 1.456643583102578587e-15
8.450645733833322083e+03 1.595346330427031164e-15
8.456163662433633363e+03 1.579717998755701813e-15
8.461681591033944642e+03 1.506983186076301608e-15
8.467199519634255921e+03 1.449434046516004517e-15
8.472717448234567200e+03 1.532181746564737221e-15
8.478235376834878480e+03 1.681363967300059305e-15
8.483753305435189759e+03 1.936186206718330651e-15
8.489271234035501038e+03 1.988720236548153388e-15
8.494789162635812318e+03 2.013027651441150585e-15
8.500307091236123597e+03 2.167739422927101623e-15
8.505825019836434876e+03 2.241269517863360298e-15
8.511342948436746155e+03 2.483137475921983960e-15
8.516860877037057435e+03 2.572507262018473156e-15
8.522378805637368714e+03 2.953239324573047539e-15
8.527896734237679993e+03 2.894510989257547379e-15
8.533414662837991273e+03 3.099537209177177826e-15
8.538932591438302552e+03 3.182526024695107224e-15
8.544450520038613831e+03 3.260992851496217533e-15
8.549968448638925111e+03 3.638604524034682323e-15
8.555486377239236390e+03 4.100673024912751077e-15
8.561004305839547669e+03 4.417414851842512481e-15
8.566522234439858948e+03 4.385657858563137139e-15
8.572040163040170228e+03 4.089904887816751284e-15
8.577558091640481507e+03 3.891763802945940369e-15
8.583076020240792786e+03 3.948566435516047597e-15
8.588593948841104066e+03 4.215820846206725048e-15
8.594111877441415345e+03 4.629960592040349182e-15
8.599629806041728443e+03 4.740459271485209582e-15
8.605147734642039723e+03 4.915694846926416401e-15
8.610665663242351002e+03 4.606284801512587441e-15
8.616183591842662281e+03 4.288387859698274750e-15
8.621701520442973560e+03 4.474242792334005321e-15
8.627219449043284840e+03 4.762709229060270806e-15
8.632737377643596119e+03 5.233184868041123753e-15
8.638255306243907398e+03 5.607260793890079195e-15
8.643773234844218678e+03 5.515751644839172011e-15
8.649291163444529957e+03 5.142015458662143093e-15
8.654809092044841236e+03 5.027385606159184394e-15
8.660327020645152515e+03 5.240556682087245401e-15
8.665844949245463795e+03 5.354535430794569563e-15
8.671362877845775074e+03 6.050882274179887392e-15
8.676880806446086353e+03 6.449756588596710256e-15
8.682398735046397633e+03 6.065197508184684804e-15
8.687916663646708912e+03 5.913060242519637351e-15
8.693434592247020191e+03 5.690913597236347457e-15
8.698952520847331471e+03 5.706633190806004843e-15
8.704470449447642750e+03 6.157855023341110266e-15
8.709988378047954029e+03 6.742250359212724102e-15
8.715506306648265308e+03 6.906063472754117946e-15
8.721024235248576588e+03 6.935680336172363921e-15
8.726542163848887867e+03 6.299745955234718266e-15
8.732060092449199146e+03 5.799992732363518094e-15
8.737578021049510426e+03 6.001126287211440234e-15
8.743095949649821705e+03 6.506406453350459306e-15
8.748613878250132984e+03 6.661724387898916807e-15
8.754131806850444264e+03 6.655432685261242792e-15
8.759649735450755543e+03 6.235399414753068806e-15
8.765167664051066822e+03 5.634055287239192672e-15
8.770685592651378101e+03 5.233375827811575814e-15
8.776203521251689381e+03 5.389507450377900614e-15
8.781721449852000660e+03 5.456532029086115654e-15
8.787239378452311939e+03 5.728676543713758019e-15
8.792757307052623219e+03 5.913149203697837950e-15
8.798275235652934498e+03 5.541695485267061883e-15
8.803793164253245777e+03 5.346668501777349411e-15
8.809311092853557057e+03 5.101799944530504109e-15
8.814829021453868336e+03 5.121886765043177394e-15
8.820346950054179615e+03 5.421657406654781984e-15
8.825864878654490894e+03 5.515552862620291957e-15
8.831382807254802174e+03 5.352517392481455978e-15
8.836900735855113453e+03 5.125729887941509857e-15
8.842418664455424732e+03 4.675852289485307726e-15
8.847936593055736012e+03 4.106207790629000336e-15
8.853454521656047291e+03 4.548976777421484873e-15
8.858972450256358570e+03 4.637342529255025076e-15
8.864490378856669849e+03 4.492724477105497510e-15
8.870008307456981129e+03 4.096815024024271640e-15
8.875526236057292408e+03 3.367060957503928285e-15
8.881044164657603687e+03 3.376929359649354036e-15
8.886562093257914967e+03 3.529329981078150896e-15
8.892080021858226246e+03 3.582471707783898518e-15
8.897597950458537525e+03 3.265923601488740834e-15
8.903115879058848805e+03 3.419895461382196171e-15
8.908633807659160084e+03 3.256398620167444083e-15
8.914151736259471363e+03 2.886563841798604649e-15
8.919669664859782642e+03 3.233529615497170097e-15
8.925187593460093922e+03 3.264716336948001874e-15
8.930705522060405201e+03 3.391367298727534047e-15
8.936223450660716480e+03 3.557629145389614007e-15
8.941741379261027760e+03 3.521488053219632752e-15
8.947259307861339039e+03 3.098449121938961581e-15
8.952777236461650318e+03 3.258751336568207464e-15
8.958295165061961598e+03 3.262273892462327697e-15
8.963813093662272877e+03 3.390202520818453135e-15
8.969331022262584156e+03 3.734712965998640868e-15
8.974848950862895435e+03 3.484642020403071428e-15
8.980366879463206715e+03 2.925923488043401891e-15
8.985884808063517994e+03 2.921135689461368101e-15
8.991402736663829273e+03 2.962600954765404487e-15
8.996920665264140553e+03 2.961152267992785228e-15
9.002438593864451832e+03 3.145148525529459091e-15
9.007956522464763111e+03 3.133663330660881156e-15
9.013474451065074390e+03 2.719166359682372879e-15
9.018992379665385670e+03 2.784787499113778367e-15
9.024510308265696949e+03 2.656527413678180201e-15
9.030028236866008228e+03 2.603087206881428893e-15
9.035546165466319508e+03 2.755003910177074114e-15
9.041064094066630787e+03 2.827521534876587407e-15
9.046582022666942066e+03 2.438819317661810933e-15
9.052099951267253346e+03 2.594843113144900897e-15
9.057617879867564625e+03 2.360662627933674611e-15
9.063135808467875904e+03 2.524342453089108570e-15
9.068653737068187183e+03 2.494643990797062609e-15
9.074171665668498463e+03 2.261692703658442025e-15
9.079689594268809742e+03 2.076329204841607481e-15
9.085207522869121021e+03 1.936951426232210386e-15
9.090725451469432301e+03 2.002443878717906915e-15
9.096243380069743580e+03 2.290846202043329639e-15
9.101761308670054859e+03 2.326912750881230676e-15
9.107279237270366139e+03 2.195290239672274618e-15
9.112797165870677418e+03 2.142346835041380065e-15
9.118315094470988697e+03 2.114737273242324642e-15
9.123833023071299976e+03 2.072075019947445344e-15
9.129350951671611256e+03 2.268456820828638394e-15
9.134868880271922535e+03 2.406867530078442012e-15
9.140386808872233814e+03 2.166139962295564072e-15
9.145904737472545094e+03 2.036223665131988177e-15
9.151422666072856373e+03 2.134944191345571063e-15
9.156940594673167652e+03 2.314937809388515754e-15
9.162458523273478932e+03 2.584704299694009915e-15
9.167976451873790211e+03 2.374812670233431377e-15
9.173494380474101490e+03 2.048529756941493405e-15
9.179012309074412769e+03 2.171577637622498373e-15
9.184530237674724049e+03 2.302667302050291792e-15
9.190048166275035328e+03 2.575732564872324912e-15
9.195566094875346607e+03 2.617759972793793659e-15
9.201084023475657887e+03 2.140905663954505588e-15
9.206601952075969166e+03 2.280194634767042703e-15
9.212119880676280445e+03 2.566873565336811249e-15
9.217637809276591724e+03 2.836156597653179573e-15
9.223155737876903004e+03 2.913888727827413500e-15
9.228673666477214283e+03 3.215102994627359043e-15
9.234191595077525562e+03 2.854704389782955197e-15
9.239709523677836842e+03 3.058690377442988569e-15
9.245227452278148121e+03 3.204612784522569265e-15
