3.776699999999999818e+03 1.072966821660503040e-15 1.314999999999999906e-32
3.802300000000000182e+03 9.844826056846262481e-16 1.202000000000000063e-32
3.827900000000000091e+03 9.661076387081774204e-16 1.183999999999999962e-32
3.853400000000000091e+03 6.816237749835119502e-16 8.372999999999999908e-33
3.879000000000000000e+03 6.792175293080245967e-16 7.602000000000000011e-33
3.904599999999999909e+03 6.223426315237774223e-16 5.857999999999999798e-33
3.930099999999999909e+03 9.376701898160544741e-16 7.599999999999999878e-33
3.955699999999999818e+03 1.379216271267987445e-15 5.377000000000000006e-33
3.981300000000000182e+03 1.692028209081343009e-15 5.683999999999999872e-33
4.006800000000000182e+03 1.663590760189220852e-15 1.928999999999999912e-32
4.032400000000000091e+03 1.760934335243028529e-15 5.537999999999999753e-33
4.058000000000000000e+03 1.669059500360781827e-15 2.056999999999999930e-32
4.083599999999999909e+03 1.405466224091484306e-15 1.597999999999999957e-32
4.109100000000000364e+03 1.205310333812308963e-15 3.775000000000000331e-33
4.134699999999999818e+03 1.134216711582000118e-15 2.907999999999999873e-33
4.160300000000000182e+03 1.095935530381065011e-15 9.484000000000000495e-33
4.185800000000000182e+03 1.261091483562240925e-15 2.563999999999999944e-33
4.211399999999999636e+03 1.272028963905367016e-15 7.865999999999999757e-33
4.237000000000000000e+03 1.218435310224057393e-15 9.588000000000000561e-33
4.262600000000000364e+03 1.180154129023122483e-15 7.223000000000000152e-33
4.288100000000000364e+03 1.316872633312177817e-15 5.569000000000000273e-34
4.313699999999999818e+03 1.286247688351427207e-15 8.494999999999999801e-33
4.339300000000000182e+03 1.439372413155170002e-15 7.586999999999999699e-33
4.364800000000000182e+03 1.487497326664916480e-15 6.388000000000000108e-33
4.390399999999999636e+03 1.455778633669857068e-15 5.326000000000000039e-33
4.416000000000000000e+03 1.242497766978929942e-15 5.174000000000000206e-33
4.441600000000000364e+03 1.074826193318833329e-15 5.860999999999999998e-33
4.467100000000000364e+03 9.807638623679642882e-16 1.371999999999999963e-33
4.492699999999999818e+03 1.036873136528193230e-15 4.990999999999999682e-33
4.518300000000000182e+03 1.228279042532868962e-15 4.920999999999999822e-33
4.543800000000000182e+03 1.381403767336610573e-15 4.856000000000000294e-33
4.569399999999999636e+03 1.605622114370660832e-15 4.232999999999999964e-33
4.595000000000000000e+03 1.717184413870530278e-15 1.479999999999999953e-33
4.620500000000000000e+03 1.916246556115391887e-15 4.950999999999999762e-33
4.646100000000000364e+03 1.851715422090959920e-15 4.883000000000000034e-33
4.671699999999999818e+03 1.894371595429146410e-15 4.187000000000000329e-33
4.697300000000000182e+03 1.650465783777470647e-15 3.425999999999999728e-33
4.722800000000000182e+03 1.299372664763178201e-15 2.943999999999999869e-33
4.748399999999999636e+03 1.084779300431076568e-15 3.558000000000000285e-33
4.774000000000000000e+03 9.224670921391118244e-16 2.578999999999999914e-33
4.799500000000000000e+03 8.556390872426215104e-16 4.305999999999999681e-34
4.825100000000000364e+03 7.545767688721519720e-16 5.968000000000000092e-34
4.850699999999999818e+03 8.852796589724875910e-16 2.747000000000000126e-33
4.876300000000000182e+03 1.052732483025723331e-15 5.395000000000000004e-34
4.901800000000000182e+03 1.057654349180127932e-15 1.924999999999999920e-33
4.927399999999999636e+03 1.007779438815481058e-15 3.955000000000000143e-34
4.953000000000000000e+03 1.257810239459304852e-15 2.578999999999999914e-33
4.978500000000000000e+03 1.416403704434609214e-15 5.440999999999999810e-34
5.004100000000000364e+03 1.499528555042354136e-15 2.043999999999999956e-33
5.029699999999999818e+03 1.536715988208977679e-15 2.558999999999999954e-33
5.055300000000000182e+03 1.348591326307237230e-15 4.402000000000000242e-34
5.080800000000000182e+03 1.025170032561049596e-15 1.686000000000000123e-33
5.106399999999999636e+03 9.728888765209158612e-16 1.557000000000000107e-33
5.132000000000000000e+03 9.907169694802071320e-16 1.334000000000000005e-33
5.157500000000000000e+03 1.144060443890812082e-15 1.670000000000000087e-33
5.183100000000000364e+03 1.347497578272925666e-15 1.495999999999999989e-33
5.208699999999999818e+03 1.497341058973729430e-15 1.320999999999999997e-33
5.234199999999999818e+03 1.539997232311914737e-15 1.733000000000000166e-33
5.259800000000000182e+03 1.659215768051970060e-15 1.701000000000000093e-33
5.285399999999999636e+03 1.732496886350903019e-15 1.334000000000000005e-33
5.311000000000000000e+03 1.835309201576273051e-15 1.544999999999999994e-33
5.336500000000000000e+03 1.865934146537020900e-15 1.680000000000000067e-33
5.362100000000000364e+03 1.845152933885085015e-15 1.459999999999999993e-33
5.387699999999999818e+03 1.745621862762652435e-15 1.872000000000000162e-33
5.413199999999999818e+03 1.596872130096161813e-15 4.038000000000000182e-34
5.438800000000000182e+03 1.494059814870790794e-15 1.258999999999999984e-33
5.464399999999999636e+03 1.364997546821923901e-15 1.458000000000000031e-33
5.490000000000000000e+03 1.227185294498556609e-15 8.212999999999999543e-34
5.515500000000000000e+03 1.147341687993748351e-15 1.008000000000000074e-33
5.541100000000000364e+03 1.184529121160371105e-15 1.188999999999999952e-33
5.566699999999999818e+03 1.235935278773056023e-15 1.620999999999999911e-33
5.592199999999999818e+03 1.170310396714309928e-15 1.605999999999999941e-33
5.617800000000000182e+03 9.684045095802332034e-16 8.292000000000000344e-34
5.643399999999999636e+03 7.785298508235944298e-16 8.779000000000000534e-34
5.668899999999999636e+03 7.067799797726983312e-16 7.082999999999999747e-34
5.694500000000000000e+03 6.324051134394525269e-16 7.401000000000000002e-34
5.720100000000000364e+03 5.706083495007999625e-16 1.848999999999999917e-34
5.745699999999999818e+03 4.477804452475125732e-16 1.548000000000000065e-34
5.771199999999999818e+03 3.530618654760552922e-16 1.202000000000000003e-34
5.796800000000000182e+03 3.531712402794864683e-16 5.012999999999999946e-34
5.822399999999999636e+03 4.329054719808631067e-16 1.905999999999999983e-34
5.847899999999999636e+03 4.660460374205302248e-16 1.525999999999999972e-34
5.873500000000000000e+03 5.920458109733235948e-16 9.175000000000000496e-34
5.899100000000000364e+03 7.249361971422843137e-16 2.831000000000000061e-34
5.924699999999999818e+03 7.973423170137680605e-16 2.606000000000000082e-34
5.950199999999999818e+03 8.344203753769602303e-16 2.287000000000000018e-34
5.975800000000000182e+03 8.078422981431676724e-16 5.486000000000000233e-34
6.001399999999999636e+03 7.611392570780265815e-16 1.513999999999999902e-34
6.026899999999999636e+03 7.041549844903482311e-16 1.578999999999999943e-34
6.052500000000000000e+03 6.717800426746998881e-16 4.951999999999999999e-34
6.078100000000000364e+03 6.704675450335247887e-16 5.875999999999999625e-34
6.103699999999999818e+03 6.889518868134055813e-16 5.541999999999999848e-34
6.129199999999999818e+03 7.552330176927392259e-16 5.455999999999999951e-34
6.154800000000000182e+03 8.935921440332622016e-16 8.068000000000000175e-34
6.180399999999999636e+03 9.609670229469090864e-16 4.975999999999999712e-34
6.205899999999999636e+03 9.589982764851475220e-16 1.083999999999999991e-34
6.231500000000000000e+03 1.003732571088524287e-15 4.947999999999999905e-34
6.257100000000000364e+03 1.084998050037939709e-15 5.717000000000000353e-34
6.282600000000000364e+03 1.144060443890812082e-15 5.155999999999999695e-34
6.308199999999999818e+03 1.133122963547686779e-15 5.382999999999999720e-34
6.333800000000000182e+03 1.063451213761984506e-15 4.821999999999999917e-34
6.359399999999999636e+03 1.050654361760529111e-15 5.346000000000000342e-34
6.384899999999999636e+03 1.101404270552625986e-15 4.968000000000000378e-34
6.410500000000000000e+03 1.175779136885872875e-15 5.144000000000000266e-34
6.436100000000000364e+03 1.275310208008304469e-15 5.026999999999999850e-34
6.461600000000000364e+03 1.339841342032738605e-15 5.543000000000000085e-34
6.487199999999999818e+03 1.396716239816986470e-15 6.041999999999999705e-34
6.512800000000000182e+03 1.380310019302299206e-15 5.011000000000000326e-34
6.538399999999999636e+03 1.409841216228734308e-15 5.856000000000000008e-34
6.563899999999999636e+03 1.434997421017920196e-15 7.965999999999999900e-34
6.589500000000000000e+03 1.429528680846359024e-15 3.953999999999999905e-34
6.615100000000000364e+03 1.344216334169987819e-15 4.442000000000000333e-34
6.640600000000000364e+03 1.168122900645684828e-15 2.664999999999999982e-34
6.666199999999999818e+03 9.487170449626100651e-16 1.193000000000000004e-34
6.691800000000000182e+03 7.427642901015780497e-16 8.779000000000000107e-35
6.717399999999999636e+03 6.096551543257535980e-16 8.856000000000000218e-35
6.742899999999999636e+03 5.210615635464461234e-16 1.055999999999999970e-34
6.768500000000000000e+03 4.868272500724665046e-16 8.213999999999999567e-35
6.794100000000000364e+03 4.403429586141883084e-16 8.495000000000000015e-35
6.819600000000000364e+03 4.131086325598082007e-16 6.351999999999999984e-35
6.845199999999999818e+03 4.166086262696080549e-16 8.407000000000000499e-35
6.870800000000000182e+03 4.180304987142144290e-16 1.014000000000000045e-34
6.896300000000000182e+03 4.193429963553892326e-16 2.561999999999999896e-34
6.921899999999999636e+03 4.186867475348022252e-16 3.202000000000000072e-34
6.947500000000000000e+03 4.296242278779259992e-16 2.916000000000000147e-34
6.973100000000000364e+03 4.537960594362309078e-16 2.660999999999999887e-34
6.998600000000000364e+03 4.679054090788614020e-16 2.331000000000000204e-34
7.024199999999999818e+03 4.947022359195159177e-16 2.869999999999999914e-34
7.049800000000000182e+03 5.335302911376074969e-16 2.498000000000000093e-34
7.075300000000000182e+03 5.692958518596249617e-16 2.579999999999999895e-34
7.100899999999999636e+03 5.823114534679426101e-16 2.671000000000000123e-34
7.126500000000000000e+03 6.051707873850723207e-16 2.635000000000000127e-34
7.152100000000000364e+03 6.234363795580904653e-16 3.013999999999999900e-34
7.177600000000000364e+03 6.585456914595193944e-16 3.305000000000000158e-34
7.203199999999999818e+03 7.216549530393477485e-16 3.487000000000000188e-34
7.228800000000000182e+03 7.680298696941948180e-16 4.803999999999999919e-34
7.254300000000000182e+03 8.484203502161583651e-16 5.036999999999999659e-34
7.279899999999999636e+03 9.970607080792198823e-16 4.705999999999999738e-34
7.305500000000000000e+03 1.169216648679996195e-15 4.036999999999999945e-34
7.331100000000000364e+03 1.325622617586676836e-15 4.205999999999999881e-34
7.356600000000000364e+03 1.413122460331672747e-15 3.924999999999999860e-34
7.382199999999999818e+03 1.387966255542485281e-15 4.598999999999999986e-34
7.407800000000000182e+03 1.282966444248490543e-15 1.449000000000000075e-34
7.433300000000000182e+03 1.119997987135936377e-15 3.559999999999999991e-34
7.458899999999999636e+03 9.782482418890465474e-16 3.164000000000000029e-34
7.484500000000000000e+03 8.859359077930758310e-16 2.606000000000000082e-34
7.510000000000000000e+03 8.252328918887353234e-16 2.768999999999999876e-34
7.535600000000000364e+03 7.719673626177197217e-16 7.307000000000000129e-35
7.561199999999999818e+03 7.185924585432725494e-16 8.369000000000000027e-35
7.586800000000000182e+03 6.515457040399204749e-16 1.243999999999999928e-34
7.612300000000000182e+03 5.708270991076619203e-16 3.521000000000000137e-34
7.637899999999999636e+03 5.056397162626409242e-16 3.683000000000000121e-34
7.663500000000000000e+03 5.064053398866596500e-16 5.799000000000000156e-34
7.689000000000000000e+03 5.726864707659929988e-16 5.836000000000000390e-34
7.714600000000000364e+03 6.464050882786512534e-16 5.188999999999999834e-34
7.740199999999999818e+03 7.409049184432463795e-16 3.739999999999999973e-34
7.765800000000000182e+03 8.897640259131695586e-16 3.087999999999999941e-34
7.791300000000000182e+03 1.059841845248753821e-15 4.165999999999999790e-34
7.816899999999999636e+03 1.203122837743683271e-15 5.466999999999999997e-34
7.842500000000000000e+03 1.229372790567182498e-15 5.375999999999999769e-34
7.868000000000000000e+03 1.163747908508435614e-15 4.947999999999999905e-34
7.893600000000000364e+03 1.101404270552625986e-15 5.746000000000000398e-34
7.919199999999999818e+03 1.016638797893411943e-15 5.436000000000000333e-34
7.944699999999999818e+03 9.166702275572550532e-16 3.737000000000000116e-34
7.970300000000000182e+03 8.033579312024862964e-16 1.207999999999999931e-34
7.995899999999999636e+03 6.840300206590001912e-16 1.188999999999999910e-34
8.021500000000000000e+03 6.085614062914409495e-16 3.982999999999999950e-34
8.047000000000000000e+03 5.384521572920137745e-16 2.498000000000000093e-34
8.072600000000000364e+03 4.791710138322802327e-16 9.175000000000000069e-35
8.098199999999999818e+03 4.414367066485007597e-16 2.867999999999999867e-34
8.123699999999999818e+03 4.221867412446016357e-16 1.945000000000000051e-34
8.149300000000000182e+03 4.212023680137203111e-16 6.611999999999999721e-35
8.174899999999999636e+03 4.221867412446016357e-16 2.066000000000000134e-34
8.200500000000000000e+03 4.265617333818513425e-16 3.027999999999999804e-34
8.226000000000000000e+03 4.460304483926125722e-16 2.790999999999999969e-34
8.251600000000000364e+03 4.977647304155912153e-16 1.315999999999999921e-34
8.277200000000000728e+03 5.314521698724139675e-16 1.824999999999999991e-34
8.302700000000000728e+03 5.115459556479280826e-16 3.209999999999999834e-34
8.328299999999999272e+03 4.517179381710373784e-16 3.137999999999999841e-34
8.353899999999999636e+03 3.785461946755351522e-16 2.489000000000000093e-34
8.379500000000000000e+03 3.319525284138249910e-16 8.295000000000000201e-34
8.405000000000000000e+03 3.693587111873106891e-16 1.884000000000000104e-34
8.430600000000000364e+03 4.536866846327999289e-16 3.218999999999999833e-34
8.456200000000000728e+03 5.433740234464193618e-16 9.810999999999999295e-35
8.481700000000000728e+03 7.159674632609227451e-16 3.463000000000000047e-34
8.507299999999999272e+03 8.619828258416333732e-16 4.532000000000000325e-34
8.532899999999999636e+03 1.094841782346751869e-15 4.079999999999999893e-34
8.558399999999999636e+03 1.300466412797490159e-15 4.290000000000000158e-34
8.584000000000000000e+03 1.454684885635543729e-15 8.444999999999999901e-34
8.609600000000000364e+03 1.526872255900164926e-15 1.051999999999999918e-33
8.635200000000000728e+03 1.542184728380540034e-15 1.003000000000000084e-33
8.660700000000000728e+03 1.522497263762915318e-15 7.081000000000000127e-34
8.686299999999999272e+03 1.510466035385478452e-15 6.081999999999999796e-34
8.711899999999999636e+03 1.501716051110978447e-15 6.902999999999999764e-34
8.737399999999999636e+03 1.462341121875731776e-15 5.364000000000000340e-34
8.763000000000000000e+03 1.378122523233673120e-15 2.414999999999999968e-33
8.788600000000000364e+03 1.270935215871054860e-15 3.360000000000000133e-33
8.814200000000000728e+03 1.147341687993748351e-15 3.293999999999999855e-33
8.839700000000000728e+03 1.025498156971343026e-15 2.105999999999999969e-33
8.865299999999999272e+03 9.304514527895919205e-16 1.811999999999999940e-33
8.890899999999999636e+03 8.119985406735545339e-16 2.415000000000000053e-34
8.916399999999999636e+03 7.050299829177981330e-16 6.227000000000000019e-34
8.942000000000000000e+03 6.234363795580904653e-16 6.251999999999999969e-34
8.967600000000000364e+03 5.832958266988240826e-16 7.257000000000000015e-34
8.993200000000000728e+03 5.206240643327208273e-16 7.118999999999999744e-34
9.018700000000000728e+03 4.963428579709852357e-16 5.374000000000000149e-34
9.044299999999999272e+03 4.557648058979941485e-16 1.059000000000000041e-34
9.069899999999999636e+03 4.584991759837743401e-16 1.306999999999999922e-34
9.095399999999999636e+03 4.845303792004109189e-16 1.552999999999999970e-34
9.121000000000000000e+03 5.195303162984085732e-16 1.938999999999999909e-34
9.146600000000000364e+03 5.405302785572075011e-16 5.037999999999999896e-34
9.172100000000000364e+03 6.040770393507601652e-16 6.171999999999999787e-34
9.197700000000000728e+03 6.186238882071152652e-16 6.131000000000000314e-34
9.223299999999999272e+03 7.037174852766230336e-16 9.737999999999999920e-34
