3.776699999999999818e+03 1.151701437684104256e-15 4.396999999999999910e-33
3.802300000000000182e+03 1.126198748629983754e-15 5.276000000000000139e-33
3.827900000000000091e+03 9.278898385451383508e-16 3.466000000000000332e-33
3.853400000000000091e+03 8.231247919108092335e-16 3.415999999999999748e-33
3.879000000000000000e+03 7.240723476246037563e-16 3.058999999999999982e-33
3.904599999999999909e+03 8.995308483169568672e-16 2.787000000000000046e-33
3.930099999999999909e+03 1.126198748629983754e-15 2.759999999999999963e-33
3.955699999999999818e+03 1.508739084441798577e-15 2.371999999999999848e-33
3.981300000000000182e+03 1.884138667318461538e-15 1.928000000000000119e-33
4.006800000000000182e+03 2.117743299054208797e-15 1.152999999999999956e-32
4.032400000000000091e+03 2.138145450297504173e-15 1.862999999999999907e-33
4.058000000000000000e+03 2.076938996567614890e-15 1.739999999999999947e-33
4.083599999999999909e+03 1.767846405231668311e-15 1.669000000000000020e-33
4.109100000000000364e+03 1.460794029020051427e-15 1.291000000000000057e-33
4.134699999999999818e+03 1.343481659371094634e-15 1.301999999999999932e-33
4.160300000000000182e+03 1.328180045938621820e-15 1.108999999999999941e-33
4.185800000000000182e+03 1.457733706333556588e-15 1.281999999999999972e-33
4.211399999999999636e+03 1.431210909717269956e-15 1.167000000000000030e-33
4.237000000000000000e+03 1.320019185441303827e-15 8.923000000000000521e-34
4.262600000000000364e+03 1.430190802155105405e-15 6.732000000000000208e-34
4.288100000000000364e+03 1.443452200463248720e-15 5.288000000000000252e-33
4.313699999999999818e+03 1.513839622252623703e-15 8.586000000000000030e-34
4.339300000000000182e+03 1.672976401950339153e-15 2.047000000000000155e-33
4.364800000000000182e+03 1.726021995182910246e-15 8.032000000000000179e-34
4.390399999999999636e+03 1.606669410409622969e-15 3.343999999999999755e-33
4.416000000000000000e+03 1.448552738274073452e-15 2.649999999999999840e-33
4.441600000000000364e+03 1.178224234300390098e-15 3.917000000000000184e-33
4.467100000000000364e+03 1.156801975494928987e-15 5.280000000000000063e-34
4.492699999999999818e+03 1.181284556986885529e-15 4.497999999999999948e-34
4.518300000000000182e+03 1.458753813895721534e-15 5.525000000000000087e-34
4.543800000000000182e+03 1.669916079263843722e-15 3.960999999999999686e-33
4.569399999999999636e+03 1.904540818561756914e-15 6.040000000000000085e-34
4.595000000000000000e+03 2.158547601540800732e-15 2.962000000000000039e-33
4.620500000000000000e+03 2.197311688903065930e-15 3.257000000000000134e-33
4.646100000000000364e+03 2.265658895568110823e-15 3.297000000000000054e-33
4.671699999999999818e+03 2.209552979649044102e-15 2.902999999999999883e-33
4.697300000000000182e+03 2.002471144529581108e-15 2.476999999999999981e-33
4.722800000000000182e+03 1.647473712896216876e-15 1.872000000000000162e-33
4.748399999999999636e+03 1.326139830814292716e-15 2.215000000000000025e-33
4.774000000000000000e+03 1.206787246041006622e-15 2.335999999999999852e-33
4.799500000000000000e+03 1.013170830742120209e-15 1.970999999999999896e-33
4.825100000000000364e+03 9.886882492501626810e-16 1.889999999999999989e-33
4.850699999999999818e+03 1.070092832710916836e-15 1.636999999999999947e-33
4.876300000000000182e+03 1.227189397284302984e-15 1.719999999999999987e-33
4.901800000000000182e+03 1.294516496387182734e-15 1.402000000000000074e-33
4.927399999999999636e+03 1.208827461165335331e-15 1.445999999999999918e-33
4.953000000000000000e+03 1.501598331506645531e-15 1.932000000000000042e-33
4.978500000000000000e+03 1.713780704436931285e-15 1.445000000000000023e-33
5.004100000000000364e+03 1.798449632096615516e-15 1.691000000000000113e-33
5.029699999999999818e+03 1.792328986723625444e-15 1.520999999999999939e-33
5.055300000000000182e+03 1.546483064241897251e-15 1.473000000000000001e-33
5.080800000000000182e+03 1.264933377084401264e-15 1.526999999999999996e-33
5.106399999999999636e+03 1.160882405743587983e-15 1.069000000000000021e-33
5.132000000000000000e+03 1.209847568727500475e-15 8.120000000000000550e-34
5.157500000000000000e+03 1.311858324943985243e-15 1.235999999999999995e-33
5.183100000000000364e+03 1.545462956679733686e-15 1.165000000000000069e-33
5.208699999999999818e+03 1.717861134685591267e-15 1.162999999999999936e-33
5.234199999999999818e+03 1.761725759858677450e-15 1.278999999999999944e-33
5.259800000000000182e+03 1.871897376572482577e-15 1.129999999999999967e-33
5.285399999999999636e+03 2.003491252091744279e-15 1.029999999999999996e-33
5.311000000000000000e+03 2.121823729302867794e-15 6.815999999999999630e-34
5.336500000000000000e+03 2.176909537659770554e-15 1.142000000000000080e-33
5.362100000000000364e+03 2.176909537659770554e-15 1.064000000000000031e-33
5.387699999999999818e+03 2.066737920945965427e-15 9.860999999999999195e-34
5.413199999999999818e+03 1.922902754680723975e-15 8.298999999999999440e-34
5.438800000000000182e+03 1.772946943042495409e-15 9.608999999999999219e-34
5.464399999999999636e+03 1.661755218766526321e-15 1.021999999999999978e-33
5.490000000000000000e+03 1.514859729814787664e-15 7.868000000000000574e-34
5.515500000000000000e+03 1.447532630711907717e-15 8.713000000000000256e-34
5.541100000000000364e+03 1.434271232403766965e-15 9.324000000000000815e-34
5.566699999999999818e+03 1.464874459268708845e-15 1.002000000000000018e-33
5.592199999999999818e+03 1.377145208922534706e-15 1.082000000000000029e-33
5.617800000000000182e+03 1.165982943554412912e-15 1.774999999999999877e-33
5.643399999999999636e+03 9.608393128030635719e-16 6.332000000000000152e-34
5.668899999999999636e+03 8.574004059995478198e-16 7.582000000000000222e-34
5.694500000000000000e+03 7.693651233847228947e-16 5.781000000000000157e-34
5.720100000000000364e+03 6.740870770785262200e-16 6.714999999999999592e-34
5.745699999999999818e+03 4.987305871423904320e-16 5.677999999999999645e-34
5.771199999999999818e+03 4.287512083778825221e-16 5.525000000000000087e-34
5.796800000000000182e+03 3.980459707567204097e-16 4.472999999999999998e-34
5.822399999999999636e+03 5.172965447737903640e-16 5.558000000000000226e-34
5.847899999999999636e+03 5.763607726231346010e-16 5.083000000000000319e-34
5.873500000000000000e+03 6.644980659941774406e-16 5.933999999999999715e-34
5.899100000000000364e+03 8.136377915826762980e-16 5.815999999999999916e-34
5.924699999999999818e+03 9.266657094705419141e-16 5.592999999999999985e-34
5.950199999999999818e+03 9.609413235592788240e-16 4.931000000000000144e-34
5.975800000000000182e+03 9.192189242667375893e-16 4.754000000000000018e-34
6.001399999999999636e+03 8.949403642872147075e-16 3.825000000000000060e-34
6.026899999999999636e+03 8.211865875426959736e-16 4.251999999999999686e-34
6.052500000000000000e+03 8.065990494037392928e-16 4.269999999999999685e-34
6.078100000000000364e+03 7.893592316031521344e-16 5.066999999999999941e-34
6.103699999999999818e+03 8.013965008366990133e-16 3.643999999999999840e-34
6.129199999999999818e+03 8.777005464866284366e-16 4.427999999999999575e-34
6.154800000000000182e+03 9.840977652204220990e-16 3.988999999999999664e-34
6.180399999999999636e+03 1.087434661267720134e-15 4.381000000000000387e-34
6.205899999999999636e+03 1.110897135197511926e-15 3.948999999999999573e-34
6.231500000000000000e+03 1.153741652808433951e-15 5.032000000000000182e-34
6.257100000000000364e+03 1.190465525046368862e-15 4.867000000000000340e-34
6.282600000000000364e+03 1.208827461165335331e-15 3.042999999999999945e-34
6.308199999999999818e+03 1.188425309922039758e-15 3.909999999999999719e-34
6.333800000000000182e+03 1.130279178878643342e-15 3.862999999999999676e-34
6.359399999999999636e+03 1.154761760370599292e-15 3.503000000000000139e-34
6.384899999999999636e+03 1.213927998976160260e-15 3.913999999999999814e-34
6.410500000000000000e+03 1.300637141760171228e-15 3.370000000000000199e-34
6.436100000000000364e+03 1.403668005538821140e-15 4.104999999999999843e-34
6.461600000000000364e+03 1.504658654193138595e-15 3.849000000000000200e-34
6.487199999999999818e+03 1.536281988620249958e-15 3.744000000000000068e-34
6.512800000000000182e+03 1.544442849117567556e-15 4.640000000000000314e-34
6.538399999999999636e+03 1.564845000360865890e-15 5.842000000000000104e-34
6.563899999999999636e+03 1.530161343247261266e-15 7.233000000000000303e-34
6.589500000000000000e+03 1.480176072701183434e-15 1.649000000000000103e-34
6.615100000000000364e+03 1.417949511409128021e-15 1.647000000000000056e-34
6.640600000000000364e+03 1.247591548527598557e-15 9.883999999999999525e-35
6.666199999999999818e+03 1.035409175597313789e-15 4.469000000000000224e-35
6.691800000000000182e+03 8.360801579503031442e-16 3.269000000000000161e-34
6.717399999999999636e+03 6.866344000931545860e-16 3.191999999999999836e-34
6.742899999999999636e+03 6.014554186523899525e-16 2.520999999999999995e-34
6.768500000000000000e+03 5.349444055992416865e-16 3.886000000000000221e-35
6.794100000000000364e+03 4.965883612618448928e-16 2.664000000000000172e-34
6.819600000000000364e+03 4.771043068244953654e-16 2.981000000000000189e-34
6.845199999999999818e+03 4.727178443071867669e-16 2.970000000000000142e-34
6.870800000000000182e+03 4.644549730536517472e-16 2.649999999999999840e-34
6.896300000000000182e+03 4.469091229844170573e-16 2.804999999999999873e-34
6.921899999999999636e+03 4.513975962579424857e-16 2.476000000000000000e-34
6.947500000000000000e+03 4.770022960682792257e-16 2.999000000000000187e-34
6.973100000000000364e+03 5.002607484856375556e-16 2.802000000000000016e-34
6.998600000000000364e+03 5.328021797186962460e-16 2.793999999999999827e-34
7.024199999999999818e+03 5.617732344841778215e-16 2.179999999999999838e-34
7.049800000000000182e+03 5.991091712594109508e-16 2.266999999999999972e-34
7.075300000000000182e+03 6.251219140946145173e-16 2.280000000000000066e-34
7.100899999999999636e+03 6.343028821540976534e-16 2.584999999999999799e-34
7.126500000000000000e+03 6.437898824822310820e-16 2.748999999999999831e-34
7.152100000000000364e+03 6.603156249893011214e-16 2.480999999999999904e-34
7.177600000000000364e+03 7.034661748688736360e-16 2.291000000000000112e-34
7.203199999999999818e+03 7.537574776836004787e-16 3.015999999999999948e-34
7.228800000000000182e+03 8.487294917211470582e-16 3.341000000000000154e-34
7.254300000000000182e+03 9.544126351614237989e-16 3.595000000000000177e-34
7.279899999999999636e+03 1.075193370521741962e-15 2.849000000000000059e-34
7.305500000000000000e+03 1.239430688030281748e-15 3.418999999999999862e-34
7.331100000000000364e+03 1.374084886236040064e-15 2.712999999999999834e-34
7.356600000000000364e+03 1.430190802155105405e-15 2.705000000000000073e-34
7.382199999999999818e+03 1.368984348425215135e-15 2.835000000000000155e-34
7.407800000000000182e+03 1.272074130019555690e-15 3.879999999999999865e-35
7.433300000000000182e+03 1.137419931813795994e-15 4.217999999999999951e-35
7.458899999999999636e+03 1.030308637786489650e-15 3.006000000000000139e-34
7.484500000000000000e+03 9.720604959868754172e-16 2.936000000000000193e-34
7.510000000000000000e+03 9.192189242667375893e-16 2.246000000000000117e-34
7.535600000000000364e+03 8.829030950536688146e-16 2.417000000000000100e-34
7.561199999999999818e+03 8.201664799805312246e-16 2.810999999999999908e-35
7.586800000000000182e+03 7.289688639229946308e-16 2.485999999999999809e-34
7.612300000000000182e+03 6.407295597957364403e-16 3.516000000000000019e-35
7.637899999999999636e+03 5.856437514388349614e-16 3.665999999999999933e-34
7.663500000000000000e+03 6.046177520951011283e-16 3.267999999999999924e-34
7.689000000000000000e+03 6.498085170990031410e-16 3.634000000000000031e-34
7.714600000000000364e+03 7.025480780629255196e-16 3.539999999999999945e-34
7.740199999999999818e+03 7.916034682399165742e-16 2.855000000000000201e-34
7.765800000000000182e+03 9.501281834003319317e-16 2.458000000000000001e-34
7.791300000000000182e+03 1.121098210819159811e-15 2.822999999999999871e-34
7.816899999999999636e+03 1.249631763651929830e-15 2.851000000000000106e-34
7.842500000000000000e+03 1.323079508127798863e-15 2.692999999999999789e-34
7.868000000000000000e+03 1.270033914895226192e-15 2.788000000000000112e-34
7.893600000000000364e+03 1.184344879673380170e-15 3.463999999999999857e-34
7.919199999999999818e+03 1.127218856192148700e-15 3.452000000000000001e-34
7.944699999999999818e+03 1.056831434402773717e-15 3.670000000000000028e-34
7.970300000000000182e+03 9.700202808625476940e-16 3.544000000000000040e-34
7.995899999999999636e+03 8.137398023388926349e-16 2.637999999999999984e-34
8.021500000000000000e+03 6.760252814466399729e-16 3.042999999999999945e-35
8.047000000000000000e+03 5.839095685831547696e-16 2.821999999999999848e-35
8.072600000000000364e+03 5.348423948430257441e-16 1.735000000000000000e-34
8.098199999999999818e+03 5.150523081370275019e-16 2.206999999999999835e-34
8.123699999999999818e+03 4.929159740380507509e-16 2.129999999999999938e-34
8.149300000000000182e+03 4.662911666655492618e-16 2.065999999999999920e-35
8.174899999999999636e+03 4.467051014719838905e-16 1.837000000000000061e-34
8.200500000000000000e+03 4.798585972423411937e-16 2.181999999999999885e-34
8.226000000000000000e+03 5.246413192213776617e-16 2.325999999999999872e-34
8.251600000000000364e+03 5.441253736587262031e-16 2.862000000000000153e-34
8.277200000000000728e+03 5.512661265938799397e-16 3.359000000000000152e-34
8.302700000000000728e+03 5.211729535100178699e-16 4.532000000000000325e-34
8.328299999999999272e+03 4.518056392828079317e-16 3.481999999999999856e-34
8.353899999999999636e+03 3.691769267474559598e-16 5.922000000000000500e-35
8.379500000000000000e+03 3.302088178727586305e-16 4.421999999999999860e-34
8.405000000000000000e+03 3.746855075831458415e-16 3.098999999999999987e-34
8.430600000000000364e+03 4.475211875217151770e-16 2.608000000000000130e-34
8.456200000000000728e+03 5.180106200673055109e-16 2.856000000000000011e-34
8.481700000000000728e+03 6.560311732282093528e-16 2.523000000000000043e-34
8.507299999999999272e+03 8.383243945870654147e-16 3.081999999999999799e-34
8.532899999999999636e+03 1.026228207537829864e-15 2.451000000000000050e-34
8.558399999999999636e+03 1.238410580468116407e-15 2.984000000000000046e-34
8.584000000000000000e+03 1.408768543349643505e-15 4.695999999999999929e-34
8.609600000000000364e+03 1.490377148322831714e-15 6.415999999999999574e-34
8.635200000000000728e+03 1.495477686133655853e-15 5.908000000000000383e-34
8.660700000000000728e+03 1.500578223944481571e-15 4.875999999999999912e-34
8.686299999999999272e+03 1.502618439068809491e-15 3.739000000000000163e-34
8.711899999999999636e+03 1.503638546630974438e-15 3.236999999999999832e-34
8.737399999999999636e+03 1.451613060960568488e-15 9.897000000000000475e-35
8.763000000000000000e+03 1.384285961857688738e-15 1.840999999999999942e-34
8.788600000000000364e+03 1.288395851014192070e-15 1.556000000000000041e-33
8.814200000000000728e+03 1.161902513305753521e-15 1.257999999999999917e-33
8.839700000000000728e+03 1.032348852910818951e-15 8.289000000000000486e-34
8.865299999999999272e+03 9.120781713315845430e-16 6.250000000000000350e-34
8.890899999999999636e+03 8.099654043588828464e-16 6.429000000000000095e-35
8.916399999999999636e+03 7.266226165300159248e-16 6.049999999999999894e-35
8.942000000000000000e+03 6.611317110390327037e-16 5.898999999999999956e-34
8.967600000000000364e+03 5.993131927718438217e-16 4.938000000000000096e-34
8.993200000000000728e+03 5.751366435485368824e-16 6.033000000000000133e-35
9.018700000000000728e+03 5.312720183754489251e-16 4.068999999999999847e-34
9.044299999999999272e+03 5.227031148532645990e-16 4.391000000000000196e-34
9.069899999999999636e+03 5.077075336894407958e-16 4.075000000000000416e-34
9.095399999999999636e+03 5.162764372116258121e-16 5.125999999999999626e-35
9.121000000000000000e+03 5.587129117976829826e-16 5.353000000000000293e-34
9.146600000000000364e+03 6.088001930999769545e-16 4.791000000000000252e-34
9.172100000000000364e+03 6.314465809800362771e-16 4.096999999999999654e-34
9.197700000000000728e+03 6.856142925309895411e-16 5.005999999999999994e-34
9.223299999999999272e+03 7.678349620414750809e-16 6.336000000000000247e-34
