3.776699999999999818e+03 1.333455473179539974e-15 4.396999999999999910e-33
3.802300000000000182e+03 1.303928115491774324e-15 5.276000000000000139e-33
3.827900000000000091e+03 1.074323382111700430e-15 3.466000000000000332e-33
3.853400000000000091e+03 9.530249967303550958e-16 3.415999999999999748e-33
3.879000000000000000e+03 8.383407394710700407e-16 3.058999999999999982e-33
3.904599999999999909e+03 1.041488960362905282e-15 2.787000000000000046e-33
3.930099999999999909e+03 1.303928115491774324e-15 2.759999999999999963e-33
3.955699999999999818e+03 1.746838480808273075e-15 2.371999999999999848e-33
3.981300000000000182e+03 2.181481185972199954e-15 1.928000000000000119e-33
4.006800000000000182e+03 2.451951782392140241e-15 1.152999999999999956e-32
4.032400000000000091e+03 2.475573668542352525e-15 1.862999999999999907e-33
4.058000000000000000e+03 2.404708010091714097e-15 1.739999999999999947e-33
4.083599999999999909e+03 2.046836434915981774e-15 1.669000000000000020e-33
4.109100000000000364e+03 1.691327048355272099e-15 1.291000000000000057e-33
4.134699999999999818e+03 1.555501202991545455e-15 1.301999999999999932e-33
4.160300000000000182e+03 1.537784788378885355e-15 1.108999999999999941e-33
4.185800000000000182e+03 1.687783765432740001e-15 1.281999999999999972e-33
4.211399999999999636e+03 1.657075313437461745e-15 1.167000000000000030e-33
4.237000000000000000e+03 1.528336033918800482e-15 8.923000000000000521e-34
4.262600000000000364e+03 1.655894219129951505e-15 6.732000000000000208e-34
4.288100000000000364e+03 1.671248445127590337e-15 5.288000000000000252e-33
4.313699999999999818e+03 1.752743952345827231e-15 8.586000000000000030e-34
4.339300000000000182e+03 1.936994664317491639e-15 2.047000000000000155e-33
4.364800000000000182e+03 1.998411568308045390e-15 8.032000000000000179e-34
4.390399999999999636e+03 1.860223534329296492e-15 3.343999999999999755e-33
4.416000000000000000e+03 1.677153916665144098e-15 2.649999999999999840e-33
4.441600000000000364e+03 1.364163925174817441e-15 3.917000000000000184e-33
4.467100000000000364e+03 1.339360944717094129e-15 5.280000000000000063e-34
4.492699999999999818e+03 1.367707208097350526e-15 4.497999999999999948e-34
4.518300000000000182e+03 1.688964859740250437e-15 5.525000000000000087e-34
4.543800000000000182e+03 1.933451381394958949e-15 3.960999999999999686e-33
4.569399999999999636e+03 2.205103072122411448e-15 6.040000000000000085e-34
4.595000000000000000e+03 2.499195554692565597e-15 2.962000000000000039e-33
4.620500000000000000e+03 2.544077138377972051e-15 3.257000000000000134e-33
4.646100000000000364e+03 2.623210456981187283e-15 3.297000000000000054e-33
4.671699999999999818e+03 2.558250270068099658e-15 2.902999999999999883e-33
4.697300000000000182e+03 2.318488125643435062e-15 2.476999999999999981e-33
4.722800000000000182e+03 1.907467306629723820e-15 1.872000000000000162e-33
4.748399999999999636e+03 1.535422599763864679e-15 2.215000000000000025e-33
4.774000000000000000e+03 1.397234565785117162e-15 2.335999999999999852e-33
4.799500000000000000e+03 1.173062866219593013e-15 1.970999999999999896e-33
4.825100000000000364e+03 1.144716602839335433e-15 1.889999999999999989e-33
4.850699999999999818e+03 1.238967928578686699e-15 1.636999999999999947e-33
4.876300000000000182e+03 1.420856451935329840e-15 1.719999999999999987e-33
4.901800000000000182e+03 1.498808676231034043e-15 1.402000000000000074e-33
4.927399999999999636e+03 1.399596754400137246e-15 1.445999999999999918e-33
4.953000000000000000e+03 1.738570820655699230e-15 1.932000000000000042e-33
4.978500000000000000e+03 1.984238436617916600e-15 1.445000000000000023e-33
5.004100000000000364e+03 2.082269264141303946e-15 1.691000000000000113e-33
5.029699999999999818e+03 2.075182698296239354e-15 1.520999999999999939e-33
5.055300000000000182e+03 1.790538970186167121e-15 1.473000000000000001e-33
5.080800000000000182e+03 1.464556941313223491e-15 1.526999999999999996e-33
5.106399999999999636e+03 1.344085321947136468e-15 1.069000000000000021e-33
5.132000000000000000e+03 1.400777848707648472e-15 8.120000000000000550e-34
5.157500000000000000e+03 1.518887279458715608e-15 1.235999999999999995e-33
5.183100000000000364e+03 1.789357875878657670e-15 1.165000000000000069e-33
5.208699999999999818e+03 1.988962813847960319e-15 1.162999999999999936e-33
5.234199999999999818e+03 2.039749869070915999e-15 1.278999999999999944e-33
5.259800000000000182e+03 2.167308054282070769e-15 1.129999999999999967e-33
5.285399999999999636e+03 2.319669219950944118e-15 1.029999999999999996e-33
5.311000000000000000e+03 2.456676159622182382e-15 6.815999999999999630e-34
5.336500000000000000e+03 2.520455252227760162e-15 1.142000000000000080e-33
5.362100000000000364e+03 2.520455252227760162e-15 1.064000000000000031e-33
5.387699999999999818e+03 2.392897067016606180e-15 9.860999999999999195e-34
5.413199999999999818e+03 2.226362769657602464e-15 8.298999999999999440e-34
5.438800000000000182e+03 2.052741906453538099e-15 9.608999999999999219e-34
5.464399999999999636e+03 1.924002626934874272e-15 1.021999999999999978e-33
5.490000000000000000e+03 1.753925046653336879e-15 7.868000000000000574e-34
5.515500000000000000e+03 1.675972822357632478e-15 8.713000000000000256e-34
5.541100000000000364e+03 1.660618596359996407e-15 9.324000000000000815e-34
5.566699999999999818e+03 1.696051425585312663e-15 1.002000000000000018e-33
5.592199999999999818e+03 1.594477315139397754e-15 1.082000000000000029e-33
5.617800000000000182e+03 1.349990793484690426e-15 1.774999999999999877e-33
5.643399999999999636e+03 1.112472728244295601e-15 6.332000000000000152e-34
5.668899999999999636e+03 9.927097654627132227e-16 7.582000000000000222e-34
5.694500000000000000e+03 8.907813267245438222e-16 5.781000000000000157e-34
5.720100000000000364e+03 7.804671184030470081e-16 6.714999999999999592e-34
5.745699999999999818e+03 5.774370069419640534e-16 5.677999999999999645e-34
5.771199999999999818e+03 4.964139374467325572e-16 5.525000000000000087e-34
5.796800000000000182e+03 4.608629987906610572e-16 4.472999999999999998e-34
5.822399999999999636e+03 5.989329233386578663e-16 5.558000000000000226e-34
5.847899999999999636e+03 6.673182837435255010e-16 5.083000000000000319e-34
5.873500000000000000e+03 7.693648319124475821e-16 5.933999999999999715e-34
5.899100000000000364e+03 9.420408196705058851e-16 5.815999999999999916e-34
5.924699999999999818e+03 1.072906068942688774e-15 5.592999999999999985e-34
5.950199999999999818e+03 1.112590837675045520e-15 4.931000000000000144e-34
5.975800000000000182e+03 1.064284080497860042e-15 4.754000000000000018e-34
6.001399999999999636e+03 1.036174035979106443e-15 3.825000000000000060e-34
6.026899999999999636e+03 9.507809175460845364e-16 4.251999999999999686e-34
6.052500000000000000e+03 9.338912689486827479e-16 4.269999999999999685e-34
6.078100000000000364e+03 9.139307751517509053e-16 5.066999999999999941e-34
6.103699999999999818e+03 9.278676879803788701e-16 3.643999999999999840e-34
6.129199999999999818e+03 1.016213542182175586e-15 4.427999999999999575e-34
6.154800000000000182e+03 1.139401678455538961e-15 3.988999999999999664e-34
6.180399999999999636e+03 1.259046531806369250e-15 4.381000000000000387e-34
6.205899999999999636e+03 1.286211700879114815e-15 3.948999999999999573e-34
6.231500000000000000e+03 1.335817661794561242e-15 5.032000000000000182e-34
6.257100000000000364e+03 1.378337056864946231e-15 4.867000000000000340e-34
6.282600000000000364e+03 1.399596754400137246e-15 3.042999999999999945e-34
6.308199999999999818e+03 1.375974868249925357e-15 3.909999999999999719e-34
6.333800000000000182e+03 1.308652492721817057e-15 3.862999999999999676e-34
6.359399999999999636e+03 1.336998756102072467e-15 3.503000000000000139e-34
6.384899999999999636e+03 1.405502225937691205e-15 3.913999999999999814e-34
6.410500000000000000e+03 1.505895242076097649e-15 3.370000000000000199e-34
6.436100000000000364e+03 1.625185767134675616e-15 4.104999999999999843e-34
6.461600000000000364e+03 1.742114103578229948e-15 3.849000000000000200e-34
6.487199999999999818e+03 1.778728027111061965e-15 3.744000000000000068e-34
6.512800000000000182e+03 1.788176781571145853e-15 4.640000000000000314e-34
6.538399999999999636e+03 1.811798667721360503e-15 5.842000000000000104e-34
6.563899999999999636e+03 1.771641461265997965e-15 7.233000000000000303e-34
6.589500000000000000e+03 1.713767840197974932e-15 1.649000000000000103e-34
6.615100000000000364e+03 1.641721087439824096e-15 1.647000000000000056e-34
6.640600000000000364e+03 1.444478338085541728e-15 9.883999999999999525e-35
6.666199999999999818e+03 1.198810722123325738e-15 4.469000000000000224e-35
6.691800000000000182e+03 9.680248944357410139e-16 3.269000000000000161e-34
6.717399999999999636e+03 7.949945783854290079e-16 3.191999999999999836e-34
6.742899999999999636e+03 6.963732037082881202e-16 2.520999999999999995e-34
6.768500000000000000e+03 6.193658548585919508e-16 3.886000000000000221e-35
6.794100000000000364e+03 5.749567088961923731e-16 2.664000000000000172e-34
6.819600000000000364e+03 5.523978076227374515e-16 2.981000000000000189e-34
6.845199999999999818e+03 5.473191021004417060e-16 2.970000000000000142e-34
6.870800000000000182e+03 5.377522382096056307e-16 2.649999999999999840e-34
6.896300000000000182e+03 5.174374161204228462e-16 2.804999999999999873e-34
6.921899999999999636e+03 5.226342310734697930e-16 2.476000000000000000e-34
6.947500000000000000e+03 5.522796981919866444e-16 2.999000000000000187e-34
6.973100000000000364e+03 5.792086484032298070e-16 2.802000000000000016e-34
6.998600000000000364e+03 6.168855568128204677e-16 2.793999999999999827e-34
7.024199999999999818e+03 6.504286351461235153e-16 2.179999999999999838e-34
7.049800000000000182e+03 6.936566868010138397e-16 2.266999999999999972e-34
7.075300000000000182e+03 7.237745916425356941e-16 2.280000000000000066e-34
7.100899999999999636e+03 7.344044404101313005e-16 2.584999999999999799e-34
7.126500000000000000e+03 7.453886174699810042e-16 2.748999999999999831e-34
7.152100000000000364e+03 7.645223452516533520e-16 2.480999999999999904e-34
7.177600000000000364e+03 8.144826344593542699e-16 2.291000000000000112e-34
7.203199999999999818e+03 8.727105838196302165e-16 3.015999999999999948e-34
7.228800000000000182e+03 9.826704638488730319e-16 3.341000000000000154e-34
7.254300000000000182e+03 1.105031834106976911e-15 3.595000000000000177e-34
7.279899999999999636e+03 1.244873400116241052e-15 2.849000000000000059e-34
7.305500000000000000e+03 1.435029583625458630e-15 3.418999999999999862e-34
7.331100000000000364e+03 1.590934032216865655e-15 2.712999999999999834e-34
7.356600000000000364e+03 1.655894219129951505e-15 2.705000000000000073e-34
7.382199999999999818e+03 1.585028560679311500e-15 2.835000000000000155e-34
7.407800000000000182e+03 1.472824601465798717e-15 3.879999999999999865e-35
7.433300000000000182e+03 1.316920152874390310e-15 4.217999999999999951e-35
7.458899999999999636e+03 1.192905250585772372e-15 3.006000000000000139e-34
7.484500000000000000e+03 1.125464765626911390e-15 2.936000000000000193e-34
7.510000000000000000e+03 1.064284080497860042e-15 2.246000000000000117e-34
7.535600000000000364e+03 1.022237123150479859e-15 2.417000000000000100e-34
7.561199999999999818e+03 9.495998232385740997e-16 2.810999999999999908e-35
7.586800000000000182e+03 8.440099921471208073e-16 2.485999999999999809e-34
7.612300000000000182e+03 7.418453345474487081e-16 3.516000000000000019e-35
7.637899999999999636e+03 6.780662419418729005e-16 3.665999999999999933e-34
7.663500000000000000e+03 7.000345960615714205e-16 3.267999999999999924e-34
7.689000000000000000e+03 7.523570738842934089e-16 3.634000000000000031e-34
7.714600000000000364e+03 8.134196495825947388e-16 3.539999999999999945e-34
7.740199999999999818e+03 9.165291826282765481e-16 2.855000000000000201e-34
7.765800000000000182e+03 1.100071238015432959e-15 2.458000000000000001e-34
7.791300000000000182e+03 1.298022643954220957e-15 2.822999999999999871e-34
7.816899999999999636e+03 1.446840526700564771e-15 2.851000000000000106e-34
7.842500000000000000e+03 1.531879316841333566e-15 2.692999999999999789e-34
7.868000000000000000e+03 1.470462412850777449e-15 2.788000000000000112e-34
7.893600000000000364e+03 1.371250491019882230e-15 3.463999999999999857e-34
7.919199999999999818e+03 1.305109209799284958e-15 3.452000000000000001e-34
7.944699999999999818e+03 1.223613702581048064e-15 3.670000000000000028e-34
7.970300000000000182e+03 1.123102577011892292e-15 3.544000000000000040e-34
7.995899999999999636e+03 9.421589291012567907e-16 2.637999999999999984e-34
8.021500000000000000e+03 7.827111975873178633e-16 3.042999999999999945e-35
8.047000000000000000e+03 6.760583816191047440e-16 2.821999999999999848e-35
8.072600000000000364e+03 6.192477454278415383e-16 1.735000000000000000e-34
8.098199999999999818e+03 5.963345158621342942e-16 2.206999999999999835e-34
8.123699999999999818e+03 5.707047693891532628e-16 2.129999999999999938e-34
8.149300000000000182e+03 5.398782079631256789e-16 2.065999999999999920e-35
8.174899999999999636e+03 5.172011972589204433e-16 1.837000000000000061e-34
8.200500000000000000e+03 5.555867622530171293e-16 2.181999999999999885e-34
8.226000000000000000e+03 6.074368023527352980e-16 2.325999999999999872e-34
8.251600000000000364e+03 6.299957036261890363e-16 2.862000000000000153e-34
8.277200000000000728e+03 6.382633637787634735e-16 3.359000000000000152e-34
8.302700000000000728e+03 6.034210817071997739e-16 4.532000000000000325e-34
8.328299999999999272e+03 5.231066687964736127e-16 3.481999999999999856e-34
8.353899999999999636e+03 4.274380298881098520e-16 5.922000000000000500e-35
8.379500000000000000e+03 3.823202273412019809e-16 4.421999999999999860e-34
8.405000000000000000e+03 4.338159391486671862e-16 3.098999999999999987e-34
8.430600000000000364e+03 5.181460727049283785e-16 2.608000000000000130e-34
8.456200000000000728e+03 5.997596893539150931e-16 2.856000000000000011e-34
8.481700000000000728e+03 7.595617491601091039e-16 2.523000000000000043e-34
8.507299999999999272e+03 9.706233019122638957e-16 3.081999999999999799e-34
8.532899999999999636e+03 1.188180873355729245e-15 2.451000000000000050e-34
8.558399999999999636e+03 1.433848489317947601e-15 2.984000000000000046e-34
8.584000000000000000e+03 1.631091238672226813e-15 4.695999999999999929e-34
8.609600000000000364e+03 1.725578783273081468e-15 6.415999999999999574e-34
8.635200000000000728e+03 1.731484254810634440e-15 5.908000000000000383e-34
8.660700000000000728e+03 1.737389726348189582e-15 4.875999999999999912e-34
8.686299999999999272e+03 1.739751914963208878e-15 3.739000000000000163e-34
8.711899999999999636e+03 1.740933009270719709e-15 3.236999999999999832e-34
8.737399999999999636e+03 1.680697199587676789e-15 9.897000000000000475e-35
8.763000000000000000e+03 1.602744975291972783e-15 1.840999999999999942e-34
8.788600000000000364e+03 1.491722110385968464e-15 1.556000000000000041e-33
8.814200000000000728e+03 1.345266416254647890e-15 1.257999999999999917e-33
8.839700000000000728e+03 1.195267439200793640e-15 8.289000000000000486e-34
8.865299999999999272e+03 1.056016420345286197e-15 6.250000000000000350e-34
8.890899999999999636e+03 9.377888801634675637e-16 6.429000000000000095e-35
8.916399999999999636e+03 8.412934752398468227e-16 6.049999999999999894e-35
8.942000000000000000e+03 7.654672206976615831e-16 5.898999999999999956e-34
8.967600000000000364e+03 6.938929056625156510e-16 4.938000000000000096e-34
8.993200000000000728e+03 6.659009705745128587e-16 6.033000000000000133e-35
9.018700000000000728e+03 6.151139153515543197e-16 4.068999999999999847e-34
9.044299999999999272e+03 6.051927231684650345e-16 4.391000000000000196e-34
9.069899999999999636e+03 5.878306368480576514e-16 4.075000000000000416e-34
9.095399999999999636e+03 5.977518290311476268e-16 5.125999999999999626e-35
9.121000000000000000e+03 6.468853522235910220e-16 5.353000000000000293e-34
9.146600000000000364e+03 7.048770827223649603e-16 4.791000000000000252e-34
9.172100000000000364e+03 7.310973763491017031e-16 4.096999999999999654e-34
9.197700000000000728e+03 7.938134840779182755e-16 5.005999999999999994e-34
9.223299999999999272e+03 8.890096852632772797e-16 6.336000000000000247e-34
