3.776699999999999818e+03 8.426327390813439123e-16 6.083000000000000512e-32
3.802300000000000182e+03 9.192456793282037722e-16 5.125999999999999755e-32
3.827900000000000091e+03 8.899815090193171548e-16 4.705000000000000116e-32
3.853400000000000091e+03 6.946678330251760629e-16 3.618999999999999958e-32
3.879000000000000000e+03 6.063273039279389426e-16 3.566000000000000133e-32
3.904599999999999909e+03 7.073818545825954823e-16 2.344999999999999902e-32
3.930099999999999909e+03 1.319627754752780772e-15 2.712000000000000059e-32
3.955699999999999818e+03 1.784347163403265075e-15 2.609999999999999797e-31
3.981300000000000182e+03 2.017802904069659692e-15 2.535000000000000207e-32
4.006800000000000182e+03 2.177824209878551301e-15 2.400000000000000134e-32
4.032400000000000091e+03 2.300580280088113743e-15 1.989000000000000065e-32
4.058000000000000000e+03 2.256738826441841583e-15 1.877000000000000015e-32
4.083599999999999909e+03 1.682415783675680627e-15 1.456999999999999965e-33
4.109100000000000364e+03 1.459920406420851684e-15 1.239000000000000058e-32
4.134699999999999818e+03 1.313051536705839554e-15 8.111000000000000295e-33
4.160300000000000182e+03 1.570620076877688197e-15 1.289000000000000095e-32
4.185800000000000182e+03 1.365661281081366737e-15 8.756000000000000033e-33
4.211399999999999636e+03 1.479649060561672381e-15 8.705000000000000066e-33
4.237000000000000000e+03 1.276882337447665515e-15 1.384999999999999971e-33
4.262600000000000364e+03 1.655014875146760429e-15 8.747000000000000119e-33
4.288100000000000364e+03 1.633094148323624743e-15 8.025999999999999438e-33
4.313699999999999818e+03 1.635286221005937562e-15 6.328999999999999610e-33
4.339300000000000182e+03 1.587060621995039370e-15 2.004000000000000036e-33
4.364800000000000182e+03 1.717488946592697566e-15 5.165999999999999675e-33
4.390399999999999636e+03 1.598020985406606424e-15 1.775999999999999943e-33
4.416000000000000000e+03 1.317435682070466770e-15 1.886000000000000066e-33
4.441600000000000364e+03 1.188103393813965081e-15 4.366999999999999970e-33
4.467100000000000364e+03 1.214408266001729166e-15 3.703000000000000338e-33
4.492699999999999818e+03 1.328396045482034612e-15 3.173000000000000165e-32
4.518300000000000182e+03 1.580484403948098546e-15 5.223000000000000040e-33
4.543800000000000182e+03 1.607885312477019139e-15 3.741000000000000125e-33
4.569399999999999636e+03 1.892854761177785023e-15 1.784999999999999857e-33
4.595000000000000000e+03 2.204129082066315386e-15 2.092000000000000065e-33
4.620500000000000000e+03 2.394839405427596718e-15 2.076000000000000029e-33
4.646100000000000364e+03 2.470465912967416292e-15 3.448999999999999887e-32
4.671699999999999818e+03 2.407991841521477971e-15 2.659999999999999889e-32
4.697300000000000182e+03 2.161383664761198945e-15 1.712000000000000140e-33
4.722800000000000182e+03 1.750370036827401489e-15 3.229999999999999709e-33
4.748399999999999636e+03 1.405118589363011484e-15 2.727999999999999890e-33
4.774000000000000000e+03 1.270306119400725677e-15 2.335999999999999852e-33
4.799500000000000000e+03 1.110284813591832885e-15 2.285999999999999951e-33
4.825100000000000364e+03 1.010874317448911995e-15 1.826999999999999910e-33
4.850699999999999818e+03 1.136589685779596970e-15 1.794000000000000113e-33
4.876300000000000182e+03 1.356892990352111714e-15 2.158000000000000002e-33
4.901800000000000182e+03 1.366757317422523837e-15 1.732000000000000100e-33
4.927399999999999636e+03 1.321819827435094774e-15 1.782000000000000000e-33
4.953000000000000000e+03 1.594732876383137491e-15 1.666999999999999887e-33
4.978500000000000000e+03 1.824900508026064161e-15 1.991999999999999923e-33
5.004100000000000364e+03 1.945464505553310826e-15 1.887999999999999857e-33
5.029699999999999818e+03 1.888470615813158201e-15 2.036000000000000108e-33
5.055300000000000182e+03 1.571716113218845297e-15 1.595999999999999961e-33
5.080800000000000182e+03 1.313051536705839554e-15 1.201000000000000065e-33
5.106399999999999636e+03 1.247289356236432300e-15 1.876000000000000086e-33
5.132000000000000000e+03 1.267018010377254575e-15 9.457000000000000754e-34
5.157500000000000000e+03 1.436903643256558701e-15 1.147000000000000070e-33
5.183100000000000364e+03 1.627613966617840625e-15 1.010000000000000036e-32
5.208699999999999818e+03 1.771194727309380864e-15 1.229999999999999939e-33
5.234199999999999818e+03 1.961905050670662393e-15 9.540999999999999492e-33
5.259800000000000182e+03 1.999170286269995504e-15 1.108000000000000046e-33
5.285399999999999636e+03 2.171247991831609097e-15 1.183000000000000033e-32
5.311000000000000000e+03 2.317020825205461366e-15 1.571000000000000011e-33
5.336500000000000000e+03 2.401415623474538133e-15 1.420999999999999968e-33
5.362100000000000364e+03 2.433200677368084759e-15 1.743000000000000146e-33
5.387699999999999818e+03 2.361958315192893189e-15 1.710000000000000007e-33
5.413199999999999818e+03 2.172344028172768760e-15 1.131000000000000034e-33
5.438800000000000182e+03 2.061644357715933430e-15 1.319000000000000035e-33
5.464399999999999636e+03 1.961905050670662393e-15 8.524000000000000701e-34
5.490000000000000000e+03 1.822708435343748778e-15 1.103000000000000056e-33
5.515500000000000000e+03 1.732833455368890061e-15 1.113999999999999931e-33
5.541100000000000364e+03 1.783251127062104623e-15 1.041999999999999938e-33
5.566699999999999818e+03 1.795307526814828579e-15 1.018999999999999950e-33
5.592199999999999818e+03 1.676935601969895523e-15 1.172999999999999916e-33
5.617800000000000182e+03 1.418271025456892343e-15 1.693999999999999970e-33
5.643399999999999636e+03 1.163990594308516379e-15 5.821000000000000248e-34
5.668899999999999636e+03 1.039152055050756848e-15 6.858000000000000196e-34
5.694500000000000000e+03 9.451121369795043466e-16 7.436999999999999998e-34
5.720100000000000364e+03 8.355085028638248343e-16 4.754000000000000018e-34
5.745699999999999818e+03 6.610195173516632155e-16 4.209999999999999976e-34
5.771199999999999818e+03 5.271934800964183842e-16 3.786000000000000206e-34
5.796800000000000182e+03 5.623762466475513488e-16 3.337999999999999869e-34
5.822399999999999636e+03 6.350434560662467143e-16 4.010999999999999757e-34
5.847899999999999636e+03 7.262336796504929055e-16 4.003999999999999805e-34
5.873500000000000000e+03 8.433999645201534286e-16 5.051999999999999800e-34
5.899100000000000364e+03 1.006599775718400903e-15 4.996000000000000185e-34
5.924699999999999818e+03 1.146454012850006726e-15 6.491999999999999661e-34
5.950199999999999818e+03 1.195775648202063399e-15 5.460000000000000046e-34
5.975800000000000182e+03 1.189199430155123364e-15 4.197000000000000309e-34
6.001399999999999636e+03 1.115764995297616215e-15 4.664000000000000027e-34
6.026899999999999636e+03 1.033781476979089050e-15 4.783000000000000063e-34
6.052500000000000000e+03 9.847886525293801582e-16 3.422999999999999956e-34
6.078100000000000364e+03 9.953106014044848850e-16 3.750000000000000210e-34
6.103699999999999818e+03 1.026986051663916570e-15 4.407999999999999957e-34
6.129199999999999818e+03 1.088583294036929250e-15 3.683000000000000121e-34
6.154800000000000182e+03 1.214408266001729166e-15 4.579999999999999750e-34
6.180399999999999636e+03 1.345932626940544462e-15 4.214000000000000070e-34
6.205899999999999636e+03 1.385389935222189209e-15 4.144999999999999934e-34
6.231500000000000000e+03 1.425943279844989281e-15 3.992000000000000377e-34
6.257100000000000364e+03 1.520202405184473636e-15 6.055999999999999608e-34
6.282600000000000364e+03 1.541027095666453996e-15 5.317999999999999679e-34
6.308199999999999818e+03 1.443479861303498934e-15 6.222999999999999925e-34
6.333800000000000182e+03 1.362373172057897213e-15 4.911999999999999908e-34
6.359399999999999636e+03 1.368949390104837642e-15 5.346000000000000342e-34
6.384899999999999636e+03 1.467592660808947833e-15 4.383000000000000007e-34
6.410500000000000000e+03 1.600213058088920032e-15 4.827999999999999631e-34
6.436100000000000364e+03 1.741601746098147846e-15 4.315000000000000108e-34
6.461600000000000364e+03 1.842437089484572236e-15 4.544999999999999991e-34
6.487199999999999818e+03 1.885182506789688677e-15 5.137000000000000314e-34
6.512800000000000182e+03 1.904911160930509374e-15 5.223999999999999593e-34
6.538399999999999636e+03 1.920255669706704432e-15 4.395000000000000290e-34
6.563899999999999636e+03 1.936696214824057183e-15 5.522999999999999612e-34
6.589500000000000000e+03 1.927927924094803540e-15 8.007999999999999611e-34
6.615100000000000364e+03 1.808459962908711016e-15 8.679000000000000734e-34
6.640600000000000364e+03 1.558563677124962466e-15 4.987999999999999996e-34
6.666199999999999818e+03 1.276882337447665515e-15 3.047000000000000040e-34
6.691800000000000182e+03 1.040576902294261531e-15 3.168000000000000123e-34
6.717399999999999636e+03 8.774866947301303781e-16 3.289000000000000207e-34
6.742899999999999636e+03 7.864060747799999166e-16 2.613999999999999844e-34
6.768500000000000000e+03 7.147252980683458226e-16 2.168999999999999792e-34
6.794100000000000364e+03 6.543336956706062674e-16 2.181999999999999885e-34
6.819600000000000364e+03 6.318649506768921306e-16 1.987000000000000189e-34
6.845199999999999818e+03 6.333994015545120506e-16 2.096999999999999799e-34
6.870800000000000182e+03 6.385507723579488815e-16 2.745999999999999974e-34
6.896300000000000182e+03 6.634307973022078885e-16 3.006000000000000139e-34
6.921899999999999636e+03 6.731855207385032962e-16 2.858000000000000058e-34
6.947500000000000000e+03 6.591562555716963036e-16 2.311999999999999968e-34
6.973100000000000364e+03 6.656228699845218909e-16 1.996999999999999998e-34
6.998600000000000364e+03 6.980655456827628948e-16 1.838000000000000085e-34
7.024199999999999818e+03 7.350019703797465486e-16 1.976999999999999953e-34
7.049800000000000182e+03 7.656909879321365675e-16 1.715999999999999978e-34
7.075300000000000182e+03 8.016409799220792456e-16 1.566000000000000063e-34
7.100899999999999636e+03 8.092036306760613411e-16 1.809000000000000040e-34
7.126500000000000000e+03 8.003257363126916725e-16 1.979999999999999810e-34
7.152100000000000364e+03 8.222464631358272594e-16 1.981000000000000047e-34
7.177600000000000364e+03 8.689376112691076027e-16 2.003999999999999950e-34
7.203199999999999818e+03 9.471946060277038026e-16 2.966999999999999857e-34
7.228800000000000182e+03 1.037288793270791218e-15 3.026999999999999994e-34
7.254300000000000182e+03 1.156318339920419244e-15 3.613999999999999985e-34
7.279899999999999636e+03 1.320723791093937872e-15 3.981000000000000330e-34
7.305500000000000000e+03 1.499377714702495050e-15 3.847000000000000153e-34
7.331100000000000364e+03 1.647342620758661913e-15 3.674999999999999932e-34
7.356600000000000364e+03 1.728449310004265409e-15 3.157999999999999887e-34
7.382199999999999818e+03 1.674743529287581915e-15 2.963000000000000190e-34
7.407800000000000182e+03 1.536642950301826189e-15 3.368000000000000152e-34
7.433300000000000182e+03 1.382101826198718107e-15 2.770999999999999924e-34
7.458899999999999636e+03 1.265921974036098264e-15 2.721999999999999833e-34
7.484500000000000000e+03 1.204543938931317634e-15 2.736999999999999975e-34
7.510000000000000000e+03 1.169470776014300498e-15 2.368000000000000010e-34
7.535600000000000364e+03 1.095269115717985212e-15 2.235999999999999880e-34
7.561199999999999818e+03 9.870903288458098904e-16 2.277000000000000209e-34
7.586800000000000182e+03 8.796787674124429014e-16 2.840000000000000060e-34
7.612300000000000182e+03 7.781858022213245275e-16 2.350000000000000012e-34
7.637899999999999636e+03 7.402629448172998981e-16 2.210999999999999930e-34
7.663500000000000000e+03 7.645949515909796649e-16 3.519999999999999899e-34
7.689000000000000000e+03 8.095324415784081358e-16 4.586000000000000320e-34
7.714600000000000364e+03 8.826380655335669131e-16 3.945999999999999716e-34
7.740199999999999818e+03 9.924609069174778848e-16 2.860999999999999915e-34
7.765800000000000182e+03 1.157414376261575161e-15 2.565999999999999991e-34
7.791300000000000182e+03 1.361277135716739127e-15 3.517999999999999852e-34
7.816899999999999636e+03 1.544315204689923915e-15 3.784999999999999969e-34
7.842500000000000000e+03 1.619941712229742504e-15 3.879000000000000055e-34
7.868000000000000000e+03 1.575004222242313836e-15 4.391000000000000196e-34
7.893600000000000364e+03 1.485129242267457091e-15 4.850999999999999962e-34
7.919199999999999818e+03 1.419367061798049246e-15 4.539999999999999659e-34
7.944699999999999818e+03 1.343740554258229474e-15 3.732000000000000212e-34
7.970300000000000182e+03 1.211120156978258261e-15 3.294000000000000111e-34
7.995899999999999636e+03 1.035315927856708872e-15 2.903999999999999864e-34
8.021500000000000000e+03 8.590732841986961695e-16 2.565000000000000181e-34
8.047000000000000000e+03 7.340155376727054743e-16 2.204999999999999788e-34
8.072600000000000364e+03 6.796521351513287849e-16 2.017000000000000044e-34
8.098199999999999818e+03 6.537856775000278161e-16 1.632999999999999938e-34
8.123699999999999818e+03 6.184933073147794176e-16 1.505999999999999927e-34
8.149300000000000182e+03 5.906539842493968919e-16 1.803999999999999922e-34
8.174899999999999636e+03 5.996414822468818958e-16 1.443999999999999956e-34
8.200500000000000000e+03 6.297824816286936607e-16 1.460999999999999931e-34
8.226000000000000000e+03 6.591562555716963036e-16 2.799000000000000159e-34
8.251600000000000364e+03 6.915989312699378992e-16 3.035999999999999993e-34
8.277200000000000728e+03 7.077106654849427700e-16 2.957000000000000048e-34
8.302700000000000728e+03 6.510455866471357568e-16 5.252999999999999638e-34
8.328299999999999272e+03 5.328928690704332719e-16 5.807999999999999727e-34
8.353899999999999636e+03 4.424698709249985691e-16 4.928000000000000287e-34
8.379500000000000000e+03 4.098079879585252677e-16 3.880999999999999675e-34
8.405000000000000000e+03 4.283310021240755018e-16 2.730000000000000023e-34
8.430600000000000364e+03 5.086704659308682487e-16 2.332000000000000014e-34
8.456200000000000728e+03 6.203565690947457379e-16 2.422999999999999815e-34
8.481700000000000728e+03 7.460719374254306141e-16 2.856999999999999821e-34
8.507299999999999272e+03 9.288907991303824641e-16 2.381999999999999914e-34
8.532899999999999636e+03 1.126725358709185043e-15 2.747000000000000211e-34
8.558399999999999636e+03 1.351412808646328581e-15 2.889000000000000150e-34
8.584000000000000000e+03 1.504857896408279169e-15 4.290000000000000158e-34
8.609600000000000364e+03 1.595828912724293999e-15 4.410999999999999814e-34
8.635200000000000728e+03 1.631998111982468629e-15 4.654999999999999600e-34
8.660700000000000728e+03 1.635286221005937562e-15 3.866999999999999771e-34
8.686299999999999272e+03 1.624325857594369917e-15 3.398999999999999816e-34
8.711899999999999636e+03 1.631998111982468629e-15 4.020000000000000184e-34
8.737399999999999636e+03 1.623229821253213409e-15 9.504000000000000797e-34
8.763000000000000000e+03 1.520202405184473636e-15 1.456999999999999965e-33
8.788600000000000364e+03 1.386485971563345520e-15 1.640999999999999871e-33
8.814200000000000728e+03 1.262633865012627950e-15 1.448000000000000051e-33
8.839700000000000728e+03 1.122341213344557433e-15 1.270000000000000030e-33
8.865299999999999272e+03 1.000571575842037939e-15 1.033999999999999920e-33
8.890899999999999636e+03 9.196840938646660994e-16 6.069000000000000130e-34
8.916399999999999636e+03 8.358373137661721220e-16 4.348000000000000247e-34
8.942000000000000000e+03 7.539633990817590113e-16 4.424999999999999717e-34
8.967600000000000364e+03 7.006960329015388300e-16 4.011999999999999995e-34
8.993200000000000728e+03 6.556489392799944322e-16 3.193000000000000073e-34
9.018700000000000728e+03 6.013951403927328808e-16 2.959999999999999906e-34
9.044299999999999272e+03 5.700485010356490754e-16 2.332999999999999823e-34
9.069899999999999636e+03 5.610610030381630854e-16 2.313000000000000205e-34
9.095399999999999636e+03 5.742134391320447333e-16 1.919000000000000077e-34
9.121000000000000000e+03 6.252887326299512080e-16 2.806999999999999920e-34
9.146600000000000364e+03 6.805289642242539323e-16 2.975999999999999857e-34
9.172100000000000364e+03 7.037649346567784728e-16 2.720000000000000214e-34
9.197700000000000728e+03 7.437702611090008820e-16 3.281999999999999827e-34
9.223299999999999272e+03 8.329876192791646288e-16 4.344000000000000153e-34
