3.776699999999999818e+03 4.904804073984785912e-16 2.907999999999999941e-32
3.802300000000000182e+03 4.320535555747981645e-16 2.410999999999999907e-32
3.827900000000000091e+03 4.415669907411736661e-16 4.097999999999999891e-32
3.853400000000000091e+03 2.512982874136762565e-16 2.925000000000000112e-32
3.879000000000000000e+03 3.995642769877449841e-16 1.639000000000000080e-32
3.904599999999999909e+03 3.363807075808778913e-16 3.097000000000000043e-32
3.930099999999999909e+03 5.911792211406733608e-16 1.051999999999999952e-32
3.955699999999999818e+03 6.661199604229658907e-16 2.339000000000000051e-32
3.981300000000000182e+03 8.590811454013238540e-16 1.846000000000000009e-32
4.006800000000000182e+03 1.010578112956426134e-15 1.113000000000000036e-32
4.032400000000000091e+03 9.307011573142227692e-16 1.744000000000000076e-32
4.058000000000000000e+03 9.800633209133382139e-16 1.500000000000000016e-32
4.083599999999999909e+03 9.001863652711311024e-16 1.255999999999999955e-32
4.109100000000000364e+03 7.094689150018251947e-16 1.111999999999999969e-32
4.134699999999999818e+03 6.318356940686716180e-16 1.392999999999999887e-32
4.160300000000000182e+03 7.158411215755283903e-16 1.002999999999999982e-32
4.185800000000000182e+03 6.627992330535703038e-16 1.039000000000000047e-32
4.211399999999999636e+03 7.061481876324293120e-16 7.097999999999999375e-33
4.237000000000000000e+03 6.947500153104525567e-16 8.707999999999999581e-33
4.262600000000000364e+03 6.450288541578894655e-16 7.336000000000000131e-33
4.288100000000000364e+03 7.394452107147418911e-16 8.993000000000000039e-33
4.313699999999999818e+03 7.363937315104330005e-16 6.248999999999999770e-33
4.339300000000000182e+03 8.057700087142800573e-16 7.081999999999999681e-33
4.364800000000000182e+03 8.211171541241851646e-16 7.229000000000000550e-33
4.390399999999999636e+03 8.201299108522043584e-16 5.745999999999999885e-33
4.416000000000000000e+03 7.827044159052386672e-16 6.072999999999999711e-33
4.441600000000000364e+03 7.516511275319772562e-16 4.206000000000000223e-33
4.467100000000000364e+03 6.048211281717009884e-16 5.347000000000000066e-33
4.492699999999999818e+03 6.376694043122030972e-16 5.299999999999999681e-33
4.518300000000000182e+03 7.409709503168963857e-16 4.298000000000000176e-33
4.543800000000000182e+03 8.628506197125284321e-16 4.294999999999999977e-33
4.569399999999999636e+03 9.226237123616378538e-16 4.352000000000000342e-33
4.595000000000000000e+03 1.008783125189185239e-15 4.793000000000000214e-33
4.620500000000000000e+03 9.360861206159432851e-16 5.152000000000000113e-33
4.646100000000000364e+03 9.683959004262730860e-16 4.197000000000000309e-33
4.671699999999999818e+03 8.324255770578016598e-16 3.354999999999999801e-33
4.697300000000000182e+03 7.310087682087112027e-16 2.875000000000000075e-33
4.722800000000000182e+03 6.001541599768758641e-16 3.197000000000000254e-33
4.748399999999999636e+03 5.524074853682774419e-16 3.146999999999999669e-33
4.774000000000000000e+03 4.465032071010853387e-16 2.979000000000000141e-33
4.799500000000000000e+03 4.083597170472232204e-16 3.008000000000000015e-33
4.825100000000000364e+03 4.122189407467908195e-16 2.462000000000000011e-33
4.850699999999999818e+03 4.993655968463194540e-16 2.830000000000000165e-33
4.876300000000000182e+03 5.122895087704509997e-16 2.193999999999999998e-33
4.901800000000000182e+03 5.056480540316603189e-16 1.964000000000000115e-33
4.927399999999999636e+03 5.752935794005941706e-16 2.264999999999999925e-33
4.953000000000000000e+03 6.480803333621981589e-16 2.108000000000000102e-33
4.978500000000000000e+03 6.822748503281305939e-16 1.695000000000000037e-33
5.004100000000000364e+03 7.539846116293901635e-16 2.015000000000000082e-33
5.029699999999999818e+03 7.721139880785196344e-16 1.650000000000000127e-33
5.055300000000000182e+03 6.552602844311602601e-16 2.117000000000000015e-33
5.080800000000000182e+03 5.216234451601019384e-16 1.497999999999999951e-33
5.106399999999999636e+03 4.705560431821086196e-16 1.631999999999999957e-33
5.132000000000000000e+03 5.648826503505982215e-16 1.567000000000000087e-33
5.157500000000000000e+03 6.232197527859175500e-16 2.088999999999999866e-33
5.183100000000000364e+03 7.520101250854257902e-16 1.806999999999999950e-33
5.208699999999999818e+03 8.619531258289080832e-16 1.638000000000000014e-33
5.234199999999999818e+03 8.600683886733063365e-16 1.666000000000000163e-33
5.259800000000000182e+03 8.747872883646782842e-16 1.549999999999999984e-33
5.285399999999999636e+03 8.909421782698438749e-16 2.113000000000000092e-33
5.311000000000000000e+03 8.950706501344966911e-16 1.578999999999999858e-33
5.336500000000000000e+03 8.580041527409790409e-16 1.785999999999999923e-33
5.362100000000000364e+03 8.444519950983137440e-16 1.499000000000000018e-33
5.387699999999999818e+03 7.387272156078459078e-16 1.518000000000000082e-33
5.413199999999999818e+03 6.660302110346030669e-16 1.397999999999999980e-33
5.438800000000000182e+03 6.254634874949673377e-16 1.525999999999999929e-33
5.464399999999999636e+03 5.594079376605156706e-16 1.481999999999999915e-33
5.490000000000000000e+03 4.742357681049509656e-16 1.214999999999999969e-33
5.515500000000000000e+03 4.660685737640067763e-16 1.054999999999999946e-33
5.541100000000000364e+03 4.748640138234858015e-16 8.668000000000000688e-34
5.566699999999999818e+03 5.003528401183011476e-16 1.250999999999999965e-33
5.592199999999999818e+03 4.738767705515029246e-16 1.268999999999999964e-33
5.617800000000000182e+03 3.632157747011241553e-16 1.234000000000000033e-33
5.643399999999999636e+03 3.040709277705479918e-16 7.908999999999999193e-34
5.668899999999999636e+03 3.283930120166575746e-16 8.051999999999999797e-34
5.694500000000000000e+03 2.837875660007295848e-16 9.261000000000000393e-34
5.720100000000000364e+03 2.222194855843791695e-16 7.434000000000000141e-34
5.745699999999999818e+03 1.561639357499273299e-16 4.968000000000000378e-34
5.771199999999999818e+03 1.968204086779254638e-16 8.677000000000000259e-34
5.796800000000000182e+03 1.566126826917372825e-16 7.722000000000000113e-34
5.822399999999999636e+03 1.987051458335281719e-16 5.609999999999999746e-34
5.847899999999999636e+03 2.547087641714330401e-16 8.353000000000000290e-34
5.873500000000000000e+03 2.589269854244483350e-16 8.345000000000000101e-34
5.899100000000000364e+03 3.606130424386247982e-16 7.819000000000000056e-34
5.924699999999999818e+03 3.794604139946509920e-16 9.261999999999999775e-34
5.950199999999999818e+03 3.753319421299975841e-16 9.441000000000000376e-34
5.975800000000000182e+03 3.563050717972476657e-16 8.276999999999999347e-34
6.001399999999999636e+03 3.081993996352013504e-16 7.535000000000000179e-34
6.026899999999999636e+03 2.860313007097803586e-16 7.927999999999999428e-34
6.052500000000000000e+03 2.598244793080685854e-16 6.117999999999999792e-34
6.078100000000000364e+03 2.471698155490227993e-16 5.653999999999999932e-34
6.103699999999999818e+03 2.712226516300461788e-16 5.727000000000000162e-34
6.129199999999999818e+03 3.217515572778673375e-16 7.348999999999999626e-34
6.154800000000000182e+03 3.467916366308727557e-16 8.649999999999999834e-34
6.180399999999999636e+03 3.768576817321519308e-16 6.065000000000000035e-34
6.205899999999999636e+03 4.020772598618814188e-16 8.325999999999999865e-34
6.231500000000000000e+03 4.237068624571305464e-16 6.110999999999999840e-34
6.257100000000000364e+03 4.850056947083947584e-16 8.118000000000000075e-34
6.282600000000000364e+03 5.436120453087980223e-16 8.359999999999999387e-34
6.308199999999999818e+03 5.632671613600827767e-16 8.347999999999999958e-34
6.333800000000000182e+03 5.512407433195711855e-16 1.013999999999999960e-33
6.359399999999999636e+03 5.380475832303521547e-16 8.330000000000000815e-34
6.384899999999999636e+03 5.028658229924378288e-16 6.358000000000000339e-34
6.410500000000000000e+03 5.200977055579472466e-16 5.691000000000000166e-34
6.436100000000000364e+03 5.419068069299199510e-16 5.166999999999999741e-34
6.461600000000000364e+03 5.476507677850897898e-16 5.844999999999999961e-34
6.487199999999999818e+03 5.588694413303429682e-16 4.222000000000000260e-34
6.512800000000000182e+03 5.532152298635352629e-16 6.124999999999999744e-34
6.538399999999999636e+03 5.711651075359406641e-16 7.013000000000000229e-34
6.563899999999999636e+03 5.776270634980070778e-16 1.186999999999999990e-33
6.589500000000000000e+03 5.428043008135404971e-16 1.008000000000000074e-33
6.615100000000000364e+03 4.713637876773665392e-16 8.150000000000000832e-34
6.640600000000000364e+03 3.991155300459347110e-16 5.143000000000000029e-34
6.666199999999999818e+03 3.441889043683741382e-16 4.413000000000000289e-34
6.691800000000000182e+03 2.569524988804838139e-16 3.663000000000000076e-34
6.717399999999999636e+03 2.074108365046448910e-16 2.865000000000000010e-34
6.742899999999999636e+03 1.869479759581025375e-16 3.198999999999999788e-34
6.768500000000000000e+03 1.563434345266513010e-16 3.359000000000000152e-34
6.794100000000000364e+03 1.565229333033754448e-16 3.303999999999999920e-34
6.819600000000000364e+03 1.733958183154363779e-16 3.094999999999999893e-34
6.845199999999999818e+03 1.687288501206111057e-16 3.357999999999999915e-34
6.870800000000000182e+03 1.666646141882845743e-16 2.502000000000000187e-34
6.896300000000000182e+03 1.593051643425983539e-16 3.139000000000000079e-34
6.921899999999999636e+03 1.718700787132820065e-16 3.152999999999999982e-34
6.947500000000000000e+03 1.679211056253528656e-16 2.842000000000000107e-34
6.973100000000000364e+03 1.602026582262185303e-16 2.647999999999999793e-34
6.998600000000000364e+03 1.961024135710294558e-16 3.054999999999999801e-34
7.024199999999999818e+03 2.138727924667108118e-16 2.831999999999999870e-34
7.049800000000000182e+03 2.195270039335181719e-16 2.685999999999999837e-34
7.075300000000000182e+03 2.357716432270456989e-16 3.739999999999999973e-34
7.100899999999999636e+03 2.462723216654026969e-16 3.562999999999999848e-34
7.126500000000000000e+03 2.525547788507443506e-16 3.312999999999999919e-34
7.152100000000000364e+03 2.655684401632383256e-16 2.300000000000000112e-34
7.177600000000000364e+03 2.860313007097803586e-16 3.335000000000000012e-34
7.203199999999999818e+03 3.215720585011433664e-16 3.902999999999999768e-34
7.228800000000000182e+03 3.489456219515613960e-16 3.038000000000000041e-34
7.254300000000000182e+03 3.995642769877449841e-16 3.060999999999999943e-34
7.279899999999999636e+03 4.462339589359991354e-16 2.835000000000000155e-34
7.305500000000000000e+03 5.192899610626885381e-16 4.113000000000000032e-34
7.331100000000000364e+03 5.516894902613810642e-16 4.304000000000000062e-34
7.356600000000000364e+03 5.247646737527724695e-16 4.453999999999999762e-34
7.382199999999999818e+03 4.613118561808189269e-16 4.348000000000000247e-34
7.407800000000000182e+03 4.053082378429147736e-16 3.649000000000000172e-34
7.433300000000000182e+03 3.512791060489742046e-16 3.022999999999999900e-34
7.458899999999999636e+03 3.248927858705383616e-16 2.442999999999999860e-34
7.484500000000000000e+03 2.915957627882261769e-16 2.795000000000000064e-34
7.510000000000000000e+03 2.706841552998741173e-16 3.605999999999999796e-34
7.535600000000000364e+03 2.353228962852351793e-16 3.350999999999999963e-34
7.561199999999999818e+03 1.970896568430116671e-16 4.131000000000000031e-34
7.586800000000000182e+03 1.772550420150036564e-16 4.276999999999999637e-34
7.612300000000000182e+03 1.695365946158693458e-16 2.914000000000000100e-34
7.637899999999999636e+03 1.871274747348267059e-16 4.693000000000000072e-34
7.663500000000000000e+03 2.250017166236021526e-16 5.136000000000000077e-34
7.689000000000000000e+03 2.750818753296130383e-16 4.727999999999999831e-34
7.714600000000000364e+03 3.036221808287379652e-16 3.202999999999999882e-34
7.740199999999999818e+03 3.563948211856097499e-16 3.721999999999999975e-34
7.765800000000000182e+03 4.191296436506668654e-16 3.829000000000000155e-34
7.791300000000000182e+03 4.686713060265062812e-16 3.623999999999999794e-34
7.816899999999999636e+03 4.804284759019310774e-16 3.476999999999999951e-34
7.842500000000000000e+03 4.570936349278035827e-16 4.197999999999999692e-34
7.868000000000000000e+03 4.046799921243804800e-16 4.060999999999999657e-34
7.893600000000000364e+03 3.594463003899186897e-16 4.453999999999999762e-34
7.919199999999999818e+03 3.179820829666622664e-16 3.593999999999999940e-34
7.944699999999999818e+03 2.547985135597951243e-16 3.415000000000000195e-34
7.970300000000000182e+03 2.303866799253235560e-16 3.526000000000000041e-34
7.995899999999999636e+03 2.137830430783485550e-16 3.593999999999999940e-34
8.021500000000000000e+03 1.957434160175812669e-16 3.128000000000000032e-34
8.047000000000000000e+03 1.571511790219097877e-16 7.598999999999999983e-35
8.072600000000000364e+03 1.540996998176006752e-16 2.500000000000000140e-34
8.098199999999999818e+03 1.500609773413092529e-16 2.572999999999999943e-34
8.123699999999999818e+03 1.454837585348461142e-16 2.709999999999999977e-34
8.149300000000000182e+03 1.477274932438966661e-16 2.964000000000000000e-34
8.174899999999999636e+03 1.489839846809650807e-16 2.685000000000000027e-34
8.200500000000000000e+03 1.692673464507830932e-16 3.233999999999999974e-34
8.226000000000000000e+03 1.908969490460317278e-16 2.646000000000000173e-34
8.251600000000000364e+03 1.941279270270646881e-16 3.229000000000000070e-34
8.277200000000000728e+03 1.952049196874089590e-16 4.442999999999999716e-34
8.302700000000000728e+03 1.653183733628541742e-16 5.457000000000000188e-34
8.328299999999999272e+03 1.193666865214959815e-16 6.209000000000000021e-34
8.353899999999999636e+03 1.253798955417519250e-16 5.306000000000000250e-34
8.379500000000000000e+03 1.475479944671728428e-16 5.273000000000000111e-34
8.405000000000000000e+03 1.786910322287961655e-16 4.672999999999999599e-34
8.430600000000000364e+03 2.355023950619591998e-16 3.398000000000000006e-34
8.456200000000000728e+03 3.016476942847734441e-16 4.438999999999999621e-34
8.481700000000000728e+03 3.825118931989599319e-16 5.102999999999999937e-34
8.507299999999999272e+03 4.813259697855520180e-16 4.420999999999999623e-34
8.532899999999999636e+03 6.004234081419620674e-16 4.520000000000000041e-34
8.558399999999999636e+03 6.998657304470871652e-16 3.938999999999999764e-34
8.584000000000000000e+03 7.535358646875799890e-16 5.289999999999999872e-34
8.609600000000000364e+03 7.748064697293807798e-16 6.478999999999999995e-34
8.635200000000000728e+03 7.836916591772205580e-16 6.285000000000000109e-34
8.660700000000000728e+03 7.643955406793851265e-16 5.576999999999999607e-34
8.686299999999999272e+03 7.334320016944863421e-16 6.473999999999999663e-34
8.711899999999999636e+03 7.276880408393169963e-16 8.167999999999999975e-34
8.737399999999999636e+03 7.200593428285440303e-16 9.928999999999999949e-34
8.763000000000000000e+03 6.607349971212444873e-16 1.484999999999999943e-33
8.788600000000000364e+03 5.664981393411151454e-16 1.474000000000000067e-33
8.814200000000000728e+03 4.781847411928808953e-16 1.525000000000000034e-33
8.839700000000000728e+03 4.139241791256692852e-16 1.319000000000000035e-33
8.865299999999999272e+03 3.557665754670758014e-16 8.671999999999999927e-34
8.890899999999999636e+03 3.104431343442519763e-16 6.739000000000000160e-34
8.916399999999999636e+03 2.672736785421169393e-16 6.718999999999999687e-34
8.942000000000000000e+03 2.483365575977287106e-16 7.623999999999999933e-34
8.967600000000000364e+03 2.158472790106754315e-16 7.490999999999999993e-34
8.993200000000000728e+03 1.786910322287961655e-16 1.455000000000000003e-34
9.018700000000000728e+03 1.908969490460317278e-16 6.642999999999999599e-34
9.044299999999999272e+03 2.005001336007685740e-16 5.285999999999999777e-34
9.069899999999999636e+03 1.733060689270743676e-16 5.392000000000000147e-34
9.095399999999999636e+03 1.609206533331147848e-16 4.790000000000000015e-34
9.121000000000000000e+03 1.713315823831098711e-16 6.296000000000000155e-34
9.146600000000000364e+03 1.793192779473303358e-16 1.456000000000000026e-34
9.172100000000000364e+03 1.996923891055105064e-16 1.676999999999999910e-34
9.197700000000000728e+03 2.303866799253235560e-16 6.412000000000000334e-34
9.223299999999999272e+03 2.667351822119448778e-16 9.000000000000000846e-34
