3.650047851562500000e+03 2.713784615040645515e-16
3.655565780162811279e+03 5.426162143200066534e-16
3.661083708763122559e+03 4.159455226839167096e-16
3.666601637363433838e+03 4.382693108948436245e-16
3.672119565963745117e+03 4.579739721147094865e-16
3.677637494564056396e+03 3.799752896501290691e-16
3.683155423164367676e+03 5.217166597563953498e-16
3.688673351764678955e+03 5.080933787563971904e-16
3.694191280364990234e+03 5.140489729580899781e-16
3.699709208965301514e+03 5.119564768641058149e-16
3.705227137565612793e+03 6.051803432659419736e-16
3.710745066165924072e+03 5.703384468067814764e-16
3.716262994766235352e+03 4.282755240789984310e-16
3.721780923366546631e+03 4.372285077305165255e-16
3.727298851966857910e+03 3.921645546712436127e-16
3.732816780567169189e+03 3.145194204352975267e-16
3.738334709167480469e+03 3.409606104602301407e-16
3.743852637767791748e+03 3.428951588138574467e-16
3.749370566368103027e+03 2.162478986304564347e-16
3.754888494968414307e+03 2.516119316513415226e-16
3.760406423568725586e+03 2.638285133719278710e-16
3.765924352169036865e+03 2.869407390499687961e-16
3.771442280769348145e+03 1.985617292434049851e-16
3.776960209369659879e+03 2.251906938913608077e-16
3.782478137969971158e+03 2.033504297183108485e-16
3.787996066570282437e+03 2.408800494614961059e-16
3.793513995170593716e+03 1.591377702207808096e-16
3.799031923770904996e+03 2.710816877129808590e-16
3.804549852371216275e+03 2.147707850209877122e-16
3.810067780971527554e+03 3.531429724775592862e-16
3.815585709571838834e+03 2.740158426949753274e-16
3.821103638172150113e+03 1.981239422199136615e-16
3.826621566772461392e+03 4.117063492991245528e-16
3.832139495372772672e+03 3.978789313422643961e-16
3.837657423973083951e+03 4.027977737414771607e-16
3.843175352573395230e+03 4.695226605332147511e-16
3.848693281173706509e+03 5.342949847154574182e-16
3.854211209774017789e+03 5.372908699010890117e-16
3.859729138374329068e+03 5.916203244196188385e-16
3.865247066974640347e+03 7.125612460553907349e-16
3.870764995574951627e+03 7.409282357072280147e-16
3.876282924175262906e+03 7.720610134947218318e-16
3.881800852775574185e+03 7.236752021218662633e-16
3.887318781375885465e+03 8.664044954303063838e-16
3.892836709976196744e+03 9.689129019234977590e-16
3.898354638576508023e+03 1.121425080516356459e-15
3.903872567176819302e+03 1.052924580573119796e-15
3.909390495777130582e+03 1.130882195702346280e-15
3.914908424377441861e+03 1.261980942780013747e-15
3.920426352977753140e+03 1.164427840942661038e-15
3.925944281578064420e+03 1.286505063447534139e-15
3.931462210178375699e+03 1.340409401830537267e-15
3.936980138778686978e+03 1.299184718595852713e-15
3.942498067378998257e+03 1.444403984432819298e-15
3.948015995979309537e+03 1.389979244467652892e-15
3.953533924579620816e+03 1.502703173701758358e-15
3.959051853179932095e+03 1.443158490594748901e-15
3.964569781780243375e+03 1.554582569450280938e-15
3.970087710380554654e+03 1.689670754370712407e-15
3.975605638980865933e+03 1.792765085610340339e-15
3.981123567581177213e+03 1.739519208885209238e-15
3.986641496181488492e+03 1.800379800160346546e-15
3.992159424781800226e+03 1.853150126370689728e-15
3.997677353382111505e+03 1.916661268069894454e-15
4.003195281982422784e+03 2.049605738084834030e-15
4.008713210582734064e+03 1.866572685001258812e-15
4.014231139183045343e+03 2.013938988045005785e-15
4.019749067783356622e+03 1.952444114082476550e-15
4.025266996383667902e+03 1.964426731963534402e-15
4.030784924983979181e+03 1.841494201449529058e-15
4.036302853584290460e+03 1.609008232276915866e-15
4.041820782184601740e+03 1.623924903625206615e-15
4.047338710784913019e+03 1.521957017094194892e-15
4.052856639385224298e+03 1.518659079349879491e-15
4.058374567985535577e+03 1.351239181164975775e-15
4.063892496585846857e+03 1.335137001974076083e-15
4.069410425186158136e+03 1.266852174756059624e-15
4.074928353786469415e+03 1.181661263721814518e-15
4.080446282386780695e+03 1.278427257012567629e-15
4.085964210987091974e+03 1.084999000060136309e-15
4.091482139587403253e+03 1.172368325591094525e-15
4.097000068187714533e+03 1.055997432405235787e-15
4.102517996788025812e+03 1.110092064823071596e-15
4.108035925388337091e+03 1.080047848280906289e-15
4.113553853988648370e+03 9.729914881841323114e-16
4.119071782588959650e+03 1.002689262530971728e-15
4.124589711189270929e+03 9.157814600204772478e-16
4.130107639789582208e+03 8.949838539633065063e-16
4.135625568389893488e+03 9.547934905979607497e-16
4.141143496990204767e+03 8.135529850965672553e-16
4.146661425590516046e+03 8.829718890875457750e-16
4.152179354190827326e+03 8.222400369872834229e-16
4.157697282791138605e+03 8.385508751562420162e-16
4.163215211391449884e+03 8.219215574944573330e-16
4.168733139991761163e+03 8.047091482709447601e-16
4.174251068592072443e+03 8.487263457094178349e-16
4.179768997192383722e+03 7.957118949547762021e-16
4.185286925792695001e+03 7.240994415389976882e-16
4.190804854393006281e+03 7.983657953659755120e-16
4.196322782993317560e+03 7.548388219396415995e-16
4.201840711593628839e+03 7.802960109236417420e-16
4.207358640193940118e+03 7.520389802157922843e-16
4.212876568794251398e+03 6.404313442141483920e-16
4.218394497394562677e+03 7.248600270469885431e-16
4.223912425994873956e+03 8.140307227930360940e-16
4.229430354595185236e+03 7.995142964636925235e-16
4.234948283195496515e+03 8.609448469818586627e-16
4.240466211795807794e+03 8.369791497890085995e-16
4.245984140396119074e+03 8.759450372930609494e-16
4.251502068996430353e+03 8.970622302768203826e-16
4.257019997596741632e+03 8.323217448152454875e-16
4.262537926197052911e+03 8.331256494405739497e-16
4.268055854797364191e+03 8.306962166243909794e-16
4.273573783397675470e+03 8.849692381641136962e-16
4.279091711997986749e+03 8.187327942618810770e-16
4.284609640598298029e+03 8.800711509193304235e-16
4.290127569198609308e+03 7.942638607101841662e-16
4.295645497798920587e+03 8.629489329471477050e-16
4.301163426399231867e+03 8.208658039743382671e-16
4.306681354999543146e+03 8.909778046141063388e-16
4.312199283599854425e+03 8.029789675895467298e-16
4.317717212200165704e+03 7.905089865669025693e-16
4.323235140800476984e+03 7.944921120372219804e-16
4.328753069400789173e+03 9.064907367572822603e-16
4.334270998001100452e+03 8.046581878606466706e-16
4.339788926601411731e+03 7.881062521330069041e-16
4.345306855201723010e+03 8.465692493126289152e-16
4.350824783802034290e+03 8.372598842477675258e-16
4.356342712402345569e+03 7.928684018834600356e-16
4.361860641002656848e+03 8.431996975183466664e-16
4.367378569602968128e+03 7.707308563455184796e-16
4.372896498203279407e+03 7.931024026374473481e-16
4.378414426803590686e+03 7.301983561267698814e-16
4.383932355403901965e+03 7.283604775119819879e-16
4.389450284004213245e+03 8.715079193518612457e-16
4.394968212604524524e+03 7.795917015080082024e-16
4.400486141204835803e+03 7.089931498447465869e-16
4.406004069805147083e+03 7.143950456224871201e-16
4.411521998405458362e+03 7.325390096696698682e-16
4.417039927005769641e+03 7.047130752396644285e-16
4.422557855606080921e+03 7.348002417545794800e-16
4.428075784206392200e+03 7.038937219133508730e-16
4.433593712806703479e+03 6.961950085124700015e-16
4.439111641407014758e+03 6.617285874704387830e-16
4.444629570007326038e+03 6.981002191000096003e-16
4.450147498607637317e+03 7.811060433491218008e-16
4.455665427207948596e+03 7.890625211868071005e-16
4.461183355808259876e+03 7.791631430992032128e-16
4.466701284408571155e+03 8.851547333193093901e-16
4.472219213008882434e+03 9.095431010647946070e-16
4.477737141609193714e+03 9.060452715263719592e-16
4.483255070209504993e+03 1.028895575083521657e-15
4.488772998809816272e+03 1.060362474865734972e-15
4.494290927410127551e+03 1.060344294494803029e-15
4.499808856010438831e+03 1.137853398950272180e-15
4.505326784610750110e+03 1.184704860845374718e-15
4.510844713211061389e+03 1.207217143511270222e-15
4.516362641811372669e+03 1.260668080054732533e-15
4.521880570411683948e+03 1.262707788472710625e-15
4.527398499011995227e+03 1.283516099722917844e-15
4.532916427612306506e+03 1.327557079301437788e-15
4.538434356212617786e+03 1.357229105813301720e-15
4.543952284812929065e+03 1.459020172086922216e-15
4.549470213413240344e+03 1.459432783449549331e-15
4.554988142013551624e+03 1.674397858495528010e-15
4.560506070613862903e+03 1.625556891846341668e-15
4.566023999214174182e+03 1.718087966143673037e-15
4.571541927814485462e+03 1.774236795904544397e-15
4.577059856414796741e+03 1.895311975426774209e-15
4.582577785015108020e+03 1.872413475236253738e-15
4.588095713615419299e+03 2.058292356230659432e-15
4.593613642215730579e+03 2.286404054328086439e-15
4.599131570816041858e+03 2.302657121369109077e-15
4.604649499416353137e+03 2.309485650233983617e-15
4.610167428016664417e+03 2.404738889005350041e-15
4.615685356616975696e+03 2.446009623027319348e-15
4.621203285217286975e+03 2.423484604873155552e-15
4.626721213817598255e+03 2.415553071980967207e-15
4.632239142417909534e+03 2.466312390765007329e-15
4.637757071018220813e+03 2.378255533439914487e-15
4.643274999618532092e+03 2.338134131090983625e-15
4.648792928218843372e+03 2.362390252788013185e-15
4.654310856819154651e+03 2.319719353345829947e-15
4.659828785419465930e+03 2.343600885572740527e-15
4.665346714019777210e+03 2.396181748323572658e-15
4.670864642620088489e+03 2.462962495920007882e-15
4.676382571220399768e+03 2.393000275696598873e-15
4.681900499820711048e+03 2.235219388693153474e-15
4.687418428421022327e+03 2.336556960841086261e-15
4.692936357021333606e+03 2.333765397184609561e-15
4.698454285621644885e+03 2.212109091795581263e-15
4.703972214221956165e+03 2.082248640236528614e-15
4.709490142822267444e+03 1.972541452857246740e-15
4.715008071422578723e+03 1.843553751389082947e-15
4.720526000022890003e+03 1.792407661363538086e-15
4.726043928623201282e+03 1.658703214929178756e-15
4.731561857223512561e+03 1.587795523131152920e-15
4.737079785823823840e+03 1.524526447995170153e-15
4.742597714424135120e+03 1.492018745048630281e-15
4.748115643024446399e+03 1.450641974243914372e-15
4.753633571624757678e+03 1.470760631118610429e-15
4.759151500225068958e+03 1.362134945094421331e-15
4.764669428825380237e+03 1.280908923787875518e-15
4.770187357425691516e+03 1.337206241959050640e-15
4.775705286026002796e+03 1.309090067597159389e-15
4.781223214626314075e+03 1.212296019317758699e-15
4.786741143226625354e+03 1.139179366308407873e-15
4.792259071826936633e+03 1.128644348927051883e-15
4.797777000427247913e+03 1.203174179703325015e-15
4.803294929027559192e+03 1.106008402824359184e-15
4.808812857627870471e+03 1.061266694532704231e-15
4.814330786228181751e+03 1.050502253790245514e-15
4.819848714828493030e+03 1.048796805796206962e-15
4.825366643428804309e+03 1.017152901184309424e-15
4.830884572029115589e+03 1.155687235400920170e-15
4.836402500629426868e+03 1.134274634461050173e-15
4.841920429229738147e+03 1.192586097787522476e-15
4.847438357830049426e+03 1.279406966747671215e-15
4.852956286430360706e+03 1.393221349093116767e-15
4.858474215030671985e+03 1.414652591834652771e-15
4.863992143630983264e+03 1.430997391305656363e-15
4.869510072231294544e+03 1.451637557196278990e-15
4.875028000831605823e+03 1.325389831428494233e-15
4.880545929431917102e+03 1.300016493637534084e-15
4.886063858032228381e+03 1.312470140012183346e-15
4.891581786632540570e+03 1.262490639169141337e-15
4.897099715232851850e+03 1.276039998965501736e-15
4.902617643833163129e+03 1.188400459596525907e-15
4.908135572433474408e+03 1.218644660218943973e-15
4.913653501033785687e+03 1.271768257799480860e-15
4.919171429634096967e+03 1.361396286774925867e-15
4.924689358234408246e+03 1.411282024892755305e-15
4.930207286834719525e+03 1.572948804682183983e-15
4.935725215435030805e+03 1.716267160466055373e-15
4.941243144035342084e+03 1.846501278633757692e-15
4.946761072635653363e+03 1.967052180555655366e-15
4.952279001235964643e+03 2.023311015403587501e-15
4.957796929836275922e+03 2.102739025710790995e-15
4.963314858436587201e+03 2.087751294029415339e-15
4.968832787036898480e+03 2.055955855564367993e-15
4.974350715637209760e+03 2.016273550702213681e-15
4.979868644237521039e+03 2.026900669658139375e-15
4.985386572837832318e+03 1.985811462487050405e-15
4.990904501438143598e+03 2.018064363382101013e-15
4.996422430038454877e+03 1.961132024234358041e-15
5.001940358638766156e+03 1.932208253801263745e-15
5.007458287239077436e+03 1.758594109438878401e-15
5.012976215839388715e+03 1.756322393647684813e-15
5.018494144439699994e+03 1.670538636405988738e-15
5.024012073040011273e+03 1.607704044449440302e-15
5.029530001640322553e+03 1.543792934589728678e-15
5.035047930240633832e+03 1.398913927776248212e-15
5.040565858840945111e+03 1.408456684506526896e-15
5.046083787441256391e+03 1.345265591164644532e-15
5.051601716041567670e+03 1.359307297554522405e-15
5.057119644641878949e+03 1.284991570638972318e-15
5.062637573242190228e+03 1.289840377081330812e-15
5.068155501842501508e+03 1.335649559233755737e-15
5.073673430442812787e+03 1.308084610027080319e-15
5.079191359043124066e+03 1.510773966389563664e-15
5.084709287643435346e+03 1.590387287279668870e-15
5.090227216243746625e+03 1.647355525738541665e-15
5.095745144844057904e+03 1.598207707651033543e-15
5.101263073444369184e+03 1.394749423112883135e-15
5.106781002044680463e+03 1.531318985262768569e-15
5.112298930644991742e+03 1.482624107584067398e-15
5.117816859245303021e+03 1.501958609068863207e-15
5.123334787845614301e+03 1.581223088323823537e-15
5.128852716445925580e+03 1.530066754535977248e-15
5.134370645046236859e+03 1.560584860442286622e-15
5.139888573646548139e+03 1.501438207486699534e-15
5.145406502246859418e+03 1.548693421274329951e-15
5.150924430847170697e+03 1.560106541343092346e-15
5.156442359447481977e+03 1.477321622443727807e-15
5.161960288047793256e+03 1.540473401887046145e-15
5.167478216648104535e+03 1.594519122647043756e-15
5.172996145248415814e+03 1.554220438609988194e-15
5.178514073848727094e+03 1.558805122100022743e-15
5.184032002449038373e+03 1.624596562202079224e-15
5.189549931049349652e+03 1.647439967562921528e-15
5.195067859649660932e+03 1.668836141568649537e-15
5.200585788249972211e+03 1.640954835450525847e-15
5.206103716850283490e+03 1.661254004028486432e-15
5.211621645450594769e+03 1.753407627985146362e-15
5.217139574050906049e+03 1.806031496080417201e-15
5.222657502651217328e+03 1.799819530962737103e-15
5.228175431251528607e+03 1.883619043760721016e-15
5.233693359851839887e+03 1.904565784231222776e-15
5.239211288452152075e+03 1.981144828898601477e-15
5.244729217052463355e+03 2.050005613959192656e-15
5.250247145652774634e+03 2.045173972740152269e-15
5.255765074253085913e+03 2.112675567429737595e-15
5.261283002853397193e+03 2.208493505133761108e-15
5.266800931453708472e+03 2.304713349007375654e-15
5.272318860054019751e+03 2.349802053211237847e-15
5.277836788654331031e+03 2.337458596495942355e-15
5.283354717254642310e+03 2.472629469803965112e-15
5.288872645854953589e+03 2.607078942301954445e-15
5.294390574455264868e+03 2.605723997093703637e-15
5.299908503055576148e+03 2.602212693777838353e-15
5.305426431655887427e+03 2.651848890154549381e-15
5.310944360256198706e+03 2.665496626983465554e-15
5.316462288856509986e+03 2.703040661822791823e-15
5.321980217456821265e+03 2.745845653036367269e-15
5.327498146057132544e+03 2.756576501621368455e-15
5.333016074657443824e+03 2.848348337788453824e-15
5.338534003257755103e+03 3.033015040243805582e-15
5.344051931858066382e+03 3.062490128118261618e-15
5.349569860458377661e+03 3.067262798489457937e-15
5.355087789058688941e+03 3.171563401954739329e-15
5.360605717659000220e+03 3.238636142919849927e-15
5.366123646259311499e+03 3.203351457528038494e-15
5.371641574859622779e+03 3.178262361069418563e-15
5.377159503459934058e+03 3.087979377309682822e-15
5.382677432060245337e+03 2.992247265722241758e-15
5.388195360660556616e+03 2.920655087572930299e-15
5.393713289260867896e+03 2.812113012797799828e-15
5.399231217861179175e+03 2.832990630944301406e-15
5.404749146461490454e+03 2.788919658368051130e-15
5.410267075061801734e+03 2.624288555255216772e-15
5.415785003662113013e+03 2.613786576314438343e-15
5.421302932262424292e+03 2.541770897037169114e-15
5.426820860862735572e+03 2.644267583189708499e-15
5.432338789463046851e+03 2.740675229372188466e-15
5.437856718063358130e+03 2.773192253219564202e-15
5.443374646663669409e+03 2.809270322615961303e-15
5.448892575263980689e+03 2.977941067235453360e-15
5.454410503864291968e+03 3.152154240977130231e-15
5.459928432464603247e+03 3.348715612615579672e-15
5.465446361064914527e+03 3.290111233058962290e-15
5.470964289665225806e+03 3.354541175636341808e-15
5.476482218265537085e+03 3.321576379404385649e-15
5.482000146865848365e+03 3.286579165360053870e-15
5.487518075466159644e+03 3.301506818759821180e-15
5.493036004066470923e+03 3.273503602641690646e-15
5.498553932666782202e+03 3.390025475963818827e-15
5.504071861267093482e+03 3.291491372385307824e-15
5.509589789867404761e+03 3.271465463088208529e-15
5.515107718467716040e+03 3.321212495127303738e-15
5.520625647068027320e+03 3.351567069981369356e-15
5.526143575668338599e+03 3.341431005612904456e-15
5.531661504268649878e+03 3.299358028116251428e-15
5.537179432868961158e+03 3.192473781683377990e-15
5.542697361469272437e+03 3.296244293521075632e-15
5.548215290069583716e+03 3.177145514120075738e-15
5.553733218669894995e+03 3.164859459388129521e-15
5.559251147270206275e+03 3.243909742496221294e-15
5.564769075870517554e+03 3.213688521124370779e-15
5.570287004470828833e+03 3.248690441762193640e-15
5.575804933071140113e+03 3.115015526894829593e-15
5.581322861671451392e+03 3.219151953304841158e-15
5.586840790271762671e+03 3.292041582392907651e-15
5.592358718872073950e+03 3.193886959450299705e-15
5.597876647472385230e+03 3.245749097689357877e-15
5.603394576072696509e+03 3.095026993487211572e-15
5.608912504673007788e+03 2.966846980376398898e-15
5.614430433273319068e+03 2.915108136429548185e-15
5.619948361873630347e+03 2.811832462911334290e-15
5.625466290473941626e+03 2.773554291773710251e-15
5.630984219074252906e+03 2.750886599236495291e-15
5.636502147674564185e+03 2.617256166291920811e-15
5.642020076274875464e+03 2.583237646835076020e-15
5.647538004875186743e+03 2.549693570459257040e-15
5.653055933475498023e+03 2.562393343987592086e-15
5.658573862075809302e+03 2.502804824960823079e-15
5.664091790676120581e+03 2.543183428801061797e-15
5.669609719276431861e+03 2.485320291576053636e-15
5.675127647876743140e+03 2.583909305411949811e-15
5.680645576477054419e+03 2.565133042829530646e-15
5.686163505077365699e+03 2.536309402865783066e-15
5.691681433677676978e+03 2.405606009641279687e-15
5.697199362277988257e+03 2.430150802405698886e-15
5.702717290878299536e+03 2.251742669572191358e-15
5.708235219478610816e+03 2.231460204786812449e-15
5.713753148078922095e+03 2.145577701367972835e-15
5.719271076679233374e+03 1.986969653630187691e-15
5.724789005279544654e+03 1.827348488572136398e-15
5.730306933879855933e+03 1.804646650160582557e-15
5.735824862480167212e+03 1.765095114768534325e-15
5.741342791080478491e+03 1.610998936750909262e-15
5.746860719680789771e+03 1.645801334739212640e-15
5.752378648281101050e+03 1.587440775182608948e-15
5.757896576881412329e+03 1.599245834517101621e-15
5.763414505481723609e+03 1.655005032165914797e-15
5.768932434082034888e+03 1.591383239376620463e-15
5.774450362682346167e+03 1.707677165915995001e-15
5.779968291282657447e+03 1.612834877356613416e-15
5.785486219882968726e+03 1.718696316423797668e-15
5.791004148483280005e+03 1.734712854070408497e-15
5.796522077083591284e+03 1.795136747298586862e-15
5.802040005683902564e+03 1.844553671790349107e-15
5.807557934284213843e+03 1.886970230611776552e-15
5.813075862884525122e+03 2.001308798271406956e-15
5.818593791484836402e+03 2.072871906284456999e-15
5.824111720085147681e+03 2.139093307544750907e-15
5.829629648685458960e+03 2.163569347129756703e-15
5.835147577285770240e+03 2.270687446658782288e-15
5.840665505886081519e+03 2.310315948697314918e-15
5.846183434486392798e+03 2.276337296855916292e-15
5.851701363086704077e+03 2.269321611685202600e-15
5.857219291687015357e+03 2.287186456281195942e-15
5.862737220287326636e+03 2.342451277041261012e-15
5.868255148887637915e+03 2.324875657229537871e-15
5.873773077487949195e+03 2.413554523184490581e-15
5.879291006088260474e+03 2.365073287935777997e-15
5.884808934688571753e+03 2.404594922616242394e-15
5.890326863288883942e+03 2.534942829603028638e-15
5.895844791889195221e+03 2.624398929486865311e-15
5.901362720489506501e+03 2.642436256891347548e-15
5.906880649089817780e+03 2.695459354857949363e-15
5.912398577690129059e+03 2.659400850124687777e-15
5.917916506290440338e+03 2.569326433056863749e-15
5.923434434890751618e+03 2.551906315402605772e-15
5.928952363491062897e+03 2.611724903793506340e-15
5.934470292091374176e+03 2.624358231296098698e-15
5.939988220691685456e+03 2.642860773166920339e-15
5.945506149291996735e+03 2.702366419233805458e-15
5.951024077892308014e+03 2.700246698726497122e-15
5.956542006492619294e+03 2.709903705706593599e-15
5.962059935092930573e+03 2.644975048791564038e-15
5.967577863693241852e+03 2.669385565212296456e-15
5.973095792293553131e+03 2.712659923768820248e-15
5.978613720893864411e+03 2.744135959879573671e-15
5.984131649494175690e+03 2.772494939093863198e-15
5.989649578094486969e+03 2.651562341668538250e-15
5.995167506694798249e+03 2.721227769643632729e-15
6.000685435295109528e+03 2.739255868433428559e-15
6.006203363895420807e+03 2.645465180517557097e-15
6.011721292495732087e+03 2.553733027393621744e-15
6.017239221096043366e+03 2.485493235815276202e-15
6.022757149696354645e+03 2.322683584383087355e-15
6.028275078296665924e+03 2.339513255269712956e-15
6.033793006896977204e+03 2.232224703227430880e-15
6.039310935497288483e+03 2.206050321681695615e-15
6.044828864097599762e+03 2.127824615295830224e-15
6.050346792697911042e+03 2.187729768092489164e-15
6.055864721298222321e+03 2.293043488878037889e-15
6.061382649898533600e+03 2.198589817283098089e-15
6.066900578498844880e+03 2.234609838693119645e-15
6.072418507099156159e+03 2.144740112299039063e-15
6.077936435699467438e+03 2.232069754786847066e-15
6.083454364299778717e+03 2.264380888240567791e-15
6.088972292900089997e+03 2.194973400045956697e-15
6.094490221500401276e+03 2.075089542393589019e-15
6.100008150100712555e+03 2.067170837275815068e-15
6.105526078701023835e+03 1.947911387693125259e-15
6.111044007301335114e+03 1.943754265921510334e-15
6.116561935901646393e+03 1.891961526864892623e-15
6.122079864501957672e+03 1.885768664979613583e-15
6.127597793102269861e+03 1.813587516641017254e-15
6.133115721702581141e+03 1.877212724017746581e-15
6.138633650302892420e+03 1.892795609060244906e-15
6.144151578903203699e+03 2.000379938203224914e-15
6.149669507503514978e+03 2.108446370177421560e-15
6.155187436103826258e+03 2.286572199687671426e-15
6.160705364704137537e+03 2.299479709332597344e-15
6.166223293304448816e+03 2.366706383590674369e-15
6.171741221904760096e+03 2.565291498143695555e-15
6.177259150505071375e+03 2.510778255763686840e-15
6.182777079105382654e+03 2.564813086758354979e-15
6.188295007705693934e+03 2.511245777383696958e-15
6.193812936306005213e+03 2.387374050753062042e-15
6.199330864906316492e+03 2.445629773246828724e-15
6.204848793506627771e+03 2.387410965211807279e-15
6.210366722106939051e+03 2.307632452118816436e-15
6.215884650707250330e+03 2.322954167365690957e-15
6.221402579307561609e+03 2.240584166982624642e-15
6.226920507907872889e+03 2.127555324319282712e-15
6.232438436508184168e+03 2.031977422883249934e-15
6.237956365108495447e+03 2.056693683308542221e-15
6.243474293708806726e+03 1.994177386272525796e-15
6.248992222309118006e+03 1.967200761252105626e-15
6.254510150909429285e+03 1.983270455719308910e-15
6.260028079509740564e+03 1.902160899530105895e-15
6.265546008110051844e+03 1.856168344803862602e-15
6.271063936710363123e+03 1.796367013922424863e-15
6.276581865310674402e+03 1.719349979202032511e-15
6.282099793910985682e+03 1.720164496734250263e-15
6.287617722511296961e+03 1.694988097580696827e-15
6.293135651111608240e+03 1.668921690826792100e-15
6.298653579711919519e+03 1.677951336580509780e-15
6.304171508312230799e+03 1.640623066752551397e-15
6.309689436912542078e+03 1.583962418021174530e-15
6.315207365512853357e+03 1.601363986159913588e-15
6.320725294113164637e+03 1.663263996307175458e-15
6.326243222713475916e+03 1.671095767874603864e-15
6.331761151313787195e+03 1.771954928637196075e-15
6.337279079914098475e+03 1.794758097238005830e-15
6.342797008514409754e+03 1.862463644312159468e-15
6.348314937114721033e+03 1.872697070565565518e-15
6.353832865715032312e+03 1.896286055706918585e-15
6.359350794315343592e+03 2.041002269757331218e-15
6.364868722915654871e+03 2.007596345743368076e-15
6.370386651515966150e+03 2.050347626419469520e-15
6.375904580116277430e+03 2.059762935980930422e-15
6.381422508716588709e+03 2.183932470007494099e-15
6.386940437316899988e+03 2.264767844054366314e-15
6.392458365917211268e+03 2.213114826224100417e-15
6.397976294517522547e+03 2.317623811809000528e-15
6.403494223117833826e+03 2.317524788773415328e-15
6.409012151718145105e+03 2.375129155642618869e-15
6.414530080318456385e+03 2.445844707682873992e-15
6.420048008918767664e+03 2.580809321452654961e-15
6.425565937519078943e+03 2.618249349804466245e-15
6.431083866119390223e+03 2.741832036223124744e-15
6.436601794719701502e+03 2.868100618660100514e-15
6.442119723320012781e+03 2.867552808092318687e-15
6.447637651920324060e+03 2.893333866080121087e-15
6.453155580520635340e+03 2.856242863935748463e-15
6.458673509120946619e+03 2.840851195789550158e-15
6.464191437721257898e+03 2.958815409301009939e-15
6.469709366321569178e+03 2.941527260836766451e-15
6.475227294921880457e+03 2.869597407676080460e-15
6.480745223522191736e+03 2.888779175587818250e-15
6.486263152122503016e+03 2.877154812528883100e-15
6.491781080722814295e+03 2.928424565991225748e-15
6.497299009323125574e+03 2.938518271018279196e-15
6.502816937923436853e+03 2.981367282723910539e-15
6.508334866523748133e+03 3.078471320170622988e-15
6.513852795124059412e+03 3.091645905924572201e-15
6.519370723724370691e+03 3.143846549750326536e-15
6.524888652324681971e+03 3.128649420801716352e-15
6.530406580924993250e+03 3.115867512602674524e-15
6.535924509525304529e+03 3.176369110766511434e-15
6.541442438125615809e+03 3.175111896587788948e-15
6.546960366725927088e+03 3.115619078295317434e-15
6.552478295326238367e+03 3.100028072071895007e-15
6.557996223926549646e+03 3.119205317962434315e-15
6.563514152526860926e+03 3.117217751217434645e-15
6.569032081127172205e+03 3.120305368833047587e-15
6.574550009727483484e+03 3.191273231198830435e-15
6.580067938327794764e+03 3.207268727603955678e-15
6.585585866928106043e+03 3.129964036963788903e-15
6.591103795528417322e+03 3.082803416476692490e-15
6.596621724128728601e+03 3.116591220566378662e-15
6.602139652729039881e+03 3.192937150426778771e-15
6.607657581329351160e+03 3.307951714112185692e-15
6.613175509929662439e+03 3.171606315013030948e-15
6.618693438529973719e+03 3.187571910706573539e-15
6.624211367130284998e+03 3.240103123510392141e-15
6.629729295730596277e+03 3.126913241520772335e-15
6.635247224330907557e+03 3.109259916773389268e-15
6.640765152931218836e+03 3.038100560652869274e-15
6.646283081531530115e+03 2.925240878496727351e-15
6.651801010131841394e+03 2.874229249387161871e-15
6.657318938732152674e+03 2.800165371366403671e-15
6.662836867332463953e+03 2.756655498563083680e-15
6.668354795932775232e+03 2.669327148081331766e-15
6.673872724533086512e+03 2.686093141526620245e-15
6.679390653133397791e+03 2.590097183845297490e-15
6.684908581733709070e+03 2.564339012821915946e-15
6.690426510334020350e+03 2.573655391633938934e-15
6.695944438934331629e+03 2.530082210533870967e-15
6.701462367534642908e+03 2.568931079203700450e-15
6.706980296134954187e+03 2.478841434921644026e-15
6.712498224735265467e+03 2.427960852140626485e-15
6.718016153335576746e+03 2.481164369524347120e-15
6.723534081935888025e+03 2.405493051397518575e-15
6.729052010536199305e+03 2.379368135226502267e-15
6.734569939136510584e+03 2.362106749744848691e-15
6.740087867736821863e+03 2.449169223837486113e-15
6.745605796337133143e+03 2.510767365998357565e-15
6.751123724937444422e+03 2.407780548119824332e-15
6.756641653537755701e+03 2.397544630140454179e-15
6.762159582138066980e+03 2.346928354884052393e-15
6.767677510738378260e+03 2.391767701919090157e-15
6.773195439338689539e+03 2.322195206093886815e-15
6.778713367939000818e+03 2.267849278498141062e-15
6.784231296539312098e+03 2.312811735253092502e-15
6.789749225139623377e+03 2.211739670349687034e-15
6.795267153739934656e+03 2.251626758171730501e-15
6.800785082340245935e+03 2.193789830212431296e-15
6.806303010940557215e+03 2.194822789054275609e-15
6.811820939540868494e+03 2.165914338121559022e-15
6.817338868141179773e+03 2.113747840170144356e-15
6.822856796741491053e+03 2.279538703290613160e-15
6.828374725341803241e+03 2.192317127880782981e-15
6.833892653942114521e+03 2.075939036375467480e-15
6.839410582542425800e+03 2.102783230775139492e-15
6.844928511142737079e+03 2.124729061071586175e-15
6.850446439743048359e+03 2.026399648166818223e-15
6.855964368343359638e+03 2.015540152693088677e-15
6.861482296943670917e+03 1.911423936949241659e-15
6.867000225543982197e+03 1.660876738260108184e-15
6.872518154144293476e+03 1.502327015367142219e-15
6.878036082744604755e+03 1.495187943618072204e-15
6.883554011344916034e+03 1.616222886380268086e-15
6.889071939945227314e+03 1.618458333715743891e-15
6.894589868545538593e+03 1.562814586036657114e-15
6.900107797145849872e+03 1.651973801386034336e-15
6.905625725746161152e+03 1.742143550043568488e-15
6.911143654346472431e+03 1.715436123713548741e-15
6.916661582946783710e+03 1.780546492051753409e-15
6.922179511547094990e+03 1.771194121642453114e-15
6.927697440147406269e+03 1.765975893754200786e-15
6.933215368747717548e+03 1.831045287043196785e-15
6.938733297348028827e+03 1.891420545471978021e-15
6.944251225948340107e+03 1.829545544870516699e-15
6.949769154548651386e+03 1.941499346209045904e-15
6.955287083148962665e+03 1.971225636975265781e-15
6.960805011749273945e+03 1.924461662347390335e-15
6.966322940349585224e+03 2.019266667303439905e-15
6.971840868949896503e+03 2.039396029371171256e-15
6.977358797550207782e+03 1.894494597024003406e-15
6.982876726150519062e+03 1.969819842100092641e-15
6.988394654750830341e+03 2.003376930822619010e-15
6.993912583351141620e+03 1.913277319636701834e-15
6.999430511951452900e+03 1.960707231100345365e-15
7.004948440551764179e+03 2.014078893843651776e-15
7.010466369152075458e+03 1.999263644970763833e-15
7.015984297752386738e+03 2.038061663973671378e-15
7.021502226352698017e+03 1.896598721172491780e-15
7.027020154953009296e+03 1.890809334321301325e-15
7.032538083553320575e+03 2.033086886940844580e-15
7.038056012153631855e+03 2.023471777871424308e-15
7.043573940753943134e+03 1.994233496249818588e-15
7.049091869354254413e+03 1.998631854009335812e-15
7.054609797954565693e+03 1.997498395553558005e-15
7.060127726554876972e+03 1.991708178127045129e-15
7.065645655155189161e+03 1.957288121645197268e-15
7.071163583755500440e+03 1.982905740866904973e-15
7.076681512355811719e+03 1.998055803880613412e-15
7.082199440956122999e+03 1.918464816238049288e-15
7.087717369556434278e+03 1.968272849420219393e-15
7.093235298156745557e+03 1.927671097676863230e-15
7.098753226757056837e+03 1.963056559541051198e-15
7.104271155357368116e+03 1.935673875474431448e-15
7.109789083957679395e+03 1.980223536294462187e-15
7.115307012557990674e+03 2.013508473169888190e-15
7.120824941158301954e+03 2.038663738795808557e-15
7.126342869758613233e+03 1.988724290140504920e-15
7.131860798358924512e+03 2.016127184873288428e-15
7.137378726959235792e+03 1.964518187535076061e-15
7.142896655559547071e+03 1.953535582341431261e-15
7.148414584159858350e+03 1.935663447139835054e-15
7.153932512760169629e+03 1.846048338224952122e-15
7.159450441360480909e+03 1.768909393504552333e-15
7.164968369960792188e+03 1.665662051833424720e-15
7.170486298561103467e+03 1.730609535122414663e-15
7.176004227161414747e+03 1.726370001821648929e-15
7.181522155761726026e+03 1.581666523259503404e-15
7.187040084362037305e+03 1.645597659213084805e-15
7.192558012962348585e+03 1.716840349724224328e-15
7.198075941562659864e+03 1.778121673542912656e-15
7.203593870162971143e+03 1.808157676618006378e-15
7.209111798763282422e+03 1.832675060396806634e-15
7.214629727363593702e+03 1.976923106824180908e-15
7.220147655963904981e+03 2.076671788381565031e-15
7.225665584564216260e+03 2.053294138516528851e-15
7.231183513164527540e+03 1.996532621026630725e-15
7.236701441764838819e+03 2.005165436348835233e-15
7.242219370365150098e+03 2.027414057493141251e-15
7.247737298965461378e+03 2.096389369661991489e-15
7.253255227565772657e+03 2.122613032010151928e-15
7.258773156166083936e+03 2.127026709270048046e-15
7.264291084766395215e+03 2.098232416301003345e-15
7.269809013366706495e+03 2.128284477165651488e-15
7.275326941967017774e+03 2.145999172200698989e-15
7.280844870567329053e+03 2.198036746404945013e-15
7.286362799167640333e+03 2.115189903501035281e-15
7.291880727767951612e+03 2.199896958267273201e-15
7.297398656368262891e+03 2.065454407230300350e-15
7.302916584968574170e+03 2.188210302059207066e-15
7.308434513568885450e+03 2.251106172017273045e-15
7.313952442169196729e+03 2.219344787140418478e-15
7.319470370769508008e+03 2.181781649068692335e-15
7.324988299369819288e+03 2.237617444219403130e-15
7.330506227970130567e+03 2.292872851792488010e-15
7.336024156570441846e+03 2.280982889202881015e-15
7.341542085170753126e+03 2.274948205773326209e-15
7.347060013771064405e+03 2.308228066910674353e-15
7.352577942371375684e+03 2.368367718806512893e-15
7.358095870971686963e+03 2.347127416102837812e-15
7.363613799571998243e+03 2.407379287953263120e-15
7.369131728172309522e+03 2.467285455897536685e-15
7.374649656772620801e+03 2.401832059951441514e-15
7.380167585372932081e+03 2.307402567326980237e-15
7.385685513973243360e+03 2.376091423295964264e-15
7.391203442573554639e+03 2.314245123686178368e-15
7.396721371173865919e+03 2.406780720004705064e-15
7.402239299774177198e+03 2.285249000913942681e-15
7.407757228374488477e+03 2.200760664315769827e-15
7.413275156974799756e+03 2.290332121883186401e-15
7.418793085575111036e+03 2.498534468087004790e-15
7.424311014175422315e+03 2.435335253564199309e-15
7.429828942775733594e+03 2.369342906520419969e-15
7.435346871376044874e+03 2.345901025497167684e-15
7.440864799976356153e+03 2.254699425431552905e-15
7.446382728576667432e+03 2.387133645340482556e-15
7.451900657176978712e+03 2.542463319997086041e-15
7.457418585777289991e+03 2.442858051111929004e-15
7.462936514377601270e+03 2.397891718338807719e-15
7.468454442977912549e+03 2.408669079141827723e-15
7.473972371578223829e+03 2.456618838470752787e-15
7.479490300178535108e+03 2.429591548355704462e-15
7.485008228778846387e+03 2.508825388609907007e-15
7.490526157379157667e+03 2.631348906921012631e-15
7.496044085979468946e+03 2.503921579624018224e-15
7.501562014579780225e+03 2.387014596211028565e-15
7.507079943180091504e+03 2.321587040386053996e-15
7.512597871780402784e+03 2.405903632464914665e-15
7.518115800380714063e+03 2.358155426080737940e-15
7.523633728981025342e+03 2.397124820458371287e-15
7.529151657581336622e+03 2.235088434650753216e-15
7.534669586181647901e+03 2.222640786875650927e-15
7.540187514781959180e+03 2.057923580787792656e-15
7.545705443382270460e+03 2.048401588440557699e-15
7.551223371982581739e+03 2.046321089545665314e-15
7.556741300582893018e+03 1.948896173166307098e-15
7.562259229183204297e+03 1.867696268839322758e-15
7.567777157783515577e+03 1.782461798743758975e-15
7.573295086383826856e+03 1.551830596550809530e-15
7.578813014984138135e+03 1.526043078532726290e-15
7.584330943584449415e+03 1.482648563412986004e-15
7.589848872184760694e+03 1.278374007905827493e-15
7.595366800785071973e+03 9.468871518238663414e-16
7.600884729385383253e+03 6.359096921624218350e-16
7.606402657985694532e+03 4.294912371774759717e-16
7.611920586586005811e+03 4.678366849161644292e-16
7.617438515186317090e+03 6.404846856070357152e-16
7.622956443786628370e+03 8.220514041030945949e-16
7.628474372386939649e+03 8.612063859220700341e-16
7.633992300987250928e+03 7.140471453060410119e-16
7.639510229587562208e+03 6.826679450491921658e-16
7.645028158187873487e+03 7.927583598819401490e-16
7.650546086788184766e+03 9.679711217947552190e-16
7.656064015388496045e+03 1.193600691686140470e-15
7.661581943988807325e+03 1.323122914516936646e-15
7.667099872589118604e+03 1.351721468568484816e-15
7.672617801189429883e+03 1.350370122519961798e-15
7.678135729789741163e+03 1.523329404384203693e-15
7.683653658390052442e+03 1.572645644689737476e-15
7.689171586990363721e+03 1.605168943995097902e-15
7.694689515590675001e+03 1.790460700523157742e-15
7.700207444190986280e+03 1.811242802507655216e-15
7.705725372791297559e+03 1.758831561694758339e-15
7.711243301391608838e+03 1.698805883190295536e-15
7.716761229991920118e+03 1.741070446727838321e-15
7.722279158592231397e+03 1.811368311667390442e-15
7.727797087192542676e+03 1.951643900903022474e-15
7.733315015792853956e+03 2.021483934267983174e-15
7.738832944393165235e+03 1.972504538398500714e-15
7.744350872993476514e+03 1.982874086718530196e-15
7.749868801593788703e+03 1.964561654310247847e-15
7.755386730194099982e+03 2.148074503071366228e-15
7.760904658794411262e+03 2.252744251124101569e-15
7.766422587394722541e+03 2.209259757011168904e-15
7.771940515995033820e+03 2.244844372380287212e-15
7.777458444595345100e+03 2.199792582635170255e-15
7.782976373195656379e+03 2.355727562129052918e-15
7.788494301795967658e+03 2.652709273901757906e-15
7.794012230396278937e+03 2.784472850381429968e-15
7.799530158996590217e+03 2.785469540767556102e-15
7.805048087596901496e+03 2.739935463618931486e-15
7.810566016197212775e+03 2.715921593057418851e-15
7.816083944797524055e+03 2.617899123877118387e-15
7.821601873397835334e+03 2.730723368152864157e-15
7.827119801998146613e+03 2.979732156773781366e-15
7.832637730598457892e+03 2.952372082813142980e-15
7.838155659198769172e+03 3.015360054345778860e-15
7.843673587799080451e+03 2.755412035020244112e-15
7.849191516399391730e+03 2.670874140761205803e-15
7.854709444999703010e+03 2.727859821301835210e-15
7.860227373600014289e+03 2.984313887107115973e-15
7.865745302200325568e+03 3.069685217558479505e-15
7.871263230800636848e+03 2.936897726279355754e-15
7.876781159400948127e+03 2.972001253964875599e-15
7.882299088001259406e+03 2.872670259508195859e-15
7.887817016601570685e+03 2.879674778055140390e-15
7.893334945201881965e+03 3.068527580132222780e-15
7.898852873802193244e+03 3.212588747112198577e-15
7.904370802402504523e+03 3.290633295791770013e-15
7.909888731002815803e+03 3.200093941116048046e-15
7.915406659603127082e+03 3.070961350397308477e-15
7.920924588203438361e+03 3.077366193561932251e-15
7.926442516803749641e+03 3.114006285592730922e-15
7.931960445404060920e+03 3.251954971921345095e-15
7.937478374004372199e+03 3.383385487696986816e-15
7.942996302604683478e+03 3.335762605900251928e-15
7.948514231204994758e+03 3.104583500853374160e-15
7.954032159805306037e+03 3.024510779524181360e-15
7.959550088405617316e+03 3.052037337693761471e-15
7.965068017005928596e+03 3.091651258521089552e-15
7.970585945606239875e+03 3.132744341710347973e-15
7.976103874206551154e+03 3.061530167618587332e-15
7.981621802806862433e+03 2.844352255343113621e-15
7.987139731407173713e+03 2.556531143366525387e-15
7.992657660007484992e+03 2.622610331674503379e-15
7.998175588607796271e+03 2.568247054283147511e-15
8.003693517208107551e+03 2.694383021527080156e-15
8.009211445808418830e+03 2.798578141926497085e-15
8.014729374408730109e+03 2.594686481642675243e-15
8.020247303009041389e+03 2.453083909901291908e-15
8.025765231609352668e+03 2.278975296364011765e-15
8.031283160209663947e+03 2.257129319678469545e-15
8.036801088809975226e+03 2.325543808932830173e-15
8.042319017410286506e+03 2.317475138826402193e-15
8.047836946010597785e+03 2.347095669668316932e-15
8.053354874610909064e+03 2.269866007665549829e-15
8.058872803211220344e+03 2.140325696749967812e-15
8.064390731811531623e+03 2.054613645844383900e-15
8.069908660411842902e+03 2.094627442546072185e-15
8.075426589012154182e+03 2.182898865162622333e-15
8.080944517612465461e+03 2.197654866329223561e-15
8.086462446212776740e+03 2.134969316499859449e-15
8.091980374813088019e+03 1.954891911841885050e-15
8.097498303413399299e+03 1.800894756859845187e-15
8.103016232013710578e+03 1.819245118874487793e-15
8.108534160614021857e+03 2.018152312080061577e-15
8.114052089214333137e+03 1.946025612568116356e-15
8.119570017814644416e+03 1.859375011548929929e-15
8.125087946414956605e+03 1.750218126463395169e-15
8.130605875015267884e+03 1.638073938803886193e-15
8.136123803615579163e+03 1.511765765609905919e-15
8.141641732215890443e+03 1.532626495391531446e-15
8.147159660816201722e+03 1.537202134839174357e-15
8.152677589416513001e+03 1.447243629171810989e-15
8.158195518016824280e+03 1.290292948345549407e-15
8.163713446617135560e+03 1.220109425941962561e-15
8.169231375217446839e+03 1.086198073966334583e-15
8.174749303817758118e+03 1.115634124800668253e-15
8.180267232418069398e+03 1.063570710475299853e-15
8.185785161018380677e+03 1.068731167235616127e-15
8.191303089618691956e+03 1.100247532392548202e-15
8.196821018219003236e+03 1.018621358353201905e-15
8.202338946819314515e+03 1.002476819820891550e-15
8.207856875419625794e+03 9.088423723516597943e-16
8.213374804019937073e+03 9.085586847362009257e-16
8.218892732620248353e+03 9.746328895922477526e-16
8.224410661220559632e+03 9.860165703801607701e-16
8.229928589820870911e+03 7.995390660655106206e-16
8.235446518421182191e+03 7.994453125689117922e-16
8.240964447021493470e+03 7.623470936478548222e-16
8.246482375621804749e+03 7.492971957069350178e-16
8.252000304222116029e+03 7.845967945400797492e-16
8.257518232822427308e+03 6.984228514694444357e-16
8.263036161422738587e+03 6.986399546299409682e-16
8.268554090023049866e+03 5.768521876247047061e-16
8.274072018623361146e+03 6.031328182113244437e-16
8.279589947223672425e+03 5.088049049487152738e-16
8.285107875823983704e+03 5.177916376441414333e-16
8.290625804424294984e+03 4.468461085259020349e-16
8.296143733024606263e+03 4.640264021703060622e-16
8.301661661624917542e+03 4.413015568223397459e-16
8.307179590225228822e+03 4.440844455810100080e-16
8.312697518825540101e+03 4.366541648955111281e-16
8.318215447425851380e+03 4.247027858751665482e-16
8.323733376026162659e+03 4.582918056045075319e-16
8.329251304626473939e+03 4.810496893930512614e-16
8.334769233226785218e+03 5.134502204372393217e-16
8.340287161827096497e+03 4.915832025102134886e-16
8.345805090427407777e+03 4.366008696456974480e-16
8.351323019027719056e+03 5.230833899056006568e-16
8.356840947628030335e+03 5.471203320038289171e-16
8.362358876228341614e+03 5.020845354479643657e-16
8.367876804828652894e+03 5.512353066921722325e-16
8.373394733428964173e+03 6.877187658670342464e-16
8.378912662029275452e+03 7.596477607665547164e-16
8.384430590629586732e+03 6.762642093183299083e-16
8.389948519229898011e+03 6.205912715309896517e-16
8.395466447830209290e+03 6.392928100202929219e-16
8.400984376430520570e+03 7.139053291841556648e-16
8.406502305030831849e+03 7.906818385199778490e-16
8.412020233631143128e+03 8.202990747464493632e-16
8.417538162231454407e+03 7.637406790657974263e-16
8.423056090831765687e+03 7.763473820150199129e-16
8.428574019432076966e+03 7.603132269429731207e-16
8.434091948032388245e+03 8.207043955034737111e-16
8.439609876632699525e+03 7.913302040733826270e-16
8.445127805233010804e+03 8.764300932809759522e-16
8.450645733833322083e+03 9.598844558896890793e-16
8.456163662433633363e+03 9.504812358134676357e-16
8.461681591033944642e+03 9.067183143954477454e-16
8.467199519634255921e+03 8.720922752338011373e-16
8.472717448234567200e+03 9.218797286052209034e-16
8.478235376834878480e+03 1.011639357626093030e-15
8.483753305435189759e+03 1.164960239723917475e-15
8.489271234035501038e+03 1.196568798741565948e-15
8.494789162635812318e+03 1.211194030438061688e-15
8.500307091236123597e+03 1.304280667339511419e-15
8.505825019836434876e+03 1.348522092429018974e-15
8.511342948436746155e+03 1.494048671135040614e-15
8.516860877037057435e+03 1.547820486611146720e-15
8.522378805637368714e+03 1.776898512952382554e-15
8.527896734237679993e+03 1.741562977893649381e-15
8.533414662837991273e+03 1.864922700981485993e-15
8.538932591438302552e+03 1.914855228175774726e-15
8.544450520038613831e+03 1.962066975188232569e-15
8.549968448638925111e+03 2.189267532157676793e-15
8.555486377239236390e+03 2.467283887033039526e-15
8.561004305839547669e+03 2.657860409761241078e-15
8.566522234439858948e+03 2.638752932197729010e-15
8.572040163040170228e+03 2.460804938092483419e-15
8.577558091640481507e+03 2.341587847851205850e-15
8.583076020240792786e+03 2.375764730336066687e-15
8.588593948841104066e+03 2.536565773781770475e-15
8.594111877441415345e+03 2.785744461199062824e-15
8.599629806041728443e+03 2.852229062550213338e-15
8.605147734642039723e+03 2.957664416477328233e-15
8.610665663242351002e+03 2.771499263855352478e-15
8.616183591842662281e+03 2.580227734155121426e-15
8.621701520442973560e+03 2.692052519460335494e-15
8.627219449043284840e+03 2.865616367872680446e-15
8.632737377643596119e+03 3.148691111029928209e-15
8.638255306243907398e+03 3.373764287741872876e-15
8.643773234844218678e+03 3.318705265089314345e-15
8.649291163444529957e+03 3.093836502192671267e-15
8.654809092044841236e+03 3.024866265761900071e-15
8.660327020645152515e+03 3.153126567820484849e-15
8.665844949245463795e+03 3.221705049557821915e-15
8.671362877845775074e+03 3.640681480020103682e-15
8.676880806446086353e+03 3.880675296384654257e-15
8.682398735046397633e+03 3.649294638393026177e-15
8.687916663646708912e+03 3.557757024466682889e-15
8.693434592247020191e+03 3.424096321665934640e-15
8.698952520847331471e+03 3.433554451999539875e-15
8.704470449447642750e+03 3.705044607427153734e-15
8.709988378047954029e+03 4.056662302155197490e-15
8.715506306648265308e+03 4.155225014439236239e-15
8.721024235248576588e+03 4.173044823395561425e-15
8.726542163848887867e+03 3.790417229884573355e-15
8.732060092449199146e+03 3.489726814727861713e-15
8.737578021049510426e+03 3.610744407694448269e-15
8.743095949649821705e+03 3.914760261867241343e-15
8.748613878250132984e+03 4.008211613621095799e-15
8.754131806850444264e+03 4.004426035876752823e-15
8.759649735450755543e+03 3.751701345552373381e-15
8.765167664051066822e+03 3.389885939309761586e-15
8.770685592651378101e+03 3.148806007282773652e-15
8.776203521251689381e+03 3.242746937045740212e-15
8.781721449852000660e+03 3.283074137502176037e-15
8.787239378452311939e+03 3.446817447882182927e-15
8.792757307052623219e+03 3.557810550431862713e-15
8.798275235652934498e+03 3.334315097686697550e-15
8.803793164253245777e+03 3.216971693085188833e-15
8.809311092853557057e+03 3.069639720488076102e-15
8.814829021453868336e+03 3.081725514281326519e-15
8.820346950054179615e+03 3.262090851717515818e-15
8.825864878654490894e+03 3.318585662242979399e-15
8.831382807254802174e+03 3.220490840723536756e-15
8.836900735855113453e+03 3.084037835977140223e-15
8.842418664455424732e+03 2.813356476340639791e-15
8.847936593055736012e+03 2.470614032642611646e-15
8.853454521656047291e+03 2.737018298516574245e-15
8.858972450256358570e+03 2.790186008875313132e-15
8.864490378856669849e+03 2.703172538726659420e-15
8.870008307456981129e+03 2.464962613580981272e-15
8.875526236057292408e+03 2.025885798901081494e-15
8.881044164657603687e+03 2.031823397304135826e-15
8.886562093257914967e+03 2.123519466544645601e-15
8.892080021858226246e+03 2.155493663276167716e-15
8.897597950458537525e+03 1.965033697951455658e-15
8.903115879058848805e+03 2.057675146480435565e-15
8.908633807659160084e+03 1.959302728231229103e-15
8.914151736259471363e+03 1.736781355766207921e-15
8.919669664859782642e+03 1.945542956020018762e-15
8.925187593460093922e+03 1.964307313689492450e-15
8.930705522060405201e+03 2.040510384594548795e-15
8.936223450660716480e+03 2.140546445213266073e-15
8.941741379261027760e+03 2.118801152713951921e-15
8.947259307861339039e+03 1.864268023055635934e-15
8.952777236461650318e+03 1.960718305437968818e-15
8.958295165061961598e+03 1.962837749086837268e-15
8.963813093662272877e+03 2.039809563595267090e-15
8.969331022262584156e+03 2.247093847210086215e-15
8.974848950862895435e+03 2.096631713083655306e-15
8.980366879463206715e+03 1.760463180771305825e-15
8.985884808063517994e+03 1.757582468696959561e-15
8.991402736663829273e+03 1.782531197926199831e-15
8.996920665264140553e+03 1.781659555269074070e-15
9.002438593864451832e+03 1.892366017046594650e-15
9.007956522464763111e+03 1.885455630369452821e-15
9.013474451065074390e+03 1.636062008516114020e-15
9.018992379665385670e+03 1.675544790728748257e-15
9.024510308265696949e+03 1.598373545856947026e-15
9.030028236866008228e+03 1.566219760283628708e-15
9.035546165466319508e+03 1.657624666730783754e-15
9.041064094066630787e+03 1.701256910964844850e-15
9.046582022666942066e+03 1.467383419574137945e-15
9.052099951267253346e+03 1.561259472175858580e-15
9.057617879867564625e+03 1.420358275150638694e-15
9.063135808467875904e+03 1.518840790773054007e-15
9.068653737068187183e+03 1.500971885586598022e-15
9.074171665668498463e+03 1.360810269742341728e-15
9.079689594268809742e+03 1.249281169251679490e-15
9.085207522869121021e+03 1.165420655310619497e-15
9.090725451469432301e+03 1.204826009446036061e-15
9.096243380069743580e+03 1.378351282248991530e-15
9.101761308670054859e+03 1.400051723680928746e-15
9.107279237270366139e+03 1.320857381897584011e-15
9.112797165870677418e+03 1.289002511153956168e-15
9.118315094470988697e+03 1.272390451001635103e-15
9.123833023071299976e+03 1.246721520682271987e-15
9.129350951671611256e+03 1.364880088819024922e-15
9.134868880271922535e+03 1.448158738604110311e-15
9.140386808872233814e+03 1.303318307400018540e-15
9.145904737472545094e+03 1.225150556714383776e-15
9.151422666072856373e+03 1.284548504847881004e-15
9.156940594673167652e+03 1.392846667336850500e-15
9.162458523273478932e+03 1.555159173295884688e-15
9.167976451873790211e+03 1.428872041343389408e-15
9.173494380474101490e+03 1.232554858849540632e-15
9.179012309074412769e+03 1.306590035878625378e-15
9.184530237674724049e+03 1.385463775587765613e-15
9.190048166275035328e+03 1.549761079707394101e-15
9.195566094875346607e+03 1.575048037664890056e-15
9.201084023475657887e+03 1.288135390518025930e-15
9.206601952075969166e+03 1.371942470780052201e-15
9.212119880676280445e+03 1.544430816436849380e-15
9.217637809276591724e+03 1.706452436460969515e-15
9.223155737876903004e+03 1.753222132829950668e-15
9.228673666477214283e+03 1.934456067480419486e-15
9.234191595077525562e+03 1.717612231056591531e-15
9.239709523677836842e+03 1.840346069496399416e-15
9.245227452278148121e+03 1.928144341037980238e-15
