3.776699999999999818e+03 1.242038396554515550e-15 4.396999999999999910e-33
3.802300000000000182e+03 1.214535331971821201e-15 5.276000000000000139e-33
3.827900000000000091e+03 1.000671501776782650e-15 3.466000000000000332e-33
3.853400000000000091e+03 8.876889124710706292e-16 3.415999999999999748e-33
3.879000000000000000e+03 7.808670096318829414e-16 3.058999999999999982e-33
3.904599999999999909e+03 9.700880939608267254e-16 2.787000000000000046e-33
3.930099999999999909e+03 1.214535331971821201e-15 2.759999999999999963e-33
3.955699999999999818e+03 1.627081300712249265e-15 2.371999999999999848e-33
3.981300000000000182e+03 2.031926411369524971e-15 1.928000000000000119e-33
4.006800000000000182e+03 2.283854482947011391e-15 1.152999999999999956e-32
4.032400000000000091e+03 2.305856934613166398e-15 1.862999999999999907e-33
4.058000000000000000e+03 2.239849579614699406e-15 1.739999999999999947e-33
4.083599999999999909e+03 1.906512436872432599e-15 1.669000000000000020e-33
4.109100000000000364e+03 1.575375539296782555e-15 1.291000000000000057e-33
4.134699999999999818e+03 1.448861442216384365e-15 1.301999999999999932e-33
4.160300000000000182e+03 1.432359603466766927e-15 1.108999999999999941e-33
4.185800000000000182e+03 1.572075171546858988e-15 1.281999999999999972e-33
4.211399999999999636e+03 1.543471984380854877e-15 1.167000000000000030e-33
4.237000000000000000e+03 1.423558622800305003e-15 8.923000000000000521e-34
4.262600000000000364e+03 1.542371861797547481e-15 6.732000000000000208e-34
4.288100000000000364e+03 1.556673455380549143e-15 5.288000000000000252e-33
4.313699999999999818e+03 1.632581913628789003e-15 8.586000000000000030e-34
4.339300000000000182e+03 1.804201036624807559e-15 2.047000000000000155e-33
4.364800000000000182e+03 1.861407410956813021e-15 8.032000000000000179e-34
4.390399999999999636e+03 1.732693068709798463e-15 3.343999999999999755e-33
4.416000000000000000e+03 1.562174068297088683e-15 2.649999999999999840e-33
4.441600000000000364e+03 1.270641583720518873e-15 3.917000000000000184e-33
4.467100000000000364e+03 1.247539009471055485e-15 5.280000000000000063e-34
4.492699999999999818e+03 1.273941951470443426e-15 4.497999999999999948e-34
4.518300000000000182e+03 1.573175294130166581e-15 5.525000000000000087e-34
4.543800000000000182e+03 1.800900668874883598e-15 3.960999999999999686e-33
4.569399999999999636e+03 2.053928863035679189e-15 6.040000000000000085e-34
4.595000000000000000e+03 2.327859386279322587e-15 2.962000000000000039e-33
4.620500000000000000e+03 2.369664044445020571e-15 3.257000000000000134e-33
4.646100000000000364e+03 2.443372257526644260e-15 3.297000000000000054e-33
4.671699999999999818e+03 2.382865515444713653e-15 2.902999999999999883e-33
4.697300000000000182e+03 2.159540631033228978e-15 2.476999999999999981e-33
4.722800000000000182e+03 1.776697972042111434e-15 1.872000000000000162e-33
4.748399999999999636e+03 1.430159358300151939e-15 2.215000000000000025e-33
4.774000000000000000e+03 1.301445016053138564e-15 2.335999999999999852e-33
4.799500000000000000e+03 1.092641749741316556e-15 1.970999999999999896e-33
4.825100000000000364e+03 1.066238807741927630e-15 1.889999999999999989e-33
4.850699999999999818e+03 1.154028589889890791e-15 1.636999999999999947e-33
4.876300000000000182e+03 1.323447467719294162e-15 1.719999999999999987e-33
4.901800000000000182e+03 1.396055558217609865e-15 1.402000000000000074e-33
4.927399999999999636e+03 1.303645261219752961e-15 1.445999999999999918e-33
4.953000000000000000e+03 1.619380442629095329e-15 1.932000000000000042e-33
4.978500000000000000e+03 1.848205939957118361e-15 1.445000000000000023e-33
5.004100000000000364e+03 1.939516114371669053e-15 1.691000000000000113e-33
5.029699999999999818e+03 1.932915378871821526e-15 1.520999999999999939e-33
5.055300000000000182e+03 1.667785836294637487e-15 1.473000000000000001e-33
5.080800000000000182e+03 1.364152003301682187e-15 1.526999999999999996e-33
5.106399999999999636e+03 1.251939499804286447e-15 1.069000000000000021e-33
5.132000000000000000e+03 1.304745383803061342e-15 8.120000000000000550e-34
5.157500000000000000e+03 1.414757642133842685e-15 1.235999999999999995e-33
5.183100000000000364e+03 1.666685713711330880e-15 1.165000000000000069e-33
5.208699999999999818e+03 1.852606430290350703e-15 1.162999999999999936e-33
5.234199999999999818e+03 1.899911701372583888e-15 1.278999999999999944e-33
5.259800000000000182e+03 2.018724940369830311e-15 1.129999999999999967e-33
5.285399999999999636e+03 2.160640753616534993e-15 1.029999999999999996e-33
5.311000000000000000e+03 2.288254973280242156e-15 6.815999999999999630e-34
5.336500000000000000e+03 2.347661592778865564e-15 1.142000000000000080e-33
5.362100000000000364e+03 2.347661592778865564e-15 1.064000000000000031e-33
5.387699999999999818e+03 2.228848353781619931e-15 9.860999999999999195e-34
5.413199999999999818e+03 2.073731069535219404e-15 8.298999999999999440e-34
5.438800000000000182e+03 1.912013049788974506e-15 9.608999999999999219e-34
5.464399999999999636e+03 1.792099688208422069e-15 1.021999999999999978e-33
5.490000000000000000e+03 1.633682036212095807e-15 7.868000000000000574e-34
5.515500000000000000e+03 1.561073945713780104e-15 8.713000000000000256e-34
5.541100000000000364e+03 1.546772352130780810e-15 9.324000000000000815e-34
5.566699999999999818e+03 1.579776029630011544e-15 1.002000000000000018e-33
5.592199999999999818e+03 1.485165487465542216e-15 1.082000000000000029e-33
5.617800000000000182e+03 1.257440112720825988e-15 1.774999999999999877e-33
5.643399999999999636e+03 1.036205461217625699e-15 6.332000000000000152e-34
5.668899999999999636e+03 9.246530312702127795e-16 7.582000000000000222e-34
5.694500000000000000e+03 8.297124523307498719e-16 5.781000000000000157e-34
5.720100000000000364e+03 7.269610030497998623e-16 6.714999999999999592e-34
5.745699999999999818e+03 5.378499309791877645e-16 5.677999999999999645e-34
5.771199999999999818e+03 4.623815217642721835e-16 5.525000000000000087e-34
5.796800000000000182e+03 4.292678320067067058e-16 4.472999999999999998e-34
5.822399999999999636e+03 5.578721619953896763e-16 5.558000000000000226e-34
5.847899999999999636e+03 6.215692595689118673e-16 5.083000000000000319e-34
5.873500000000000000e+03 7.166198507667071513e-16 5.933999999999999715e-34
5.899100000000000364e+03 8.774577724463080266e-16 5.815999999999999916e-34
5.924699999999999818e+03 9.993513546768144459e-16 5.592999999999999985e-34
5.950199999999999818e+03 1.036315473475955314e-15 4.931000000000000144e-34
5.975800000000000182e+03 9.913204598186665354e-16 4.754000000000000018e-34
6.001399999999999636e+03 9.651375423359409812e-16 3.825000000000000060e-34
6.026899999999999636e+03 8.855986795627855526e-16 4.251999999999999686e-34
6.052500000000000000e+03 8.698669266214845928e-16 4.269999999999999685e-34
6.078100000000000364e+03 8.512748549635810919e-16 5.066999999999999941e-34
6.103699999999999818e+03 8.642563014466152397e-16 3.643999999999999840e-34
6.129199999999999818e+03 9.465454706780383678e-16 4.427999999999999575e-34
6.154800000000000182e+03 1.061288256117043858e-15 3.988999999999999664e-34
6.180399999999999636e+03 1.172730673806124795e-15 4.381000000000000387e-34
6.205899999999999636e+03 1.198033493222204749e-15 3.948999999999999573e-34
6.231500000000000000e+03 1.244238641721131327e-15 5.032000000000000182e-34
6.257100000000000364e+03 1.283843054720213336e-15 4.867000000000000340e-34
6.282600000000000364e+03 1.303645261219752961e-15 3.042999999999999945e-34
6.308199999999999818e+03 1.281642809553598151e-15 3.909999999999999719e-34
6.333800000000000182e+03 1.218935822305052754e-15 3.862999999999999676e-34
6.359399999999999636e+03 1.245338764304439511e-15 3.503000000000000139e-34
6.384899999999999636e+03 1.309145874136292698e-15 3.913999999999999814e-34
6.410500000000000000e+03 1.402656293717456209e-15 3.370000000000000199e-34
6.436100000000000364e+03 1.513768674631545933e-15 4.104999999999999843e-34
6.461600000000000364e+03 1.622680810379017515e-15 3.849000000000000200e-34
6.487199999999999818e+03 1.656784610461560772e-15 3.744000000000000068e-34
6.512800000000000182e+03 1.665585591128021907e-15 4.640000000000000314e-34
6.538399999999999636e+03 1.687588042794179477e-15 5.842000000000000104e-34
6.563899999999999636e+03 1.650183874961714034e-15 7.233000000000000303e-34
6.589500000000000000e+03 1.596277868379630955e-15 1.649000000000000103e-34
6.615100000000000364e+03 1.529170390797854398e-15 1.647000000000000056e-34
6.640600000000000364e+03 1.345449919385448972e-15 9.883999999999999525e-35
6.666199999999999818e+03 1.116624422057426925e-15 4.469000000000000224e-35
6.691800000000000182e+03 9.016604692790801903e-16 3.269000000000000161e-34
6.717399999999999636e+03 7.404925108244867217e-16 3.191999999999999836e-34
6.742899999999999636e+03 6.486322751182842055e-16 2.520999999999999995e-34
6.768500000000000000e+03 5.769042826866143998e-16 3.886000000000000221e-35
6.794100000000000364e+03 5.355396735542420765e-16 2.664000000000000172e-34
6.819600000000000364e+03 5.145273322130616945e-16 2.981000000000000189e-34
6.845199999999999818e+03 5.097968051048382380e-16 2.970000000000000142e-34
6.870800000000000182e+03 5.008858121800453184e-16 2.649999999999999840e-34
6.896300000000000182e+03 4.819637037471515908e-16 2.804999999999999873e-34
6.921899999999999636e+03 4.868042431137060432e-16 2.476000000000000000e-34
6.947500000000000000e+03 5.144173199547312903e-16 2.999000000000000187e-34
6.973100000000000364e+03 5.395001148541493505e-16 2.802000000000000016e-34
6.998600000000000364e+03 5.745940252616688104e-16 2.793999999999999827e-34
7.024199999999999818e+03 6.058375066276107103e-16 2.179999999999999838e-34
7.049800000000000182e+03 6.461019931766765257e-16 2.266999999999999972e-34
7.075300000000000182e+03 6.741551190510256578e-16 2.280000000000000066e-34
7.100899999999999636e+03 6.840562223007954698e-16 2.584999999999999799e-34
7.126500000000000000e+03 6.942873623255585655e-16 2.748999999999999831e-34
7.152100000000000364e+03 7.121093481751447005e-16 2.480999999999999904e-34
7.177600000000000364e+03 7.586445334490648584e-16 2.291000000000000112e-34
7.203199999999999818e+03 8.128805768061399391e-16 3.015999999999999948e-34
7.228800000000000182e+03 9.153019893120968623e-16 3.341000000000000154e-34
7.254300000000000182e+03 1.029274688942784986e-15 3.595000000000000177e-34
7.279899999999999636e+03 1.159529202806430923e-15 2.849000000000000059e-34
7.305500000000000000e+03 1.336648938718988626e-15 3.418999999999999862e-34
7.331100000000000364e+03 1.481865119715618650e-15 2.712999999999999834e-34
7.356600000000000364e+03 1.542371861797547481e-15 2.705000000000000073e-34
7.382199999999999818e+03 1.476364506799078912e-15 2.835000000000000155e-34
7.407800000000000182e+03 1.371852861384837504e-15 3.879999999999999865e-35
7.433300000000000182e+03 1.226636680388205902e-15 4.217999999999999951e-35
7.458899999999999636e+03 1.111123809140887977e-15 3.006000000000000139e-34
7.484500000000000000e+03 1.048306809634010006e-15 2.936000000000000193e-34
7.510000000000000000e+03 9.913204598186665354e-16 2.246000000000000117e-34
7.535600000000000364e+03 9.521560958529081153e-16 2.417000000000000100e-34
7.561199999999999818e+03 8.844985569794779600e-16 2.810999999999999908e-35
7.586800000000000182e+03 7.861475980317599970e-16 2.485999999999999809e-34
7.612300000000000182e+03 6.909869945756349003e-16 3.516000000000000019e-35
7.637899999999999636e+03 6.315803750770132669e-16 3.665999999999999933e-34
7.663500000000000000e+03 6.520426551265386693e-16 3.267999999999999924e-34
7.689000000000000000e+03 7.007780855670741109e-16 3.634000000000000031e-34
7.714600000000000364e+03 7.576544231240878673e-16 3.539999999999999945e-34
7.740199999999999818e+03 8.536951246468603396e-16 2.855000000000000201e-34
7.765800000000000182e+03 1.024654174092893019e-15 2.458000000000000001e-34
7.791300000000000182e+03 1.209034719055282252e-15 2.822999999999999871e-34
7.816899999999999636e+03 1.347650164552066326e-15 2.851000000000000106e-34
7.842500000000000000e+03 1.426858990550229161e-15 2.692999999999999789e-34
7.868000000000000000e+03 1.369652616218221924e-15 2.788000000000000112e-34
7.893600000000000364e+03 1.277242319220366401e-15 3.463999999999999857e-34
7.919199999999999818e+03 1.215635454555128990e-15 3.452000000000000001e-34
7.944699999999999818e+03 1.139726996306889327e-15 3.670000000000000028e-34
7.970300000000000182e+03 1.046106564467396596e-15 3.544000000000000040e-34
7.995899999999999636e+03 8.775677847046387267e-16 2.637999999999999984e-34
8.021500000000000000e+03 7.290512359580852348e-16 3.042999999999999945e-35
8.047000000000000000e+03 6.297101666853899849e-16 2.821999999999999848e-35
8.072600000000000364e+03 5.767942704282841927e-16 1.735000000000000000e-34
8.098199999999999818e+03 5.554518923121124007e-16 2.206999999999999835e-34
8.123699999999999818e+03 5.315792322543333234e-16 2.129999999999999938e-34
8.149300000000000182e+03 5.028660328300001880e-16 2.065999999999999920e-35
8.174899999999999636e+03 4.817436792304897962e-16 1.837000000000000061e-34
8.200500000000000000e+03 5.174976631879936538e-16 2.181999999999999885e-34
8.226000000000000000e+03 5.657930445952064923e-16 2.325999999999999872e-34
8.251600000000000364e+03 5.868053859363856910e-16 2.862000000000000153e-34
8.277200000000000728e+03 5.945062440195401207e-16 3.359000000000000152e-34
8.302700000000000728e+03 5.620526278119606184e-16 4.532000000000000325e-34
8.328299999999999272e+03 4.872442921470287450e-16 3.481999999999999856e-34
8.353899999999999636e+03 3.981343628990962949e-16 5.922000000000000500e-35
8.379500000000000000e+03 3.561096802167375524e-16 4.421999999999999860e-34
8.405000000000000000e+03 4.040750248489581920e-16 3.098999999999999987e-34
8.430600000000000364e+03 4.826237772971354955e-16 2.608000000000000130e-34
8.456200000000000728e+03 5.586422478037048727e-16 2.856000000000000011e-34
8.481700000000000728e+03 7.074888333252524371e-16 2.523000000000000043e-34
8.507299999999999272e+03 9.040807389623567756e-16 3.081999999999999799e-34
8.532899999999999636e+03 1.106723318807656226e-15 2.451000000000000050e-34
8.558399999999999636e+03 1.335548816135680441e-15 2.984000000000000046e-34
8.584000000000000000e+03 1.519269287548082910e-15 4.695999999999999929e-34
8.609600000000000364e+03 1.607279094212708852e-15 6.415999999999999574e-34
8.635200000000000728e+03 1.612779707129247801e-15 5.908000000000000383e-34
8.660700000000000728e+03 1.618280320045788328e-15 4.875999999999999912e-34
8.686299999999999272e+03 1.620480565212402132e-15 3.739000000000000163e-34
8.711899999999999636e+03 1.621580687795710119e-15 3.236999999999999832e-34
8.737399999999999636e+03 1.565474436047012644e-15 9.897000000000000475e-35
8.763000000000000000e+03 1.492866345548697139e-15 1.840999999999999942e-34
8.788600000000000364e+03 1.389454822717761351e-15 1.556000000000000041e-33
8.814200000000000728e+03 1.253039622387594829e-15 1.257999999999999917e-33
8.839700000000000728e+03 1.113324054307503359e-15 8.289000000000000486e-34
8.865299999999999272e+03 9.836196017355127959e-16 6.250000000000000350e-34
8.890899999999999636e+03 8.734973311463999638e-16 6.429000000000000095e-35
8.916399999999999636e+03 7.836173160901525144e-16 6.049999999999999894e-35
8.942000000000000000e+03 7.129894462417906956e-16 5.898999999999999956e-34
8.967600000000000364e+03 6.463220176933377287e-16 4.938000000000000096e-34
8.993200000000000728e+03 6.202491124689426773e-16 6.033000000000000133e-35
9.018700000000000728e+03 5.729438413867070271e-16 4.068999999999999847e-34
9.044299999999999272e+03 5.637028116869217114e-16 4.391000000000000196e-34
9.069899999999999636e+03 5.475310097122962750e-16 4.075000000000000416e-34
9.095399999999999636e+03 5.567720394120822809e-16 5.125999999999999626e-35
9.121000000000000000e+03 6.025371388776868479e-16 5.353000000000000293e-34
9.146600000000000364e+03 6.565531577181005285e-16 4.791000000000000252e-34
9.172100000000000364e+03 6.809758790675338951e-16 4.096999999999999654e-34
9.197700000000000728e+03 7.393923882411788333e-16 5.005999999999999994e-34
9.223299999999999272e+03 8.280622684557875956e-16 6.336000000000000247e-34
