3.776699999999999818e+03 1.753695135106060344e-15 5.711000000000000434e-32
3.802300000000000182e+03 1.415409481063344222e-15 5.490000000000000396e-32
3.827900000000000091e+03 8.862340650965236042e-16 2.745000000000000198e-32
3.853400000000000091e+03 1.122662280449454455e-15 4.116999999999999922e-32
3.879000000000000000e+03 1.326191286590539149e-15 2.377000000000000112e-32
3.904599999999999909e+03 2.014844225177497102e-15 1.768000000000000083e-31
3.930099999999999909e+03 2.728589780959930195e-15 1.530000000000000092e-31
3.955699999999999818e+03 3.319660319342263091e-15 1.306000000000000102e-31
3.981300000000000182e+03 3.855898842371512714e-15 1.708999999999999913e-31
4.006800000000000182e+03 4.113330507673248480e-15 1.187999999999999982e-31
4.032400000000000091e+03 3.933035406342790106e-15 1.240000000000000042e-31
4.058000000000000000e+03 3.278768646875559870e-15 2.013999999999999947e-32
4.083599999999999909e+03 2.680263258953832878e-15 1.270999999999999994e-32
4.109100000000000364e+03 2.479522321390019935e-15 8.350999999999999542e-32
4.134699999999999818e+03 2.531566268165824752e-15 1.105000000000000052e-32
4.160300000000000182e+03 2.483239746159721519e-15 7.117000000000000500e-32
4.185800000000000182e+03 2.567811159670400500e-15 8.873000000000000278e-33
4.211399999999999636e+03 2.361494084952038534e-15 4.900999999999999999e-32
4.237000000000000000e+03 2.540859830090075358e-15 3.949999999999999913e-32
4.262600000000000364e+03 2.684910039915953646e-15 3.338999999999999970e-32
4.288100000000000364e+03 2.649594504603803392e-15 3.288000000000000003e-32
4.313699999999999818e+03 2.654241285565928892e-15 2.755000000000000041e-32
4.339300000000000182e+03 2.867063853631265376e-15 2.953999999999999986e-32
4.364800000000000182e+03 2.938624280447994139e-15 2.519999999999999895e-32
4.390399999999999636e+03 2.636583517909852385e-15 2.651000000000000249e-32
4.416000000000000000e+03 2.092910145341201172e-15 1.689000000000000117e-32
4.441600000000000364e+03 1.939566373591070700e-15 1.550000000000000053e-32
4.467100000000000364e+03 2.034360705218424993e-15 1.577999999999999997e-32
4.492699999999999818e+03 2.286216233365612526e-15 1.573000000000000075e-32
4.518300000000000182e+03 2.895873895596439140e-15 1.570999999999999942e-32
4.543800000000000182e+03 3.145870711358777656e-15 1.711999999999999866e-32
4.569399999999999636e+03 3.657016617192553915e-15 1.716000000000000132e-32
4.595000000000000000e+03 4.322435650968882986e-15 2.189999999999999869e-32
4.620500000000000000e+03 4.689531346976778197e-15 1.658000000000000111e-32
4.646100000000000364e+03 4.717412032749528833e-15 1.842000000000000017e-32
4.671699999999999818e+03 4.760162417601075549e-15 2.211999999999999962e-32
4.697300000000000182e+03 4.599383796311545460e-15 1.520999999999999905e-32
4.722800000000000182e+03 3.807572320365412242e-15 1.495000000000000094e-32
4.748399999999999636e+03 3.071522215964773987e-15 1.029999999999999996e-32
4.774000000000000000e+03 2.800150207776655802e-15 8.917000000000000464e-33
4.799500000000000000e+03 2.459076485156668916e-15 8.076000000000000022e-33
4.825100000000000364e+03 2.268558465709534440e-15 8.669999999999999794e-33
4.850699999999999818e+03 2.411679319342993939e-15 9.644999999999999558e-33
4.876300000000000182e+03 2.880074840325217566e-15 8.729999999999999674e-33
4.901800000000000182e+03 2.637512874102279063e-15 6.882999999999999462e-33
4.927399999999999636e+03 2.775986946773609116e-15 8.614000000000000180e-33
4.953000000000000000e+03 3.540847093139421136e-15 8.273000000000000108e-33
4.978500000000000000e+03 4.024112313200446760e-15 8.335999999999999503e-33
5.004100000000000364e+03 3.956269311153417214e-15 6.773000000000000366e-33
5.029699999999999818e+03 3.517613188328794423e-15 6.230999999999999943e-33
5.055300000000000182e+03 2.902379388943414052e-15 5.357000000000000046e-33
5.080800000000000182e+03 2.650523860796228886e-15 4.833000000000000134e-33
5.106399999999999636e+03 2.761117247694808698e-15 4.730000000000000135e-33
5.132000000000000000e+03 2.826172181164560972e-15 4.843000000000000114e-33
5.157500000000000000e+03 2.879145484132789311e-15 3.694999999999999807e-33
5.183100000000000364e+03 3.028771831113222538e-15 5.364999999999999893e-33
5.208699999999999818e+03 3.185833027633049466e-15 4.090000000000000044e-33
5.234199999999999818e+03 3.476721515862091202e-15 4.948000000000000247e-33
5.259800000000000182e+03 3.873556610027590010e-15 5.977000000000000176e-33
5.285399999999999636e+03 4.269462348000653464e-15 5.039000000000000134e-33
5.311000000000000000e+03 4.444181312176564393e-15 5.202000000000000013e-33
5.336500000000000000e+03 4.704401046055575065e-15 5.720000000000000211e-33
5.362100000000000364e+03 4.802912802452632520e-15 6.448999999999999371e-33
5.387699999999999818e+03 4.741575293752580647e-15 5.395999999999999900e-33
5.413199999999999818e+03 4.507377533261468833e-15 4.607000000000000175e-33
5.438800000000000182e+03 4.423735475943217713e-15 5.218999999999999774e-33
5.464399999999999636e+03 4.505518820876615478e-15 5.000999999999999662e-33
5.490000000000000000e+03 4.525035300917544552e-15 4.946000000000000114e-33
5.515500000000000000e+03 4.481355559873562875e-15 5.707000000000000031e-33
5.541100000000000364e+03 4.499013327529642538e-15 5.020000000000000240e-33
5.566699999999999818e+03 4.349386980549204972e-15 1.840000000000000089e-33
5.592199999999999818e+03 4.127270850559630109e-15 1.935999999999999966e-33
5.617800000000000182e+03 3.889355665298813162e-15 1.729000000000000037e-32
5.643399999999999636e+03 3.526906750253046607e-15 3.541999999999999907e-33
5.668899999999999636e+03 3.215572425790655430e-15 2.308000000000000044e-33
5.694500000000000000e+03 2.900520676558566218e-15 2.910000000000000005e-33
5.720100000000000364e+03 2.537142405320374169e-15 2.088000000000000141e-33
5.745699999999999818e+03 2.144954092117003227e-15 1.722999999999999844e-33
5.771199999999999818e+03 1.960941566016842480e-15 1.737000000000000090e-33
5.796800000000000182e+03 2.080828514839675659e-15 2.521000000000000166e-33
5.822399999999999636e+03 2.289933658135310165e-15 1.504000000000000008e-33
5.847899999999999636e+03 2.606844119752249971e-15 1.925999999999999986e-33
5.873500000000000000e+03 2.802008920161510736e-15 1.892999999999999847e-33
5.899100000000000364e+03 3.000891145340467168e-15 1.944999999999999880e-33
5.924699999999999818e+03 3.126354231317852131e-15 2.824000000000000109e-33
5.950199999999999818e+03 3.207208220058831895e-15 2.670999999999999867e-33
5.975800000000000182e+03 3.231371481061887653e-15 2.373999999999999981e-33
6.001399999999999636e+03 3.162599122822433402e-15 2.036999999999999833e-33
6.026899999999999636e+03 2.984162733876822072e-15 2.119000000000000148e-33
6.052500000000000000e+03 2.820596044010015104e-15 1.873999999999999953e-33
6.078100000000000364e+03 2.787139221082710318e-15 1.682999999999999924e-33
6.103699999999999818e+03 2.771340165811481249e-15 1.978000000000000019e-33
6.129199999999999818e+03 2.835465743088811184e-15 1.643000000000000004e-33
6.154800000000000182e+03 3.038994749229895089e-15 1.829000000000000043e-33
6.180399999999999636e+03 3.236018262024009209e-15 2.372999999999999915e-33
6.205899999999999636e+03 3.189550452402751838e-15 1.770999999999999953e-33
6.231500000000000000e+03 2.913531663252512887e-15 1.688999999999999980e-33
6.257100000000000364e+03 2.693274245647781913e-15 1.826999999999999910e-33
6.282600000000000364e+03 2.545506611052198492e-15 1.481999999999999915e-33
6.308199999999999818e+03 2.523202062433996879e-15 1.371999999999999963e-33
6.333800000000000182e+03 2.698850382802329753e-15 2.000000000000000112e-33
6.359399999999999636e+03 3.027842474920795465e-15 1.568000000000000153e-33
6.384899999999999636e+03 3.387503321389289087e-15 1.903999999999999893e-33
6.410500000000000000e+03 3.773186141245683933e-15 1.746000000000000003e-33
6.436100000000000364e+03 4.121694713405069254e-15 2.062999999999999849e-33
6.461600000000000364e+03 4.272250416577930736e-15 2.373999999999999981e-33
6.487199999999999818e+03 4.290837540426431949e-15 2.148000000000000022e-33
6.512800000000000182e+03 4.335446637662835176e-15 2.773000000000000142e-33
6.538399999999999636e+03 4.341022774817384199e-15 2.191000000000000141e-33
6.563899999999999636e+03 4.351245692934059906e-15 2.968000000000000095e-33
6.589500000000000000e+03 4.238793593650631866e-15 3.939000000000000277e-33
6.615100000000000364e+03 3.997160983620123984e-15 9.959999999999999613e-34
6.640600000000000364e+03 3.743446743088083097e-15 6.491999999999999661e-34
6.666199999999999818e+03 3.435829843395393897e-15 3.362999999999999819e-34
6.691800000000000182e+03 3.129142299895131770e-15 1.286999999999999962e-33
6.717399999999999636e+03 2.894944539404017984e-15 1.334000000000000005e-33
6.742899999999999636e+03 2.757399822925108692e-15 1.433999999999999976e-33
6.768500000000000000e+03 2.608702832137102932e-15 1.255000000000000060e-33
6.794100000000000364e+03 2.568740515862825206e-15 1.373000000000000030e-33
6.819600000000000364e+03 2.508332363355196066e-15 1.088000000000000086e-33
6.845199999999999818e+03 2.429337086999067685e-15 1.252000000000000032e-33
6.870800000000000182e+03 2.304803357214111372e-15 1.175999999999999944e-33
6.896300000000000182e+03 2.194209970315531955e-15 1.003000000000000084e-33
6.921899999999999636e+03 2.160753147388230718e-15 8.065999999999999700e-34
6.947500000000000000e+03 2.184916408391282531e-15 9.422000000000000140e-34
6.973100000000000364e+03 2.251830054245884611e-15 1.137999999999999986e-33
6.998600000000000364e+03 2.340118892526260837e-15 1.093000000000000076e-33
7.024199999999999818e+03 2.403315113611165671e-15 8.212000000000000161e-34
7.049800000000000182e+03 2.484169102352145041e-15 1.098000000000000066e-33
7.075300000000000182e+03 2.539930473897646314e-15 1.069000000000000021e-33
7.100899999999999636e+03 2.549224035821898103e-15 8.118999999999999457e-34
7.126500000000000000e+03 2.512979144317321961e-15 1.013000000000000064e-33
7.152100000000000364e+03 2.462793909926367739e-15 1.178999999999999972e-33
7.177600000000000364e+03 2.439560005115742209e-15 1.268000000000000068e-33
7.203199999999999818e+03 2.522272706241572962e-15 1.267000000000000002e-33
7.228800000000000182e+03 2.703497163764455648e-15 1.980999999999999876e-33
7.254300000000000182e+03 2.895873895596439140e-15 1.628000000000000034e-33
7.279899999999999636e+03 3.081745134081448116e-15 1.479999999999999953e-33
7.305500000000000000e+03 3.328953881266514486e-15 1.660000000000000107e-33
7.331100000000000364e+03 3.605902026609177749e-15 1.640999999999999871e-33
7.356600000000000364e+03 3.661663398154676655e-15 1.667999999999999954e-33
7.382199999999999818e+03 3.558504860795504349e-15 1.688999999999999980e-33
7.407800000000000182e+03 3.430253706240842508e-15 1.330000000000000081e-33
7.433300000000000182e+03 3.315942894572559140e-15 1.196999999999999971e-33
7.458899999999999636e+03 3.253676029680084139e-15 1.291999999999999952e-33
7.484500000000000000e+03 3.150517492320901973e-15 1.056000000000000013e-33
7.510000000000000000e+03 3.171892684746679275e-15 1.219999999999999959e-33
7.535600000000000364e+03 3.005537926302595824e-15 1.409999999999999922e-33
7.561199999999999818e+03 2.802938276353933075e-15 2.588000000000000084e-34
7.586800000000000182e+03 2.498109445238521148e-15 2.168999999999999792e-34
7.612300000000000182e+03 2.041795554757821061e-15 2.370999999999999867e-34
7.637899999999999636e+03 1.858712384850088569e-15 8.913999999999999239e-34
7.663500000000000000e+03 1.930272811666819305e-15 1.693999999999999970e-33
7.689000000000000000e+03 2.098486282495753745e-15 1.969000000000000105e-33
7.714600000000000364e+03 2.269487821901960329e-15 1.706000000000000083e-33
7.740199999999999818e+03 2.469299403273345017e-15 1.641999999999999937e-33
7.765800000000000182e+03 2.794574070622113485e-15 1.471000000000000039e-33
7.791300000000000182e+03 3.155164273283029445e-15 1.774999999999999877e-33
7.816899999999999636e+03 3.457205035821163311e-15 1.651999999999999917e-33
7.842500000000000000e+03 3.739729318318384274e-15 1.702999999999999884e-33
7.868000000000000000e+03 3.924671200610964599e-15 1.942000000000000022e-33
7.893600000000000364e+03 4.058498492320172702e-15 2.428000000000000147e-33
7.919199999999999818e+03 4.129129562944476365e-15 2.571000000000000067e-33
7.944699999999999818e+03 4.010171970314067497e-15 2.275999999999999971e-33
7.970300000000000182e+03 3.782479703169934934e-15 2.191999999999999865e-33
7.995899999999999636e+03 3.418172075739318179e-15 3.995999999999999616e-34
8.021500000000000000e+03 3.067804791195075558e-15 1.499000000000000018e-33
8.047000000000000000e+03 2.759258535309960076e-15 1.080999999999999963e-33
8.072600000000000364e+03 2.565952447285553061e-15 9.120000000000000264e-34
8.098199999999999818e+03 2.441418717500592409e-15 9.975000000000000610e-34
8.123699999999999818e+03 2.348483098258087921e-15 8.773000000000000820e-34
8.149300000000000182e+03 2.205362244624634339e-15 8.885999999999999431e-34
8.174899999999999636e+03 2.179340271236731931e-15 9.705999999999999162e-34
8.200500000000000000e+03 2.161682503580655423e-15 1.185999999999999924e-33
8.226000000000000000e+03 2.107779844420001984e-15 1.049000000000000061e-33
8.251600000000000364e+03 2.012985512792649269e-15 1.370000000000000001e-33
8.277200000000000728e+03 1.871723371544041548e-15 2.229999999999999995e-33
8.302700000000000728e+03 1.653324666324154661e-15 6.242000000000000161e-34
8.328299999999999272e+03 1.420056262025468539e-15 6.661999999999999835e-34
8.353899999999999636e+03 1.304816094164763227e-15 2.871999999999999876e-33
8.379500000000000000e+03 1.302028025587487335e-15 2.306999999999999978e-33
8.405000000000000000e+03 1.406115919139094010e-15 1.613000000000000064e-33
8.430600000000000364e+03 1.540872567040724058e-15 1.036000000000000053e-33
8.456200000000000728e+03 1.687710845443880209e-15 1.087000000000000019e-33
8.481700000000000728e+03 1.850348179118263852e-15 1.175000000000000049e-33
8.507299999999999272e+03 2.088263364379077249e-15 1.101999999999999989e-33
8.532899999999999636e+03 2.386586702147514658e-15 1.116999999999999959e-33
8.558399999999999636e+03 2.681192615146253640e-15 1.285000000000000000e-33
8.584000000000000000e+03 2.931189430908590577e-15 2.417000000000000100e-33
8.609600000000000364e+03 3.098473545545101101e-15 3.255000000000000001e-33
8.635200000000000728e+03 3.247170536333109227e-15 3.093000000000000187e-33
8.660700000000000728e+03 3.337318086998335259e-15 2.820999999999999910e-33
8.686299999999999272e+03 3.447911473896919410e-15 1.891000000000000056e-33
8.711899999999999636e+03 3.499026064480296760e-15 1.989000000000000065e-33
8.737399999999999636e+03 3.423748212893865624e-15 5.218999999999999774e-33
8.763000000000000000e+03 3.347541005115010177e-15 9.717999999999999617e-33
8.788600000000000364e+03 3.217431138175508391e-15 1.138999999999999984e-32
8.814200000000000728e+03 3.054793804501118635e-15 9.679999999999999830e-33
8.839700000000000728e+03 2.855911579322167330e-15 8.007999999999999611e-33
8.865299999999999272e+03 2.686768752300804635e-15 1.159000000000000012e-33
8.890899999999999636e+03 2.533424980550672980e-15 3.124000000000000194e-33
8.916399999999999636e+03 2.417255456497541778e-15 3.989999999999999902e-34
8.942000000000000000e+03 2.399597688841465271e-15 4.308000000000000156e-34
8.967600000000000364e+03 2.381939921185392313e-15 6.081000000000000242e-33
8.993200000000000728e+03 2.276922671441361130e-15 3.077000000000000151e-33
9.018700000000000728e+03 2.059453322413900724e-15 2.438999999999999851e-33
9.044299999999999272e+03 1.925626030704694987e-15 2.128000000000000062e-33
9.069899999999999636e+03 1.890310495392540789e-15 2.042999999999999889e-33
9.095399999999999636e+03 1.991610320366875122e-15 1.726000000000000043e-33
9.121000000000000000e+03 2.195139326507956266e-15 2.521000000000000166e-33
9.146600000000000364e+03 2.429337086999067685e-15 3.010999999999999872e-33
9.172100000000000364e+03 2.595691845443153503e-15 3.546000000000000172e-33
9.197700000000000728e+03 2.661676135105327327e-15 3.165000000000000181e-33
9.223299999999999272e+03 2.744388836231158869e-15 3.610999999999999701e-33
