3.776699999999999818e+03 1.741289897043572929e-15 1.958999999999999989e-32
3.802300000000000182e+03 1.282372708730598829e-15 1.146000000000000038e-32
3.827900000000000091e+03 7.455929640457575724e-16 1.484000000000000047e-32
3.853400000000000091e+03 8.016304099194496073e-16 8.826999999999999960e-33
3.879000000000000000e+03 1.004662924337606421e-15 7.932000000000000036e-33
3.904599999999999909e+03 1.823871396225856654e-15 4.936000000000000544e-32
3.930099999999999909e+03 2.943440577997096612e-15 5.257000000000000109e-32
3.955699999999999818e+03 3.580497857403281407e-15 4.159000000000000249e-32
3.981300000000000182e+03 3.937957775292307876e-15 4.939000000000000060e-32
4.006800000000000182e+03 4.398054699307885476e-15 4.627999999999999791e-32
4.032400000000000091e+03 4.575015054698492670e-15 3.663999999999999800e-32
4.058000000000000000e+03 3.644203585343900438e-15 3.404000000000000045e-32
4.083599999999999909e+03 3.202982432569986743e-15 2.659000000000000233e-32
4.109100000000000364e+03 2.794793879468987247e-15 2.521999999999999754e-32
4.134699999999999818e+03 2.847881986086168459e-15 1.768999999999999957e-32
4.160300000000000182e+03 2.767659958309093313e-15 2.176000000000000034e-32
4.185800000000000182e+03 2.715751587394515208e-15 1.962999999999999981e-32
4.211399999999999636e+03 2.681539252018998296e-15 1.644000000000000002e-32
4.237000000000000000e+03 2.764120751201281233e-15 1.287999999999999891e-32
4.262600000000000364e+03 2.849061721788772749e-15 1.344000000000000053e-32
4.288100000000000364e+03 2.898610621298142669e-15 1.290000000000000024e-32
4.313699999999999818e+03 2.870296964435645628e-15 1.097000000000000068e-32
4.339300000000000182e+03 3.125119876198119388e-15 9.225000000000000397e-33
4.364800000000000182e+03 3.043718112718440741e-15 1.059000000000000007e-32
4.390399999999999636e+03 2.720470530204931973e-15 9.420000000000000349e-33
4.416000000000000000e+03 2.234419420732064335e-15 8.443999999999999835e-33
4.441600000000000364e+03 2.053919858233645060e-15 7.661999999999999891e-33
4.467100000000000364e+03 2.161275807170612956e-15 8.791000000000000305e-33
4.492699999999999818e+03 2.575363038784634295e-15 7.438999999999999447e-33
4.518300000000000182e+03 3.035459962800212290e-15 8.204000000000000314e-33
4.543800000000000182e+03 3.497916358220998076e-15 7.384999999999999965e-33
4.569399999999999636e+03 4.029977160095423553e-15 7.247999999999999760e-33
4.595000000000000000e+03 4.670573646609420429e-15 8.009999999999999744e-33
4.620500000000000000e+03 5.016236207472406365e-15 7.921999999999999372e-33
4.646100000000000364e+03 5.108255592275521254e-15 8.202000000000000181e-33
4.671699999999999818e+03 5.268699647829672335e-15 7.546999999999999779e-33
4.697300000000000182e+03 4.932474972587518350e-15 6.753000000000000406e-33
4.722800000000000182e+03 4.079526059604794262e-15 6.000999999999999718e-33
4.748399999999999636e+03 3.365785959529345219e-15 5.447999999999999933e-33
4.774000000000000000e+03 2.950518992212720379e-15 5.055999999999999894e-33
4.799500000000000000e+03 2.609575374160151602e-15 5.114000000000000326e-33
4.825100000000000364e+03 2.434974490174752987e-15 5.050000000000000180e-33
4.850699999999999818e+03 2.720470530204931973e-15 4.327000000000000050e-33
4.876300000000000182e+03 2.962316349238760911e-15 4.540999999999999896e-33
4.901800000000000182e+03 2.816029122115859338e-15 4.121000000000000051e-33
4.927399999999999636e+03 3.161691682978845274e-15 3.736999999999999860e-33
4.953000000000000000e+03 3.880150725864708716e-15 5.143000000000000200e-33
4.978500000000000000e+03 4.324911085746435281e-15 5.151000000000000047e-33
5.004100000000000364e+03 4.198679365567800718e-15 3.929000000000000297e-33
5.029699999999999818e+03 3.785771869656385247e-15 2.957000000000000048e-33
5.055300000000000182e+03 3.081469655201769340e-15 2.897000000000000168e-33
5.080800000000000182e+03 2.885633528569498635e-15 3.015999999999999862e-33
5.106399999999999636e+03 2.950518992212720379e-15 2.804999999999999873e-33
5.132000000000000000e+03 3.072031769580938176e-15 3.105000000000000300e-33
5.157500000000000000e+03 3.083829126606977920e-15 2.579999999999999980e-33
5.183100000000000364e+03 3.361067016718929243e-15 2.197999999999999922e-33
5.208699999999999818e+03 3.473141908466314299e-15 2.259999999999999935e-33
5.234199999999999818e+03 3.812905790816279970e-15 2.757999999999999830e-33
5.259800000000000182e+03 4.314293464422999038e-15 3.015999999999999862e-33
5.285399999999999636e+03 4.722482017523998928e-15 2.555000000000000030e-33
5.311000000000000000e+03 5.057526957063547834e-15 3.582999999999999893e-33
5.336500000000000000e+03 5.291114626179148320e-15 2.949999999999999926e-33
5.362100000000000364e+03 5.507006259755689981e-15 4.221999999999999917e-33
5.387699999999999818e+03 5.413807139249971591e-15 3.626000000000000013e-33
5.413199999999999818e+03 5.175500527323952367e-15 2.707999999999999930e-33
5.438800000000000182e+03 5.037471450119280428e-15 3.363999999999999715e-33
5.464399999999999636e+03 5.124771892111978157e-15 3.211999999999999881e-33
5.490000000000000000e+03 5.111794799383333335e-15 3.321999999999999662e-33
5.515500000000000000e+03 5.084660878223440979e-15 2.581000000000000047e-33
5.541100000000000364e+03 5.070504049792191867e-15 2.700000000000000083e-33
5.566699999999999818e+03 5.082301406818233188e-15 3.083000000000000207e-33
5.592199999999999818e+03 4.901801844319814702e-15 4.164000000000000170e-33
5.617800000000000182e+03 4.354404478311537006e-15 5.971999999999999844e-33
5.643399999999999636e+03 3.869533104541272473e-15 1.940999999999999956e-33
5.668899999999999636e+03 3.551004464838180076e-15 1.522000000000000006e-33
5.694500000000000000e+03 3.218318996703839750e-15 1.517000000000000016e-33
5.720100000000000364e+03 2.742885508554408748e-15 1.654000000000000050e-33
5.745699999999999818e+03 2.265092548999769955e-15 1.070999999999999983e-33
5.771199999999999818e+03 2.031504879884167891e-15 1.242999999999999947e-33
5.796800000000000182e+03 2.156556864360197769e-15 1.059000000000000041e-33
5.822399999999999636e+03 2.360651140910697714e-15 1.481999999999999915e-33
5.847899999999999636e+03 2.682718987721601797e-15 1.386000000000000038e-33
5.873500000000000000e+03 2.962316349238760911e-15 1.427000000000000024e-33
5.899100000000000364e+03 3.232475825135087679e-15 1.463000000000000021e-33
5.924699999999999818e+03 3.422413273254340089e-15 1.320999999999999997e-33
5.950199999999999818e+03 3.541566579217348518e-15 1.640000000000000147e-33
5.975800000000000182e+03 3.574599178890260746e-15 1.427000000000000024e-33
6.001399999999999636e+03 3.576958650295470115e-15 1.448000000000000051e-33
6.026899999999999636e+03 3.315057324317371404e-15 1.219000000000000063e-33
6.052500000000000000e+03 3.154613268763221507e-15 1.327999999999999948e-33
6.078100000000000364e+03 3.097985955038227032e-15 8.608000000000000123e-34
6.103699999999999818e+03 3.074391240986145967e-15 8.813999999999999438e-34
6.129199999999999818e+03 3.110963047766871459e-15 1.095999999999999933e-33
6.154800000000000182e+03 3.370504902339761590e-15 9.920000000000000377e-34
6.180399999999999636e+03 3.635945435425671987e-15 1.283999999999999934e-33
6.205899999999999636e+03 3.673696977909000585e-15 2.291999999999999922e-34
6.231500000000000000e+03 3.508533979544434712e-15 1.916000000000000006e-34
6.257100000000000364e+03 3.356348073908512478e-15 1.193999999999999942e-33
6.282600000000000364e+03 3.206521639677798429e-15 1.129000000000000072e-33
6.308199999999999818e+03 3.103884633551246903e-15 1.276999999999999982e-33
6.333800000000000182e+03 3.145175383142387977e-15 1.123000000000000016e-33
6.359399999999999636e+03 3.409436180525694873e-15 9.554000000000000698e-34
6.384899999999999636e+03 3.789311076764198116e-15 1.118000000000000026e-33
6.410500000000000000e+03 4.211656458296447118e-15 1.087000000000000019e-33
6.436100000000000364e+03 4.582093468914116832e-15 1.353999999999999965e-33
6.461600000000000364e+03 4.814501402327114606e-15 1.304000000000000065e-33
6.487199999999999818e+03 4.904161315725023282e-15 1.435000000000000043e-33
6.512800000000000182e+03 4.947811536721370963e-15 1.769999999999999887e-33
6.538399999999999636e+03 4.989102286312513220e-15 1.702000000000000160e-33
6.563899999999999636e+03 5.038651185821883929e-15 2.280999999999999961e-33
6.589500000000000000e+03 4.902981580022418203e-15 2.844000000000000069e-33
6.615100000000000364e+03 4.651697875367757313e-15 9.125999999999999978e-34
6.640600000000000364e+03 4.356763949716744008e-15 5.335000000000000295e-34
6.666199999999999818e+03 3.930879361076684503e-15 2.682999999999999980e-34
6.691800000000000182e+03 3.494377151113186389e-15 7.592000000000000031e-34
6.717399999999999636e+03 3.171129568599677621e-15 7.564999999999999606e-34
6.742899999999999636e+03 3.001247627424694589e-15 8.287999999999999394e-34
6.768500000000000000e+03 2.844342778978356773e-15 9.029000000000000035e-34
6.794100000000000364e+03 2.679179780613790505e-15 1.521000000000000068e-34
6.819600000000000364e+03 2.650866123751293070e-15 1.293000000000000018e-34
6.845199999999999818e+03 2.637889031022649037e-15 1.446000000000000004e-34
6.870800000000000182e+03 2.659124273669521127e-15 1.821999999999999920e-34
6.896300000000000182e+03 2.663843216479937892e-15 1.535999999999999995e-34
6.921899999999999636e+03 2.615474052673172262e-15 9.156999999999999643e-34
6.947500000000000000e+03 2.564745417461197658e-15 7.518000000000000418e-34
6.973100000000000364e+03 2.516376253654431634e-15 7.083999999999999985e-34
6.998600000000000364e+03 2.491601803899746674e-15 9.694999999999999544e-35
7.024199999999999818e+03 2.521095196464848005e-15 1.092999999999999990e-34
7.049800000000000182e+03 2.573003567379426110e-15 1.270999999999999925e-34
7.075300000000000182e+03 2.633170088212232272e-15 1.205000000000000074e-34
7.100899999999999636e+03 2.686258194829414667e-15 1.002999999999999999e-34
7.126500000000000000e+03 2.659124273669521127e-15 1.125000000000000106e-34
7.152100000000000364e+03 2.551768324732552836e-15 1.130000000000000010e-34
7.177600000000000364e+03 2.502219425223183311e-15 1.136999999999999962e-34
7.203199999999999818e+03 2.588340131513278723e-15 1.549000000000000089e-34
7.228800000000000182e+03 2.799512822279403224e-15 8.073000000000000507e-34
7.254300000000000182e+03 3.002427363127298879e-15 8.171999999999999215e-34
7.279899999999999636e+03 3.257250274889773033e-15 9.613999999999999551e-34
7.305500000000000000e+03 3.606452042860571051e-15 1.031000000000000062e-33
7.331100000000000364e+03 3.904925175619395648e-15 8.469999999999999851e-34
7.356600000000000364e+03 4.112558659277706490e-15 1.967999999999999953e-34
7.382199999999999818e+03 4.127895223411559892e-15 1.649000000000000103e-34
7.407800000000000182e+03 3.974529582073033762e-15 2.071999999999999848e-34
7.433300000000000182e+03 3.784592133953782535e-15 1.592000000000000037e-34
7.458899999999999636e+03 3.680775392124624747e-15 1.830999999999999919e-34
7.484500000000000000e+03 3.630046756912652115e-15 1.754000000000000022e-34
7.510000000000000000e+03 3.562801821864221003e-15 1.746000000000000046e-34
7.535600000000000364e+03 3.433030894577776332e-15 1.429000000000000029e-34
7.561199999999999818e+03 3.134557761818951735e-15 1.737000000000000047e-34
7.586800000000000182e+03 2.987090798993446660e-15 1.493000000000000047e-34
7.612300000000000182e+03 2.661483745074729312e-15 1.488999999999999952e-34
7.637899999999999636e+03 2.425536604553920246e-15 9.912000000000000188e-34
7.663500000000000000e+03 2.401941890501839182e-15 1.100000000000000027e-33
7.689000000000000000e+03 2.418458190338295690e-15 1.144000000000000042e-33
7.714600000000000364e+03 2.501039689520579021e-15 2.041999999999999994e-34
7.740199999999999818e+03 2.713392115989307812e-15 1.031000000000000062e-33
7.765800000000000182e+03 3.048437055528856718e-15 9.377999999999999954e-34
7.791300000000000182e+03 3.448367458711628550e-15 1.013999999999999960e-33
7.816899999999999636e+03 3.890768347188145747e-15 1.956000000000000097e-34
7.842500000000000000e+03 4.208117251188635037e-15 2.471999999999999905e-34
7.868000000000000000e+03 4.405133113523509637e-15 2.147000000000000126e-34
7.893600000000000364e+03 4.553779812051620974e-15 2.107999999999999845e-34
7.919199999999999818e+03 4.691808889256293702e-15 2.570999999999999896e-34
7.944699999999999818e+03 4.729560431739623090e-15 2.478000000000000047e-34
7.970300000000000182e+03 4.521926948081310670e-15 2.410000000000000149e-34
7.995899999999999636e+03 4.046493459931880456e-15 1.805999999999999969e-34
8.021500000000000000e+03 3.532128693596516566e-15 1.566000000000000063e-34
8.047000000000000000e+03 3.110963047766871459e-15 1.100999999999999965e-34
8.072600000000000364e+03 2.831365686249712345e-15 1.304000000000000065e-34
8.098199999999999818e+03 2.640248502427856828e-15 1.196000000000000075e-34
8.123699999999999818e+03 2.499859953817974731e-15 1.395000000000000080e-34
8.149300000000000182e+03 2.400762154799235681e-15 1.375000000000000034e-34
8.174899999999999636e+03 2.299304884375287262e-15 1.240000000000000047e-34
8.200500000000000000e+03 2.208465235274775479e-15 1.345999999999999989e-34
8.226000000000000000e+03 2.177792107007070648e-15 1.306999999999999922e-34
8.251600000000000364e+03 2.144759507334156448e-15 1.847999999999999894e-34
8.277200000000000728e+03 2.016168315750315672e-15 2.170000000000000029e-34
8.302700000000000728e+03 1.774322496716486143e-15 2.480000000000000094e-34
8.328299999999999272e+03 1.505342756522763862e-15 2.224999999999999834e-34
8.353899999999999636e+03 1.321303986916532309e-15 2.327000000000000109e-34
8.379500000000000000e+03 1.302428215674867418e-15 9.593999999999999933e-34
8.405000000000000000e+03 1.420401785935272346e-15 2.098999999999999846e-34
8.430600000000000364e+03 1.574947162976402174e-15 1.566000000000000063e-34
8.456200000000000728e+03 1.751907518367009762e-15 1.541999999999999923e-34
8.481700000000000728e+03 1.974877566159174204e-15 1.268000000000000068e-34
8.507299999999999272e+03 2.259193870486749294e-15 1.116000000000000107e-34
8.532899999999999636e+03 2.642607973833064619e-15 1.505999999999999927e-34
8.558399999999999636e+03 3.081469655201769340e-15 2.224999999999999834e-34
8.584000000000000000e+03 3.420053801849131904e-15 2.756000000000000210e-34
8.609600000000000364e+03 3.595834421537134019e-15 3.618999999999999890e-34
8.635200000000000728e+03 3.699651163366290230e-15 3.123000000000000128e-34
8.660700000000000728e+03 3.832961297760548953e-15 2.221999999999999977e-34
8.686299999999999272e+03 3.974529582073033762e-15 1.796999999999999970e-34
8.711899999999999636e+03 4.055931345552710831e-15 2.293000000000000160e-34
8.737399999999999636e+03 3.994585089017301957e-15 4.864999999999999865e-34
8.763000000000000000e+03 3.871892575946480264e-15 7.471999999999999757e-34
8.788600000000000364e+03 3.733863498741809114e-15 8.237999999999999494e-34
8.814200000000000728e+03 3.553363936243389839e-15 7.280999999999999728e-34
8.839700000000000728e+03 3.317416795722579195e-15 5.735000000000000352e-34
8.865299999999999272e+03 3.079110183796561943e-15 4.701999999999999643e-34
8.890899999999999636e+03 2.820748064926275314e-15 3.051999999999999944e-34
8.916399999999999636e+03 2.623732202591400319e-15 2.579999999999999895e-34
8.942000000000000000e+03 2.466827354145061320e-15 2.433999999999999861e-34
8.967600000000000364e+03 2.384245854962778383e-15 1.920999999999999910e-34
8.993200000000000728e+03 2.169533957088841802e-15 1.450999999999999908e-34
9.018700000000000728e+03 1.968978887646153938e-15 1.430000000000000053e-34
9.044299999999999272e+03 1.839207960359708872e-15 1.397999999999999937e-34
9.069899999999999636e+03 1.767244082500861981e-15 1.911000000000000101e-34
9.095399999999999636e+03 1.749548046961800986e-15 1.603999999999999893e-34
9.121000000000000000e+03 1.827410603333668735e-15 1.983999999999999904e-34
9.146600000000000364e+03 1.952462587809697824e-15 2.476000000000000000e-34
9.172100000000000364e+03 2.077514572285726518e-15 2.059000000000000182e-34
9.197700000000000728e+03 2.224981535111231593e-15 1.931000000000000147e-34
9.223299999999999272e+03 2.375987705044549932e-15 2.806000000000000111e-34
