3.650047851562500000e+03 3.415862544282184587e-16
3.655565780162811279e+03 6.829953976978177142e-16
3.661083708763122559e+03 5.235539782793656540e-16
3.666601637363433838e+03 5.516531102346300438e-16
3.672119565963745117e+03 5.764555259590265057e-16
3.677637494564056396e+03 4.782779563547676570e-16
3.683155423164367676e+03 6.566889601012760509e-16
3.688673351764678955e+03 6.395412266222770798e-16
3.694191280364990234e+03 6.470375809938645555e-16
3.699709208965301514e+03 6.444037393131789393e-16
3.705227137565612793e+03 7.617453705208674496e-16
3.710745066165924072e+03 7.178895949272609995e-16
3.716262994766235352e+03 5.390738503071521623e-16
3.721780923366546631e+03 5.503430429119356996e-16
3.727298851966857910e+03 4.936206823755394405e-16
3.732816780567169189e+03 3.958881267731641233e-16
3.738334709167480469e+03 4.291698655419065738e-16
3.743852637767791748e+03 4.316048971301298028e-16
3.749370566368103027e+03 2.721929710698294929e-16
3.754888494968414307e+03 3.167059641575254055e-16
3.760406423568725586e+03 3.320830739278555966e-16
3.765924352169036865e+03 3.611746184708754392e-16
3.771442280769348145e+03 2.499312472667581103e-16
3.776960209369659879e+03 2.834493394653183826e-16
3.782478137969971158e+03 2.559588231094976869e-16
3.787996066570282437e+03 3.031976576402106622e-16
3.793513995170593716e+03 2.003079926332356846e-16
3.799031923770904996e+03 3.412127028679844659e-16
3.804549852371216275e+03 2.703337162769954298e-16
3.810067780971527554e+03 4.445039026962358676e-16
3.815585709571838834e+03 3.449059473674060972e-16
3.821103638172150113e+03 2.493802012155613254e-16
3.826621566772461392e+03 5.182180966093265518e-16
3.832139495372772672e+03 5.008134142991697824e-16
3.837657423973083951e+03 5.070048008298382636e-16
3.843175352573395230e+03 5.909919530526582090e-16
3.848693281173706509e+03 6.725213989983572513e-16
3.854211209774017789e+03 6.762923438021015634e-16
3.859729138374329068e+03 7.446772656240380854e-16
3.865247066974640347e+03 8.969065774113379891e-16
3.870764995574951627e+03 9.326123356755398095e-16
3.876282924175262906e+03 9.717994137341157346e-16
3.881800852775574185e+03 9.108958033933353133e-16
3.887318781375885465e+03 1.090550314028426567e-15
3.892836709976196744e+03 1.219578470601161973e-15
3.898354638576508023e+03 1.411546777708105667e-15
3.903872567176819302e+03 1.325324646915606674e-15
3.909390495777130582e+03 1.423450524734212439e-15
3.914908424377441861e+03 1.588465573188314235e-15
3.920426352977753140e+03 1.465674698482228613e-15
3.925944281578064420e+03 1.619334281322097001e-15
3.931462210178375699e+03 1.687184106041534025e-15
3.936980138778686978e+03 1.635294265344228937e-15
3.942498067378998257e+03 1.818082924448342092e-15
3.948015995979309537e+03 1.749578066067558044e-15
3.953533924579620816e+03 1.891464583361904826e-15
3.959051853179932095e+03 1.816515211326593322e-15
3.964569781780243375e+03 1.956765596484022537e-15
3.970087710380554654e+03 2.126802182470731849e-15
3.975605638980865933e+03 2.256567847239227726e-15
3.981123567581177213e+03 2.189546833509986535e-15
3.986641496181488492e+03 2.266152549751212487e-15
3.992159424781800226e+03 2.332574984218719107e-15
3.997677353382111505e+03 2.412516969618935372e-15
4.003195281982422784e+03 2.579855244394539538e-15
4.008713210582734064e+03 2.349470066835253620e-15
4.014231139183045343e+03 2.534961218957852281e-15
4.019749067783356622e+03 2.457557125991244124e-15
4.025266996383667902e+03 2.472639743593060983e-15
4.030784924983979181e+03 2.317903577675808108e-15
4.036302853584290460e+03 2.025271616477967171e-15
4.041820782184601740e+03 2.044047350801757832e-15
4.047338710784913019e+03 1.915699551057273619e-15
4.052856639385224298e+03 1.911548410266016480e-15
4.058374567985535577e+03 1.700815636482941447e-15
4.063892496585846857e+03 1.680547693892850960e-15
4.069410425186158136e+03 1.594597032096019655e-15
4.074928353786469415e+03 1.487366546484767351e-15
4.080446282386780695e+03 1.609166681326048441e-15
4.085964210987091974e+03 1.365696976962754797e-15
4.091482139587403253e+03 1.475669450439957268e-15
4.097000068187714533e+03 1.329192470256957791e-15
4.102517996788025812e+03 1.397281819610141554e-15
4.108035925388337091e+03 1.359464922355328144e-15
4.113553853988648370e+03 1.224712219965098556e-15
4.119071782588959650e+03 1.262093047639366091e-15
4.124589711189270929e+03 1.152701496903853773e-15
4.130107639789582208e+03 1.126523382713180779e-15
4.135625568389893488e+03 1.201806253886943080e-15
4.141143496990204767e+03 1.024025692451169099e-15
4.146661425590516046e+03 1.111403825812851917e-15
4.152179354190827326e+03 1.034960154607550900e-15
4.157697282791138605e+03 1.055490737933287359e-15
4.163215211391449884e+03 1.034559281905775854e-15
4.168733139991761163e+03 1.012893883834907533e-15
4.174251068592072443e+03 1.068298684643722671e-15
4.179768997192383722e+03 1.001568968646802805e-15
4.185286925792695001e+03 9.114297969633319488e-16
4.190804854393006281e+03 1.004909454461567814e-15
4.196322782993317560e+03 9.501217025637433473e-16
4.201840711593628839e+03 9.821648712998357743e-16
4.207358640193940118e+03 9.465975192437372843e-16
4.212876568794251398e+03 8.061160892286344379e-16
4.218394497394562677e+03 9.123871520658962938e-16
4.223912425994873956e+03 1.024627024736095054e-15
4.229430354595185236e+03 1.006355082040121846e-15
4.234948283195496515e+03 1.083678210569426836e-15
4.240466211795807794e+03 1.053512394559212922e-15
4.245984140396119074e+03 1.102559070884265430e-15
4.251502068996430353e+03 1.129139451712506726e-15
4.257019997596741632e+03 1.047650081420853427e-15
4.262537926197052911e+03 1.048661962645183151e-15
4.268055854797364191e+03 1.045604015999507610e-15
4.273573783397675470e+03 1.113917905176664164e-15
4.279091711997986749e+03 1.030545559951434925e-15
4.284609640598298029e+03 1.107752643325980777e-15
4.290127569198609308e+03 9.997463162846639260e-16
4.295645497798920587e+03 1.086200769709312683e-15
4.301163426399231867e+03 1.033230396449877391e-15
4.306681354999543146e+03 1.121480936143678769e-15
4.312199283599854425e+03 1.010716091481132397e-15
4.317717212200165704e+03 9.950200259691234517e-16
4.323235140800476984e+03 1.000033618067712567e-15
4.328753069400789173e+03 1.141007188730630003e-15
4.334270998001100452e+03 1.012829739556170860e-15
4.339788926601411731e+03 9.919956847921881381e-16
4.345306855201723010e+03 1.065583530041784194e-15
4.350824783802034290e+03 1.053865757282713272e-15
4.356342712402345569e+03 9.979898410242927948e-16
4.361860641002656848e+03 1.061342248069251885e-15
4.367378569602968128e+03 9.701251342209993994e-16
4.372896498203279407e+03 9.982843796573327489e-16
4.378414426803590686e+03 9.191065498587843229e-16
4.383932355403901965e+03 9.167931972491494007e-16
4.389450284004213245e+03 1.096974034807377145e-15
4.394968212604524524e+03 9.812783513678139538e-16
4.400486141204835803e+03 8.924153859834021461e-16
4.406004069805147083e+03 8.992147956908021385e-16
4.411521998405458362e+03 9.220527493183953472e-16
4.417039927005769641e+03 8.870280216180784559e-16
4.422557855606080921e+03 9.248989803493926949e-16
4.428075784206392200e+03 8.859966949894375505e-16
4.433593712806703479e+03 8.763062624475615727e-16
4.439111641407014758e+03 8.329231007845383099e-16
4.444629570007326038e+03 8.787043663534048368e-16
4.450147498607637317e+03 9.831844656355528076e-16
4.455665427207948596e+03 9.931993483493578255e-16
4.461183355808259876e+03 9.807389214482246077e-16
4.466701284408571155e+03 1.114151389421974908e-15
4.472219213008882434e+03 1.144849224259812599e-15
4.477737141609193714e+03 1.140446478057935943e-15
4.483255070209504993e+03 1.295079144242565627e-15
4.488772998809816272e+03 1.334686784345991304e-15
4.494290927410127551e+03 1.334663900566724740e-15
4.499808856010438831e+03 1.432225234389205387e-15
4.505326784610750110e+03 1.491197546688922702e-15
4.510844713211061389e+03 1.519533938132269987e-15
4.516362641811372669e+03 1.586813062305830254e-15
4.521880570411683948e+03 1.589380459713720720e-15
4.527398499011995227e+03 1.615572048617058761e-15
4.532916427612306506e+03 1.671006784197026666e-15
4.538434356212617786e+03 1.708355202864108505e-15
4.543952284812929065e+03 1.836480437526992192e-15
4.549470213413240344e+03 1.836999794771163786e-15
4.554988142013551624e+03 2.107578065466891050e-15
4.560506070613862903e+03 2.046101547515228935e-15
4.566023999214174182e+03 2.162571155723141834e-15
4.571541927814485462e+03 2.233246139810839888e-15
4.577059856414796741e+03 2.385644443080766732e-15
4.582577785015108020e+03 2.356821916529644245e-15
4.588095713615419299e+03 2.590789160592734891e-15
4.593613642215730579e+03 2.877915191569934285e-15
4.599131570816041858e+03 2.898373057911808310e-15
4.604649499416353137e+03 2.906968182172148928e-15
4.610167428016664417e+03 3.026864200720328689e-15
4.615685356616975696e+03 3.078812005914354932e-15
4.621203285217286975e+03 3.050459584209388166e-15
4.626721213817598255e+03 3.040476099899317651e-15
4.632239142417909534e+03 3.104367263128233141e-15
4.637757071018220813e+03 2.993529387846270557e-15
4.643274999618532092e+03 2.943028255682642301e-15
4.648792928218843372e+03 2.973559631354544198e-15
4.654310856819154651e+03 2.919849426673027262e-15
4.659828785419465930e+03 2.949909303562980576e-15
4.665346714019777210e+03 3.016093258848584413e-15
4.670864642620088489e+03 3.100150723516025990e-15
4.676382571220399768e+03 3.012088713638213713e-15
4.681900499820711048e+03 2.813488640835230285e-15
4.687418428421022327e+03 2.941043058790920781e-15
4.692936357021333606e+03 2.937529295140965458e-15
4.698454285621644885e+03 2.784399524063715320e-15
4.703972214221956165e+03 2.620943128148708105e-15
4.709490142822267444e+03 2.482853808115540088e-15
4.715008071422578723e+03 2.320495949766654627e-15
4.720526000022890003e+03 2.256117954462069082e-15
4.726043928623201282e+03 2.087823091248589229e-15
4.731561857223512561e+03 1.998571008687588548e-15
4.737079785823823840e+03 1.918933714419435377e-15
4.742597714424135120e+03 1.878016006993315848e-15
4.748115643024446399e+03 1.825934732447118716e-15
4.753633571624757678e+03 1.851258247835428341e-15
4.759151500225068958e+03 1.714530222265342117e-15
4.764669428825380237e+03 1.612290375276622504e-15
4.770187357425691516e+03 1.683152262921885704e-15
4.775705286026002796e+03 1.647762207882512908e-15
4.781223214626314075e+03 1.525926760001143769e-15
4.786741143226625354e+03 1.433894240178571821e-15
4.792259071826936633e+03 1.420633728980708576e-15
4.797777000427247913e+03 1.514445027036338616e-15
4.803294929027559192e+03 1.392141681373820465e-15
4.808812857627870471e+03 1.335824932920894941e-15
4.814330786228181751e+03 1.322275644691269086e-15
4.819848714828493030e+03 1.320128983570202035e-15
4.825366643428804309e+03 1.280298546062544544e-15
4.830884572029115589e+03 1.454672827914128618e-15
4.836402500629426868e+03 1.427720614713130873e-15
4.841920429229738147e+03 1.501117723081732104e-15
4.847438357830049426e+03 1.610399849857501275e-15
4.852956286430360706e+03 1.753658929262590947e-15
4.858474215030671985e+03 1.780634607049435648e-15
4.863992143630983264e+03 1.801207937739486646e-15
4.869510072231294544e+03 1.827187880724937142e-15
4.875028000831605823e+03 1.668278851850320361e-15
4.880545929431917102e+03 1.636341227286013450e-15
4.886063858032228381e+03 1.652016732245077003e-15
4.891581786632540570e+03 1.589107132136996804e-15
4.897099715232851850e+03 1.606161820401819633e-15
4.902617643833163129e+03 1.495849226591148205e-15
4.908135572433474408e+03 1.533917845417895592e-15
4.913653501033785687e+03 1.600784945403336937e-15
4.919171429634096967e+03 1.713600467091477921e-15
4.924689358234408246e+03 1.776392047302426715e-15
4.930207286834719525e+03 1.979883324641381792e-15
4.935725215435030805e+03 2.160279292956981403e-15
4.941243144035342084e+03 2.324206026040775234e-15
4.946761072635653363e+03 2.475944416874079646e-15
4.952279001235964643e+03 2.546757865250538261e-15
4.957796929836275922e+03 2.646734541318167924e-15
4.963314858436587201e+03 2.627869362780999708e-15
4.968832787036898480e+03 2.587848188392346800e-15
4.974350715637209760e+03 2.537899751770603555e-15
4.979868644237521039e+03 2.551276191961909900e-15
4.985386572837832318e+03 2.499556876076602756e-15
4.990904501438143598e+03 2.540153862109040302e-15
4.996422430038454877e+03 2.468492668447864810e-15
5.001940358638766156e+03 2.432086085731519354e-15
5.007458287239077436e+03 2.213556564413487289e-15
5.012976215839388715e+03 2.210697137456983348e-15
5.018494144439699994e+03 2.102720431551265683e-15
5.024012073040011273e+03 2.023630024759194790e-15
5.029530001640322553e+03 1.943184596215108597e-15
5.035047930240633832e+03 1.760824223883364344e-15
5.040565858840945111e+03 1.772835768610788141e-15
5.046083787441256391e+03 1.693296630654719387e-15
5.051601716041567670e+03 1.710971039540802965e-15
5.057119644641878949e+03 1.617429235738466572e-15
5.062637573242190228e+03 1.623532467446366457e-15
5.068155501842501508e+03 1.681192853842331129e-15
5.073673430442812787e+03 1.646496630343874574e-15
5.079191359043124066e+03 1.901623355097932064e-15
5.084709287643435346e+03 2.001833283088239999e-15
5.090227216243746625e+03 2.073539663501368424e-15
5.095745144844057904e+03 2.011676909173755910e-15
5.101263073444369184e+03 1.755582328334161240e-15
5.106781002044680463e+03 1.927483535766507416e-15
5.112298930644991742e+03 1.866190901178192057e-15
5.117816859245303021e+03 1.890527393863811183e-15
5.123334787845614301e+03 1.990298232079354852e-15
5.128852716445925580e+03 1.925907342868685440e-15
5.134370645046236859e+03 1.964320728481543933e-15
5.139888573646548139e+03 1.889872360202463962e-15
5.145406502246859418e+03 1.949352878260009390e-15
5.150924430847170697e+03 1.963718664380326223e-15
5.156442359447481977e+03 1.859516620440467692e-15
5.161960288047793256e+03 1.939006273675888497e-15
5.167478216648104535e+03 2.007034057531551926e-15
5.172996145248415814e+03 1.956309779479743937e-15
5.178514073848727094e+03 1.962080557501036191e-15
5.184032002449038373e+03 2.044892772860151564e-15
5.189549931049349652e+03 2.073645951105576746e-15
5.195067859649660932e+03 2.100577487592312864e-15
5.200585788249972211e+03 2.065483063102350945e-15
5.206103716850283490e+03 2.091033790024902453e-15
5.211621645450594769e+03 2.207028298450069169e-15
5.217139574050906049e+03 2.273266384908964484e-15
5.222657502651217328e+03 2.265447334401320293e-15
5.228175431251528607e+03 2.370926455850109544e-15
5.233693359851839887e+03 2.397292286727559563e-15
5.239211288452152075e+03 2.493682946806636413e-15
5.244729217052463355e+03 2.580358571377091059e-15
5.250247145652774634e+03 2.574276945673983283e-15
5.255765074253085913e+03 2.659241746381285464e-15
5.261283002853397193e+03 2.779848556022527286e-15
5.266800931453708472e+03 2.900961248195276246e-15
5.272318860054019751e+03 2.957714763196644667e-15
5.277836788654331031e+03 2.942177954848972963e-15
5.283354717254642310e+03 3.112318621374887042e-15
5.288872645854953589e+03 3.281551254893041916e-15
5.294390574455264868e+03 3.279845774450427635e-15
5.299908503055576148e+03 3.275426068696403385e-15
5.305426431655887427e+03 3.337903548708685793e-15
5.310944360256198706e+03 3.355082064936443945e-15
5.316462288856509986e+03 3.402339043864728732e-15
5.321980217456821265e+03 3.456218030938502240e-15
5.327498146057132544e+03 3.469725036449078107e-15
5.333016074657443824e+03 3.585238985509642051e-15
5.338534003257755103e+03 3.817680450686085800e-15
5.344051931858066382e+03 3.854780981104662155e-15
5.349569860458377661e+03 3.860788379726800570e-15
5.355087789058688941e+03 3.992072389057713307e-15
5.360605717659000220e+03 4.076497388129215133e-15
5.366123646259311499e+03 4.032084270541081131e-15
5.371641574859622779e+03 4.000504422830285624e-15
5.377159503459934058e+03 3.886864504281960061e-15
5.382677432060245337e+03 3.766365724664667539e-15
5.388195360660556616e+03 3.676252073622339775e-15
5.393713289260867896e+03 3.539629290204617523e-15
5.399231217861179175e+03 3.565908116256327986e-15
5.404749146461490454e+03 3.510435628248636002e-15
5.410267075061801734e+03 3.303213133276032563e-15
5.415785003662113013e+03 3.289994207829324651e-15
5.421302932262424292e+03 3.199347492507527182e-15
5.426820860862735572e+03 3.328360896593120916e-15
5.432338789463046851e+03 3.449709977044080014e-15
5.437856718063358130e+03 3.490639416763126571e-15
5.443374646663669409e+03 3.536051173185557327e-15
5.448892575263980689e+03 3.748358397446713161e-15
5.454410503864291968e+03 3.967641921867388742e-15
5.459928432464603247e+03 4.215055302911430366e-15
5.465446361064914527e+03 4.141289498525607116e-15
5.470964289665225806e+03 4.222387985988668263e-15
5.476482218265537085e+03 4.180894931564027858e-15
5.482000146865848365e+03 4.136843656475467016e-15
5.487518075466159644e+03 4.155633213995870249e-15
5.493036004066470923e+03 4.120385340407373230e-15
5.498553932666782202e+03 4.267052360503472482e-15
5.504071861267093482e+03 4.143026691007510664e-15
5.509589789867404761e+03 4.117819917741855228e-15
5.515107718467716040e+03 4.180436907494745308e-15
5.520625647068027320e+03 4.218644455255517018e-15
5.526143575668338599e+03 4.205886109427045694e-15
5.531661504268649878e+03 4.152928513912380597e-15
5.537179432868961158e+03 4.018392452376630986e-15
5.542697361469272437e+03 4.149009231108008868e-15
5.548215290069583716e+03 3.999098638583145159e-15
5.553733218669894995e+03 3.983634082574072522e-15
5.559251147270206275e+03 4.083135310375008281e-15
5.564769075870517554e+03 4.045095615715961676e-15
5.570287004470828833e+03 4.089152815031643657e-15
5.575804933071140113e+03 3.920895123439306109e-15
5.581322861671451392e+03 4.051972481788921763e-15
5.586840790271762671e+03 4.143719244773949097e-15
5.592358718872073950e+03 4.020171230609688290e-15
5.597876647472385230e+03 4.085450521565698839e-15
5.603394576072696509e+03 3.895735395506662989e-15
5.608912504673007788e+03 3.734394180996068200e-15
5.614430433273319068e+03 3.669270081558331361e-15
5.619948361873630347e+03 3.539276159803748857e-15
5.625466290473941626e+03 3.491095117606089131e-15
5.630984219074252906e+03 3.462563110506469838e-15
5.636502147674564185e+03 3.294361408668482757e-15
5.642020076274875464e+03 3.251542024336896547e-15
5.647538004875186743e+03 3.209319825331252442e-15
5.653055933475498023e+03 3.225305132520289140e-15
5.658573862075809302e+03 3.150300583859842596e-15
5.664091790676120581e+03 3.201125457611371030e-15
5.669609719276431861e+03 3.128292660916263628e-15
5.675127647876743140e+03 3.252387446395291463e-15
5.680645576477054419e+03 3.228753613510609308e-15
5.686163505077365699e+03 3.192473065822204701e-15
5.691681433677676978e+03 3.027955652446169705e-15
5.697199362277988257e+03 3.058850380714754845e-15
5.702717290878299536e+03 2.834286627510570704e-15
5.708235219478610816e+03 2.808756925786227757e-15
5.713753148078922095e+03 2.700655927272310220e-15
5.719271076679233374e+03 2.501014700593344027e-15
5.724789005279544654e+03 2.300098254986508468e-15
5.730306933879855933e+03 2.271523268199942164e-15
5.735824862480167212e+03 2.221739432163077696e-15
5.741342791080478491e+03 2.027777332227021462e-15
5.746860719680789771e+03 2.071583390777348476e-15
5.752378648281101050e+03 1.998124484588595426e-15
5.757896576881412329e+03 2.012983607818284041e-15
5.763414505481723609e+03 2.083168158829512863e-15
5.768932434082034888e+03 2.003086896011322187e-15
5.774450362682346167e+03 2.149466997656715055e-15
5.779968291282657447e+03 2.030088245449019371e-15
5.785486219882968726e+03 2.163336891118708827e-15
5.791004148483280005e+03 2.183497036007482092e-15
5.796522077083591284e+03 2.259553076901040439e-15
5.802040005683902564e+03 2.321754557626327276e-15
5.807557934284213843e+03 2.375144621720742028e-15
5.813075862884525122e+03 2.519063497401138094e-15
5.818593791484836402e+03 2.609140557628902958e-15
5.824111720085147681e+03 2.692493968559611941e-15
5.829629648685458960e+03 2.723302156647721287e-15
5.835147577285770240e+03 2.858132570958404559e-15
5.840665505886081519e+03 2.908013285532875832e-15
5.846183434486392798e+03 2.865244082889835778e-15
5.851701363086704077e+03 2.856413383480495322e-15
5.857219291687015357e+03 2.878900007207618862e-15
5.862737220287326636e+03 2.948462282048633289e-15
5.868255148887637915e+03 2.926339707886088832e-15
5.873773077487949195e+03 3.037960510438396898e-15
5.879291006088260474e+03 2.976936789296794794e-15
5.884808934688571753e+03 3.026682989067250828e-15
5.890326863288883942e+03 3.190752949053766759e-15
5.895844791889195221e+03 3.303352062210058068e-15
5.901362720489506501e+03 3.326055791436926924e-15
5.906880649089817780e+03 3.392796391749161883e-15
5.912398577690129059e+03 3.347409261525739259e-15
5.917916506290440338e+03 3.234031867551743629e-15
5.923434434890751618e+03 3.212105025206785444e-15
5.928952363491062897e+03 3.287399164028207659e-15
5.934470292091374176e+03 3.303300835069669140e-15
5.939988220691685456e+03 3.326590133490872662e-15
5.945506149291996735e+03 3.401490369289483150e-15
5.951024077892308014e+03 3.398822260020556003e-15
5.956542006492619294e+03 3.410977612457281700e-15
5.962059935092930573e+03 3.329251389242151542e-15
5.967577863693241852e+03 3.359977102795847244e-15
5.973095792293553131e+03 3.414446886323178746e-15
5.978613720893864411e+03 3.454066026396896809e-15
5.984131649494175690e+03 3.489761701858863377e-15
5.989649578094486969e+03 3.337542867822273021e-15
5.995167506694798249e+03 3.425231302907586688e-15
6.000685435295109528e+03 3.447923416002847711e-15
6.006203363895420807e+03 3.329868321991826964e-15
6.011721292495732087e+03 3.214404322297173547e-15
6.017239221096043366e+03 3.128510347222588745e-15
6.022757149696354645e+03 2.923580528145357613e-15
6.028275078296665924e+03 2.944764170390068238e-15
6.033793006896977204e+03 2.809719206128594478e-15
6.039310935497288483e+03 2.776773301340756823e-15
6.044828864097599762e+03 2.678309974898952375e-15
6.050346792697911042e+03 2.753713073034853779e-15
6.055864721298222321e+03 2.886272301293637458e-15
6.061382649898533600e+03 2.767382704387932607e-15
6.066900578498844880e+03 2.812721395342554391e-15
6.072418507099156159e+03 2.699601647167613088e-15
6.077936435699467438e+03 2.809524171278904834e-15
6.083454364299778717e+03 2.850194455101784613e-15
6.088972292900089997e+03 2.762830690894900618e-15
6.094490221500401276e+03 2.611931914054187205e-15
6.100008150100712555e+03 2.601964576167051617e-15
6.105526078701023835e+03 2.451851746790901092e-15
6.111044007301335114e+03 2.446619144146985437e-15
6.116561935901646393e+03 2.381427206500661771e-15
6.122079864501957672e+03 2.373632201385445519e-15
6.127597793102269861e+03 2.282777208823924845e-15
6.133115721702581141e+03 2.362862769610811721e-15
6.138633650302892420e+03 2.382477072475347453e-15
6.144151578903203699e+03 2.517894333754842212e-15
6.149669507503514978e+03 2.653918421749514249e-15
6.155187436103826258e+03 2.878126837487822224e-15
6.160705364704137537e+03 2.894373623799344898e-15
6.166223293304448816e+03 2.978992379946057575e-15
6.171741221904760096e+03 3.228953062490310402e-15
6.177259150505071375e+03 3.160336805407410545e-15
6.182777079105382654e+03 3.228350882227777441e-15
6.188295007705693934e+03 3.160925278634645789e-15
6.193812936306005213e+03 3.005006939003698310e-15
6.199330864906316492e+03 3.078333885937389766e-15
6.204848793506627771e+03 3.005053403530128065e-15
6.210366722106939051e+03 2.904635546784045831e-15
6.215884650707250330e+03 2.923921113124089346e-15
6.221402579307561609e+03 2.820241330461303777e-15
6.226920507907872889e+03 2.677971016178645975e-15
6.232438436508184168e+03 2.557666342120513603e-15
6.237956365108495447e+03 2.588776898114367238e-15
6.243474293708806726e+03 2.510087131701438722e-15
6.248992222309118006e+03 2.476131436592960240e-15
6.254510150909429285e+03 2.496358490399792021e-15
6.260028079509740564e+03 2.394265238991960227e-15
6.265546008110051844e+03 2.336374040060953508e-15
6.271063936710363123e+03 2.261101623405636876e-15
6.276581865310674402e+03 2.164159661720468665e-15
6.282099793910985682e+03 2.165184901496147003e-15
6.287617722511296961e+03 2.133495165180343996e-15
6.293135651111608240e+03 2.100685169132314441e-15
6.298653579711919519e+03 2.112050856942361639e-15
6.304171508312230799e+03 2.065065463171060973e-15
6.309689436912542078e+03 1.993746248424410470e-15
6.315207365512853357e+03 2.015649742344838133e-15
6.320725294113164637e+03 2.093563783489017944e-15
6.326243222713475916e+03 2.103421697416410583e-15
6.331761151313787195e+03 2.230373935109568119e-15
6.337279079914098475e+03 2.259076467021184568e-15
6.342797008514409754e+03 2.344297984237012371e-15
6.348314937114721033e+03 2.357178880253942589e-15
6.353832865715032312e+03 2.386870525771938631e-15
6.359350794315343592e+03 2.569025989542125595e-15
6.364868722915654871e+03 2.526977684026647323e-15
6.370386651515966150e+03 2.580789065214466081e-15
6.375904580116277430e+03 2.592640191164391261e-15
6.381422508716588709e+03 2.748933383362312990e-15
6.386940437316899988e+03 2.850681519500086745e-15
6.392458365917211268e+03 2.785665450086301574e-15
6.397976294517522547e+03 2.917211751668912560e-15
6.403494223117833826e+03 2.917087110576763388e-15
6.409012151718145105e+03 2.989594190941597162e-15
6.414530080318456385e+03 3.078604425642528749e-15
6.420048008918767664e+03 3.248485471627013078e-15
6.425565937519078943e+03 3.295611536752081805e-15
6.431083866119390223e+03 3.451166059141083068e-15
6.436601794719701502e+03 3.610101340473132527e-15
6.442119723320012781e+03 3.609411806900911106e-15
6.447637651920324060e+03 3.641862632159636789e-15
6.453155580520635340e+03 3.595175889131964406e-15
6.458673509120946619e+03 3.575802272514334618e-15
6.464191437721257898e+03 3.724284777819372084e-15
6.469709366321569178e+03 3.702524046156400788e-15
6.475227294921880457e+03 3.611985360858553408e-15
6.480745223522191736e+03 3.636129606566069796e-15
6.486263152122503016e+03 3.621497927193254747e-15
6.491781080722814295e+03 3.686031578661381314e-15
6.497299009323125574e+03 3.698736606445772643e-15
6.502816937923436853e+03 3.752671002467316422e-15
6.508334866523748133e+03 3.874896636209377931e-15
6.513852795124059412e+03 3.891479593369622467e-15
6.519370723724370691e+03 3.957184964032996982e-15
6.524888652324681971e+03 3.938056215469652905e-15
6.530406580924993250e+03 3.921967524709311619e-15
6.535924509525304529e+03 3.998121373431004688e-15
6.541442438125615809e+03 3.996538907822113851e-15
6.546960366725927088e+03 3.921654818446437108e-15
6.552478295326238367e+03 3.902030293386086798e-15
6.557996223926549646e+03 3.926168847189112547e-15
6.563514152526860926e+03 3.923667080924805156e-15
6.569032081127172205e+03 3.927553490076726834e-15
6.574550009727483484e+03 4.016881309815810905e-15
6.580067938327794764e+03 4.037014969924518230e-15
6.585585866928106043e+03 3.939710933417143597e-15
6.591103795528417322e+03 3.880349480708573924e-15
6.596621724128728601e+03 3.922878461749972584e-15
6.602139652729039881e+03 4.018975698344642113e-15
6.607657581329351160e+03 4.163745455665288895e-15
6.613175509929662439e+03 3.992126404069687957e-15
6.618693438529973719e+03 4.012222427911988427e-15
6.624211367130284998e+03 4.078343888409542831e-15
6.629729295730596277e+03 3.935870872630333269e-15
6.635247224330907557e+03 3.913650490639652512e-15
6.640765152931218836e+03 3.824081636169718325e-15
6.646283081531530115e+03 3.682024245579425285e-15
6.651801010131841394e+03 3.617815497312359679e-15
6.657318938732152674e+03 3.524590697741593996e-15
6.662836867332463953e+03 3.469824470535638162e-15
6.668354795932775232e+03 3.359903572682771750e-15
6.673872724533086512e+03 3.381007063619389114e-15
6.679390653133397791e+03 3.260176178799439248e-15
6.684908581733709070e+03 3.227754161547098703e-15
6.690426510334020350e+03 3.239480762566191539e-15
6.695944438934331629e+03 3.184634848697408966e-15
6.701462367534642908e+03 3.233534232473678407e-15
6.706980296134954187e+03 3.120137671882530049e-15
6.712498224735265467e+03 3.056093872684293310e-15
6.718016153335576746e+03 3.123061568369456085e-15
6.723534081935888025e+03 3.027813470995293533e-15
6.729052010536199305e+03 2.994929828672872050e-15
6.734569939136510584e+03 2.973202783791562287e-15
6.740087867736821863e+03 3.082789020892815739e-15
6.745605796337133143e+03 3.160323098372114407e-15
6.751123724937444422e+03 3.030692761536844462e-15
6.756641653537755701e+03 3.017808729164381589e-15
6.762159582138066980e+03 2.954097615975381993e-15
6.767677510738378260e+03 3.010537263100716303e-15
6.773195439338689539e+03 2.922965802460690086e-15
6.778713367939000818e+03 2.854560145843833424e-15
6.784231296539312098e+03 2.911154752164809367e-15
6.789749225139623377e+03 2.783934530315467676e-15
6.795267153739934656e+03 2.834140728897580104e-15
6.800785082340245935e+03 2.761340922016237608e-15
6.806303010940557215e+03 2.762641115627066379e-15
6.811820939540868494e+03 2.726253815689187323e-15
6.817338868141179773e+03 2.660591424712760607e-15
6.822856796741491053e+03 2.869273718944479556e-15
6.828374725341803241e+03 2.759487219734312344e-15
6.833892653942114521e+03 2.613001178968657298e-15
6.839410582542425800e+03 2.646790182588569091e-15
6.844928511142737079e+03 2.674413575873847407e-15
6.850446439743048359e+03 2.550645552176939523e-15
6.855964368343359638e+03 2.536976617791754956e-15
6.861482296943670917e+03 2.405924698770361286e-15
6.867000225543982197e+03 2.090558922564787559e-15
6.872518154144293476e+03 1.890991109837582399e-15
6.878036082744604755e+03 1.882005102748649827e-15
6.883554011344916034e+03 2.034352759684766360e-15
6.889071939945227314e+03 2.037166535244052029e-15
6.894589868545538593e+03 1.967127302039233219e-15
6.900107797145849872e+03 2.079352724241711850e-15
6.905625725746161152e+03 2.192850112855213125e-15
6.911143654346472431e+03 2.159233260305725399e-15
6.916661582946783710e+03 2.241188205152208311e-15
6.922179511547094990e+03 2.229416301219845714e-15
6.927697440147406269e+03 2.222848075763698778e-15
6.933215368747717548e+03 2.304751444985842674e-15
6.938733297348028827e+03 2.380746268865829594e-15
6.944251225948340107e+03 2.302863707438306576e-15
6.949769154548651386e+03 2.443780858550006885e-15
6.955287083148962665e+03 2.481197580070941284e-15
6.960805011749273945e+03 2.422335388698863744e-15
6.966322940349585224e+03 2.541667211734866306e-15
6.971840868949896503e+03 2.567004201835839598e-15
6.977358797550207782e+03 2.384615602304289611e-15
6.982876726150519062e+03 2.479428094743169458e-15
6.988394654750830341e+03 2.521666672494379385e-15
6.993912583351141620e+03 2.408257566481095672e-15
6.999430511951452900e+03 2.467957977909971744e-15
7.004948440551764179e+03 2.535137319513023247e-15
7.010466369152075458e+03 2.516489246475598769e-15
7.015984297752386738e+03 2.565324625366710666e-15
7.021502226352698017e+03 2.387264080310799875e-15
7.027020154953009296e+03 2.379976932469465000e-15
7.032538083553320575e+03 2.559062833462369379e-15
7.038056012153631855e+03 2.546960218263141511e-15
7.043573940753943134e+03 2.510157757781611666e-15
7.049091869354254413e+03 2.515694006105748826e-15
7.054609797954565693e+03 2.514267312821715444e-15
7.060127726554876972e+03 2.506979119528535036e-15
7.065645655155189161e+03 2.463654317310707027e-15
7.071163583755500440e+03 2.495899420878664333e-15
7.076681512355811719e+03 2.514968927170808460e-15
7.082199440956122999e+03 2.414787110218990614e-15
7.087717369556434278e+03 2.477480882601804094e-15
7.093235298156745557e+03 2.426375130788004878e-15
7.098753226757056837e+03 2.470915096533294763e-15
7.104271155357368116e+03 2.436448291634086210e-15
7.109789083957679395e+03 2.492523308388258482e-15
7.115307012557990674e+03 2.534419326418363620e-15
7.120824941158301954e+03 2.566082461792783860e-15
7.126342869758613233e+03 2.503223275695879724e-15
7.131860798358924512e+03 2.537715519923309077e-15
7.137378726959235792e+03 2.472754859457291416e-15
7.142896655559547071e+03 2.458930965876463244e-15
7.148414584159858350e+03 2.436435165405369082e-15
7.153932512760169629e+03 2.323635906301480051e-15
7.159450441360480909e+03 2.226540495517775951e-15
7.164968369960792188e+03 2.096582235287228035e-15
7.170486298561103467e+03 2.178332155410837620e-15
7.176004227161414747e+03 2.172995820711664921e-15
7.181522155761726026e+03 1.990856387203096057e-15
7.187040084362037305e+03 2.071327022752770971e-15
7.192558012962348585e+03 2.161000770891122986e-15
7.198075941562659864e+03 2.238136066572335110e-15
7.203593870162971143e+03 2.275942625470017114e-15
7.209111798763282422e+03 2.306802853827727660e-15
7.214629727363593702e+03 2.488369031241466714e-15
7.220147655963904981e+03 2.613923499818294413e-15
7.225665584564216260e+03 2.584497863714109865e-15
7.231183513164527540e+03 2.513051684648990201e-15
7.236701441764838819e+03 2.523917878799914766e-15
7.242219370365150098e+03 2.551922397363235405e-15
7.247737298965461378e+03 2.638742178126941250e-15
7.253255227565772657e+03 2.671750113057562999e-15
7.258773156166083936e+03 2.677305644160167743e-15
7.264291084766395215e+03 2.641062035770275336e-15
7.269809013366706495e+03 2.678888806736954813e-15
7.275326941967017774e+03 2.701186436002825492e-15
7.280844870567329053e+03 2.766686549620694996e-15
7.286362799167640333e+03 2.662406561437750705e-15
7.291880727767951612e+03 2.769028013268819416e-15
7.297398656368262891e+03 2.599804091849372586e-15
7.302916584968574170e+03 2.754317925007655634e-15
7.308434513568885450e+03 2.833485462913600805e-15
7.313952442169196729e+03 2.793507152050579659e-15
7.319470370769508008e+03 2.746226127729868510e-15
7.324988299369819288e+03 2.816507092633440770e-15
7.330506227970130567e+03 2.886057519020215681e-15
7.336024156570441846e+03 2.871091527379737760e-15
7.341542085170753126e+03 2.863495622760274091e-15
7.347060013771064405e+03 2.905385251917994724e-15
7.352577942371375684e+03 2.981083515958041666e-15
7.358095870971686963e+03 2.954348175934156765e-15
7.363613799571998243e+03 3.030187692134551963e-15
7.369131728172309522e+03 3.105592068044928611e-15
7.374649656772620801e+03 3.023205351586596616e-15
7.380167585372932081e+03 2.904346188945703814e-15
7.385685513973243360e+03 2.990805404984310560e-15
7.391203442573554639e+03 2.912958969726088259e-15
7.396721371173865919e+03 3.029434269838487853e-15
7.402239299774177198e+03 2.876461316537939520e-15
7.407757228374488477e+03 2.770115167025966598e-15
7.413275156974799756e+03 2.882859481827351879e-15
7.418793085575111036e+03 3.144925451281100681e-15
7.424311014175422315e+03 3.065376091129218532e-15
7.429828942775733594e+03 2.982310992585006821e-15
7.435346871376044874e+03 2.952804508204835145e-15
7.440864799976356153e+03 2.838008319916299144e-15
7.446382728576667432e+03 3.004704338775322733e-15
7.451900657176978712e+03 3.200219050862037947e-15
7.457418585777289991e+03 3.074845096970392270e-15
7.462936514377601270e+03 3.018245611874139538e-15
7.468454442977912549e+03 3.031811162688016361e-15
7.473972371578223829e+03 3.092165910810341844e-15
7.479490300178535108e+03 3.058146443139338291e-15
7.485008228778846387e+03 3.157878715797946004e-15
7.490526157379157667e+03 3.312100054762353591e-15
7.496044085979468946e+03 3.151706251945665839e-15
7.501562014579780225e+03 3.004554490677586022e-15
7.507079943180091504e+03 2.922200299387753198e-15
7.512597871780402784e+03 3.028330272690511482e-15
7.518115800380714063e+03 2.968229220882491849e-15
7.523633728981025342e+03 3.017280311337555412e-15
7.529151657581336622e+03 2.813323807927718640e-15
7.534669586181647901e+03 2.797655853454200770e-15
7.540187514781959180e+03 2.590324979973699125e-15
7.545705443382270460e+03 2.578339571542391178e-15
7.551223371982581739e+03 2.575720830832795154e-15
7.556741300582893018e+03 2.453091304194738629e-15
7.562259229183204297e+03 2.350884330858467685e-15
7.567777157783515577e+03 2.243599017106028853e-15
7.573295086383826856e+03 1.953301666038664463e-15
7.578813014984138135e+03 1.920842709487813297e-15
7.584330943584449415e+03 1.866221683926951829e-15
7.589848872184760694e+03 1.609099656246673293e-15
7.595366800785071973e+03 1.191854481616161634e-15
7.600884729385383253e+03 8.004246493862214961e-16
7.606402657985694532e+03 5.406040781722034682e-16
7.611920586586005811e+03 5.888698019692830560e-16
7.617438515186317090e+03 8.061832304693260184e-16
7.622956443786628370e+03 1.034722720877493848e-15
7.628474372386939649e+03 1.084007411739183602e-15
7.633992300987250928e+03 8.987768907614625340e-16
7.639510229587562208e+03 8.592796387567029490e-16
7.645028158187873487e+03 9.978513302710050688e-16
7.650546086788184766e+03 1.218393044370616308e-15
7.656064015388496045e+03 1.502394800590661247e-15
7.661581943988807325e+03 1.665425465282251429e-15
7.667099872589118604e+03 1.701422695520749816e-15
7.672617801189429883e+03 1.699721745369462826e-15
7.678135729789741163e+03 1.917426985988626745e-15
7.683653658390052442e+03 1.979501734718075709e-15
7.689171586990363721e+03 2.020439073406612516e-15
7.694689515590675001e+03 2.253667299176833791e-15
7.700207444190986280e+03 2.279825898266406137e-15
7.705725372791297559e+03 2.213855447479748439e-15
7.711243301391608838e+03 2.138300642665053307e-15
7.716761229991920118e+03 2.191499389071891660e-15
7.722279158592231397e+03 2.279983877656269120e-15
7.727797087192542676e+03 2.456549891219557336e-15
7.733315015792853956e+03 2.544458103514884819e-15
7.738832944393165235e+03 2.482807343589109149e-15
7.744350872993476514e+03 2.495859577547249978e-15
7.749868801593788703e+03 2.472809571437161511e-15
7.755386730194099982e+03 2.703798671678720578e-15
7.760904658794411262e+03 2.835547326273933236e-15
7.766422587394722541e+03 2.780813043429898352e-15
7.771940515995033820e+03 2.825603685295276681e-15
7.777458444595345100e+03 2.768896634820338016e-15
7.782976373195656379e+03 2.965173248979191336e-15
7.788494301795967658e+03 3.338986520658453208e-15
7.794012230396278937e+03 3.504838395233559098e-15
7.799530158996590217e+03 3.506092937447169202e-15
7.805048087596901496e+03 3.448778827934423943e-15
7.810566016197212775e+03 3.418552375717219191e-15
7.816083944797524055e+03 3.295170704557576561e-15
7.821601873397835334e+03 3.437183489202496074e-15
7.827119801998146613e+03 3.750612856269098025e-15
7.832637730598457892e+03 3.716174510892327677e-15
7.838155659198769172e+03 3.795457977791715554e-15
7.843673587799080451e+03 3.468259312962843036e-15
7.849191516399391730e+03 3.361850784824137903e-15
7.854709444999703010e+03 3.433579119726003989e-15
7.860227373600014289e+03 3.756379917128275457e-15
7.865745302200325568e+03 3.863837498112454394e-15
7.871263230800636848e+03 3.696696813735495490e-15
7.876781159400948127e+03 3.740881906660176520e-15
7.882299088001259406e+03 3.615853184199904131e-15
7.887817016601570685e+03 3.624669828090001121e-15
7.893334945201881965e+03 3.862380370563608963e-15
7.898852873802193244e+03 4.043711321312296295e-15
7.904370802402504523e+03 4.141946623090644221e-15
7.909888731002815803e+03 4.027984008406263225e-15
7.915406659603127082e+03 3.865443776791140303e-15
7.920924588203438361e+03 3.873505604449379927e-15
7.926442516803749641e+03 3.919624783286711166e-15
7.931960445404060920e+03 4.093261905426482096e-15
7.937478374004372199e+03 4.258694553811873470e-15
7.942996302604683478e+03 4.198751249071085136e-15
7.948514231204994758e+03 3.907764248270183680e-15
7.954032159805306037e+03 3.806976069248453107e-15
7.959550088405617316e+03 3.841623969639422299e-15
7.965068017005928596e+03 3.891486330725953511e-15
7.970585945606239875e+03 3.943210525386537443e-15
7.976103874206551154e+03 3.853572671094850123e-15
7.981621802806862433e+03 3.580209084362274607e-15
7.987139731407173713e+03 3.217926333400569998e-15
7.992657660007484992e+03 3.301100739743208226e-15
7.998175588607796271e+03 3.232673244798929547e-15
8.003693517208107551e+03 3.391441602319779057e-15
8.009211445808418830e+03 3.522592839266418716e-15
8.014729374408730109e+03 3.265952764886535418e-15
8.020247303009041389e+03 3.087716467759404144e-15
8.025765231609352668e+03 2.868564554109842041e-15
8.031283160209663947e+03 2.841066847368554485e-15
8.036801088809975226e+03 2.927180715814472692e-15
8.042319017410286506e+03 2.917024615788714349e-15
8.047836946010597785e+03 2.954308216441427160e-15
8.053354874610909064e+03 2.857098619084020938e-15
8.058872803211220344e+03 2.694045186774479245e-15
8.064390731811531623e+03 2.586158738211350619e-15
8.069908660411842902e+03 2.636524426280435720e-15
8.075426589012154182e+03 2.747632376622272736e-15
8.080944517612465461e+03 2.766205874094776580e-15
8.086462446212776740e+03 2.687303067828166475e-15
8.091980374813088019e+03 2.460638188738818503e-15
8.097498303413399299e+03 2.266800729894911442e-15
8.103016232013710578e+03 2.289898478305905697e-15
8.108534160614021857e+03 2.540264563843258891e-15
8.114052089214333137e+03 2.449478106458224828e-15
8.119570017814644416e+03 2.340410297310612687e-15
8.125087946414956605e+03 2.203013647205199535e-15
8.130605875015267884e+03 2.061856855298436055e-15
8.136123803615579163e+03 1.902871740761790135e-15
8.141641732215890443e+03 1.929129309292658775e-15
8.147159660816201722e+03 1.934888703504976852e-15
8.152677589416513001e+03 1.821657208143971427e-15
8.158195518016824280e+03 1.624102122540398075e-15
8.163713446617135560e+03 1.535761557826638948e-15
8.169231375217446839e+03 1.367206260942518059e-15
8.174749303817758118e+03 1.404257655124396159e-15
8.180267232418069398e+03 1.338725016338024721e-15
8.185785161018380677e+03 1.345220524810309225e-15
8.191303089618691956e+03 1.384890427379151074e-15
8.196821018219003236e+03 1.282146904923930245e-15
8.202338946819314515e+03 1.261825644289760947e-15
8.207856875419625794e+03 1.143967211386854980e-15
8.213374804019937073e+03 1.143610131501240006e-15
8.218892732620248353e+03 1.226778265132809570e-15
8.224410661220559632e+03 1.241106995793298953e-15
8.229928589820870911e+03 1.006386259737356308e-15
8.235446518421182191e+03 1.006268251456355560e-15
8.240964447021493470e+03 9.595724246137668848e-16
8.246482375621804749e+03 9.431464130076742035e-16
8.252000304222116029e+03 9.875783022644862434e-16
8.257518232822427308e+03 8.791104663144030141e-16
8.263036161422738587e+03 8.793837358104696012e-16
8.268554090023049866e+03 7.260884929384699008e-16
8.274072018623361146e+03 7.591681342495053535e-16
8.279589947223672425e+03 6.404368303692157843e-16
8.285107875823983704e+03 6.517485031672881346e-16
8.290625804424294984e+03 5.624487944666971114e-16
8.296143733024606263e+03 5.840737683995712765e-16
8.301661661624917542e+03 5.554698225969082725e-16
8.307179590225228822e+03 5.589726670831511086e-16
8.312697518825540101e+03 5.496201129613425463e-16
8.318215447425851380e+03 5.345768159650171768e-16
8.323733376026162659e+03 5.768555855315889843e-16
8.329251304626473939e+03 6.055011170854072230e-16
8.334769233226785218e+03 6.462839263751696495e-16
8.340287161827096497e+03 6.187597348538186201e-16
8.345805090427407777e+03 5.495530298013092811e-16
8.351323019027719056e+03 6.584092743439529160e-16
8.356840947628030335e+03 6.886647668901761672e-16
8.362358876228341614e+03 6.319778471713147528e-16
8.367876804828652894e+03 6.938443186610415965e-16
8.373394733428964173e+03 8.656371475854900608e-16
8.378912662029275452e+03 9.561747525830982595e-16
8.384430590629586732e+03 8.512192050342551018e-16
8.389948519229898011e+03 7.811432300051609435e-16
8.395466447830209290e+03 8.046830070722168466e-16
8.400984376430520570e+03 8.985983856670498781e-16
8.406502305030831849e+03 9.952375961141319375e-16
8.412020233631143128e+03 1.032517049807860700e-15
8.417538162231454407e+03 9.613265417994215194e-16
8.423056090831765687e+03 9.771947003011955253e-16
8.428574019432076966e+03 9.570123802171837707e-16
8.434091948032388245e+03 1.033027230308061869e-15
8.439609876632699525e+03 9.960536990563490132e-16
8.445127805233010804e+03 1.103169614761556149e-15
8.450645733833322083e+03 1.208214292888223478e-15
8.456163662433633363e+03 1.196378384070704520e-15
8.461681591033944642e+03 1.141293642536071048e-15
8.467199519634255921e+03 1.097709568260764167e-15
8.472717448234567200e+03 1.160377436670093086e-15
8.478235376834878480e+03 1.273358604394956605e-15
8.483753305435189759e+03 1.466344833114666215e-15
8.489271234035501038e+03 1.506130780838266612e-15
8.494789162635812318e+03 1.524539677725892467e-15
8.500307091236123597e+03 1.641708577056577013e-15
8.505825019836434876e+03 1.697395615015059879e-15
8.511342948436746155e+03 1.880571091301702051e-15
8.516860877037057435e+03 1.948254108371254375e-15
8.522378805637368714e+03 2.236596464489076034e-15
8.527896734237679993e+03 2.192119342015784487e-15
8.533414662837991273e+03 2.347393218665148623e-15
8.538932591438302552e+03 2.410243692663347080e-15
8.544450520038613831e+03 2.469669498741021231e-15
8.549968448638925111e+03 2.755648669044612493e-15
8.555486377239236390e+03 3.105590093302554767e-15
8.561004305839547669e+03 3.345470296837814234e-15
8.566522234439858948e+03 3.321419560989739130e-15
8.572040163040170228e+03 3.097434988107505543e-15
8.577558091640481507e+03 2.947375476775435407e-15
8.583076020240792786e+03 2.990394193925404305e-15
8.588593948841104066e+03 3.192795761958261712e-15
8.594111877441415345e+03 3.506438982007757129e-15
8.599629806041728443e+03 3.590123685011914340e-15
8.605147734642039723e+03 3.722836013885284608e-15
8.610665663242351002e+03 3.488508437419729701e-15
8.616183591842662281e+03 3.247753423013109196e-15
8.621701520442973560e+03 3.388508180604936649e-15
8.627219449043284840e+03 3.606974394005708192e-15
8.632737377643596119e+03 3.963282852320355725e-15
8.638255306243907398e+03 4.246584271965784273e-15
8.643773234844218678e+03 4.177281036859617823e-15
8.649291163444529957e+03 3.894236914529294302e-15
8.654809092044841236e+03 3.807423522637974540e-15
8.660327020645152515e+03 3.968865797493555507e-15
8.665844949245463795e+03 4.055186084598138720e-15
8.671362877845775074e+03 4.582555090900697869e-15
8.676880806446086353e+03 4.884637239806507539e-15
8.682398735046397633e+03 4.593396542691298262e-15
8.687916663646708912e+03 4.478177411050934895e-15
8.693434592247020191e+03 4.309937608301272069e-15
8.698952520847331471e+03 4.321842633101855860e-15
8.704470449447642750e+03 4.663569477570920827e-15
8.709988378047954029e+03 5.106153500883463979e-15
8.715506306648265308e+03 5.230215180387409685e-15
8.721024235248576588e+03 5.252645117392289286e-15
8.726542163848887867e+03 4.771028684813525098e-15
8.732060092449199146e+03 4.392547238325153298e-15
8.737578021049510426e+03 4.544873056933849392e-15
8.743095949649821705e+03 4.927540260285668966e-15
8.748613878250132984e+03 5.045168229137481791e-15
8.754131806850444264e+03 5.040403291952083463e-15
8.759649735450755543e+03 4.722296689493718579e-15
8.765167664051066822e+03 4.266876724593567249e-15
8.770685592651378101e+03 3.963427473158869897e-15
8.776203521251689381e+03 4.081671677792462305e-15
8.781721449852000660e+03 4.132431849690936566e-15
8.787239378452311939e+03 4.338536872802897996e-15
8.792757307052623219e+03 4.478244784614257961e-15
8.798275235652934498e+03 4.196929258828448744e-15
8.803793164253245777e+03 4.049228170696647860e-15
8.809311092853557057e+03 3.863780230583629867e-15
8.814829021453868336e+03 3.878992716536817648e-15
8.820346950054179615e+03 4.106020018932320553e-15
8.825864878654490894e+03 4.177130491793984879e-15
8.831382807254802174e+03 4.053657750162537783e-15
8.836900735855113453e+03 3.881903254472394478e-15
8.842418664455424732e+03 3.541194447777413438e-15
8.847936593055736012e+03 3.109781774393124073e-15
8.853454521656047291e+03 3.445106968733291570e-15
8.858972450256358570e+03 3.512029593827818239e-15
8.864490378856669849e+03 3.402505038385399582e-15
8.870008307456981129e+03 3.102668287719319798e-15
8.875526236057292408e+03 2.549998765969033035e-15
8.881044164657603687e+03 2.557472468883985926e-15
8.886562093257914967e+03 2.672891049504051965e-15
8.892080021858226246e+03 2.713137228361941622e-15
8.897597950458537525e+03 2.473403736568886210e-15
8.903115879058848805e+03 2.590012273710824614e-15
8.908633807659160084e+03 2.466190118840626041e-15
8.914151736259471363e+03 2.186100675745987933e-15
8.919669664859782642e+03 2.448870582775150529e-15
8.925187593460093922e+03 2.472489430850059328e-15
8.930705522060405201e+03 2.568406849727446224e-15
8.936223450660716480e+03 2.694323044642531439e-15
8.941741379261027760e+03 2.666952069897081755e-15
8.947259307861339039e+03 2.346569170288912357e-15
8.952777236461650318e+03 2.467971917267900750e-15
8.958295165061961598e+03 2.470639678052880175e-15
8.963813093662272877e+03 2.567524720693172369e-15
8.969331022262584156e+03 2.828435117374605783e-15
8.974848950862895435e+03 2.639047217742954039e-15
8.980366879463206715e+03 2.215909179547954992e-15
8.985884808063517994e+03 2.212283204066671785e-15
8.991402736663829273e+03 2.243686370415716920e-15
8.996920665264140553e+03 2.242589226785388421e-15
9.002438593864451832e+03 2.381936341549017603e-15
9.007956522464763111e+03 2.373238182201319330e-15
9.013474451065074390e+03 2.059324422446684141e-15
9.018992379665385670e+03 2.109021718303071631e-15
9.024510308265696949e+03 2.011885651058742482e-15
9.030028236866008228e+03 1.971413422279770541e-15
9.035546165466319508e+03 2.086465513947619497e-15
9.041064094066630787e+03 2.141385771058690626e-15
9.046582022666942066e+03 1.847007324473661058e-15
9.052099951267253346e+03 1.965169867702051699e-15
9.057617879867564625e+03 1.787816396577091301e-15
9.063135808467875904e+03 1.911777131897368446e-15
9.068653737068187183e+03 1.889285397072336829e-15
9.074171665668498463e+03 1.712862842734400622e-15
9.079689594268809742e+03 1.572480265999278524e-15
9.085207522869121021e+03 1.466924361920564295e-15
9.090725451469432301e+03 1.516524198432766166e-15
9.096243380069743580e+03 1.734941856403417676e-15
9.101761308670054859e+03 1.762256376749253329e-15
9.107279237270366139e+03 1.662573821133926038e-15
9.112797165870677418e+03 1.622477838857720616e-15
9.118315094470988697e+03 1.601568104996315089e-15
9.123833023071299976e+03 1.569258415736621030e-15
9.129350951671611256e+03 1.717985556773310749e-15
9.134868880271922535e+03 1.822809063754171992e-15
9.140386808872233814e+03 1.640497246852546786e-15
9.145904737472545094e+03 1.542106869717238032e-15
9.151422666072856373e+03 1.616871545259991101e-15
9.156940594673167652e+03 1.753187314319326129e-15
9.162458523273478932e+03 1.957491372386859925e-15
9.167976451873790211e+03 1.798532742630279155e-15
9.173494380474101490e+03 1.551426724428571491e-15
9.179012309074412769e+03 1.644615397830039415e-15
9.184530237674724049e+03 1.743894409033321581e-15
9.190048166275035328e+03 1.950696748525681011e-15
9.195566094875346607e+03 1.982525646098141995e-15
9.201084023475657887e+03 1.621386387131879009e-15
9.206601952075969166e+03 1.726875033808586013e-15
9.212119880676280445e+03 1.943987503231819080e-15
9.217637809276591724e+03 2.147925420831084107e-15
9.223155737876903004e+03 2.206794814204758425e-15
9.228673666477214283e+03 2.434915426907159362e-15
9.234191595077525562e+03 2.161972344138775184e-15
9.239709523677836842e+03 2.316458414742518232e-15
9.245227452278148121e+03 2.426970806016838477e-15
