3.776699999999999818e+03 5.713487463234683260e-16 2.907999999999999941e-32
3.802300000000000182e+03 5.032887218300414099e-16 2.410999999999999907e-32
3.827900000000000091e+03 5.143706920240561436e-16 4.097999999999999891e-32
3.853400000000000091e+03 2.927312881437717742e-16 2.925000000000000112e-32
3.879000000000000000e+03 4.654427481485969242e-16 1.639000000000000080e-32
3.904599999999999909e+03 3.918417385581629370e-16 3.097000000000000043e-32
3.930099999999999909e+03 6.886503553582230124e-16 1.051999999999999952e-32
3.955699999999999818e+03 7.759470073582404757e-16 2.339000000000000051e-32
3.981300000000000182e+03 1.000722817897207740e-15 1.846000000000000009e-32
4.006800000000000182e+03 1.177197965892453775e-15 1.113000000000000036e-32
4.032400000000000091e+03 1.084151235018183688e-15 1.744000000000000076e-32
4.058000000000000000e+03 1.141652023760710516e-15 1.500000000000000016e-32
4.083599999999999909e+03 1.048605292886438654e-15 1.255999999999999955e-32
4.109100000000000364e+03 8.264431545630413644e-16 1.111999999999999969e-32
4.134699999999999818e+03 7.360100959043401678e-16 1.392999999999999887e-32
4.160300000000000182e+03 8.338659836552580148e-16 1.002999999999999982e-32
4.185800000000000182e+03 7.720787724791974806e-16 1.039000000000000047e-32
4.211399999999999636e+03 8.225749196839979750e-16 7.097999999999999375e-33
4.237000000000000000e+03 8.092974648289054563e-16 8.707999999999999581e-33
4.262600000000000364e+03 7.513784885318884102e-16 7.336000000000000131e-33
4.288100000000000364e+03 8.613618153630480145e-16 8.993000000000000039e-33
4.313699999999999818e+03 8.578072211498738661e-16 6.248999999999999770e-33
4.339300000000000182e+03 9.386219660552794441e-16 7.081999999999999681e-33
4.364800000000000182e+03 9.564994840097734307e-16 7.229000000000000550e-33
4.390399999999999636e+03 9.553494682349232609e-16 5.745999999999999885e-33
4.416000000000000000e+03 9.117534156792260530e-16 6.072999999999999711e-33
4.441600000000000364e+03 8.755801922157452982e-16 4.206000000000000223e-33
4.467100000000000364e+03 7.045414824288845200e-16 5.347000000000000066e-33
4.492699999999999818e+03 7.428056436648207026e-16 5.299999999999999681e-33
4.518300000000000182e+03 8.631391124696351873e-16 4.298000000000000176e-33
4.543800000000000182e+03 1.005113787219364494e-15 4.294999999999999977e-33
4.569399999999999636e+03 1.074742015042132488e-15 4.352000000000000342e-33
4.595000000000000000e+03 1.175107028119997952e-15 4.793000000000000214e-33
4.620500000000000000e+03 1.090424048335548788e-15 5.152000000000000113e-33
4.646100000000000364e+03 1.128060928239749249e-15 4.197000000000000309e-33
4.671699999999999818e+03 9.696723919762434935e-16 3.354999999999999801e-33
4.697300000000000182e+03 8.515344078325072869e-16 2.875000000000000075e-33
4.722800000000000182e+03 6.991050442205001514e-16 3.197000000000000254e-33
4.748399999999999636e+03 6.434860994731837406e-16 3.146999999999999669e-33
4.774000000000000000e+03 5.201207708983084714e-16 2.979000000000000141e-33
4.799500000000000000e+03 4.756883432336287571e-16 3.008000000000000015e-33
4.825100000000000364e+03 4.801838594444082621e-16 2.462000000000000011e-33
4.850699999999999818e+03 5.816988882971233050e-16 2.830000000000000165e-33
4.876300000000000182e+03 5.967536402588028979e-16 2.193999999999999998e-33
4.901800000000000182e+03 5.890171705007175981e-16 1.964000000000000115e-33
4.927399999999999636e+03 6.701455560719913325e-16 2.264999999999999925e-33
4.953000000000000000e+03 7.549330827450623613e-16 2.108000000000000102e-33
4.978500000000000000e+03 7.947654473103402133e-16 1.695000000000000037e-33
5.004100000000000364e+03 8.782984113199377291e-16 2.015000000000000082e-33
5.029699999999999818e+03 8.994168828217385951e-16 1.650000000000000127e-33
5.055300000000000182e+03 7.632968338348848614e-16 2.117000000000000015e-33
5.080800000000000182e+03 6.076265166755713394e-16 1.497999999999999951e-33
5.106399999999999636e+03 5.481393370492125253e-16 1.631999999999999957e-33
5.132000000000000000e+03 6.580181169917494765e-16 1.567000000000000087e-33
5.157500000000000000e+03 7.259735945965540355e-16 2.088999999999999866e-33
5.183100000000000364e+03 8.759983797702363049e-16 1.806999999999999950e-33
5.208699999999999818e+03 1.004068318333136385e-15 1.638000000000000014e-33
5.234199999999999818e+03 1.001872833672058502e-15 1.666000000000000163e-33
5.259800000000000182e+03 1.019018523406193522e-15 1.549999999999999984e-33
5.285399999999999636e+03 1.037836963358293556e-15 2.113000000000000092e-33
5.311000000000000000e+03 1.042646120234940921e-15 1.578999999999999858e-33
5.336500000000000000e+03 9.994682552337341285e-16 1.785999999999999923e-33
5.362100000000000364e+03 9.836816750516955698e-16 1.499000000000000018e-33
5.387699999999999818e+03 8.605254402540660998e-16 1.518000000000000082e-33
5.413199999999999818e+03 7.758424604696175268e-16 1.397999999999999980e-33
5.438800000000000182e+03 7.285872668121233202e-16 1.525999999999999929e-33
5.464399999999999636e+03 6.516407567857605401e-16 1.481999999999999915e-33
5.490000000000000000e+03 5.524257594827460339e-16 1.214999999999999969e-33
5.515500000000000000e+03 5.429119926180737585e-16 1.054999999999999946e-33
5.541100000000000364e+03 5.531575877031055914e-16 8.668000000000000688e-34
5.566699999999999818e+03 5.828489040719738692e-16 1.250999999999999965e-33
5.592199999999999818e+03 5.520075719282551259e-16 1.268999999999999964e-33
5.617800000000000182e+03 4.231012582563730815e-16 1.234000000000000033e-33
5.643399999999999636e+03 3.542048586539637082e-16 7.908999999999999193e-34
5.668899999999999636e+03 3.825370654707358692e-16 8.051999999999999797e-34
5.694500000000000000e+03 3.305772618252163091e-16 9.261000000000000393e-34
5.720100000000000364e+03 2.588580962299924436e-16 7.434000000000000141e-34
5.745699999999999818e+03 1.819115862036295155e-16 4.968000000000000378e-34
5.771199999999999818e+03 2.292713267497468189e-16 8.677000000000000259e-34
5.796800000000000182e+03 1.824343206467434218e-16 7.722000000000000113e-34
5.822399999999999636e+03 2.314668114108251463e-16 5.609999999999999746e-34
5.847899999999999636e+03 2.967040699114371264e-16 8.353000000000000290e-34
5.873500000000000000e+03 3.016177736767075889e-16 8.345000000000000101e-34
5.899100000000000364e+03 4.200693984863121491e-16 7.819000000000000056e-34
5.924699999999999818e+03 4.420242450970951764e-16 9.261999999999999775e-34
5.950199999999999818e+03 4.372150882204476136e-16 9.441000000000000376e-34
5.975800000000000182e+03 4.150511478324190336e-16 8.276999999999999347e-34
6.001399999999999636e+03 3.590140155306113203e-16 7.535000000000000179e-34
6.026899999999999636e+03 3.331909340407857418e-16 7.927999999999999428e-34
6.052500000000000000e+03 3.026632425629353028e-16 6.117999999999999792e-34
6.078100000000000364e+03 2.879221312671238662e-16 5.653999999999999932e-34
6.103699999999999818e+03 3.159406974180280187e-16 5.727000000000000162e-34
6.129199999999999818e+03 3.748005957126505201e-16 7.348999999999999626e-34
6.154800000000000182e+03 4.039691776384047930e-16 8.649999999999999834e-34
6.180399999999999636e+03 4.389923853270346877e-16 6.065000000000000035e-34
6.205899999999999636e+03 4.683700610300344640e-16 8.325999999999999865e-34
6.231500000000000000e+03 4.935658611881237298e-16 6.110999999999999840e-34
6.257100000000000364e+03 5.649713861174790938e-16 8.118000000000000075e-34
6.282600000000000364e+03 6.332405043881514147e-16 8.359999999999999387e-34
6.308199999999999818e+03 6.561362729965398479e-16 8.347999999999999958e-34
6.333800000000000182e+03 6.421269899210879689e-16 1.013999999999999960e-33
6.359399999999999636e+03 6.267585972935395293e-16 8.330000000000000815e-34
6.384899999999999636e+03 5.857762169534113103e-16 6.358000000000000339e-34
6.410500000000000000e+03 6.058492195689844625e-16 5.691000000000000166e-34
6.436100000000000364e+03 6.312541135043189357e-16 5.166999999999999741e-34
6.461600000000000364e+03 6.379451143761765216e-16 5.844999999999999961e-34
6.487199999999999818e+03 6.510134754540233398e-16 4.222000000000000260e-34
6.512800000000000182e+03 6.444270214707886042e-16 6.124999999999999744e-34
6.538399999999999636e+03 6.653363991953437697e-16 7.013000000000000229e-34
6.563899999999999636e+03 6.728637751761837633e-16 1.186999999999999990e-33
6.589500000000000000e+03 6.322995823905467482e-16 1.008000000000000074e-33
6.615100000000000364e+03 5.490802590468175861e-16 8.150000000000000832e-34
6.640600000000000364e+03 4.649200137054831659e-16 5.143000000000000029e-34
6.666199999999999818e+03 4.009373178683444029e-16 4.413000000000000289e-34
6.691800000000000182e+03 2.993177421270065098e-16 3.663000000000000076e-34
6.717399999999999636e+03 2.416078596072344247e-16 2.865000000000000010e-34
6.742899999999999636e+03 2.177711690012415716e-16 3.198999999999999788e-34
6.768500000000000000e+03 1.821206799808750189e-16 3.359000000000000152e-34
6.794100000000000364e+03 1.823297737581205962e-16 3.303999999999999920e-34
6.819600000000000364e+03 2.019845888192023965e-16 3.094999999999999893e-34
6.845199999999999818e+03 1.965481506108181264e-16 3.357999999999999915e-34
6.870800000000000182e+03 1.941435721724942464e-16 2.502000000000000187e-34
6.896300000000000182e+03 1.855707273054266621e-16 3.139000000000000079e-34
6.921899999999999636e+03 2.002072917126152483e-16 3.152999999999999982e-34
6.947500000000000000e+03 1.956072286132131149e-16 2.842000000000000107e-34
6.973100000000000364e+03 1.866161961916544746e-16 2.647999999999999793e-34
6.998600000000000364e+03 2.284349516407646576e-16 3.054999999999999801e-34
7.024199999999999818e+03 2.491352355880743691e-16 2.831999999999999870e-34
7.049800000000000182e+03 2.557216895713090554e-16 2.685999999999999837e-34
7.075300000000000182e+03 2.746446764120315940e-16 3.739999999999999973e-34
7.100899999999999636e+03 2.868766623808964482e-16 3.562999999999999848e-34
7.126500000000000000e+03 2.941949445844904455e-16 3.312999999999999919e-34
7.152100000000000364e+03 3.093542434347929380e-16 2.300000000000000112e-34
7.177600000000000364e+03 3.331909340407857418e-16 3.335000000000000012e-34
7.203199999999999818e+03 3.745915019354049674e-16 3.902999999999999768e-34
7.228800000000000182e+03 4.064783029653512768e-16 3.038000000000000041e-34
7.254300000000000182e+03 4.654427481485969242e-16 3.060999999999999943e-34
7.279899999999999636e+03 5.198071302324402164e-16 2.835000000000000155e-34
7.305500000000000000e+03 6.049082975713796974e-16 4.113000000000000032e-34
7.331100000000000364e+03 6.426497243642017272e-16 4.304000000000000062e-34
7.356600000000000364e+03 6.112856577773688311e-16 4.453999999999999762e-34
7.382199999999999818e+03 5.373710075210662438e-16 4.348000000000000247e-34
7.407800000000000182e+03 4.721337490204546087e-16 3.649000000000000172e-34
7.433300000000000182e+03 4.091965220695436090e-16 3.022999999999999900e-34
7.458899999999999636e+03 3.784597368144476173e-16 2.442999999999999860e-34
7.484500000000000000e+03 3.396728411353979229e-16 2.795000000000000064e-34
7.510000000000000000e+03 3.153134160862911636e-16 3.605999999999999796e-34
7.535600000000000364e+03 2.741219419689177371e-16 3.350999999999999963e-34
7.561199999999999818e+03 2.295849674156151725e-16 4.131000000000000031e-34
7.586800000000000182e+03 2.064801050299817536e-16 4.276999999999999637e-34
7.612300000000000182e+03 1.974890726084230640e-16 2.914000000000000100e-34
7.637899999999999636e+03 2.179802627784870749e-16 4.693000000000000072e-34
7.663500000000000000e+03 2.620990497772984849e-16 5.136000000000000077e-34
7.689000000000000000e+03 3.204362136288073265e-16 4.727999999999999831e-34
7.714600000000000364e+03 3.536821242108498020e-16 3.202999999999999882e-34
7.740199999999999818e+03 4.151556947210416867e-16 3.721999999999999975e-34
7.765800000000000182e+03 4.882339698683620142e-16 3.829000000000000155e-34
7.791300000000000182e+03 5.459438523881344444e-16 3.623999999999999794e-34
7.816899999999999636e+03 5.596394947977175754e-16 3.476999999999999951e-34
7.842500000000000000e+03 5.324573037557959293e-16 4.197999999999999692e-34
7.868000000000000000e+03 4.714019208000951498e-16 4.060999999999999657e-34
7.893600000000000364e+03 4.187102889342162788e-16 4.453999999999999762e-34
7.919199999999999818e+03 3.704096263904939639e-16 3.593999999999999940e-34
7.944699999999999818e+03 2.968086168000597302e-16 3.415000000000000195e-34
7.970300000000000182e+03 2.683718630946648176e-16 3.526000000000000041e-34
7.995899999999999636e+03 2.490306886994514202e-16 3.593999999999999940e-34
8.021500000000000000e+03 2.280167640862735524e-16 3.128000000000000032e-34
8.047000000000000000e+03 1.830616019784800797e-16 7.598999999999999983e-35
8.072600000000000364e+03 1.795070077653056602e-16 2.500000000000000140e-34
8.098199999999999818e+03 1.748023977772807997e-16 2.572999999999999943e-34
8.123699999999999818e+03 1.694705064575193060e-16 2.709999999999999977e-34
8.149300000000000182e+03 1.720841786730886400e-16 2.964000000000000000e-34
8.174899999999999636e+03 1.735478351138075085e-16 2.685000000000000027e-34
8.200500000000000000e+03 1.971754319425547597e-16 3.233999999999999974e-34
8.226000000000000000e+03 2.223712321006437297e-16 2.646000000000000173e-34
8.251600000000000364e+03 2.261349200910635786e-16 3.229000000000000070e-34
8.277200000000000728e+03 2.273894827545368451e-16 4.442999999999999716e-34
8.302700000000000728e+03 1.925753688431527002e-16 5.457000000000000188e-34
8.328299999999999272e+03 1.390473618682914707e-16 6.209000000000000021e-34
8.353899999999999636e+03 1.460520034060175581e-16 5.306000000000000250e-34
8.379500000000000000e+03 1.718750848958431614e-16 5.273000000000000111e-34
8.405000000000000000e+03 2.081528552479462240e-16 4.672999999999999599e-34
8.430600000000000364e+03 2.743310357461630432e-16 3.398000000000000006e-34
8.456200000000000728e+03 3.513820926611489201e-16 4.438999999999999621e-34
8.481700000000000728e+03 4.455788393102696699e-16 5.102999999999999937e-34
8.507299999999999272e+03 5.606849636839455851e-16 4.420999999999999623e-34
8.532899999999999636e+03 6.994186848863688008e-16 4.520000000000000041e-34
8.558399999999999636e+03 8.152566374804035833e-16 3.938999999999999764e-34
8.584000000000000000e+03 8.777756768768236749e-16 5.289999999999999872e-34
8.609600000000000364e+03 9.025532894804221312e-16 6.478999999999999995e-34
8.635200000000000728e+03 9.129034314540764200e-16 6.285000000000000109e-34
8.660700000000000728e+03 8.904258504001795850e-16 5.576999999999999607e-34
8.686299999999999272e+03 8.543571738253222722e-16 6.473999999999999663e-34
8.711899999999999636e+03 8.476661729534646863e-16 8.167999999999999975e-34
8.737399999999999636e+03 8.387796874205286251e-16 9.928999999999999949e-34
8.763000000000000000e+03 7.696741940408739950e-16 1.484999999999999943e-33
8.788600000000000364e+03 6.598999609869594010e-16 1.474000000000000067e-33
8.814200000000000728e+03 5.570258225821484878e-16 1.525000000000000034e-33
8.839700000000000728e+03 4.821702503282410369e-16 1.319000000000000035e-33
8.865299999999999272e+03 4.144238665006825236e-16 8.671999999999999927e-34
8.890899999999999636e+03 3.616276877461808023e-16 6.739000000000000160e-34
8.916399999999999636e+03 3.113406343186257127e-16 6.718999999999999687e-34
8.942000000000000000e+03 2.892812408192199337e-16 7.623999999999999933e-34
8.967600000000000364e+03 2.514352671377753002e-16 7.490999999999999993e-34
8.993200000000000728e+03 2.081528552479462240e-16 1.455000000000000003e-34
9.018700000000000728e+03 2.223712321006437297e-16 6.642999999999999599e-34
9.044299999999999272e+03 2.335577491832806727e-16 5.285999999999999777e-34
9.069899999999999636e+03 2.018800419305796448e-16 5.392000000000000147e-34
9.095399999999999636e+03 1.874525713006366605e-16 4.790000000000000015e-34
9.121000000000000000e+03 1.995800103808786890e-16 6.296000000000000155e-34
9.146600000000000364e+03 2.088846834683056829e-16 1.456000000000000026e-34
9.172100000000000364e+03 2.326168271856757598e-16 1.676999999999999910e-34
9.197700000000000728e+03 2.683718630946648176e-16 6.412000000000000334e-34
9.223299999999999272e+03 3.107133529868890055e-16 9.000000000000000846e-34
