3.776699999999999818e+03 3.011338250030828446e-16 9.968999999999998911e-32
3.802300000000000182e+03 6.128742012696737672e-16 8.737000000000000276e-32
3.827900000000000091e+03 5.672199153963117780e-16 5.618000000000000141e-32
3.853400000000000091e+03 2.061360180342694686e-16 4.544000000000000232e-32
3.879000000000000000e+03 2.937553545589031128e-16 4.078999999999999861e-32
3.904599999999999909e+03 3.827581542918202563e-16 3.701999999999999861e-32
3.930099999999999909e+03 6.925001948131126156e-16 3.120999999999999995e-32
3.955699999999999818e+03 9.638127017709691487e-16 2.716999999999999980e-32
3.981300000000000182e+03 1.463550356229888013e-15 3.447000000000000028e-32
4.006800000000000182e+03 1.773907269288194796e-15 3.105000000000000027e-32
4.032400000000000091e+03 1.875361237895665357e-15 2.426999999999999875e-32
4.058000000000000000e+03 1.838468885674767043e-15 1.726999999999999904e-32
4.083599999999999909e+03 1.780055994658345435e-15 1.667000000000000024e-32
4.109100000000000364e+03 1.395145786486972406e-15 1.380999999999999911e-32
4.134699999999999818e+03 1.191315540466508490e-15 1.278000000000000048e-32
4.160300000000000182e+03 1.188856050318449220e-15 1.105999999999999981e-32
4.185800000000000182e+03 1.271556406546962501e-15 1.041999999999999972e-32
4.211399999999999636e+03 1.284468729824277266e-15 1.236999999999999925e-32
4.237000000000000000e+03 1.157651269064939261e-15 6.188999999999999890e-33
4.262600000000000364e+03 1.239275598353676575e-15 5.352999999999999780e-33
4.288100000000000364e+03 1.384692953357717502e-15 6.534000000000000227e-33
4.313699999999999818e+03 1.331352760771668988e-15 5.010000000000000260e-33
4.339300000000000182e+03 1.407750673495778850e-15 5.286000000000000119e-33
4.364800000000000182e+03 1.589445508183703422e-15 5.763999999999999712e-33
4.390399999999999636e+03 1.657081487255350594e-15 4.683999999999999816e-33
4.416000000000000000e+03 1.487376667039218586e-15 4.423000000000000269e-33
4.441600000000000364e+03 1.249882149617185639e-15 5.475999999999999740e-33
4.467100000000000364e+03 1.155806651453894267e-15 5.073000000000000339e-33
4.492699999999999818e+03 1.133056367584340254e-15 3.723999999999999680e-33
4.518300000000000182e+03 1.355947662252267602e-15 3.459999999999999934e-33
4.543800000000000182e+03 1.488760130247501888e-15 3.950999999999999706e-33
4.569399999999999636e+03 1.707808471559085480e-15 3.313999999999999815e-33
4.595000000000000000e+03 2.033690916177020655e-15 3.408999999999999967e-33
4.620500000000000000e+03 2.358036179452418761e-15 4.098999999999999958e-33
4.646100000000000364e+03 2.465638873430039173e-15 3.783000000000000178e-33
4.671699999999999818e+03 2.550183847269597843e-15 4.395999999999999844e-33
4.697300000000000182e+03 2.407225982413616776e-15 4.517999999999999737e-33
4.722800000000000182e+03 2.199706501171064252e-15 1.853000000000000063e-32
4.748399999999999636e+03 1.706271290216548807e-15 3.755999999999999753e-33
4.774000000000000000e+03 1.483379995548620276e-15 5.120000000000000040e-33
4.799500000000000000e+03 1.312599148392712102e-15 3.513000000000000033e-33
4.825100000000000364e+03 1.178864371591956009e-15 4.644999999999999962e-33
4.850699999999999818e+03 1.097547478571725636e-15 3.445999999999999688e-33
4.876300000000000182e+03 1.303990932874502588e-15 3.301999999999999702e-33
4.901800000000000182e+03 1.388535906714061257e-15 3.360000000000000133e-33
4.927399999999999636e+03 1.390687960593614178e-15 3.119999999999999928e-33
4.953000000000000000e+03 1.457709067128245892e-15 3.764999999999999667e-33
4.978500000000000000e+03 1.710882834244160208e-15 1.505999999999999867e-32
5.004100000000000364e+03 2.044451185574783485e-15 1.838000000000000025e-32
5.029699999999999818e+03 2.041376822889708954e-15 3.319000000000000147e-33
5.055300000000000182e+03 2.050599910944932941e-15 2.891999999999999836e-33
5.080800000000000182e+03 1.767758543918045537e-15 1.247000000000000042e-32
5.106399999999999636e+03 1.385461544028986726e-15 2.370000000000000057e-33
5.132000000000000000e+03 1.434805065124437521e-15 2.232000000000000128e-33
5.157500000000000000e+03 1.503209634867353524e-15 2.335999999999999852e-33
5.183100000000000364e+03 1.617114772349377552e-15 2.448999999999999831e-33
5.208699999999999818e+03 1.826171434934468525e-15 1.708999999999999940e-33
5.234199999999999818e+03 1.938385672939701522e-15 1.697999999999999894e-33
5.259800000000000182e+03 2.084417900480755936e-15 1.950999999999999936e-33
5.285399999999999636e+03 2.239673216077037492e-15 2.041000000000000098e-33
5.311000000000000000e+03 2.491770956253175052e-15 1.513999999999999988e-33
5.336500000000000000e+03 2.647026271849455819e-15 1.753999999999999850e-33
5.362100000000000364e+03 2.726959701661402692e-15 2.253000000000000154e-33
5.387699999999999818e+03 2.763852053882300612e-15 2.272000000000000048e-33
5.413199999999999818e+03 2.705439162865878610e-15 9.721999999999999883e-33
5.438800000000000182e+03 2.473324780142727078e-15 7.954000000000000129e-33
5.464399999999999636e+03 2.330366915286745223e-15 1.657999999999999974e-33
5.490000000000000000e+03 2.250433485474798744e-15 8.370999999999999775e-33
5.515500000000000000e+03 2.012170377381496967e-15 1.676999999999999867e-33
5.541100000000000364e+03 1.949145942337461985e-15 1.271999999999999992e-33
5.566699999999999818e+03 2.042914004232245036e-15 1.590999999999999971e-33
5.592199999999999818e+03 2.118235890016579324e-15 5.106999999999999861e-33
5.617800000000000182e+03 1.896881776691189834e-15 1.154000000000000022e-33
5.643399999999999636e+03 1.626337860404602130e-15 9.574999999999999698e-34
5.668899999999999636e+03 1.383770644552194906e-15 1.492999999999999961e-33
5.694500000000000000e+03 1.223442630525540650e-15 8.312999999999999344e-34
5.720100000000000364e+03 1.118453144830234655e-15 3.921999999999999832e-33
5.745699999999999818e+03 9.435219080494749970e-16 8.731999999999999807e-33
5.771199999999999818e+03 7.475312868759523577e-16 6.595000000000000174e-34
5.796800000000000182e+03 6.386988478243025083e-16 5.292000000000000347e-34
5.822399999999999636e+03 6.459236001342283263e-16 6.318000000000000248e-34
5.847899999999999636e+03 7.536800122461025040e-16 5.055999999999999894e-34
5.873500000000000000e+03 8.720429756214844639e-16 2.814000000000000129e-33
5.899100000000000364e+03 9.622755204284322777e-16 7.207000000000000115e-34
5.924699999999999818e+03 1.090015289993292089e-15 5.113999999999999984e-34
5.950199999999999818e+03 1.327817243683832765e-15 7.607000000000000172e-34
5.975800000000000182e+03 1.358868306803088958e-15 7.021000000000000418e-34
6.001399999999999636e+03 1.334888277859504817e-15 5.271999999999999874e-34
6.026899999999999636e+03 1.327509807415325036e-15 4.438999999999999621e-34
6.052500000000000000e+03 1.260642419014947483e-15 5.623999999999999650e-34
6.078100000000000364e+03 1.231282255372482518e-15 5.130999999999999745e-34
6.103699999999999818e+03 1.172715646221805764e-15 3.701999999999999929e-34
6.129199999999999818e+03 1.198847729044942629e-15 5.691000000000000166e-34
6.154800000000000182e+03 1.292462072805471914e-15 2.391000000000000084e-33
6.180399999999999636e+03 1.372241784483165021e-15 5.487999999999999853e-34
6.205899999999999636e+03 1.555627518647880033e-15 4.600000000000000223e-34
6.231500000000000000e+03 1.626337860404602130e-15 2.505999999999999854e-33
6.257100000000000364e+03 1.617114772349377552e-15 4.730000000000000306e-34
6.282600000000000364e+03 1.749312367807596182e-15 5.257999999999999970e-34
6.308199999999999818e+03 1.707808471559085480e-15 4.237999999999999783e-34
6.333800000000000182e+03 1.669378937995650295e-15 4.257000000000000019e-34
6.359399999999999636e+03 1.598668596238928198e-15 3.748000000000000163e-34
6.384899999999999636e+03 1.629412223089677056e-15 1.770999999999999953e-33
6.410500000000000000e+03 1.741626461094909264e-15 3.666999999999999999e-33
6.436100000000000364e+03 1.899956139376263970e-15 4.219000000000000402e-34
6.461600000000000364e+03 2.062897361685232642e-15 2.459000000000000153e-33
6.487199999999999818e+03 2.170500055662853054e-15 4.611000000000000270e-34
6.512800000000000182e+03 2.241210397419573968e-15 3.676999999999999979e-34
6.538399999999999636e+03 2.293474563065848092e-15 3.814999999999999824e-34
6.563899999999999636e+03 2.298086107093458310e-15 4.269000000000000303e-34
6.589500000000000000e+03 2.336515640656895468e-15 4.312999999999999633e-34
6.615100000000000364e+03 2.333441277971820148e-15 4.907999999999999814e-34
6.640600000000000364e+03 2.202780863856139177e-15 5.889000000000000147e-34
6.666199999999999818e+03 1.955294667707613019e-15 5.814000000000000297e-34
6.691800000000000182e+03 1.660155849940425519e-15 3.330000000000000108e-34
6.717399999999999636e+03 1.378236791719060514e-15 3.271000000000000208e-34
6.742899999999999636e+03 1.133210085718594217e-15 2.694999999999999836e-34
6.768500000000000000e+03 1.018997511968062854e-15 2.635000000000000127e-34
6.794100000000000364e+03 9.097039185136512136e-16 2.723000000000000071e-34
6.819600000000000364e+03 8.357654959376011151e-16 3.051000000000000134e-34
6.845199999999999818e+03 7.945690359575978463e-16 2.966999999999999857e-34
6.870800000000000182e+03 7.470701324731913556e-16 3.022000000000000090e-34
6.896300000000000182e+03 7.184785595019951226e-16 2.732999999999999880e-34
6.921899999999999636e+03 6.917316041418436870e-16 2.114999999999999797e-34
6.947500000000000000e+03 6.855828787716942310e-16 2.084999999999999942e-34
6.973100000000000364e+03 6.944985305584110803e-16 1.847000000000000084e-34
6.998600000000000364e+03 7.430734609825941302e-16 2.041000000000000184e-34
7.024199999999999818e+03 7.944153178233441790e-16 2.867999999999999867e-34
7.049800000000000182e+03 8.525207725712591422e-16 2.352999999999999869e-34
7.075300000000000182e+03 9.029403206064868908e-16 2.087999999999999799e-34
7.100899999999999636e+03 9.528987142389535387e-16 2.829000000000000013e-34
7.126500000000000000e+03 1.005777752422240952e-15 3.355000000000000058e-34
7.152100000000000364e+03 1.021764438384630839e-15 3.869000000000000246e-34
7.177600000000000364e+03 1.004701725482464787e-15 4.059000000000000038e-34
7.203199999999999818e+03 1.023916492264182577e-15 3.469999999999999999e-34
7.228800000000000182e+03 1.071722832017096501e-15 3.011000000000000043e-34
7.254300000000000182e+03 1.150119080486505911e-15 2.547000000000000183e-34
7.279899999999999636e+03 1.274015896695022165e-15 2.993000000000000045e-34
7.305500000000000000e+03 1.435419937661452783e-15 2.685999999999999837e-34
7.331100000000000364e+03 1.618651953691915015e-15 3.094000000000000083e-34
7.356600000000000364e+03 1.816948346879243355e-15 3.265000000000000066e-34
7.382199999999999818e+03 1.964517755762836612e-15 3.022000000000000090e-34
7.407800000000000182e+03 1.989112657243435619e-15 4.042999999999999659e-34
7.433300000000000182e+03 1.913790771459100937e-15 3.325000000000000203e-34
7.458899999999999636e+03 1.778518813315807381e-15 3.017000000000000185e-34
7.484500000000000000e+03 1.652469943227737812e-15 2.707000000000000120e-34
7.510000000000000000e+03 1.552553155962805502e-15 2.756000000000000210e-34
7.535600000000000364e+03 1.518888884561235485e-15 3.924999999999999860e-34
7.561199999999999818e+03 1.486761794502202930e-15 5.547000000000000180e-34
7.586800000000000182e+03 1.500903862853547626e-15 7.201000000000000401e-34
7.612300000000000182e+03 1.336579177336296243e-15 8.137999999999999693e-34
7.637899999999999636e+03 1.098316069242994466e-15 5.054999999999999657e-34
7.663500000000000000e+03 8.454497383955870902e-16 2.167999999999999982e-34
7.689000000000000000e+03 7.752005510416263892e-16 2.212000000000000168e-34
7.714600000000000364e+03 8.577471891358864954e-16 3.602000000000000129e-34
7.740199999999999818e+03 9.748804074372387218e-16 3.960999999999999857e-34
7.765800000000000182e+03 1.099392096182770236e-15 4.176999999999999836e-34
7.791300000000000182e+03 1.280625776467933116e-15 3.841999999999999821e-34
7.816899999999999636e+03 1.526574791273922601e-15 4.097999999999999891e-34
7.842500000000000000e+03 1.772370087945657333e-15 3.668999999999999790e-34
7.868000000000000000e+03 1.952220305022536911e-15 4.222999999999999642e-34
7.893600000000000364e+03 2.009096014696422436e-15 3.952999999999999668e-34
7.919199999999999818e+03 1.929162584884475957e-15 4.589000000000000177e-34
7.944699999999999818e+03 1.809262440166556239e-15 4.395000000000000290e-34
7.970300000000000182e+03 1.735477735724759216e-15 4.792999999999999872e-34
7.995899999999999636e+03 1.652469943227737812e-15 3.902999999999999768e-34
8.021500000000000000e+03 1.424198513860929246e-15 3.850000000000000010e-34
8.047000000000000000e+03 1.248344968274647782e-15 3.254999999999999830e-34
8.072600000000000364e+03 1.058656790605528561e-15 3.098000000000000177e-34
8.098199999999999818e+03 9.358360013367874866e-16 2.660999999999999887e-34
8.123699999999999818e+03 8.768082377833505192e-16 3.233999999999999974e-34
8.149300000000000182e+03 8.569785984646175668e-16 3.836000000000000107e-34
8.174899999999999636e+03 8.093259768459575073e-16 4.190999999999999740e-34
8.200500000000000000e+03 7.375396081494592450e-16 3.047999999999999850e-34
8.226000000000000000e+03 7.049513636876655895e-16 2.842999999999999917e-34
8.251600000000000364e+03 7.244735667378911085e-16 2.946000000000000002e-34
8.277200000000000728e+03 7.662848992549093426e-16 4.129000000000000411e-34
8.302700000000000728e+03 7.997954525222251996e-16 3.629999999999999936e-34
8.328299999999999272e+03 7.715113158195366958e-16 4.407999999999999957e-34
8.353899999999999636e+03 6.785118445960220804e-16 5.354999999999999913e-34
8.379500000000000000e+03 5.756744127802681183e-16 4.507000000000000375e-34
8.405000000000000000e+03 5.063475342318297174e-16 4.551999999999999943e-34
8.430600000000000364e+03 4.865178949130966664e-16 4.111000000000000413e-34
8.456200000000000728e+03 5.463142491378031540e-16 4.023000000000000041e-34
8.481700000000000728e+03 6.526871980413932407e-16 3.855999999999999725e-34
8.507299999999999272e+03 7.799658132034924444e-16 3.634000000000000031e-34
8.532899999999999636e+03 9.484408883455949168e-16 3.927000000000000335e-34
8.558399999999999636e+03 1.174099109430089658e-15 4.355999999999999581e-34
8.584000000000000000e+03 1.456940476456976865e-15 5.244000000000000066e-34
8.609600000000000364e+03 1.707808471559085480e-15 5.234999999999999640e-34
8.635200000000000728e+03 1.898418958033726705e-15 5.579000000000000082e-34
8.660700000000000728e+03 2.027542190806871199e-15 5.993000000000000042e-34
8.686299999999999272e+03 2.059822999000156928e-15 6.095999999999999699e-34
8.711899999999999636e+03 2.072120449740456629e-15 5.026999999999999850e-34
8.737399999999999636e+03 2.089029444508368915e-15 5.826999999999999963e-34
8.763000000000000000e+03 2.089029444508368915e-15 6.613000000000000172e-34
8.788600000000000364e+03 2.009096014696422436e-15 7.968000000000000375e-34
8.814200000000000728e+03 1.872286875210590826e-15 8.186000000000000829e-34
8.839700000000000728e+03 1.721643103641922644e-15 8.353999999999999672e-34
8.865299999999999272e+03 1.581759601471016306e-15 6.952999999999999665e-34
8.890899999999999636e+03 1.455249576980185636e-15 6.973000000000000138e-34
8.916399999999999636e+03 1.333812250919728850e-15 6.599999999999999651e-34
8.942000000000000000e+03 1.214219542470316663e-15 6.985999999999999804e-34
8.967600000000000364e+03 1.106616848492696252e-15 7.546999999999999607e-34
8.993200000000000728e+03 1.001012490260375192e-15 6.836000000000000103e-34
9.018700000000000728e+03 8.589769342099163274e-16 6.676999999999999976e-34
9.044299999999999272e+03 7.438420516538629601e-16 6.260000000000000159e-34
9.069899999999999636e+03 7.303148558395335257e-16 7.752000000000000396e-34
9.095399999999999636e+03 7.647477179123717813e-16 1.018000000000000054e-33
9.121000000000000000e+03 7.761228598471488865e-16 1.021000000000000082e-33
9.146600000000000364e+03 7.486073138157291140e-16 8.976999999999999660e-34
9.172100000000000364e+03 7.226289491268463111e-16 9.525999999999999180e-34
9.197700000000000728e+03 7.456866692649075603e-16 8.799000000000000152e-34
9.223299999999999272e+03 8.096334131144645462e-16 1.002000000000000018e-33
