3.776699999999999818e+03 1.173640768819233328e-15 4.573999999999999762e-32
3.802300000000000182e+03 1.183873033586618518e-15 3.410000000000000170e-32
3.827900000000000091e+03 7.553457851284726119e-16 1.231999999999999949e-31
3.853400000000000091e+03 5.602164960144127052e-16 2.024999999999999994e-32
3.879000000000000000e+03 7.174864054891426763e-16 1.691999999999999906e-32
3.904599999999999909e+03 1.236057583900292255e-15 1.650000000000000127e-32
3.930099999999999909e+03 1.702648857293115090e-15 2.213999999999999958e-33
3.955699999999999818e+03 2.053615538814475420e-15 1.359000000000000092e-32
3.981300000000000182e+03 2.459836450079719521e-15 1.539999999999999936e-32
4.006800000000000182e+03 2.794431507973256645e-15 1.325999999999999952e-32
4.032400000000000091e+03 2.916195458705155786e-15 9.343000000000000024e-33
4.058000000000000000e+03 2.601041703869653680e-15 9.965000000000000287e-33
4.083599999999999909e+03 2.208122736802009536e-15 9.588000000000000561e-33
4.109100000000000364e+03 1.835668299269142477e-15 6.999000000000000325e-33
4.134699999999999818e+03 1.875574131861947873e-15 5.661999999999999779e-33
4.160300000000000182e+03 1.765065672374172243e-15 5.841000000000000037e-33
4.185800000000000182e+03 1.855109602327175521e-15 5.086999999999999901e-33
4.211399999999999636e+03 1.842830884606311716e-15 3.125000000000000260e-32
4.237000000000000000e+03 1.794739240199593435e-15 3.786999999999999760e-33
4.262600000000000364e+03 1.990175497256680538e-15 1.329999999999999944e-32
4.288100000000000364e+03 1.977896779535814760e-15 4.250999999999999791e-33
4.313699999999999818e+03 1.986082591349725278e-15 3.311000000000000300e-33
4.339300000000000182e+03 2.147752374674430210e-15 4.391000000000000196e-33
4.364800000000000182e+03 2.270539551883071421e-15 3.765999999999999733e-33
4.390399999999999636e+03 2.095567824360761798e-15 3.061999999999999839e-33
4.416000000000000000e+03 1.808041184397198126e-15 3.072000000000000161e-33
4.441600000000000364e+03 1.528700356247546747e-15 2.107000000000000035e-33
4.467100000000000364e+03 1.526653903294071287e-15 2.494000000000000083e-33
4.492699999999999818e+03 1.726183066258103394e-15 3.041999999999999879e-33
4.518300000000000182e+03 2.145705921720954750e-15 2.836999999999999946e-33
4.543800000000000182e+03 2.535555209358381759e-15 2.676999999999999923e-33
4.569399999999999636e+03 2.877312852589089304e-15 2.506999999999999921e-33
4.595000000000000000e+03 3.454412585469689742e-15 2.855999999999999840e-33
4.620500000000000000e+03 3.894399970467307337e-15 2.553999999999999964e-33
4.646100000000000364e+03 4.013094241768987372e-15 2.677999999999999990e-33
4.671699999999999818e+03 4.089836227524389706e-15 2.888999999999999979e-33
4.697300000000000182e+03 4.119509795349813068e-15 2.629999999999999880e-33
4.722800000000000182e+03 3.566967497910937085e-15 1.193000000000000013e-32
4.748399999999999636e+03 2.824105075798679217e-15 1.150999999999999960e-32
4.774000000000000000e+03 2.470068714847108261e-15 2.474000000000000123e-33
4.799500000000000000e+03 2.182542074883543406e-15 2.306999999999999978e-33
4.825100000000000364e+03 1.941060626373221766e-15 2.891000000000000112e-33
4.850699999999999818e+03 1.933898041036051738e-15 1.887000000000000132e-33
4.876300000000000182e+03 2.344211858208250310e-15 2.236000000000000051e-33
4.901800000000000182e+03 2.351374443545419154e-15 1.037000000000000051e-32
4.927399999999999636e+03 2.279748590173717303e-15 1.996999999999999913e-33
4.953000000000000000e+03 2.772943751961743407e-15 2.182999999999999952e-33
4.978500000000000000e+03 3.317300237586712421e-15 8.547999999999999901e-33
5.004100000000000364e+03 3.445203547179041493e-15 8.031000000000000454e-33
5.029699999999999818e+03 3.294789255098457114e-15 6.800000000000000107e-33
5.055300000000000182e+03 2.834337340566064407e-15 7.460000000000000158e-33
5.080800000000000182e+03 2.315561516859569412e-15 5.266000000000000159e-33
5.106399999999999636e+03 2.299189893231751925e-15 1.386000000000000038e-33
5.132000000000000000e+03 2.390257049661492736e-15 1.337999999999999928e-33
5.157500000000000000e+03 2.466999035416890338e-15 5.281999999999999854e-33
5.183100000000000364e+03 2.556019738893148195e-15 4.366999999999999970e-33
5.208699999999999818e+03 2.774990204915226756e-15 1.258999999999999984e-33
5.234199999999999818e+03 2.970426461972302420e-15 4.159999999999999904e-33
5.259800000000000182e+03 3.274324725563685552e-15 4.129999999999999964e-33
5.285399999999999636e+03 3.660081107294162034e-15 4.970000000000000340e-33
5.311000000000000000e+03 4.003885203478337545e-15 5.542000000000000019e-33
5.336500000000000000e+03 4.201367913488907208e-15 5.779000000000000024e-33
5.362100000000000364e+03 4.374293188057732694e-15 5.804999999999999699e-33
5.387699999999999818e+03 4.448988720859654835e-15 6.121000000000000163e-33
5.413199999999999818e+03 4.259691822663006734e-15 5.714999999999999879e-33
5.438800000000000182e+03 4.072441377419830150e-15 5.343999999999999867e-33
5.464399999999999636e+03 4.032535544827029488e-15 4.653999999999999876e-33
5.490000000000000000e+03 3.967049050315753228e-15 4.762000000000000208e-33
5.515500000000000000e+03 3.972165182699450557e-15 4.828999999999999869e-33
5.541100000000000364e+03 3.952723879641409230e-15 3.087999999999999855e-33
5.566699999999999818e+03 3.978304541559876148e-15 4.447999999999999877e-33
5.592199999999999818e+03 3.940445161920541480e-15 3.420000000000000014e-33
5.617800000000000182e+03 3.556735233143557418e-15 6.859999999999999987e-33
5.643399999999999636e+03 3.121863980529627685e-15 3.400000000000000053e-33
5.668899999999999636e+03 2.753502448903711546e-15 2.047000000000000155e-33
5.694500000000000000e+03 2.493602923812093803e-15 2.542999999999999917e-33
5.720100000000000364e+03 2.190727886697452347e-15 5.403999999999999576e-34
5.745699999999999818e+03 1.825436034501755315e-15 4.351000000000000105e-34
5.771199999999999818e+03 1.506189373759296963e-15 1.240999999999999985e-33
5.796800000000000182e+03 1.452981596968885101e-15 1.696000000000000103e-33
5.822399999999999636e+03 1.600326209619249584e-15 1.231000000000000005e-33
5.847899999999999636e+03 1.859202508234129992e-15 1.530999999999999919e-33
5.873500000000000000e+03 2.021895518035575809e-15 1.286000000000000067e-33
5.899100000000000364e+03 2.208122736802009536e-15 1.391999999999999923e-33
5.924699999999999818e+03 2.475184847230797701e-15 1.614999999999999854e-33
5.950199999999999818e+03 2.584670080241835009e-15 1.803000000000000026e-33
5.975800000000000182e+03 2.613320421590516696e-15 1.479999999999999953e-33
6.001399999999999636e+03 2.635831404078766480e-15 1.538999999999999938e-33
6.026899999999999636e+03 2.548857153555980139e-15 1.814000000000000073e-33
6.052500000000000000e+03 2.409698352719524203e-15 4.511999999999999852e-34
6.078100000000000364e+03 2.303282799138707973e-15 3.934999999999999669e-34
6.103699999999999818e+03 2.281795043127195525e-15 1.146000000000000004e-33
6.129199999999999818e+03 2.309422157999138693e-15 1.345999999999999947e-33
6.154800000000000182e+03 2.471091941323842441e-15 1.510000000000000064e-33
6.180399999999999636e+03 2.686992727915699924e-15 1.542999999999999861e-33
6.205899999999999636e+03 2.842523152379976109e-15 1.453999999999999936e-33
6.231500000000000000e+03 2.812849584554554719e-15 2.853000000000000154e-34
6.257100000000000364e+03 2.656295933613541199e-15 3.474000000000000094e-34
6.282600000000000364e+03 2.501788735626006294e-15 1.477999999999999991e-33
6.308199999999999818e+03 2.374908652510412191e-15 1.276999999999999982e-33
6.333800000000000182e+03 2.343188631731513369e-15 1.317999999999999968e-33
6.359399999999999636e+03 2.421977070440388797e-15 1.173999999999999982e-33
6.384899999999999636e+03 2.667551424857664908e-15 1.242000000000000052e-33
6.410500000000000000e+03 3.034889730006841738e-15 1.167000000000000030e-33
6.436100000000000364e+03 3.369484787900378072e-15 1.289999999999999990e-33
6.461600000000000364e+03 3.606873330503744848e-15 1.257999999999999917e-33
6.487199999999999818e+03 3.750125037247157227e-15 1.312999999999999978e-33
6.512800000000000182e+03 3.806402493467785238e-15 1.453000000000000041e-33
6.538399999999999636e+03 3.853470911397761844e-15 1.146000000000000004e-33
6.563899999999999636e+03 3.897469649897527627e-15 1.291000000000000057e-33
6.589500000000000000e+03 3.861656723211671574e-15 4.853999999999999819e-34
6.615100000000000364e+03 3.730683734189123789e-15 5.746000000000000398e-34
6.640600000000000364e+03 3.499434550446195227e-15 5.541999999999999848e-34
6.666199999999999818e+03 3.196559513331547854e-15 3.555999999999999896e-34
6.691800000000000182e+03 2.785222469682611157e-15 2.172999999999999886e-34
6.717399999999999636e+03 2.438348694068209834e-15 2.210999999999999930e-34
6.742899999999999636e+03 2.213238869185704497e-15 2.413999999999999816e-34
6.768500000000000000e+03 2.117055580372273063e-15 2.338999999999999965e-34
6.794100000000000364e+03 1.943107079326700381e-15 3.413000000000000147e-34
6.819600000000000364e+03 1.870457999478255278e-15 2.012000000000000139e-34
6.845199999999999818e+03 1.777344390095038218e-15 1.853000000000000012e-34
6.870800000000000182e+03 1.717997254444197017e-15 2.271000000000000067e-34
6.896300000000000182e+03 1.620790739154024303e-15 1.620000000000000058e-34
6.921899999999999636e+03 1.538932621014932331e-15 7.169999999999999881e-34
6.947500000000000000e+03 1.533816488631239342e-15 8.408999999999999905e-34
6.973100000000000364e+03 1.590093944851866564e-15 4.942000000000000190e-34
6.998600000000000364e+03 1.668882383560740809e-15 6.002999999999999851e-34
7.024199999999999818e+03 1.734368878072010560e-15 7.370999999999999719e-34
7.049800000000000182e+03 1.786553428385685677e-15 6.848999999999999770e-34
7.075300000000000182e+03 1.822366355071539364e-15 7.827000000000000246e-34
7.100899999999999636e+03 1.863295414141082095e-15 7.646000000000000026e-34
7.126500000000000000e+03 1.897061887873461110e-15 2.195999999999999789e-34
7.152100000000000364e+03 1.900131567303679034e-15 2.050999999999999993e-34
7.177600000000000364e+03 1.888876076059551381e-15 2.565999999999999991e-34
7.203199999999999818e+03 1.900131567303679034e-15 8.093999999999999507e-34
7.228800000000000182e+03 1.987105817826459459e-15 6.682000000000000308e-34
7.254300000000000182e+03 2.148775601151168335e-15 6.640999999999999980e-34
7.279899999999999636e+03 2.331933140487388477e-15 6.643999999999999837e-34
7.305500000000000000e+03 2.545787474125764188e-15 8.223999999999999590e-34
7.331100000000000364e+03 2.771920525485011199e-15 7.749000000000000538e-34
7.356600000000000364e+03 2.937683214716668235e-15 9.073000000000000221e-34
7.382199999999999818e+03 3.000100029797728543e-15 6.782000000000000109e-34
7.407800000000000182e+03 2.968380009018830510e-15 1.858999999999999940e-34
7.433300000000000182e+03 2.835360567042801743e-15 2.102999999999999940e-34
7.458899999999999636e+03 2.702341125066779286e-15 8.967000000000000706e-34
7.484500000000000000e+03 2.660388839520493697e-15 7.874999999999999671e-34
7.510000000000000000e+03 2.634808177602029145e-15 2.304000000000000206e-34
7.535600000000000364e+03 2.668574651334403427e-15 2.928999999999999814e-34
7.561199999999999818e+03 2.681876595532005751e-15 3.238000000000000069e-34
7.586800000000000182e+03 2.596948797962697237e-15 4.193999999999999597e-34
7.612300000000000182e+03 2.261330513592421201e-15 3.171999999999999790e-34
7.637899999999999636e+03 1.826459260978491468e-15 2.131999999999999985e-34
7.663500000000000000e+03 1.556327471119488732e-15 7.579999999999999747e-34
7.689000000000000000e+03 1.542002300445145325e-15 2.168999999999999792e-34
7.714600000000000364e+03 1.663766251177047425e-15 8.586000000000000030e-34
7.740199999999999818e+03 1.826459260978491468e-15 2.527999999999999947e-34
7.765800000000000182e+03 2.028034876896007712e-15 9.610000000000000312e-34
7.791300000000000182e+03 2.325793781626956180e-15 8.211000000000000779e-34
7.816899999999999636e+03 2.650156574753105746e-15 9.338000000000000718e-34
7.842500000000000000e+03 2.909032873367988915e-15 1.041000000000000043e-33
7.868000000000000000e+03 3.047168447727703966e-15 1.026999999999999968e-33
7.893600000000000364e+03 3.134142698250488729e-15 1.093000000000000076e-33
7.919199999999999818e+03 3.184280795610684837e-15 1.242000000000000052e-33
7.944699999999999818e+03 3.195536286854811307e-15 1.368000000000000040e-33
7.970300000000000182e+03 3.158700133692223046e-15 2.831000000000000061e-34
7.995899999999999636e+03 2.878336079065823879e-15 2.941000000000000098e-34
8.021500000000000000e+03 2.580577174334876989e-15 2.608000000000000130e-34
8.047000000000000000e+03 2.244958889964602530e-15 2.118999999999999891e-34
8.072600000000000364e+03 2.005523894407759506e-15 1.411000000000000031e-34
8.098199999999999818e+03 1.857156055280654137e-15 1.863000000000000035e-34
8.123699999999999818e+03 1.773251484188084536e-15 1.873000000000000058e-34
8.149300000000000182e+03 1.694463045479207530e-15 1.838000000000000085e-34
8.174899999999999636e+03 1.602372662572728397e-15 1.496999999999999927e-34
8.200500000000000000e+03 1.524607450340589713e-15 1.956999999999999907e-34
8.226000000000000000e+03 1.475492579457135280e-15 7.725999999999999353e-34
8.251600000000000364e+03 1.464237088213009402e-15 8.306999999999999629e-34
8.277200000000000728e+03 1.439679652771283368e-15 9.339999999999999483e-34
8.302700000000000728e+03 1.339403458050894111e-15 2.379999999999999866e-34
8.328299999999999272e+03 1.179780127679665428e-15 2.374000000000000152e-34
8.353899999999999636e+03 9.981574280585544452e-16 2.084000000000000132e-34
8.379500000000000000e+03 8.816119323580225784e-16 6.721000000000000162e-34
8.405000000000000000e+03 8.832490947208039524e-16 2.023000000000000186e-34
8.430600000000000364e+03 9.562051425122704337e-16 1.444999999999999980e-34
8.456200000000000728e+03 1.072341347622107327e-15 6.689000000000000260e-34
8.481700000000000728e+03 1.197174977784221631e-15 8.121999999999999315e-34
8.507299999999999272e+03 1.380332517120441181e-15 7.813000000000000342e-34
8.532899999999999636e+03 1.622837192107502129e-15 7.750999999999999303e-34
8.558399999999999636e+03 1.904224473210631927e-15 9.427999999999999854e-34
8.584000000000000000e+03 2.191751113174191260e-15 9.017000000000000607e-34
8.609600000000000364e+03 2.405605446812570916e-15 1.146000000000000004e-33
8.635200000000000728e+03 2.485417111998187624e-15 1.415000000000000083e-33
8.660700000000000728e+03 2.566252003660539695e-15 1.479999999999999953e-33
8.686299999999999272e+03 2.629692045218337733e-15 1.371000000000000068e-33
8.711899999999999636e+03 2.685969501438961010e-15 1.126999999999999939e-33
8.737399999999999636e+03 2.691085633822654789e-15 2.887999999999999913e-34
8.763000000000000000e+03 2.639924309985722529e-15 3.006000000000000139e-34
8.788600000000000364e+03 2.535555209358381759e-15 3.690000000000000073e-34
8.814200000000000728e+03 2.398442861475399311e-15 3.537000000000000088e-34
8.839700000000000728e+03 2.234726625197215368e-15 3.478999999999999998e-34
8.865299999999999272e+03 2.069987162442291329e-15 3.164999999999999838e-34
8.890899999999999636e+03 1.939014173419745516e-15 2.790999999999999969e-34
8.916399999999999636e+03 1.842830884606311716e-15 2.467000000000000001e-34
8.942000000000000000e+03 1.743577916362661175e-15 3.231000000000000117e-34
8.967600000000000364e+03 1.637162362781842776e-15 3.067999999999999895e-34
8.993200000000000728e+03 1.515398412049943437e-15 3.159000000000000124e-34
9.018700000000000728e+03 1.362937667015884584e-15 3.809999999999999919e-34
9.044299999999999272e+03 1.259591792865279770e-15 3.721999999999999975e-34
9.069899999999999636e+03 1.234011130946814428e-15 3.852999999999999867e-34
9.095399999999999636e+03 1.232987904470075515e-15 3.659999999999999791e-34
9.121000000000000000e+03 1.229918225039859761e-15 4.288999999999999921e-34
9.146600000000000364e+03 1.269824057632666734e-15 1.479999999999999953e-33
9.172100000000000364e+03 1.338380231574156973e-15 1.820999999999999854e-33
9.197700000000000728e+03 1.386471875980871704e-15 1.945999999999999946e-33
9.223299999999999272e+03 1.468329994119965252e-15 2.079999999999999952e-33
