3.776699999999999818e+03 2.516283330640968447e-16 9.968999999999998911e-32
3.802300000000000182e+03 5.121195323770055531e-16 8.737000000000000276e-32
3.827900000000000091e+03 4.739706733060319081e-16 5.618000000000000141e-32
3.853400000000000091e+03 1.722478788356068164e-16 4.544000000000000232e-32
3.879000000000000000e+03 2.454628608910102343e-16 4.078999999999999861e-32
3.904599999999999909e+03 3.198338689788671421e-16 3.701999999999999861e-32
3.930099999999999909e+03 5.786552529115649911e-16 3.120999999999999995e-32
3.955699999999999818e+03 8.053648026094368575e-16 2.716999999999999980e-32
3.981300000000000182e+03 1.222947094999114517e-15 3.447000000000000028e-32
4.006800000000000182e+03 1.482282268279568798e-15 3.105000000000000027e-32
4.032400000000000091e+03 1.567057510659509728e-15 2.426999999999999875e-32
4.058000000000000000e+03 1.536230149794077021e-15 1.726999999999999904e-32
4.083599999999999909e+03 1.487420161757141902e-15 1.667000000000000024e-32
4.109100000000000364e+03 1.165788030061124213e-15 1.380999999999999911e-32
4.134699999999999818e+03 9.954668612796064973e-16 1.278000000000000048e-32
4.160300000000000182e+03 9.934117038885782024e-16 1.105999999999999981e-32
4.185800000000000182e+03 1.062516371161923305e-15 1.041999999999999972e-32
4.211399999999999636e+03 1.073305947464825107e-15 1.236999999999999925e-32
4.237000000000000000e+03 9.673368944898990933e-16 6.188999999999999890e-33
4.262600000000000364e+03 1.035542430404669686e-15 5.352999999999999780e-33
4.288100000000000364e+03 1.157053611149251298e-15 6.534000000000000227e-33
4.313699999999999818e+03 1.112482385231312998e-15 5.010000000000000260e-33
4.339300000000000182e+03 1.176320711690146936e-15 5.286000000000000119e-33
4.364800000000000182e+03 1.328145463952404476e-15 5.763999999999999712e-33
4.390399999999999636e+03 1.384662292205698363e-15 4.683999999999999816e-33
4.416000000000000000e+03 1.242856432224706966e-15 4.423000000000000269e-33
4.441600000000000364e+03 1.044405296653482240e-15 5.475999999999999740e-33
4.467100000000000364e+03 9.657955264466275763e-16 5.073000000000000339e-33
4.492699999999999818e+03 9.467853205796106222e-16 3.723999999999999680e-33
4.518300000000000182e+03 1.133033959141601469e-15 3.459999999999999934e-33
4.543800000000000182e+03 1.244012458257160357e-15 3.950999999999999706e-33
4.569399999999999636e+03 1.427049913395668532e-15 3.313999999999999815e-33
4.595000000000000000e+03 1.699358267706992944e-15 3.408999999999999967e-33
4.620500000000000000e+03 1.970382148648924918e-15 4.098999999999999958e-33
4.646100000000000364e+03 2.060295284506437768e-15 3.783000000000000178e-33
4.671699999999999818e+03 2.130941319823054979e-15 4.395999999999999844e-33
4.697300000000000182e+03 2.011485296469502255e-15 4.517999999999999737e-33
4.722800000000000182e+03 1.838081391601442293e-15 1.853000000000000063e-32
4.748399999999999636e+03 1.425765440026275897e-15 3.755999999999999753e-33
4.774000000000000000e+03 1.239516801464284064e-15 5.120000000000000040e-33
4.799500000000000000e+03 1.096811810124717566e-15 3.513000000000000033e-33
4.825100000000000364e+03 9.850626269875234124e-16 4.644999999999999962e-33
4.850699999999999818e+03 9.171139857466313067e-16 3.445999999999999688e-33
4.876300000000000182e+03 1.089618759256116561e-15 3.301999999999999702e-33
4.901800000000000182e+03 1.160264794572733773e-15 3.360000000000000133e-33
4.927399999999999636e+03 1.162063057289884566e-15 3.119999999999999928e-33
4.953000000000000000e+03 1.218066096195420886e-15 3.764999999999999667e-33
4.978500000000000000e+03 1.429618860134454394e-15 1.505999999999999867e-32
5.004100000000000364e+03 1.708349581292744742e-15 1.838000000000000025e-32
5.029699999999999818e+03 1.705780634553959077e-15 3.319000000000000147e-33
5.055300000000000182e+03 1.713487474770316860e-15 2.891999999999999836e-33
5.080800000000000182e+03 1.477144374801997272e-15 1.247000000000000042e-32
5.106399999999999636e+03 1.157695847833948108e-15 2.370000000000000057e-33
5.132000000000000000e+03 1.198927442991464097e-15 2.232000000000000128e-33
5.157500000000000000e+03 1.256086507929454795e-15 2.335999999999999852e-33
5.183100000000000364e+03 1.351265984601479203e-15 2.448999999999999831e-33
5.208699999999999818e+03 1.525954362838933180e-15 1.708999999999999940e-33
5.234199999999999818e+03 1.619720918804625710e-15 1.697999999999999894e-33
5.259800000000000182e+03 1.741745888896963507e-15 1.950999999999999936e-33
5.285399999999999636e+03 1.871477699205661059e-15 2.041000000000000098e-33
5.311000000000000000e+03 2.082131331786119071e-15 1.513999999999999988e-33
5.336500000000000000e+03 2.211863142094816820e-15 1.753999999999999850e-33
5.362100000000000364e+03 2.278655757303255140e-15 2.253000000000000154e-33
5.387699999999999818e+03 2.309483118168687452e-15 2.272000000000000048e-33
5.413199999999999818e+03 2.260673130131752333e-15 9.721999999999999883e-33
5.438800000000000182e+03 2.066717651353403901e-15 7.954000000000000129e-33
5.464399999999999636e+03 1.947261627999850388e-15 1.657999999999999974e-33
5.490000000000000000e+03 1.880469012791412462e-15 8.370999999999999775e-33
5.515500000000000000e+03 1.681375640535490532e-15 1.676999999999999867e-33
5.541100000000000364e+03 1.628712232390375733e-15 1.271999999999999992e-33
5.566699999999999818e+03 1.707065107923350923e-15 1.590999999999999971e-33
5.592199999999999818e+03 1.770004303023610155e-15 5.106999999999999861e-33
5.617800000000000182e+03 1.585040137831012732e-15 1.154000000000000022e-33
5.643399999999999636e+03 1.358972824817837774e-15 9.574999999999999698e-34
5.668899999999999636e+03 1.156282927127615243e-15 1.492999999999999961e-33
5.694500000000000000e+03 1.022312354699920872e-15 8.312999999999999344e-34
5.720100000000000364e+03 9.345828235703767438e-16 3.921999999999999832e-33
5.745699999999999818e+03 7.884097541334484942e-16 8.731999999999999807e-33
5.771199999999999818e+03 6.246393995358355636e-16 6.595000000000000174e-34
5.796800000000000182e+03 5.336986849828084675e-16 5.292000000000000347e-34
5.822399999999999636e+03 5.397357098189555876e-16 6.318000000000000248e-34
5.847899999999999636e+03 6.297772930134080758e-16 5.055999999999999894e-34
5.873500000000000000e+03 7.286817424566720333e-16 2.814000000000000129e-33
5.899100000000000364e+03 8.040803292400441239e-16 7.207000000000000115e-34
5.924699999999999818e+03 9.108200662366052060e-16 5.113999999999999984e-34
5.950199999999999818e+03 1.109528096481708616e-15 7.607000000000000172e-34
5.975800000000000182e+03 1.135474458543448482e-15 7.021000000000000418e-34
6.001399999999999636e+03 1.115436673980916591e-15 5.271999999999999874e-34
6.026899999999999636e+03 1.109271201807829932e-15 4.438999999999999621e-34
6.052500000000000000e+03 1.053396610239233249e-15 5.623999999999999650e-34
6.078100000000000364e+03 1.028863168883826052e-15 5.130999999999999745e-34
6.103699999999999818e+03 9.799247335099507029e-16 3.701999999999999929e-34
6.129199999999999818e+03 1.001760780789632992e-15 5.691000000000000166e-34
6.154800000000000182e+03 1.079985208985668939e-15 2.391000000000000084e-33
6.180399999999999636e+03 1.146649376857168213e-15 5.487999999999999853e-34
6.205899999999999636e+03 1.299887049825757434e-15 4.600000000000000223e-34
6.231500000000000000e+03 1.358972824817837774e-15 2.505999999999999854e-33
6.257100000000000364e+03 1.351265984601479203e-15 4.730000000000000306e-34
6.282600000000000364e+03 1.461730694369280722e-15 5.257999999999999970e-34
6.308199999999999818e+03 1.427049913395668532e-15 4.237999999999999783e-34
6.333800000000000182e+03 1.394938079160842796e-15 4.257000000000000019e-34
6.359399999999999636e+03 1.335852304168762850e-15 3.748000000000000163e-34
6.384899999999999636e+03 1.361541771556623636e-15 1.770999999999999953e-33
6.410500000000000000e+03 1.455308327522315575e-15 3.666999999999999999e-33
6.436100000000000364e+03 1.587609084569798199e-15 4.219000000000000402e-34
6.461600000000000364e+03 1.723763261725461292e-15 2.459000000000000153e-33
6.487199999999999818e+03 1.813676397582974537e-15 4.611000000000000270e-34
6.512800000000000182e+03 1.872762172575053102e-15 3.676999999999999979e-34
6.538399999999999636e+03 1.916434267134418470e-15 3.814999999999999824e-34
6.563899999999999636e+03 1.920287687242595783e-15 4.269000000000000303e-34
6.589500000000000000e+03 1.952399521477422506e-15 4.312999999999999633e-34
6.615100000000000364e+03 1.949830574738636447e-15 4.907999999999999814e-34
6.640600000000000364e+03 1.840650338340228747e-15 5.889000000000000147e-34
6.666199999999999818e+03 1.633850125867949034e-15 5.814000000000000297e-34
6.691800000000000182e+03 1.387231238944484619e-15 3.330000000000000108e-34
6.717399999999999636e+03 1.151658822997800692e-15 3.271000000000000208e-34
6.742899999999999636e+03 9.469137679165500631e-16 2.694999999999999836e-34
6.768500000000000000e+03 8.514773965706468710e-16 2.635000000000000127e-34
6.794100000000000364e+03 7.601513400068013533e-16 2.723000000000000071e-34
6.819600000000000364e+03 6.983681709389964004e-16 3.051000000000000134e-34
6.845199999999999818e+03 6.639442846392626985e-16 2.966999999999999857e-34
6.870800000000000182e+03 6.242540575250178323e-16 3.022000000000000090e-34
6.896300000000000182e+03 6.003628528543073465e-16 2.732999999999999880e-34
6.921899999999999636e+03 5.780130162268683778e-16 2.114999999999999797e-34
6.947500000000000000e+03 5.728751227492964572e-16 2.084999999999999942e-34
6.973100000000000364e+03 5.803250682917757519e-16 1.847000000000000084e-34
6.998600000000000364e+03 6.209144267645960149e-16 2.041000000000000184e-34
7.024199999999999818e+03 6.638158373023235533e-16 2.867999999999999867e-34
7.049800000000000182e+03 7.123689306653805791e-16 2.352999999999999869e-34
7.075300000000000182e+03 7.544996571814723590e-16 2.087999999999999799e-34
7.100899999999999636e+03 7.962450416867462104e-16 2.829000000000000013e-34
7.126500000000000000e+03 8.404309255938666797e-16 3.355000000000000058e-34
7.152100000000000364e+03 8.537894486355548367e-16 3.869000000000000246e-34
7.177600000000000364e+03 8.395317942352915788e-16 4.059000000000000038e-34
7.203199999999999818e+03 8.555877113527046441e-16 3.469999999999999999e-34
7.228800000000000182e+03 8.955348331408278993e-16 3.011000000000000043e-34
7.254300000000000182e+03 9.610429749798733870e-16 2.547000000000000183e-34
7.279899999999999636e+03 1.064571528552951994e-15 2.993000000000000045e-34
7.305500000000000000e+03 1.199441232339221466e-15 2.685999999999999837e-34
7.331100000000000364e+03 1.352550457970872430e-15 3.094000000000000083e-34
7.356600000000000364e+03 1.518247522622574806e-15 3.265000000000000066e-34
7.382199999999999818e+03 1.641556966084306422e-15 3.022000000000000090e-34
7.407800000000000182e+03 1.662108539994595287e-15 4.042999999999999659e-34
7.433300000000000182e+03 1.599169344894335661e-15 3.325000000000000203e-34
7.458899999999999636e+03 1.486135688387748281e-15 3.017000000000000185e-34
7.484500000000000000e+03 1.380808872097518881e-15 2.707000000000000120e-34
7.510000000000000000e+03 1.297318103086971769e-15 2.756000000000000210e-34
7.535600000000000364e+03 1.269188136297263971e-15 3.924999999999999860e-34
7.561199999999999818e+03 1.242342642876949005e-15 5.547000000000000180e-34
7.586800000000000182e+03 1.254159797875365349e-15 7.201000000000000401e-34
7.612300000000000182e+03 1.116849594687249259e-15 8.137999999999999693e-34
7.637899999999999636e+03 9.177562224313277228e-16 5.054999999999999657e-34
7.663500000000000000e+03 7.064603531661726042e-16 2.167999999999999982e-34
7.689000000000000000e+03 6.477599201849104880e-16 2.212000000000000168e-34
7.714600000000000364e+03 7.167361401213168398e-16 3.602000000000000129e-34
7.740199999999999818e+03 8.146130108690666498e-16 3.960999999999999857e-34
7.765800000000000182e+03 9.186553537899026265e-16 4.176999999999999836e-34
7.791300000000000182e+03 1.070094764041342041e-15 3.841999999999999821e-34
7.816899999999999636e+03 1.275610503144229118e-15 4.097999999999999891e-34
7.842500000000000000e+03 1.480997794910175966e-15 3.668999999999999790e-34
7.868000000000000000e+03 1.631281179129161792e-15 4.222999999999999642e-34
7.893600000000000364e+03 1.678806693796705065e-15 3.952999999999999668e-34
7.919199999999999818e+03 1.612014078588266547e-15 4.589000000000000177e-34
7.944699999999999818e+03 1.511825155775609462e-15 4.395000000000000290e-34
7.970300000000000182e+03 1.450170434044743457e-15 4.792999999999999872e-34
7.995899999999999636e+03 1.380808872097518881e-15 3.902999999999999768e-34
8.021500000000000000e+03 1.190064576742651937e-15 3.850000000000000010e-34
8.047000000000000000e+03 1.043120823284088817e-15 3.254999999999999830e-34
8.072600000000000364e+03 8.846168095009873462e-16 3.098000000000000177e-34
8.098199999999999818e+03 7.819873872864829525e-16 2.660999999999999887e-34
8.123699999999999818e+03 7.326636099017904640e-16 3.233999999999999974e-34
8.149300000000000182e+03 7.160939034366202264e-16 3.836000000000000107e-34
8.174899999999999636e+03 6.762752289854362150e-16 4.190999999999999740e-34
8.200500000000000000e+03 6.162903226347809708e-16 3.047999999999999850e-34
8.226000000000000000e+03 5.890594872036483719e-16 2.842999999999999917e-34
8.251600000000000364e+03 6.053722989949401219e-16 2.946000000000000002e-34
8.277200000000000728e+03 6.403099746424309961e-16 4.129000000000000411e-34
8.302700000000000728e+03 6.683114940951991564e-16 3.629999999999999936e-34
8.328299999999999272e+03 6.446771840983673554e-16 4.407999999999999957e-34
8.353899999999999636e+03 5.669665452500883837e-16 5.354999999999999913e-34
8.379500000000000000e+03 4.810352768376940631e-16 4.507000000000000375e-34
8.405000000000000000e+03 4.231055278780677547e-16 4.551999999999999943e-34
8.430600000000000364e+03 4.065358214128973199e-16 4.111000000000000413e-34
8.456200000000000728e+03 4.565018354822869640e-16 4.023000000000000041e-34
8.481700000000000728e+03 5.453873926442852721e-16 3.855999999999999725e-34
8.507299999999999272e+03 6.517417876300290174e-16 3.634000000000000031e-34
8.532899999999999636e+03 7.925200689155063659e-16 3.927000000000000335e-34
8.558399999999999636e+03 9.810807595424046858e-16 4.355999999999999581e-34
8.584000000000000000e+03 1.217423859510724273e-15 5.244000000000000066e-34
8.609600000000000364e+03 1.427049913395668532e-15 5.234999999999999640e-34
8.635200000000000728e+03 1.586324611200405367e-15 5.579000000000000082e-34
8.660700000000000728e+03 1.694220374229420826e-15 5.993000000000000042e-34
8.686299999999999272e+03 1.721194314986674642e-15 6.095999999999999699e-34
8.711899999999999636e+03 1.731470101941819075e-15 5.026999999999999850e-34
8.737399999999999636e+03 1.745599309005142990e-15 5.826999999999999963e-34
8.763000000000000000e+03 1.745599309005142990e-15 6.613000000000000172e-34
8.788600000000000364e+03 1.678806693796705065e-15 7.968000000000000375e-34
8.814200000000000728e+03 1.564488563920724063e-15 8.186000000000000829e-34
8.839700000000000728e+03 1.438610173720205995e-15 8.353999999999999672e-34
8.865299999999999272e+03 1.321723097105439132e-15 6.952999999999999665e-34
8.890899999999999636e+03 1.216010938804391803e-15 6.973000000000000138e-34
8.916399999999999636e+03 1.114537542622341885e-15 6.599999999999999651e-34
8.942000000000000000e+03 1.014605514483563090e-15 6.985999999999999804e-34
8.967600000000000364e+03 9.246923786260500424e-16 7.546999999999999607e-34
8.993200000000000728e+03 8.364490581487484462e-16 6.836000000000000103e-34
9.018700000000000728e+03 7.177637188168312830e-16 6.676999999999999976e-34
9.044299999999999272e+03 6.215566634492927268e-16 6.260000000000000159e-34
9.069899999999999636e+03 6.102532977986337521e-16 7.752000000000000396e-34
9.095399999999999636e+03 6.390255012730378681e-16 1.018000000000000054e-33
9.121000000000000000e+03 6.485306042065464438e-16 1.021000000000000082e-33
9.146600000000000364e+03 6.255385308944111575e-16 8.976999999999999660e-34
9.172100000000000364e+03 6.038309309516687035e-16 9.525999999999999180e-34
9.197700000000000728e+03 6.230980314925640466e-16 8.799000000000000152e-34
9.223299999999999272e+03 6.765321236593144068e-16 1.002000000000000018e-33
