3.776699999999999818e+03 1.049509303753733576e-15 1.314999999999999906e-32
3.802300000000000182e+03 9.629595558702704175e-16 1.202000000000000063e-32
3.827900000000000091e+03 9.449863078549160869e-16 1.183999999999999962e-32
3.853400000000000091e+03 6.667219144743389515e-16 8.372999999999999908e-33
3.879000000000000000e+03 6.643682748532806487e-16 7.602000000000000011e-33
3.904599999999999909e+03 6.087367929009925851e-16 5.857999999999999798e-33
3.930099999999999909e+03 9.171705668787725975e-16 7.599999999999999878e-33
3.955699999999999818e+03 1.349063437342975903e-15 5.377000000000000006e-33
3.981300000000000182e+03 1.655036588080555667e-15 5.683999999999999872e-33
4.006800000000000182e+03 1.627220847104412967e-15 1.928999999999999912e-32
4.032400000000000091e+03 1.722436268138136724e-15 5.537999999999999753e-33
4.058000000000000000e+03 1.632570028061362705e-15 2.056999999999999930e-32
4.083599999999999909e+03 1.374739505936337683e-15 1.597999999999999957e-32
4.109100000000000364e+03 1.178959482911942007e-15 3.775000000000000331e-33
4.134699999999999818e+03 1.109420130471582396e-15 2.907999999999999873e-33
4.160300000000000182e+03 1.071975863772927327e-15 9.484000000000000495e-33
4.185800000000000182e+03 1.233521128672837145e-15 2.563999999999999944e-33
4.211399999999999636e+03 1.244219490586740369e-15 7.865999999999999757e-33
4.237000000000000000e+03 1.191797517208622996e-15 9.588000000000000561e-33
4.262600000000000364e+03 1.154353250509968519e-15 7.223000000000000152e-33
4.288100000000000364e+03 1.288082774433737214e-15 5.569000000000000273e-34
4.313699999999999818e+03 1.258127361074810831e-15 8.494999999999999801e-33
4.339300000000000182e+03 1.407904427869432488e-15 7.586999999999999699e-33
4.364800000000000182e+03 1.454977220290598150e-15 6.388000000000000108e-33
4.390399999999999636e+03 1.423951970740285055e-15 5.326000000000000039e-33
4.416000000000000000e+03 1.215333913419205236e-15 5.174000000000000206e-33
4.441600000000000364e+03 1.051328025279096057e-15 5.860999999999999998e-33
4.467100000000000364e+03 9.593221128195440750e-16 1.371999999999999963e-33
4.492699999999999818e+03 1.014204709437859428e-15 4.990999999999999682e-33
4.518300000000000182e+03 1.201426042931133984e-15 4.920999999999999822e-33
4.543800000000000182e+03 1.351203109725754457e-15 4.856000000000000294e-33
4.569399999999999636e+03 1.570519528960734739e-15 4.232999999999999964e-33
4.595000000000000000e+03 1.679642820482530142e-15 1.479999999999999953e-33
4.620500000000000000e+03 1.874353007315534766e-15 4.950999999999999762e-33
4.646100000000000364e+03 1.811232672023517720e-15 4.883000000000000034e-33
4.671699999999999818e+03 1.852956283487735024e-15 4.187000000000000329e-33
4.697300000000000182e+03 1.614382812807730598e-15 3.425999999999999728e-33
4.722800000000000182e+03 1.270965395371494187e-15 2.943999999999999869e-33
4.748399999999999636e+03 1.061063534620746328e-15 3.558000000000000285e-33
4.774000000000000000e+03 9.022998438184499709e-16 2.578999999999999914e-33
4.799500000000000000e+03 8.369328525245116367e-16 4.305999999999999681e-34
4.825100000000000364e+03 7.380799884400621283e-16 5.968000000000000092e-34
4.850699999999999818e+03 8.659254133111836859e-16 2.747000000000000126e-33
4.876300000000000182e+03 1.029717334213016173e-15 5.395000000000000004e-34
4.901800000000000182e+03 1.034531597074270681e-15 1.924999999999999920e-33
4.927399999999999636e+03 9.857470667468804392e-16 3.955000000000000143e-34
4.953000000000000000e+03 1.230311620098668131e-15 2.578999999999999914e-33
4.978500000000000000e+03 1.385437867850239723e-15 5.440999999999999810e-34
5.004100000000000364e+03 1.466745418395890454e-15 2.043999999999999956e-33
5.029699999999999818e+03 1.503119848903156048e-15 2.558999999999999954e-33
5.055300000000000182e+03 1.319108023984050112e-15 4.402000000000000242e-34
5.080800000000000182e+03 1.002757462189984184e-15 1.686000000000000123e-33
5.106399999999999636e+03 9.516192922415364285e-16 1.557000000000000107e-33
5.132000000000000000e+03 9.690576221611943456e-16 1.334000000000000005e-33
5.157500000000000000e+03 1.119048656194093581e-15 1.670000000000000087e-33
5.183100000000000364e+03 1.318038187792660835e-15 1.495999999999999989e-33
5.208699999999999818e+03 1.464605746013110519e-15 1.320999999999999997e-33
5.234199999999999818e+03 1.506329357477326049e-15 1.733000000000000166e-33
5.259800000000000182e+03 1.622941502338851717e-15 1.701000000000000093e-33
5.285399999999999636e+03 1.694620527161990868e-15 1.334000000000000005e-33
5.311000000000000000e+03 1.795185129152665153e-15 1.544999999999999994e-33
5.336500000000000000e+03 1.825140542511589366e-15 1.680000000000000067e-33
5.362100000000000364e+03 1.804813654875176929e-15 1.459999999999999993e-33
5.387699999999999818e+03 1.707458561458672843e-15 1.872000000000000162e-33
5.413199999999999818e+03 1.561960839429614014e-15 4.038000000000000182e-34
5.438800000000000182e+03 1.461396237438938546e-15 1.258999999999999984e-33
5.464399999999999636e+03 1.335155566854902087e-15 1.458000000000000031e-33
5.490000000000000000e+03 1.200356206739743918e-15 8.212999999999999543e-34
5.515500000000000000e+03 1.122258164768262990e-15 1.008000000000000074e-33
5.541100000000000364e+03 1.158632595275527796e-15 1.188999999999999952e-33
5.566699999999999818e+03 1.208914896270864840e-15 1.620999999999999911e-33
5.592199999999999818e+03 1.144724724787456545e-15 1.605999999999999941e-33
5.617800000000000182e+03 9.472329638568349099e-16 8.292000000000000344e-34
5.643399999999999636e+03 7.615094010315063671e-16 8.779000000000000534e-34
5.668899999999999636e+03 6.913281468763126376e-16 7.082999999999999747e-34
5.694500000000000000e+03 6.185792858617827300e-16 7.401000000000000002e-34
5.720100000000000364e+03 5.581335410482396655e-16 1.848999999999999917e-34
5.745699999999999818e+03 4.379909367551258037e-16 1.548000000000000065e-34
5.771199999999999818e+03 3.453431225807390623e-16 1.202000000000000003e-34
5.796800000000000182e+03 3.454501061998780985e-16 5.012999999999999946e-34
5.822399999999999636e+03 4.234411645522195461e-16 1.905999999999999983e-34
5.847899999999999636e+03 4.558572011513411967e-16 1.525999999999999972e-34
5.873500000000000000e+03 5.791023303994863188e-16 9.175000000000000496e-34
5.899100000000000364e+03 7.090874276533885014e-16 2.831000000000000061e-34
5.924699999999999818e+03 7.799105835234163493e-16 2.606000000000000082e-34
5.950199999999999818e+03 8.161780304115429572e-16 2.287000000000000018e-34
5.975800000000000182e+03 7.901810109607620474e-16 5.486000000000000233e-34
6.001399999999999636e+03 7.444990055884028198e-16 1.513999999999999902e-34
6.026899999999999636e+03 6.887605400169759665e-16 1.578999999999999943e-34
6.052500000000000000e+03 6.570933887518275692e-16 4.951999999999999999e-34
6.078100000000000364e+03 6.558095853221591351e-16 5.875999999999999625e-34
6.103699999999999818e+03 6.738898169566531428e-16 5.541999999999999848e-34
6.129199999999999818e+03 7.387218901548958523e-16 5.455999999999999951e-34
6.154800000000000182e+03 8.740561683657488576e-16 8.068000000000000175e-34
6.180399999999999636e+03 9.399580777553824220e-16 4.975999999999999712e-34
6.205899999999999636e+03 9.380323726108810527e-16 1.083999999999999991e-34
6.231500000000000000e+03 9.817886728387360514e-16 4.947999999999999905e-34
6.257100000000000364e+03 1.061277501859025090e-15 5.717000000000000353e-34
6.282600000000000364e+03 1.119048656194093581e-15 5.155999999999999695e-34
6.308199999999999818e+03 1.108350294280191344e-15 5.382999999999999720e-34
6.333800000000000182e+03 1.040201728888639056e-15 4.821999999999999917e-34
6.359399999999999636e+03 1.027684645449374535e-15 5.346000000000000342e-34
6.384899999999999636e+03 1.077325044729876868e-15 4.968000000000000378e-34
6.410500000000000000e+03 1.150073905744407860e-15 5.144000000000000266e-34
6.436100000000000364e+03 1.247428999160910961e-15 5.026999999999999850e-34
6.461600000000000364e+03 1.310549334452929585e-15 5.543000000000000085e-34
6.487199999999999818e+03 1.366180816405218339e-15 6.041999999999999705e-34
6.512800000000000182e+03 1.350133273534365377e-15 5.011000000000000326e-34
6.538399999999999636e+03 1.379018850701898735e-15 5.856000000000000008e-34
6.563899999999999636e+03 1.403625083103871633e-15 7.965999999999999900e-34
6.589500000000000000e+03 1.398275902146922092e-15 3.953999999999999905e-34
6.615100000000000364e+03 1.314828679218489651e-15 4.442000000000000333e-34
6.640600000000000364e+03 1.142585052404675821e-15 2.664999999999999982e-34
6.666199999999999818e+03 9.279759124118131312e-16 1.193000000000000004e-34
6.691800000000000182e+03 7.265257575730488836e-16 8.779000000000000107e-35
6.717399999999999636e+03 5.963266930808675441e-16 8.856000000000000218e-35
6.742899999999999636e+03 5.096699615782657932e-16 1.055999999999999970e-34
6.768500000000000000e+03 4.761840887877538301e-16 8.213999999999999567e-35
6.794100000000000364e+03 4.307160506536731679e-16 8.495000000000000015e-35
6.819600000000000364e+03 4.040771294880581397e-16 6.351999999999999984e-35
6.845199999999999818e+03 4.075006053005066071e-16 8.407000000000000499e-35
6.870800000000000182e+03 4.088913923493140281e-16 1.014000000000000045e-34
6.896300000000000182e+03 4.101751957789820677e-16 2.561999999999999896e-34
6.921899999999999636e+03 4.095332940641484423e-16 3.202000000000000072e-34
6.947500000000000000e+03 4.202316559780492990e-16 2.916000000000000147e-34
6.973100000000000364e+03 4.438750358077715115e-16 2.660999999999999887e-34
6.998600000000000364e+03 4.576759226767044666e-16 2.331000000000000204e-34
7.024199999999999818e+03 4.838869093657627585e-16 2.869999999999999914e-34
7.049800000000000182e+03 5.218660941601130577e-16 2.498000000000000093e-34
7.075300000000000182e+03 5.568497376185714286e-16 2.579999999999999895e-34
7.100899999999999636e+03 5.695807882961138247e-16 2.671000000000000123e-34
7.126500000000000000e+03 5.919403646961675046e-16 2.635000000000000127e-34
7.152100000000000364e+03 6.098066290923835385e-16 3.013999999999999900e-34
7.177600000000000364e+03 6.441483708360068049e-16 3.305000000000000158e-34
7.203199999999999818e+03 7.058779190792187966e-16 3.487000000000000188e-34
7.228800000000000182e+03 7.512389735941606691e-16 4.803999999999999919e-34
7.254300000000000182e+03 8.298719336613357421e-16 5.036999999999999659e-34
7.279899999999999636e+03 9.752626720712575563e-16 4.705999999999999738e-34
7.305500000000000000e+03 1.143654888596064901e-15 4.036999999999999945e-34
7.331100000000000364e+03 1.296641463964857741e-15 4.205999999999999881e-34
7.356600000000000364e+03 1.382228359276070117e-15 3.924999999999999860e-34
7.382199999999999818e+03 1.357622126874095247e-15 4.598999999999999986e-34
7.407800000000000182e+03 1.254917852500640831e-15 1.449000000000000075e-34
7.433300000000000182e+03 1.095512259983508384e-15 3.559999999999999991e-34
7.458899999999999636e+03 9.568614895793476727e-16 3.164000000000000029e-34
7.484500000000000000e+03 8.665673150260184946e-16 2.606000000000000082e-34
7.510000000000000000e+03 8.071914064038652989e-16 2.768999999999999876e-34
7.535600000000000364e+03 7.550903838831652812e-16 7.307000000000000129e-35
7.561199999999999818e+03 7.028823777433260794e-16 8.369000000000000027e-35
7.586800000000000182e+03 6.373014192111105604e-16 1.243999999999999928e-34
7.612300000000000182e+03 5.583475082865171463e-16 3.521000000000000137e-34
7.637899999999999636e+03 4.945852712796649957e-16 3.683000000000000121e-34
7.663500000000000000e+03 4.953341566136379038e-16 5.799000000000000156e-34
7.689000000000000000e+03 5.601662298118804161e-16 5.836000000000000390e-34
7.714600000000000364e+03 6.322731891115760080e-16 5.188999999999999834e-34
7.740199999999999818e+03 7.247070360476851207e-16 3.739999999999999973e-34
7.765800000000000182e+03 8.703117416958841199e-16 3.087999999999999941e-34
7.791300000000000182e+03 1.036671269457051799e-15 4.165999999999999790e-34
7.816899999999999636e+03 1.176819810529161087e-15 5.466999999999999997e-34
7.842500000000000000e+03 1.202495879122525233e-15 5.375999999999999769e-34
7.868000000000000000e+03 1.138305707639115952e-15 4.947999999999999905e-34
7.893600000000000364e+03 1.077325044729876868e-15 5.746000000000000398e-34
7.919199999999999818e+03 9.944127398971404467e-16 5.436000000000000333e-34
7.944699999999999818e+03 8.966297120040813987e-16 3.737000000000000116e-34
7.970300000000000182e+03 7.857946825760621065e-16 1.207999999999999931e-34
7.995899999999999636e+03 6.690755540953981418e-16 1.188999999999999910e-34
8.021500000000000000e+03 5.952568568894770837e-16 3.982999999999999950e-34
8.047000000000000000e+03 5.266803570213689461e-16 2.498000000000000093e-34
8.072600000000000364e+03 4.686952354480236644e-16 9.175000000000000069e-35
8.098199999999999818e+03 4.317858868450632832e-16 2.867999999999999867e-34
8.123699999999999818e+03 4.129567698765965153e-16 1.945000000000000051e-34
8.149300000000000182e+03 4.119939173043452883e-16 6.611999999999999721e-35
8.174899999999999636e+03 4.129567698765965153e-16 2.066000000000000134e-34
8.200500000000000000e+03 4.172361146421571242e-16 3.027999999999999804e-34
8.226000000000000000e+03 4.362791988489015207e-16 2.790999999999999969e-34
8.251600000000000364e+03 4.868824507016557715e-16 1.315999999999999921e-34
8.277200000000000728e+03 5.198334053964718141e-16 1.824999999999999991e-34
8.302700000000000728e+03 5.003623867131717659e-16 3.209999999999999834e-34
8.328299999999999272e+03 4.418423470441304158e-16 3.137999999999999841e-34
8.353899999999999636e+03 3.702703058401295611e-16 2.489000000000000093e-34
8.379500000000000000e+03 3.246952840869091232e-16 8.295000000000000201e-34
8.405000000000000000e+03 3.612836818324523465e-16 1.884000000000000104e-34
8.430600000000000364e+03 4.437680521886327712e-16 3.218999999999999833e-34
8.456200000000000728e+03 5.314946198826241442e-16 9.810999999999999295e-35
8.481700000000000728e+03 7.003147708839897042e-16 3.463000000000000047e-34
8.507299999999999272e+03 8.431379024345742558e-16 4.532000000000000325e-34
8.532899999999999636e+03 1.070906027581536867e-15 4.079999999999999893e-34
8.558399999999999636e+03 1.272035231562883858e-15 4.290000000000000158e-34
8.584000000000000000e+03 1.422882134548894003e-15 8.444999999999999901e-34
8.609600000000000364e+03 1.493491323180643877e-15 1.051999999999999918e-33
8.635200000000000728e+03 1.508469029860106772e-15 1.003000000000000084e-33
8.660700000000000728e+03 1.489211978415083613e-15 7.081000000000000127e-34
8.686299999999999272e+03 1.477443780309791705e-15 6.081999999999999796e-34
8.711899999999999636e+03 1.468885090778670191e-15 6.902999999999999764e-34
8.737399999999999636e+03 1.430370987888626042e-15 5.364000000000000340e-34
8.763000000000000000e+03 1.347993601151584062e-15 2.414999999999999968e-33
8.788600000000000364e+03 1.243149654395350500e-15 3.360000000000000133e-33
8.814200000000000728e+03 1.122258164768262990e-15 3.293999999999999855e-33
8.839700000000000728e+03 1.003078413047401046e-15 2.105999999999999969e-33
8.865299999999999272e+03 9.101096480155972945e-16 1.811999999999999940e-33
8.890899999999999636e+03 7.942463884880442388e-16 2.415000000000000053e-34
8.916399999999999636e+03 6.896164089700880587e-16 6.227000000000000019e-34
8.942000000000000000e+03 6.098066290923835385e-16 6.251999999999999969e-34
8.967600000000000364e+03 5.705436408683652982e-16 7.257000000000000015e-34
8.993200000000000728e+03 5.092420271017093527e-16 7.118999999999999744e-34
9.018700000000000728e+03 4.854916636528486463e-16 5.374000000000000149e-34
9.044299999999999272e+03 4.458007409522746557e-16 1.059000000000000041e-34
9.069899999999999636e+03 4.484753314307491303e-16 1.306999999999999922e-34
9.095399999999999636e+03 4.739374327858352044e-16 1.552999999999999970e-34
9.121000000000000000e+03 5.081721909103193853e-16 1.938999999999999909e-34
9.146600000000000364e+03 5.287130457850103869e-16 5.037999999999999896e-34
9.172100000000000364e+03 5.908705285047776358e-16 6.171999999999999787e-34
9.197700000000000728e+03 6.050993498502664398e-16 6.131000000000000314e-34
9.223299999999999272e+03 6.883326055404196246e-16 9.737999999999999920e-34
