3.776699999999999818e+03 1.054997177027478531e-15 9.400999999999999771e-33
3.802300000000000182e+03 1.088555735342468245e-15 9.101000000000000370e-33
3.827900000000000091e+03 9.509656462510116587e-16 4.042000000000000116e-36
3.853400000000000091e+03 7.545432096135891506e-16 7.170000000000000052e-33
3.879000000000000000e+03 6.483093984477010929e-16 8.789000000000000277e-37
3.904599999999999909e+03 6.576428724790574673e-16 1.702999999999999944e-37
3.930099999999999909e+03 8.883579608946093618e-16 3.006999999999999949e-33
3.955699999999999818e+03 1.298296724811151642e-15 1.803000000000000026e-32
3.981300000000000182e+03 1.730363163116639357e-15 1.585999999999999981e-32
4.006800000000000182e+03 1.831038838061607908e-15 1.951000000000000005e-32
4.032400000000000091e+03 1.681074030591499132e-15 1.966999999999999973e-32
4.058000000000000000e+03 1.637028422803075416e-15 1.593000000000000035e-32
4.083599999999999909e+03 1.462943401544068455e-15 1.391000000000000028e-32
4.109100000000000364e+03 1.238520542812576823e-15 1.092000000000000009e-32
4.134699999999999818e+03 1.121065588710114105e-15 9.323999999999999446e-33
4.160300000000000182e+03 1.194474935024153107e-15 7.748000000000000130e-33
4.185800000000000182e+03 1.187134000392749483e-15 8.084000000000000554e-33
4.211399999999999636e+03 1.245861477443980447e-15 8.694000000000000020e-33
4.237000000000000000e+03 1.266835576390849044e-15 6.563999999999999483e-33
4.262600000000000364e+03 1.225936083444455705e-15 5.561999999999999979e-33
4.288100000000000364e+03 1.350731972178322442e-15 5.824999999999999659e-33
4.313699999999999818e+03 1.405264629440179963e-15 6.058000000000000083e-33
4.339300000000000182e+03 1.448261532281260615e-15 4.850999999999999962e-33
4.364800000000000182e+03 1.629687488171671792e-15 5.300999999999999747e-33
4.390399999999999636e+03 1.428336138281735478e-15 4.966000000000000074e-33
4.416000000000000000e+03 1.375900890914564678e-15 3.568000000000000265e-33
4.441600000000000364e+03 1.112675949131367022e-15 4.347000000000000010e-33
4.467100000000000364e+03 1.156721556919789752e-15 1.003000000000000084e-33
4.492699999999999818e+03 1.104286309552619347e-15 4.123000000000000184e-33
4.518300000000000182e+03 1.360170316704413182e-15 3.301000000000000320e-33
4.543800000000000182e+03 1.457699876807350961e-15 4.049000000000000058e-33
4.569399999999999636e+03 1.711486474064458074e-15 3.612999999999999833e-33
4.595000000000000000e+03 1.900253364586273467e-15 3.299000000000000187e-33
4.620500000000000000e+03 1.965273071321565977e-15 3.497999999999999721e-33
4.646100000000000364e+03 1.968419186163596946e-15 3.458999999999999867e-33
4.671699999999999818e+03 1.904448184375647304e-15 2.999000000000000101e-33
4.697300000000000182e+03 1.643320652487136172e-15 2.704000000000000006e-33
4.722800000000000182e+03 1.332903988073484027e-15 2.679000000000000056e-33
4.748399999999999636e+03 1.067581636395600043e-15 1.989000000000000065e-33
4.774000000000000000e+03 9.748761190504411127e-16 2.356999999999999878e-33
4.799500000000000000e+03 8.721030342107860371e-16 2.220000000000000015e-33
4.825100000000000364e+03 8.458854105272011302e-16 2.262000000000000068e-33
4.850699999999999818e+03 9.397445033144368996e-16 1.795999999999999903e-33
4.876300000000000182e+03 1.080166095763720373e-15 1.929999999999999910e-33
4.901800000000000182e+03 1.179793065761345070e-15 1.644000000000000070e-33
4.927399999999999636e+03 1.099042784815902641e-15 1.995999999999999846e-33
4.953000000000000000e+03 1.297248019863808183e-15 1.801999999999999960e-33
4.978500000000000000e+03 1.491258435122340280e-15 1.765999999999999963e-33
5.004100000000000364e+03 1.569911306173096973e-15 1.774999999999999877e-33
5.029699999999999818e+03 1.613956913961520098e-15 2.021000000000000138e-33
5.055300000000000182e+03 1.415751678913614360e-15 1.350999999999999937e-33
5.080800000000000182e+03 1.106383719447306068e-15 1.546000000000000061e-33
5.106399999999999636e+03 1.040944530733076885e-15 1.185999999999999924e-33
5.132000000000000000e+03 1.072825161132316748e-15 1.360999999999999917e-33
5.157500000000000000e+03 1.230130903233829543e-15 1.263000000000000078e-33
5.183100000000000364e+03 1.502794189543118334e-15 1.409000000000000026e-33
5.208699999999999818e+03 1.639125832697762729e-15 1.350999999999999937e-33
5.234199999999999818e+03 1.684220145433529511e-15 1.638000000000000014e-33
5.259800000000000182e+03 1.751337262063508545e-15 1.209999999999999979e-33
5.285399999999999636e+03 1.834184952903637300e-15 1.471999999999999935e-33
5.311000000000000000e+03 1.938006742690636427e-15 1.296999999999999942e-33
5.336500000000000000e+03 1.961078251532191745e-15 1.193999999999999942e-33
5.362100000000000364e+03 1.905496889322990566e-15 1.028999999999999930e-33
5.387699999999999818e+03 1.793285459957244554e-15 1.293000000000000018e-33
5.413199999999999818e+03 1.624443963434954692e-15 1.257999999999999917e-33
5.438800000000000182e+03 1.522719583542643076e-15 1.170000000000000059e-33
5.464399999999999636e+03 1.350731972178322442e-15 1.043000000000000004e-33
5.490000000000000000e+03 1.265786871443505584e-15 1.280000000000000010e-33
5.515500000000000000e+03 1.207059394392274225e-15 1.010000000000000036e-33
5.541100000000000364e+03 1.211254214181647865e-15 1.619999999999999844e-33
5.566699999999999818e+03 1.241666657654606807e-15 1.348999999999999975e-33
5.592199999999999818e+03 1.173500836077284708e-15 1.677999999999999934e-33
5.617800000000000182e+03 9.345009785777199971e-16 2.711000000000000129e-33
5.643399999999999636e+03 7.720565822342243701e-16 7.133999999999999885e-34
5.668899999999999636e+03 6.919355242571872481e-16 7.330000000000000246e-34
5.694500000000000000e+03 6.359346800690488046e-16 6.971999999999999900e-34
5.720100000000000364e+03 5.767877210388797857e-16 8.131999999999999979e-34
5.745699999999999818e+03 4.301787694002700700e-16 1.085000000000000015e-34
5.771199999999999818e+03 3.642152282123691074e-16 6.184000000000000071e-34
5.796800000000000182e+03 3.611739838650732428e-16 5.930999999999999858e-34
5.822399999999999636e+03 4.044854981903563011e-16 7.973000000000000707e-34
5.847899999999999636e+03 5.243524736717090843e-16 5.903000000000000051e-34
5.873500000000000000e+03 6.172677320063358586e-16 5.307999999999999870e-34
5.899100000000000364e+03 7.441610306348896126e-16 8.566999999999999795e-34
5.924699999999999818e+03 8.479828204218877532e-16 6.023000000000000324e-34
5.950199999999999818e+03 8.299450953275809025e-16 6.041999999999999705e-34
5.975800000000000182e+03 8.123268522122114159e-16 5.925000000000000143e-34
6.001399999999999636e+03 7.635620721607430196e-16 4.938000000000000096e-34
6.026899999999999636e+03 7.171044429934292873e-16 6.094000000000000080e-34
6.052500000000000000e+03 6.776731369733166738e-16 6.114999999999999935e-34
6.078100000000000364e+03 6.813436042890185844e-16 4.042999999999999659e-34
6.103699999999999818e+03 7.012689982885435239e-16 3.811000000000000157e-34
6.129199999999999818e+03 7.821241497287211069e-16 5.335000000000000295e-34
6.154800000000000182e+03 9.096466713256806605e-16 4.507000000000000375e-34
6.180399999999999636e+03 9.673254434295687573e-16 5.882999999999999577e-34
6.205899999999999636e+03 9.962696999762471715e-16 5.400000000000000336e-34
6.231500000000000000e+03 1.027730848396549967e-15 5.393999999999999767e-34
6.257100000000000364e+03 1.092750555131841688e-15 5.759000000000000064e-34
6.282600000000000364e+03 1.132601343130890975e-15 4.892000000000000290e-34
6.308199999999999818e+03 1.088555735342468245e-15 4.987999999999999996e-34
6.333800000000000182e+03 1.060240701764195827e-15 4.557000000000000275e-34
6.359399999999999636e+03 1.096945374921215328e-15 3.755999999999999924e-34
6.384899999999999636e+03 1.139942277762294994e-15 3.449000000000000144e-34
6.410500000000000000e+03 1.233277018075859329e-15 4.592000000000000034e-34
6.436100000000000364e+03 1.340244922704888440e-15 4.809000000000000251e-34
6.461600000000000364e+03 1.391631465124716175e-15 5.533000000000000276e-34
6.487199999999999818e+03 1.396874989861432880e-15 4.420000000000000241e-34
6.512800000000000182e+03 1.419946498702988000e-15 4.524000000000000136e-34
6.538399999999999636e+03 1.477625270806875900e-15 6.484999999999999710e-34
6.563899999999999636e+03 1.458748581754694814e-15 8.629000000000000834e-34
6.589500000000000000e+03 1.397923694808776142e-15 2.399000000000000102e-34
6.615100000000000364e+03 1.280468740706313621e-15 3.461000000000000000e-34
6.640600000000000364e+03 1.080166095763720373e-15 1.535999999999999995e-34
6.666199999999999818e+03 8.846874935789074512e-16 4.705000000000000356e-34
6.691800000000000182e+03 7.038907606569021724e-16 3.263999999999999829e-34
6.717399999999999636e+03 5.804581883545818935e-16 2.766999999999999829e-34
6.742899999999999636e+03 5.206820063560068779e-16 3.060000000000000134e-34
6.768500000000000000e+03 4.485311059787797711e-16 2.981000000000000189e-34
6.794100000000000364e+03 4.189576264636955082e-16 2.694999999999999836e-34
6.819600000000000364e+03 4.111972098533542243e-16 2.754000000000000163e-34
6.845199999999999818e+03 3.972494340536866976e-16 4.617999999999999794e-35
6.870800000000000182e+03 4.037514047272159880e-16 5.422999999999999598e-35
6.896300000000000182e+03 3.969348225694837485e-16 3.398999999999999816e-34
6.921899999999999636e+03 4.009199013693886575e-16 4.104999999999999843e-34
6.947500000000000000e+03 4.278716185161145185e-16 2.763000000000000162e-34
6.973100000000000364e+03 4.658347376099461607e-16 3.269999999999999971e-34
6.998600000000000364e+03 4.872283185357520223e-16 3.013000000000000091e-34
7.024199999999999818e+03 5.127118487561971584e-16 2.575999999999999800e-34
7.049800000000000182e+03 5.658811895865084194e-16 2.583999999999999989e-34
7.075300000000000182e+03 5.990202659225600794e-16 3.011999999999999853e-34
7.100899999999999636e+03 6.132826532064307524e-16 2.500000000000000140e-34
7.126500000000000000e+03 6.452681541004051790e-16 2.725000000000000118e-34
7.152100000000000364e+03 6.599500233632130188e-16 2.640999999999999841e-34
7.177600000000000364e+03 6.769390435101764100e-16 3.253000000000000210e-34
7.203199999999999818e+03 7.531798931820428900e-16 3.908000000000000100e-34
7.228800000000000182e+03 8.251210525698011668e-16 5.021000000000000135e-34
7.254300000000000182e+03 9.103807647888210229e-16 4.562999999999999989e-34
7.279899999999999636e+03 1.066532931448255992e-15 3.719999999999999928e-34
7.305500000000000000e+03 1.251105002180697744e-15 3.764000000000000114e-34
7.331100000000000364e+03 1.403167219545493636e-15 3.377000000000000151e-34
7.356600000000000364e+03 1.474479155964846114e-15 3.724999999999999832e-34
7.382199999999999818e+03 1.409459449229553801e-15 3.949999999999999811e-34
7.407800000000000182e+03 1.246910182391324301e-15 3.750000000000000210e-34
7.433300000000000182e+03 1.066532931448255992e-15 3.623999999999999794e-34
7.458899999999999636e+03 9.221262601990676102e-16 3.105999999999999939e-34
7.484500000000000000e+03 8.470389859692785608e-16 2.894000000000000055e-34
7.510000000000000000e+03 7.982742059178099673e-16 2.820000000000000014e-34
7.535600000000000364e+03 7.305278663194249364e-16 2.527000000000000137e-34
7.561199999999999818e+03 6.500921968581849147e-16 5.174999999999999503e-35
7.586800000000000182e+03 5.863309360597050886e-16 6.890000000000000526e-35
7.612300000000000182e+03 5.441729971764994609e-16 3.496000000000000187e-34
7.637899999999999636e+03 5.308544443452382761e-16 2.840999999999999870e-34
7.663500000000000000e+03 5.743756996599901643e-16 3.708000000000000071e-34
7.689000000000000000e+03 6.230356092167245894e-16 4.442999999999999716e-34
7.714600000000000364e+03 6.874260929836105108e-16 4.892999999999999672e-34
7.740199999999999818e+03 7.924014582126865750e-16 3.514999999999999995e-34
7.765800000000000182e+03 9.703666877768645726e-16 3.249999999999999925e-34
7.791300000000000182e+03 1.156721556919789752e-15 3.524999999999999804e-34
7.816899999999999636e+03 1.252153707128041204e-15 3.679000000000000027e-34
7.842500000000000000e+03 1.254251117022727925e-15 3.737000000000000116e-34
7.868000000000000000e+03 1.178744360814002005e-15 4.034000000000000088e-34
7.893600000000000364e+03 1.077019980921690389e-15 4.569999999999999941e-34
7.919199999999999818e+03 9.948015130499662494e-16 4.060000000000000275e-34
7.944699999999999818e+03 9.085979663783373983e-16 3.658999999999999981e-34
7.970300000000000182e+03 7.914576237600774813e-16 3.832000000000000012e-34
7.995899999999999636e+03 6.582720954474636612e-16 4.294000000000000253e-34
8.021500000000000000e+03 5.557087515972773170e-16 4.280000000000000349e-34
8.047000000000000000e+03 5.040075976932465836e-16 3.164999999999999838e-34
8.072600000000000364e+03 4.694003344309137057e-16 2.646999999999999983e-34
8.098199999999999818e+03 4.333248842423003003e-16 2.617999999999999939e-34
8.123699999999999818e+03 4.159163821163994957e-16 2.705999999999999883e-34
8.149300000000000182e+03 4.127702672743693147e-16 2.419999999999999958e-34
8.174899999999999636e+03 4.239914102109438766e-16 2.925999999999999956e-34
8.200500000000000000e+03 4.604863423784948926e-16 2.941000000000000098e-34
8.226000000000000000e+03 4.991835549354671437e-16 3.357999999999999915e-34
8.251600000000000364e+03 5.333713362188623617e-16 4.874999999999999674e-34
8.277200000000000728e+03 5.445924791554370222e-16 5.900000000000000193e-34
8.302700000000000728e+03 5.121874962825254287e-16 7.162999999999999929e-34
8.328299999999999272e+03 4.294446759371296583e-16 7.251999999999999683e-34
8.353899999999999636e+03 3.648444511807750549e-16 6.574999999999999701e-34
8.379500000000000000e+03 3.643200987071033745e-16 5.202999999999999738e-34
8.405000000000000000e+03 4.096241524323390352e-16 3.841000000000000011e-34
8.430600000000000364e+03 4.972958860302487591e-16 3.312000000000000109e-34
8.456200000000000728e+03 6.243989256482710472e-16 3.002000000000000044e-34
8.481700000000000728e+03 7.704835248132090824e-16 2.314000000000000015e-34
8.507299999999999272e+03 9.803293847766269438e-16 3.287999999999999969e-34
8.532899999999999636e+03 1.165111196498537427e-15 3.847000000000000153e-34
8.558399999999999636e+03 1.337098807862858061e-15 5.079999999999999607e-34
8.584000000000000000e+03 1.441969302597199661e-15 6.472000000000000043e-34
8.609600000000000364e+03 1.488112320280310099e-15 5.502999999999999994e-34
8.635200000000000728e+03 1.469235631228129014e-15 5.432999999999999621e-34
8.660700000000000728e+03 1.460845991649381339e-15 4.240999999999999640e-34
8.686299999999999272e+03 1.460845991649381339e-15 4.665000000000000265e-34
8.711899999999999636e+03 1.443018007544543712e-15 7.185000000000000022e-34
8.737399999999999636e+03 1.402118514598150374e-15 1.535000000000000014e-33
8.763000000000000000e+03 1.305637659442555463e-15 2.009000000000000026e-33
8.788600000000000364e+03 1.172452131129941249e-15 2.813000000000000062e-33
8.814200000000000728e+03 1.039581214301530328e-15 2.181999999999999885e-33
8.839700000000000728e+03 9.245382815779576260e-16 1.624000000000000110e-33
8.865299999999999272e+03 8.177801179383973456e-16 1.206999999999999951e-33
8.890899999999999636e+03 7.126998822145870143e-16 7.016000000000000086e-34
8.916399999999999636e+03 6.202041058588974068e-16 7.144999999999999931e-34
8.942000000000000000e+03 5.855968425965646276e-16 6.149999999999999694e-34
8.967600000000000364e+03 5.967131150384048238e-16 6.404000000000000145e-34
8.993200000000000728e+03 5.419707167870783737e-16 5.919999999999999811e-34
9.018700000000000728e+03 4.799922543990825666e-16 4.384999999999999626e-34
9.044299999999999272e+03 4.609058243574320594e-16 4.417000000000000383e-34
9.069899999999999636e+03 4.660444785994148921e-16 4.369000000000000103e-34
9.095399999999999636e+03 4.903744333777823018e-16 3.883000000000000150e-34
9.121000000000000000e+03 5.244573441664433514e-16 6.250000000000000350e-34
9.146600000000000364e+03 5.601133123761196886e-16 7.985000000000000136e-34
9.172100000000000364e+03 6.252378896061457752e-16 6.427999999999999858e-34
9.197700000000000728e+03 7.014787392780123539e-16 6.055000000000000226e-34
9.223299999999999272e+03 7.668130574975073690e-16 1.038000000000000014e-33
