3.776699999999999818e+03 1.084553798885154305e-15 9.400999999999999771e-33
3.802300000000000182e+03 1.119052528074344627e-15 9.101000000000000370e-33
3.827900000000000091e+03 9.776077383986657451e-16 4.042000000000000116e-36
3.853400000000000091e+03 7.756823641131891771e-16 7.170000000000000052e-33
3.879000000000000000e+03 6.664723245236603803e-16 8.789000000000000277e-37
3.904599999999999909e+03 6.760672835794040515e-16 1.702999999999999944e-37
3.930099999999999909e+03 9.132460467550834996e-16 3.006999999999999949e-33
3.955699999999999818e+03 1.334669585506780740e-15 1.803000000000000026e-32
3.981300000000000182e+03 1.778840723817599066e-15 1.585999999999999981e-32
4.006800000000000182e+03 1.882336911385168652e-15 1.951000000000000005e-32
4.032400000000000091e+03 1.728170715320976365e-15 1.966999999999999973e-32
4.058000000000000000e+03 1.682891133260163932e-15 1.593000000000000035e-32
4.083599999999999909e+03 1.503928975591242721e-15 1.391000000000000028e-32
4.109100000000000364e+03 1.273218724138535731e-15 1.092000000000000009e-32
4.134699999999999818e+03 1.152473171976371673e-15 9.323999999999999446e-33
4.160300000000000182e+03 1.227939142077723692e-15 7.748000000000000130e-33
4.185800000000000182e+03 1.220392545067589042e-15 8.084000000000000554e-33
4.211399999999999636e+03 1.280765321148671367e-15 8.694000000000000020e-33
4.237000000000000000e+03 1.302327026891914801e-15 6.563999999999999483e-33
4.262600000000000364e+03 1.260281700692590223e-15 5.561999999999999979e-33
4.288100000000000364e+03 1.388573849864888733e-15 5.824999999999999659e-33
4.313699999999999818e+03 1.444634284797323870e-15 6.058000000000000083e-33
4.339300000000000182e+03 1.488835781570972041e-15 4.850999999999999962e-33
4.364800000000000182e+03 1.675344536250030662e-15 5.300999999999999747e-33
4.390399999999999636e+03 1.468352161114890503e-15 4.966000000000000074e-33
4.416000000000000000e+03 1.414447896756781919e-15 3.568000000000000265e-33
4.441600000000000364e+03 1.143848489679075128e-15 4.347000000000000010e-33
4.467100000000000364e+03 1.189128071739886181e-15 1.003000000000000084e-33
4.492699999999999818e+03 1.135223807381776414e-15 4.123000000000000184e-33
4.518300000000000182e+03 1.398276617449349540e-15 3.301000000000000320e-33
4.543800000000000182e+03 1.498538549155432060e-15 4.049000000000000058e-33
4.569399999999999636e+03 1.759435188648680212e-15 3.612999999999999833e-33
4.595000000000000000e+03 1.953490540337872299e-15 3.299000000000000187e-33
4.620500000000000000e+03 2.020331828141929547e-15 3.497999999999999721e-33
4.646100000000000364e+03 2.023566084003417601e-15 3.458999999999999867e-33
4.671699999999999818e+03 1.957802881486521460e-15 2.999000000000000101e-33
4.697300000000000182e+03 1.689359644983137474e-15 2.704000000000000006e-33
4.722800000000000182e+03 1.370246399983131578e-15 2.679000000000000056e-33
4.748399999999999636e+03 1.097490822331101588e-15 1.989000000000000065e-33
4.774000000000000000e+03 1.002188082945963354e-15 2.356999999999999878e-33
4.799500000000000000e+03 8.965357248040693848e-16 2.220000000000000015e-33
4.825100000000000364e+03 8.695835926250155856e-16 2.262000000000000068e-33
4.850699999999999818e+03 9.660722258260307802e-16 1.795999999999999903e-33
4.876300000000000182e+03 1.110427845777045518e-15 1.929999999999999910e-33
4.901800000000000182e+03 1.212845948057453604e-15 1.644000000000000070e-33
4.927399999999999636e+03 1.129833380945966541e-15 1.995999999999999846e-33
4.953000000000000000e+03 1.333591500219618647e-15 1.801999999999999960e-33
4.978500000000000000e+03 1.533037278344621790e-15 1.765999999999999963e-33
5.004100000000000364e+03 1.613893674881786245e-15 1.774999999999999877e-33
5.029699999999999818e+03 1.659173256942596312e-15 2.021000000000000138e-33
5.055300000000000182e+03 1.455415137668945192e-15 1.350999999999999937e-33
5.080800000000000182e+03 1.137379977956101388e-15 1.546000000000000061e-33
5.106399999999999636e+03 1.070107456037182103e-15 1.185999999999999924e-33
5.132000000000000000e+03 1.102881248766911657e-15 1.360999999999999917e-33
5.157500000000000000e+03 1.264594041841238989e-15 1.263000000000000078e-33
5.183100000000000364e+03 1.544896216503405797e-15 1.409000000000000026e-33
5.208699999999999818e+03 1.685047303834490286e-15 1.350999999999999937e-33
5.234199999999999818e+03 1.731404971182463235e-15 1.638000000000000014e-33
5.259800000000000182e+03 1.800402429560843683e-15 1.209999999999999979e-33
5.285399999999999636e+03 1.885571167246654339e-15 1.471999999999999935e-33
5.311000000000000000e+03 1.992301610675711585e-15 1.296999999999999942e-33
5.336500000000000000e+03 2.016019486993279993e-15 1.193999999999999942e-33
5.362100000000000364e+03 1.958880966773683750e-15 1.028999999999999930e-33
5.387699999999999818e+03 1.843525841047329367e-15 1.293000000000000018e-33
5.413199999999999818e+03 1.669954109814219015e-15 1.257999999999999917e-33
5.438800000000000182e+03 1.565379836959486547e-15 1.170000000000000059e-33
5.464399999999999636e+03 1.388573849864888733e-15 1.043000000000000004e-33
5.490000000000000000e+03 1.301248941604752511e-15 1.280000000000000010e-33
5.515500000000000000e+03 1.240876165523670383e-15 1.010000000000000036e-33
5.541100000000000364e+03 1.245188506672319346e-15 1.619999999999999844e-33
5.566699999999999818e+03 1.276452980000022404e-15 1.348999999999999975e-33
5.592199999999999818e+03 1.206377436334480652e-15 1.677999999999999934e-33
5.617800000000000182e+03 9.606817993902199217e-16 2.711000000000000129e-33
5.643399999999999636e+03 7.936863884087979808e-16 7.133999999999999885e-34
5.668899999999999636e+03 7.113206724696072275e-16 7.330000000000000246e-34
5.694500000000000000e+03 6.537509181351471724e-16 6.971999999999999900e-34
5.720100000000000364e+03 5.929469079391991627e-16 8.131999999999999979e-34
5.745699999999999818e+03 4.422305847939266374e-16 1.085000000000000015e-34
5.771199999999999818e+03 3.744190202314256654e-16 6.184000000000000071e-34
5.796800000000000182e+03 3.712925728986553892e-16 5.930999999999999858e-34
5.822399999999999636e+03 4.158174952584532437e-16 7.973000000000000707e-34
5.847899999999999636e+03 5.390426435810903810e-16 5.903000000000000051e-34
5.873500000000000000e+03 6.345610000236600273e-16 5.307999999999999870e-34
5.899100000000000364e+03 7.650093197702840048e-16 8.566999999999999795e-34
5.924699999999999818e+03 8.717397631993396726e-16 6.023000000000000324e-34
5.950199999999999818e+03 8.531966962601501184e-16 6.041999999999999705e-34
5.975800000000000182e+03 8.350848634358255590e-16 5.925000000000000143e-34
6.001399999999999636e+03 7.849538975827846938e-16 4.938000000000000096e-34
6.026899999999999636e+03 7.371947193614998213e-16 6.094000000000000080e-34
6.052500000000000000e+03 6.966587125642014440e-16 6.114999999999999935e-34
6.078100000000000364e+03 7.004320110692688674e-16 4.042999999999999659e-34
6.103699999999999818e+03 7.209156315253506028e-16 3.811000000000000157e-34
6.129199999999999818e+03 8.040360071655551958e-16 5.335000000000000295e-34
6.154800000000000182e+03 9.351311780844759754e-16 4.507000000000000375e-34
6.180399999999999636e+03 9.944258688783964044e-16 5.882999999999999577e-34
6.205899999999999636e+03 1.024181022804072375e-15 5.400000000000000336e-34
6.231500000000000000e+03 1.056523581418938511e-15 5.393999999999999767e-34
6.257100000000000364e+03 1.123364869222992998e-15 5.759000000000000064e-34
6.282600000000000364e+03 1.164332110135154892e-15 4.892000000000000290e-34
6.308199999999999818e+03 1.119052528074344627e-15 4.987999999999999996e-34
6.333800000000000182e+03 1.089944225320965952e-15 4.557000000000000275e-34
6.359399999999999636e+03 1.127677210371641764e-15 3.755999999999999924e-34
6.384899999999999636e+03 1.171878707145290527e-15 3.449000000000000144e-34
6.410500000000000000e+03 1.267828297702724873e-15 4.592000000000000034e-34
6.436100000000000364e+03 1.377792996993267805e-15 4.809000000000000251e-34
6.461600000000000364e+03 1.430619176064215480e-15 5.533000000000000276e-34
6.487199999999999818e+03 1.436009602500025352e-15 4.420000000000000241e-34
6.512800000000000182e+03 1.459727478817593169e-15 4.524000000000000136e-34
6.538399999999999636e+03 1.519022169611512612e-15 6.484999999999999710e-34
6.563899999999999636e+03 1.499616634442594350e-15 8.629000000000000834e-34
6.589500000000000000e+03 1.437087687787187642e-15 2.399000000000000102e-34
6.615100000000000364e+03 1.316342135625023388e-15 3.461000000000000000e-34
6.640600000000000364e+03 1.110427845777045518e-15 1.535999999999999995e-34
6.666199999999999818e+03 9.094727482500154845e-16 4.705000000000000356e-34
6.691800000000000182e+03 7.236108447432560321e-16 3.263999999999999829e-34
6.717399999999999636e+03 5.967202064442671777e-16 2.766999999999999829e-34
6.742899999999999636e+03 5.352693450760230561e-16 3.060000000000000134e-34
6.768500000000000000e+03 4.610970773192649378e-16 2.981000000000000189e-34
6.794100000000000364e+03 4.306950722212915739e-16 2.694999999999999836e-34
6.819600000000000364e+03 4.227172410962911405e-16 2.754000000000000163e-34
6.845199999999999818e+03 4.083787067770341032e-16 4.617999999999999794e-35
6.870800000000000182e+03 4.150628355574398477e-16 5.422999999999999598e-35
6.896300000000000182e+03 4.080552811908856529e-16 3.398999999999999816e-34
6.921899999999999636e+03 4.121520052821017732e-16 4.104999999999999843e-34
6.947500000000000000e+03 4.398587971621700530e-16 2.763000000000000162e-34
6.973100000000000364e+03 4.788854845574407510e-16 3.269999999999999971e-34
6.998600000000000364e+03 5.008784244155494755e-16 3.013000000000000091e-34
7.024199999999999818e+03 5.270758968935903225e-16 2.575999999999999800e-34
7.049800000000000182e+03 5.817348209527130425e-16 2.583999999999999989e-34
7.075300000000000182e+03 6.158023160270374825e-16 3.011999999999999853e-34
7.100899999999999636e+03 6.304642759324434632e-16 2.500000000000000140e-34
7.126500000000000000e+03 6.633458771908906464e-16 2.725000000000000118e-34
7.152100000000000364e+03 6.784390712111609317e-16 2.640999999999999841e-34
7.177600000000000364e+03 6.959040528631879001e-16 3.253000000000000210e-34
7.203199999999999818e+03 7.742808532398786340e-16 3.908000000000000100e-34
7.228800000000000182e+03 8.482375039392040576e-16 5.021000000000000135e-34
7.254300000000000182e+03 9.358858377854894206e-16 4.562999999999999989e-34
7.279899999999999636e+03 1.096412737043938509e-15 3.719999999999999928e-34
7.305500000000000000e+03 1.286155747584482422e-15 3.764000000000000114e-34
7.331100000000000364e+03 1.442478114222998698e-15 3.377000000000000151e-34
7.356600000000000364e+03 1.515787913750027122e-15 3.724999999999999832e-34
7.382199999999999818e+03 1.448946625945971452e-15 3.949999999999999811e-34
7.407800000000000182e+03 1.281843406435834446e-15 3.750000000000000210e-34
7.433300000000000182e+03 1.096412737043938509e-15 3.623999999999999794e-34
7.458899999999999636e+03 9.479603930017065167e-16 3.105999999999999939e-34
7.484500000000000000e+03 8.707694864408932369e-16 2.894000000000000055e-34
7.510000000000000000e+03 8.206385205878527661e-16 2.820000000000000014e-34
7.535600000000000364e+03 7.509942110371753192e-16 2.527000000000000137e-34
7.561199999999999818e+03 6.683050695118361155e-16 5.174999999999999503e-35
7.586800000000000182e+03 6.027574840523751341e-16 6.890000000000000526e-35
7.612300000000000182e+03 5.594184555084557691e-16 3.496000000000000187e-34
7.637899999999999636e+03 5.457267723614964213e-16 2.840999999999999870e-34
7.663500000000000000e+03 5.904673117787264281e-16 3.708000000000000071e-34
7.689000000000000000e+03 6.404904691030518335e-16 4.442999999999999716e-34
7.714600000000000364e+03 7.066849057348097156e-16 4.892999999999999672e-34
7.740199999999999818e+03 8.146012429797437250e-16 3.514999999999999995e-34
7.765800000000000182e+03 9.975523162111651522e-16 3.249999999999999925e-34
7.791300000000000182e+03 1.189128071739886181e-15 3.524999999999999804e-34
7.816899999999999636e+03 1.287233832871643924e-15 3.679000000000000027e-34
7.842500000000000000e+03 1.289390003445968306e-15 3.737000000000000116e-34
7.868000000000000000e+03 1.211767862770291511e-15 4.034000000000000088e-34
7.893600000000000364e+03 1.107193589915560226e-15 4.569999999999999941e-34
7.919199999999999818e+03 1.022671703402045090e-15 4.060000000000000275e-34
7.944699999999999818e+03 9.340530927973130937e-16 3.658999999999999981e-34
7.970300000000000182e+03 8.136309662212976837e-16 3.832000000000000012e-34
7.995899999999999636e+03 6.767141347517014452e-16 4.294000000000000253e-34
8.021500000000000000e+03 5.712773936672401704e-16 4.280000000000000349e-34
8.047000000000000000e+03 5.181277890101442423e-16 3.164999999999999838e-34
8.072600000000000364e+03 4.825509745337917285e-16 2.646999999999999983e-34
8.098199999999999818e+03 4.454648406554130145e-16 2.617999999999999939e-34
8.123699999999999818e+03 4.275686248885207554e-16 2.705999999999999883e-34
8.149300000000000182e+03 4.243343690270345263e-16 2.419999999999999958e-34
8.174899999999999636e+03 4.358698815996698363e-16 2.925999999999999956e-34
8.200500000000000000e+03 4.733872495929140383e-16 2.941000000000000098e-34
8.226000000000000000e+03 5.131685966891980829e-16 3.357999999999999915e-34
8.251600000000000364e+03 5.483141770506851088e-16 4.874999999999999674e-34
8.277200000000000728e+03 5.598496896233206653e-16 5.900000000000000193e-34
8.302700000000000728e+03 5.265368542500095720e-16 7.162999999999999929e-34
8.328299999999999272e+03 4.414759250929131429e-16 7.251999999999999683e-34
8.353899999999999636e+03 3.750658714037226154e-16 6.574999999999999701e-34
8.379500000000000000e+03 3.745268287601415690e-16 5.202999999999999738e-34
8.405000000000000000e+03 4.211001131655479027e-16 3.841000000000000011e-34
8.430600000000000364e+03 5.112280431723061975e-16 3.312000000000000109e-34
8.456200000000000728e+03 6.418919799763625739e-16 3.002000000000000044e-34
8.481700000000000728e+03 7.920692604780544471e-16 2.314000000000000015e-34
8.507299999999999272e+03 1.007794126439206710e-15 3.287999999999999969e-34
8.532899999999999636e+03 1.197752754037184304e-15 3.847000000000000153e-34
8.558399999999999636e+03 1.374558741131780935e-15 5.079999999999999607e-34
8.584000000000000000e+03 1.482367269847998498e-15 6.472000000000000043e-34
8.609600000000000364e+03 1.529803022483134920e-15 5.502999999999999994e-34
8.635200000000000728e+03 1.510397487314215869e-15 5.432999999999999621e-34
8.660700000000000728e+03 1.501772805016918930e-15 4.240999999999999640e-34
8.686299999999999272e+03 1.501772805016918930e-15 4.665000000000000265e-34
8.711899999999999636e+03 1.483445355135161380e-15 7.185000000000000022e-34
8.737399999999999636e+03 1.441400028935837591e-15 1.535000000000000014e-33
8.763000000000000000e+03 1.342216182516915784e-15 2.009000000000000026e-33
8.788600000000000364e+03 1.205299351047318954e-15 2.813000000000000062e-33
8.814200000000000728e+03 1.068705945163870180e-15 2.181999999999999885e-33
8.839700000000000728e+03 9.504399891621787582e-16 1.624000000000000110e-33
8.865299999999999272e+03 8.406909069290690135e-16 1.206999999999999951e-33
8.890899999999999636e+03 7.326667611554183610e-16 7.016000000000000086e-34
8.916399999999999636e+03 6.375796388277143013e-16 7.144999999999999931e-34
8.942000000000000000e+03 6.020028243513614916e-16 6.149999999999999694e-34
8.967600000000000364e+03 6.134305283952812925e-16 6.404000000000000145e-34
8.993200000000000728e+03 5.571544764054149403e-16 5.919999999999999811e-34
9.018700000000000728e+03 4.934396359341304830e-16 4.384999999999999626e-34
9.044299999999999272e+03 4.738184837077784415e-16 4.417000000000000383e-34
9.069899999999999636e+03 4.791011016148732485e-16 4.369000000000000103e-34
9.095399999999999636e+03 5.041126802770357539e-16 3.883000000000000150e-34
9.121000000000000000e+03 5.391504521098071227e-16 6.250000000000000350e-34
9.146600000000000364e+03 5.758053518733214335e-16 7.985000000000000136e-34
9.172100000000000364e+03 6.427544482060920706e-16 6.427999999999999858e-34
9.197700000000000728e+03 7.211312485827831003e-16 6.055000000000000226e-34
9.223299999999999272e+03 7.882959619729870237e-16 1.038000000000000014e-33
