3.776699999999999818e+03 1.700819693523580306e-15 1.958999999999999989e-32
3.802300000000000182e+03 1.252568432832067493e-15 1.146000000000000038e-32
3.827900000000000091e+03 7.282642590155167236e-16 1.484000000000000047e-32
3.853400000000000091e+03 7.829993101282335101e-16 8.826999999999999960e-33
3.879000000000000000e+03 9.813130426860984104e-16 7.932000000000000036e-33
3.904599999999999909e+03 1.781481874110742706e-15 4.936000000000000544e-32
3.930099999999999909e+03 2.875030579499548213e-15 5.257000000000000109e-32
3.955699999999999818e+03 3.497281686886222823e-15 4.159000000000000249e-32
3.981300000000000182e+03 3.846433697142080585e-15 4.939000000000000060e-32
4.006800000000000182e+03 4.295837274699123426e-15 4.627999999999999791e-32
4.032400000000000091e+03 4.468684804528754802e-15 3.663999999999999800e-32
4.058000000000000000e+03 3.559506797624891192e-15 3.404000000000000045e-32
4.083599999999999909e+03 3.128540289916341397e-15 2.659000000000000233e-32
4.109100000000000364e+03 2.729838654442657589e-15 2.521999999999999754e-32
4.134699999999999818e+03 2.781692913391546449e-15 1.768999999999999957e-32
4.160300000000000182e+03 2.703335366535446666e-15 2.176000000000000034e-32
4.185800000000000182e+03 2.652633424452087635e-15 1.962999999999999981e-32
4.211399999999999636e+03 2.619216235351692214e-15 1.644000000000000002e-32
4.237000000000000000e+03 2.699878415938854023e-15 1.287999999999999891e-32
4.262600000000000364e+03 2.782845230257077462e-15 1.344000000000000053e-32
4.288100000000000364e+03 2.831242538609374468e-15 1.290000000000000024e-32
4.313699999999999818e+03 2.803586933836633322e-15 1.097000000000000068e-32
4.339300000000000182e+03 3.052487376791303245e-15 9.225000000000000397e-33
4.364800000000000182e+03 2.972977513069673238e-15 1.059000000000000007e-32
4.390399999999999636e+03 2.657242691914211685e-15 9.420000000000000349e-33
4.416000000000000000e+03 2.182488143315488146e-15 8.443999999999999835e-33
4.441600000000000364e+03 2.006183662889263337e-15 7.661999999999999891e-33
4.467100000000000364e+03 2.111044497652573255e-15 8.791000000000000305e-33
4.492699999999999818e+03 2.515507717453913310e-15 7.438999999999999447e-33
4.518300000000000182e+03 2.964911295010956938e-15 8.204000000000000314e-33
4.543800000000000182e+03 3.416619506299061409e-15 7.384999999999999965e-33
4.569399999999999636e+03 3.936314412653489311e-15 7.247999999999999760e-33
4.595000000000000000e+03 4.562022470636756960e-15 8.009999999999999744e-33
4.620500000000000000e+03 4.899651312237305385e-15 7.921999999999999372e-33
4.646100000000000364e+03 4.989532027748713322e-15 8.202000000000000181e-33
4.671699999999999818e+03 5.146247121460913677e-15 7.546999999999999779e-33
4.697300000000000182e+03 4.817836814784612564e-15 6.753000000000000406e-33
4.722800000000000182e+03 3.984711721005787106e-15 6.000999999999999718e-33
4.748399999999999636e+03 3.287560017359603383e-15 5.447999999999999933e-33
4.774000000000000000e+03 2.881944480692732710e-15 5.055999999999999894e-33
4.799500000000000000e+03 2.548924906554309124e-15 5.114000000000000326e-33
4.825100000000000364e+03 2.378382010455738590e-15 5.050000000000000180e-33
4.850699999999999818e+03 2.657242691914211685e-15 4.327000000000000050e-33
4.876300000000000182e+03 2.893467649348041653e-15 4.540999999999999896e-33
4.901800000000000182e+03 2.750580358022213054e-15 4.121000000000000051e-33
4.927399999999999636e+03 3.088209199622761085e-15 3.736999999999999860e-33
4.953000000000000000e+03 3.789970170731066097e-15 5.143000000000000200e-33
4.978500000000000000e+03 4.224393629036209323e-15 5.151000000000000047e-33
5.004100000000000364e+03 4.101095724424403205e-15 3.929000000000000297e-33
5.029699999999999818e+03 3.697784821488596135e-15 2.957000000000000048e-33
5.055300000000000182e+03 3.009851652766660513e-15 2.897000000000000168e-33
5.080800000000000182e+03 2.818567053088534907e-15 3.015999999999999862e-33
5.106399999999999636e+03 2.881944480692732710e-15 2.804999999999999873e-33
5.132000000000000000e+03 3.000633117842414384e-15 3.105000000000000300e-33
5.157500000000000000e+03 3.012156286497722538e-15 2.579999999999999980e-33
5.183100000000000364e+03 3.282950749897479728e-15 2.197999999999999922e-33
5.208699999999999818e+03 3.392420852122914089e-15 2.259999999999999935e-33
5.234199999999999818e+03 3.724288109395808241e-15 2.757999999999999830e-33
5.259800000000000182e+03 4.214022777246432182e-15 3.015999999999999862e-33
5.285399999999999636e+03 4.612724412720116780e-15 2.555000000000000030e-33
5.311000000000000000e+03 4.939982402530886486e-15 3.582999999999999893e-33
5.336500000000000000e+03 5.168141141906000155e-15 2.949999999999999926e-33
5.362100000000000364e+03 5.379015128298152185e-15 4.221999999999999917e-33
5.387699999999999818e+03 5.287982095921213630e-15 3.626000000000000013e-33
5.413199999999999818e+03 5.055214089083974333e-15 2.707999999999999930e-33
5.438800000000000182e+03 4.920393015816862033e-15 3.363999999999999715e-33
5.464399999999999636e+03 5.005664463866145131e-15 3.211999999999999881e-33
5.490000000000000000e+03 4.992988978345306754e-15 3.321999999999999662e-33
5.515500000000000000e+03 4.966485690438096226e-15 2.581000000000000047e-33
5.541100000000000364e+03 4.952657888051724864e-15 2.700000000000000083e-33
5.566699999999999818e+03 4.964181056707034989e-15 3.083000000000000207e-33
5.592199999999999818e+03 4.787876576280810970e-15 4.164000000000000170e-33
5.617800000000000182e+03 4.253201550674481877e-15 5.971999999999999844e-33
5.643399999999999636e+03 3.779599318941288956e-15 1.940999999999999956e-33
5.668899999999999636e+03 3.468473765247950664e-15 1.522000000000000006e-33
5.694500000000000000e+03 3.143520409168243772e-15 1.517000000000000016e-33
5.720100000000000364e+03 2.679136712359298163e-15 1.654000000000000050e-33
5.745699999999999818e+03 2.212448381819291712e-15 1.070999999999999983e-33
5.771199999999999818e+03 1.984289642444176465e-15 1.242999999999999947e-33
5.796800000000000182e+03 2.106435230190450782e-15 1.059000000000000041e-33
5.822399999999999636e+03 2.305786047927293081e-15 1.481999999999999915e-33
5.847899999999999636e+03 2.620368552217222832e-15 1.386000000000000038e-33
5.873500000000000000e+03 2.893467649348041653e-15 1.427000000000000024e-33
5.899100000000000364e+03 3.157348211554613556e-15 1.463000000000000021e-33
5.924699999999999818e+03 3.342871226905086465e-15 1.320999999999999997e-33
5.950199999999999818e+03 3.459255230323704930e-15 1.640000000000000147e-33
5.975800000000000182e+03 3.491520102558568549e-15 1.427000000000000024e-33
6.001399999999999636e+03 3.493824736289631363e-15 1.448000000000000051e-33
6.026899999999999636e+03 3.238010392141775759e-15 1.219000000000000063e-33
6.052500000000000000e+03 3.081295298429575798e-15 1.327999999999999948e-33
6.078100000000000364e+03 3.025984088884093505e-15 8.608000000000000123e-34
6.103699999999999818e+03 3.002937751573476015e-15 8.813999999999999438e-34
6.129199999999999818e+03 3.038659574404933066e-15 1.095999999999999933e-33
6.154800000000000182e+03 3.292169284821727039e-15 9.920000000000000377e-34
6.180399999999999636e+03 3.551440579566174498e-15 1.283999999999999934e-33
6.205899999999999636e+03 3.588314719263162167e-15 2.291999999999999922e-34
6.231500000000000000e+03 3.426990358088839734e-15 1.916000000000000006e-34
6.257100000000000364e+03 3.278341482435355677e-15 1.193999999999999942e-33
6.282600000000000364e+03 3.131997240512934041e-15 1.129000000000000072e-33
6.308199999999999818e+03 3.031745673211747779e-15 1.276999999999999982e-33
6.333800000000000182e+03 3.072076763505327697e-15 1.123000000000000016e-33
6.359399999999999636e+03 3.330195741384245327e-15 9.554000000000000698e-34
6.384899999999999636e+03 3.701241772085190356e-15 1.118000000000000026e-33
6.410500000000000000e+03 4.113771209945245527e-15 1.087000000000000019e-33
6.436100000000000364e+03 4.475598705721940877e-15 1.353999999999999965e-33
6.461600000000000364e+03 4.702605128231524717e-15 1.304000000000000065e-33
6.487199999999999818e+03 4.790181210011872206e-15 1.435000000000000043e-33
6.512800000000000182e+03 4.832816934036514544e-15 1.769999999999999887e-33
6.538399999999999636e+03 4.873148024330095645e-15 1.702000000000000160e-33
6.563899999999999636e+03 4.921545332682391863e-15 2.280999999999999961e-33
6.589500000000000000e+03 4.789028893146341588e-15 2.844000000000000069e-33
6.615100000000000364e+03 4.543585400788264703e-15 9.125999999999999978e-34
6.640600000000000364e+03 4.255506184405543902e-15 5.335000000000000295e-34
6.666199999999999818e+03 3.839519795948896088e-15 2.682999999999999980e-34
6.691800000000000182e+03 3.413162555702469160e-15 7.592000000000000031e-34
6.717399999999999636e+03 3.097427734547008002e-15 7.564999999999999606e-34
6.742899999999999636e+03 2.931494105910560729e-15 8.287999999999999394e-34
6.768500000000000000e+03 2.778235962794953806e-15 9.029000000000000035e-34
6.794100000000000364e+03 2.616911601620630978e-15 1.521000000000000068e-34
6.819600000000000364e+03 2.589255996847889437e-15 1.293000000000000018e-34
6.845199999999999818e+03 2.576580511327050271e-15 1.446000000000000004e-34
6.870800000000000182e+03 2.597322214906604947e-15 1.821999999999999920e-34
6.896300000000000182e+03 2.601931482368729392e-15 1.535999999999999995e-34
6.921899999999999636e+03 2.554686490881963793e-15 9.156999999999999643e-34
6.947500000000000000e+03 2.505136865664134985e-15 7.518000000000000418e-34
6.973100000000000364e+03 2.457891874177368597e-15 7.083999999999999985e-34
6.998600000000000364e+03 2.433693220001220094e-15 9.694999999999999544e-35
7.024199999999999818e+03 2.462501141639492253e-15 1.092999999999999990e-34
7.049800000000000182e+03 2.513203083722851284e-15 1.270999999999999925e-34
7.075300000000000182e+03 2.571971243864925826e-15 1.205000000000000074e-34
7.100899999999999636e+03 2.623825502813816264e-15 1.002999999999999999e-34
7.126500000000000000e+03 2.597322214906604947e-15 1.125000000000000106e-34
7.152100000000000364e+03 2.492461380143295425e-15 1.130000000000000010e-34
7.177600000000000364e+03 2.444064071790998418e-15 1.136999999999999962e-34
7.203199999999999818e+03 2.528183202974752870e-15 1.549000000000000089e-34
7.228800000000000182e+03 2.734447921904780850e-15 8.073000000000000507e-34
7.254300000000000182e+03 2.932646422776091742e-15 8.171999999999999215e-34
7.279899999999999636e+03 3.181546865730762059e-15 9.613999999999999551e-34
7.305500000000000000e+03 3.522632657927902733e-15 1.031000000000000062e-33
7.331100000000000364e+03 3.814168824907216966e-15 8.469999999999999851e-34
7.356600000000000364e+03 4.016976593240649936e-15 1.967999999999999953e-34
7.382199999999999818e+03 4.031956712492552705e-15 1.649000000000000103e-34
7.407800000000000182e+03 3.882155519973537637e-15 2.071999999999999848e-34
7.433300000000000182e+03 3.696632504623067094e-15 1.592000000000000037e-34
7.458899999999999636e+03 3.595228620456347454e-15 1.830999999999999919e-34
7.484500000000000000e+03 3.545678995238521407e-15 1.754000000000000022e-34
7.510000000000000000e+03 3.479996933903260790e-15 1.746000000000000046e-34
7.535600000000000364e+03 3.353242078694864001e-15 1.429000000000000029e-34
7.561199999999999818e+03 3.061705911715550162e-15 1.737000000000000047e-34
7.586800000000000182e+03 2.917666303524191339e-15 1.493000000000000047e-34
7.612300000000000182e+03 2.599626848637666972e-15 1.488999999999999952e-34
7.637899999999999636e+03 2.369163475531491278e-15 9.912000000000000188e-34
7.663500000000000000e+03 2.346117138220873393e-15 1.100000000000000027e-33
7.689000000000000000e+03 2.362249574338305992e-15 1.144000000000000042e-33
7.714600000000000364e+03 2.442911754925467800e-15 2.041999999999999994e-34
7.740199999999999818e+03 2.650328790721026398e-15 1.031000000000000062e-33
7.765800000000000182e+03 2.977586780531796105e-15 9.377999999999999954e-34
7.791300000000000182e+03 3.368222197946765192e-15 1.013999999999999960e-33
7.816899999999999636e+03 3.800341022520844027e-15 1.956000000000000097e-34
7.842500000000000000e+03 4.110314259348652883e-15 2.471999999999999905e-34
7.868000000000000000e+03 4.302751175892308712e-15 2.147000000000000126e-34
7.893600000000000364e+03 4.447943100949201308e-15 2.107999999999999845e-34
7.919199999999999818e+03 4.582764174216312819e-15 2.570999999999999896e-34
7.944699999999999818e+03 4.619638313913301278e-15 2.478000000000000047e-34
7.970300000000000182e+03 4.416830545579865941e-15 2.410000000000000149e-34
7.995899999999999636e+03 3.952446848770921121e-15 1.805999999999999969e-34
8.021500000000000000e+03 3.450036695399457619e-15 1.566000000000000063e-34
8.047000000000000000e+03 3.038659574404933066e-15 1.100999999999999965e-34
8.072600000000000364e+03 2.765560477274114245e-15 1.304000000000000065e-34
8.098199999999999818e+03 2.578885145058111902e-15 1.196000000000000075e-34
8.123699999999999818e+03 2.441759438059936393e-15 1.395000000000000080e-34
8.149300000000000182e+03 2.344964821355343170e-15 1.375000000000000034e-34
8.174899999999999636e+03 2.245865570919687527e-15 1.240000000000000047e-34
8.200500000000000000e+03 2.157137172273809025e-15 1.345999999999999989e-34
8.226000000000000000e+03 2.127176933770007036e-15 1.306999999999999922e-34
8.251600000000000364e+03 2.094912061535141051e-15 1.847999999999999894e-34
8.277200000000000728e+03 1.969309523192274879e-15 2.170000000000000029e-34
8.302700000000000728e+03 1.733084565758444911e-15 2.480000000000000094e-34
8.328299999999999272e+03 1.470356320417404218e-15 2.224999999999999834e-34
8.353899999999999636e+03 1.290594889394586766e-15 2.327000000000000109e-34
8.379500000000000000e+03 1.272157819546092340e-15 9.593999999999999933e-34
8.405000000000000000e+03 1.387389506099180779e-15 2.098999999999999846e-34
8.430600000000000364e+03 1.538343015483725677e-15 1.566000000000000063e-34
8.456200000000000728e+03 1.711190545313358631e-15 1.541999999999999923e-34
8.481700000000000728e+03 1.928978432898694567e-15 1.268000000000000068e-34
8.507299999999999272e+03 2.206686797491636649e-15 1.116000000000000107e-34
8.532899999999999636e+03 2.581189778789173532e-15 1.505999999999999927e-34
8.558399999999999636e+03 3.009851652766660513e-15 2.224999999999999834e-34
8.584000000000000000e+03 3.340566593174024440e-15 2.756000000000000210e-34
8.609600000000000364e+03 3.512261806138124804e-15 3.618999999999999890e-34
8.635200000000000728e+03 3.613665690304842077e-15 3.123000000000000128e-34
8.660700000000000728e+03 3.743877496109832693e-15 2.221999999999999977e-34
8.686299999999999272e+03 3.882155519973537637e-15 1.796999999999999970e-34
8.711899999999999636e+03 3.961665383695166855e-15 2.293000000000000160e-34
8.737399999999999636e+03 3.901744906687562089e-15 4.864999999999999865e-34
8.763000000000000000e+03 3.781903952672350192e-15 7.471999999999999757e-34
8.788600000000000364e+03 3.647082879405239470e-15 8.237999999999999494e-34
8.814200000000000728e+03 3.470778398979014267e-15 7.280999999999999728e-34
8.839700000000000728e+03 3.240315025872836995e-15 5.735000000000000352e-34
8.865299999999999272e+03 3.007547019035599276e-15 4.701999999999999643e-34
8.890899999999999636e+03 2.755189625484336315e-15 3.051999999999999944e-34
8.916399999999999636e+03 2.562752708940679698e-15 2.579999999999999895e-34
8.942000000000000000e+03 2.409494565825071985e-15 2.433999999999999861e-34
8.967600000000000364e+03 2.328832385237910177e-15 1.920999999999999910e-34
8.993200000000000728e+03 2.119110715711289948e-15 1.450999999999999908e-34
9.018700000000000728e+03 1.923216848571040293e-15 1.430000000000000053e-34
9.044299999999999272e+03 1.796461993362643503e-15 1.397999999999999937e-34
9.069899999999999636e+03 1.726170664565259625e-15 1.911000000000000101e-34
9.095399999999999636e+03 1.708885911582295817e-15 1.603999999999999893e-34
9.121000000000000000e+03 1.784938824707334955e-15 1.983999999999999904e-34
9.146600000000000364e+03 1.907084412453608483e-15 2.476000000000000000e-34
9.172100000000000364e+03 2.029230000199881617e-15 2.059000000000000182e-34
9.197700000000000728e+03 2.173269608391240834e-15 1.931000000000000147e-34
9.223299999999999272e+03 2.320766167179193878e-15 2.806000000000000111e-34
