3.776699999999999818e+03 7.292943913241010201e-16 2.039999999999999977e-31
3.802300000000000182e+03 1.109981786208822464e-15 1.695999999999999898e-31
3.827900000000000091e+03 8.156441304728123848e-16 1.119999999999999953e-31
3.853400000000000091e+03 6.195526949756612620e-16 8.479000000000000381e-32
3.879000000000000000e+03 6.406722906188446142e-16 7.352000000000000099e-32
3.904599999999999909e+03 1.079906412666314445e-15 7.294999999999999461e-32
3.930099999999999909e+03 1.686894284917550133e-15 6.660999999999999769e-32
3.955699999999999818e+03 1.991658070148296045e-15 5.566000000000000518e-32
3.981300000000000182e+03 2.361919335538281656e-15 2.334000000000000184e-31
4.006800000000000182e+03 2.924662991600316693e-15 2.155999999999999910e-31
4.032400000000000091e+03 3.016894137130674302e-15 2.472999999999999975e-31
4.058000000000000000e+03 3.011547404056450443e-15 2.032000000000000103e-31
4.083599999999999909e+03 2.466180630485641762e-15 1.957999999999999949e-31
4.109100000000000364e+03 2.019728418787970117e-15 5.474000000000000428e-32
4.134699999999999818e+03 2.119979663929663119e-15 1.005000000000000005e-31
4.160300000000000182e+03 2.089235948752877118e-15 1.144999999999999999e-31
4.185800000000000182e+03 2.164090211792007976e-15 1.032000000000000019e-31
4.211399999999999636e+03 2.369939435149616654e-15 7.515000000000000390e-32
4.237000000000000000e+03 2.022401785325081652e-15 6.972999999999999693e-32
4.262600000000000364e+03 2.321818837481603903e-15 6.482999999999999714e-32
4.288100000000000364e+03 2.352562552658390298e-15 6.400000000000000358e-32
4.313699999999999818e+03 2.213547492728576297e-15 5.776999999999999618e-32
4.339300000000000182e+03 2.799014764356061943e-15 4.883999999999999827e-32
4.364800000000000182e+03 2.928673041405983798e-15 4.643000000000000103e-32
4.390399999999999636e+03 2.562421825821667264e-15 5.316000000000000059e-32
4.416000000000000000e+03 2.126663080272442547e-15 4.054999999999999909e-32
4.441600000000000364e+03 1.944874155748839653e-15 4.360000000000000052e-32
4.467100000000000364e+03 1.866009842904041295e-15 3.334000000000000048e-32
4.492699999999999818e+03 2.146713329300781226e-15 3.962000000000000163e-32
4.518300000000000182e+03 2.597175590804120370e-15 3.313000000000000159e-32
4.543800000000000182e+03 2.975456955805441373e-15 3.440999999999999903e-32
4.569399999999999636e+03 3.285567474110410551e-15 3.510000000000000244e-32
4.595000000000000000e+03 3.881728211886343519e-15 3.218000000000000006e-32
4.620500000000000000e+03 4.183818630579978093e-15 4.269999999999999822e-32
4.646100000000000364e+03 4.313476907629901131e-15 4.476000000000000095e-32
4.671699999999999818e+03 4.364270871835025417e-15 4.299999999999999899e-32
4.697300000000000182e+03 4.091587485049618907e-15 5.141999999999999723e-32
4.722800000000000182e+03 3.285567474110410551e-15 3.569000000000000195e-32
4.748399999999999636e+03 2.722823818048375514e-15 4.026000000000000035e-32
4.774000000000000000e+03 2.216220859265687832e-15 3.502999999999999916e-32
4.799500000000000000e+03 2.142703279495112938e-15 3.394999999999999858e-32
4.825100000000000364e+03 1.752391765076789240e-15 3.572000000000000257e-32
4.850699999999999818e+03 1.907447024229274224e-15 3.763999999999999874e-32
4.876300000000000182e+03 2.398009783789290726e-15 3.132000000000000041e-32
4.901800000000000182e+03 2.391326367446511298e-15 3.006999999999999812e-32
4.927399999999999636e+03 2.418060032817629405e-15 2.583000000000000111e-32
4.953000000000000000e+03 2.864512244515300655e-15 2.031000000000000118e-32
4.978500000000000000e+03 3.365768470223764085e-15 2.672000000000000139e-32
5.004100000000000364e+03 3.615728241443719198e-15 2.289999999999999943e-32
5.029699999999999818e+03 3.456662932485566123e-15 1.916000000000000006e-32
5.055300000000000182e+03 2.980803688879664048e-15 1.421000000000000105e-32
5.080800000000000182e+03 2.451477114531527335e-15 1.371000000000000068e-32
5.106399999999999636e+03 2.327165570555828155e-15 9.914000000000000321e-33
5.132000000000000000e+03 2.316472104407380834e-15 1.031000000000000062e-32
5.157500000000000000e+03 2.498261028930983727e-15 1.134999999999999992e-32
5.183100000000000364e+03 2.542371576793328585e-15 1.105000000000000052e-32
5.208699999999999818e+03 2.808371547235952906e-15 1.140000000000000050e-32
5.234199999999999818e+03 3.159919246866155802e-15 1.012999999999999962e-32
5.259800000000000182e+03 3.375125253103655442e-15 1.195999999999999938e-32
5.285399999999999636e+03 3.634441807203501124e-15 1.263000000000000010e-32
5.311000000000000000e+03 3.897768411109015093e-15 1.181000000000000037e-32
5.336500000000000000e+03 4.100944267929511448e-15 1.409000000000000129e-32
5.362100000000000364e+03 4.238622644590770273e-15 1.418000000000000042e-32
5.387699999999999818e+03 4.169115114625863272e-15 1.305000000000000063e-32
5.413199999999999818e+03 3.944552325508471485e-15 1.154000000000000022e-32
5.438800000000000182e+03 3.721326219659634874e-15 1.197000000000000005e-32
5.464399999999999636e+03 3.678552355065846376e-15 1.037000000000000051e-32
5.490000000000000000e+03 3.536863928598920446e-15 1.037000000000000051e-32
5.515500000000000000e+03 3.494090064005131553e-15 1.055000000000000015e-32
5.541100000000000364e+03 3.441959416531450908e-15 9.885999999999999829e-33
5.566699999999999818e+03 3.572954376849929122e-15 6.359999999999999617e-33
5.592199999999999818e+03 3.421909167503113412e-15 8.018999999999999657e-33
5.617800000000000182e+03 3.003527304445115051e-15 1.099999999999999993e-32
5.643399999999999636e+03 2.554401726210331477e-15 7.300999999999999859e-33
5.668899999999999636e+03 2.221567592339911296e-15 5.267000000000000226e-33
5.694500000000000000e+03 2.031758568204973009e-15 4.073000000000000283e-33
5.720100000000000364e+03 1.813879195430361045e-15 3.837999999999999726e-33
5.745699999999999818e+03 1.498421944051168008e-15 3.626000000000000013e-33
5.771199999999999818e+03 1.243917449718123799e-15 2.782000000000000056e-33
5.796800000000000182e+03 1.195262178742689057e-15 2.581000000000000047e-33
5.822399999999999636e+03 1.260358653921361571e-15 3.208999999999999682e-33
5.847899999999999636e+03 1.514462143273838794e-15 3.414999999999999681e-33
5.873500000000000000e+03 1.676200818769103009e-15 2.860999999999999830e-33
5.899100000000000364e+03 1.894080191543714973e-15 3.745999999999999773e-33
5.924699999999999818e+03 2.123989713735330618e-15 2.964999999999999896e-33
5.950199999999999818e+03 2.287065072499150797e-15 3.595000000000000006e-33
5.975800000000000182e+03 2.252311307516696902e-15 3.192999999999999988e-33
6.001399999999999636e+03 2.258994723859477119e-15 2.332999999999999994e-33
6.026899999999999636e+03 2.144039962763669297e-15 2.923999999999999909e-33
6.052500000000000000e+03 2.001014853028187797e-15 2.450999999999999964e-33
6.078100000000000364e+03 2.005024902833855296e-15 2.262000000000000068e-33
6.103699999999999818e+03 1.992994753416852010e-15 2.155000000000000145e-33
6.129199999999999818e+03 2.053145500501868047e-15 3.114000000000000214e-33
6.154800000000000182e+03 2.220230909071355726e-15 2.262000000000000068e-33
6.180399999999999636e+03 2.472864046828421979e-15 2.866000000000000162e-33
6.205899999999999636e+03 2.643959505203577156e-15 2.914999999999999996e-33
6.231500000000000000e+03 2.602522323878343439e-15 2.670999999999999867e-33
6.257100000000000364e+03 2.487567562782536406e-15 3.661999999999999667e-33
6.282600000000000364e+03 2.428753498966076727e-15 2.758999999999999896e-33
6.308199999999999818e+03 2.275034923082147905e-15 2.181999999999999885e-33
6.333800000000000182e+03 2.188150510626014155e-15 2.618999999999999834e-33
6.359399999999999636e+03 2.260331407128032295e-15 2.139000000000000108e-33
6.384899999999999636e+03 2.531678110644881263e-15 2.268999999999999849e-33
6.410500000000000000e+03 2.836441895875627372e-15 3.135000000000000240e-33
6.436100000000000364e+03 3.141205681106373481e-15 2.557999999999999887e-33
6.461600000000000364e+03 3.431265950383004375e-15 3.283999999999999875e-33
6.487199999999999818e+03 3.475376498245348838e-15 3.242999999999999888e-33
6.512800000000000182e+03 3.478049864782460767e-15 3.271999999999999762e-33
6.538399999999999636e+03 3.526170462450473124e-15 2.737999999999999870e-33
6.563899999999999636e+03 3.546220711478811803e-15 2.180000000000000095e-33
6.589500000000000000e+03 3.453989565948454589e-15 3.039000000000000022e-33
6.615100000000000364e+03 3.238783559710954159e-15 3.807999999999999786e-33
6.640600000000000364e+03 3.026250920010565659e-15 3.398999999999999987e-33
6.666199999999999818e+03 2.654652971352023689e-15 3.021999999999999919e-33
6.691800000000000182e+03 2.254984674053808831e-15 1.928999999999999843e-33
6.717399999999999636e+03 1.975617870925624865e-15 1.835000000000000099e-33
6.742899999999999636e+03 1.785808846790686973e-15 2.069999999999999972e-33
6.768500000000000000e+03 1.594663139387192919e-15 1.687999999999999914e-33
6.794100000000000364e+03 1.518472193079506293e-15 1.625999999999999901e-33
6.819600000000000364e+03 1.463668179068714311e-15 1.862999999999999907e-33
6.845199999999999818e+03 1.448964663114599490e-15 2.641999999999999993e-33
6.870800000000000182e+03 1.386140549492471918e-15 2.785999999999999979e-33
6.896300000000000182e+03 1.308612919916229130e-15 3.042999999999999945e-33
6.921899999999999636e+03 1.282948601159955794e-15 2.014000000000000016e-33
6.947500000000000000e+03 1.306741563340251371e-15 2.138000000000000042e-33
6.973100000000000364e+03 1.364753617195577274e-15 2.256000000000000011e-33
6.998600000000000364e+03 1.415547581400701757e-15 2.499000000000000073e-33
7.024199999999999818e+03 1.436934513697596006e-15 2.181999999999999885e-33
7.049800000000000182e+03 1.467678228874382205e-15 1.903000000000000169e-33
7.075300000000000182e+03 1.531839025765065544e-15 1.889999999999999989e-33
7.100899999999999636e+03 1.579959623433077901e-15 2.129999999999999852e-33
7.126500000000000000e+03 1.614713388415531007e-15 3.051999999999999859e-33
7.152100000000000364e+03 1.618723438221198900e-15 3.061999999999999839e-33
7.177600000000000364e+03 1.624070171295422758e-15 2.890000000000000045e-33
7.203199999999999818e+03 1.673527452231991277e-15 2.629000000000000156e-33
7.228800000000000182e+03 1.804522412550470082e-15 2.396000000000000074e-33
7.254300000000000182e+03 2.003688219565298937e-15 2.448999999999999831e-33
7.279899999999999636e+03 2.228251008682690724e-15 2.310999999999999901e-33
7.305500000000000000e+03 2.471527363559864831e-15 2.059999999999999992e-33
7.331100000000000364e+03 2.789657981476170191e-15 2.433000000000000137e-33
7.356600000000000364e+03 2.967436856194105980e-15 2.541999999999999851e-33
7.382199999999999818e+03 2.946049923897210942e-15 2.634999999999999870e-33
7.407800000000000182e+03 2.813718280310177158e-15 2.531000000000000146e-33
7.433300000000000182e+03 2.638612772129354087e-15 2.145999999999999889e-33
7.458899999999999636e+03 2.456823847605750010e-15 1.954000000000000135e-33
7.484500000000000000e+03 2.355235919195501438e-15 1.917000000000000072e-33
7.510000000000000000e+03 2.329838937092939296e-15 2.414999999999999968e-33
7.535600000000000364e+03 2.288401755767706762e-15 6.609000000000000078e-34
7.561199999999999818e+03 2.288401755767706762e-15 8.740000000000000681e-34
7.586800000000000182e+03 2.214884175997131473e-15 1.206999999999999951e-33
7.612300000000000182e+03 1.948884205554507547e-15 9.962000000000000088e-34
7.637899999999999636e+03 1.537185758839288811e-15 6.700999999999999689e-34
7.663500000000000000e+03 1.382130499686804221e-15 3.208999999999999682e-33
7.689000000000000000e+03 1.394160649103807311e-15 2.959999999999999906e-33
7.714600000000000364e+03 1.515798826542394561e-15 3.001999999999999959e-33
7.740199999999999818e+03 1.670854085694879348e-15 2.677999999999999990e-33
7.765800000000000182e+03 1.890070141738047474e-15 2.493000000000000017e-33
7.791300000000000182e+03 2.181467094283234332e-15 2.467000000000000001e-33
7.816899999999999636e+03 2.480884146439756977e-15 2.648000000000000050e-33
7.842500000000000000e+03 2.722823818048375514e-15 2.641999999999999993e-33
7.868000000000000000e+03 2.839115262412738512e-15 3.231999999999999842e-33
7.893600000000000364e+03 2.865848927783857409e-15 3.332000000000000326e-33
7.919199999999999818e+03 2.880552443737972230e-15 3.187000000000000273e-33
7.944699999999999818e+03 2.841788628949850047e-15 2.941000000000000012e-33
7.970300000000000182e+03 2.594502224267009230e-15 2.316999999999999958e-33
7.995899999999999636e+03 2.316472104407380834e-15 6.059000000000000321e-34
8.021500000000000000e+03 2.007698269370967225e-15 5.238000000000000352e-34
8.047000000000000000e+03 1.716301316825779973e-15 4.708000000000000213e-34
8.072600000000000364e+03 1.511788776736726865e-15 4.947999999999999905e-34
8.098199999999999818e+03 1.406190798520810400e-15 5.008999999999999851e-34
8.123699999999999818e+03 1.372773716806912667e-15 2.985999999999999922e-33
8.149300000000000182e+03 1.319974727698954434e-15 3.063999999999999972e-33
8.174899999999999636e+03 1.240976746527300874e-15 4.896000000000000385e-34
8.200500000000000000e+03 1.204217956642013230e-15 3.280000000000000293e-33
8.226000000000000000e+03 1.238437048317044739e-15 3.444000000000000239e-33
8.251600000000000364e+03 1.292038047386136156e-15 3.885000000000000111e-33
8.277200000000000728e+03 1.290701364117580191e-15 4.030000000000000164e-33
8.302700000000000728e+03 1.221728507460095577e-15 7.916999999999999382e-34
8.328299999999999272e+03 1.085654150721104698e-15 8.333000000000000672e-34
8.353899999999999636e+03 9.064049244077581367e-16 7.569999999999999938e-34
8.379500000000000000e+03 7.671225278242330415e-16 2.589999999999999960e-33
8.405000000000000000e+03 7.716672509373232223e-16 2.633000000000000080e-33
8.430600000000000364e+03 8.522692520312441367e-16 2.572000000000000133e-33
8.456200000000000728e+03 9.815265241005999909e-16 3.030999999999999832e-33
8.481700000000000728e+03 1.134175753369684041e-15 2.666999999999999943e-33
8.507299999999999272e+03 1.333475228711369479e-15 2.311999999999999968e-33
8.532899999999999636e+03 1.569266157284630579e-15 2.706999999999999863e-33
8.558399999999999636e+03 1.828582711384475472e-15 2.737999999999999870e-33
8.584000000000000000e+03 2.102602781438435580e-15 3.446999999999999754e-33
8.609600000000000364e+03 2.280381656156370974e-15 4.747999999999999962e-33
8.635200000000000728e+03 2.360582652269725297e-15 4.716999999999999955e-33
8.660700000000000728e+03 2.377959534760952047e-15 4.966000000000000074e-33
8.686299999999999272e+03 2.411376616474849582e-15 3.838999999999999793e-33
8.711899999999999636e+03 2.438110281845968084e-15 3.768999999999999932e-33
8.737399999999999636e+03 2.432763548771744226e-15 9.128999999999999836e-34
8.763000000000000000e+03 2.379296218029508406e-15 1.165000000000000069e-33
8.788600000000000364e+03 2.272361556545036370e-15 1.255000000000000060e-33
8.814200000000000728e+03 2.133346496615222370e-15 1.185999999999999924e-33
8.839700000000000728e+03 1.974281187657069295e-15 9.741999999999999159e-34
8.865299999999999272e+03 1.832592761190143760e-15 1.036000000000000053e-33
8.890899999999999636e+03 1.728331466242783062e-15 8.560000000000000698e-34
8.916399999999999636e+03 1.628080221101090455e-15 8.253000000000000490e-34
8.942000000000000000e+03 1.545205858450624401e-15 1.031999999999999958e-33
8.967600000000000364e+03 1.482381744828497223e-15 1.085999999999999953e-33
8.993200000000000728e+03 1.366090300464133436e-15 1.229000000000000043e-33
9.018700000000000728e+03 1.226139562246330063e-15 1.227000000000000082e-33
9.044299999999999272e+03 1.153557660763744738e-15 1.110000000000000007e-33
9.069899999999999636e+03 1.155963690647145277e-15 1.350999999999999937e-33
9.095399999999999636e+03 1.173474241465227821e-15 1.654000000000000050e-33
9.121000000000000000e+03 1.208629011428247716e-15 9.843000000000000394e-33
9.146600000000000364e+03 1.296716438826081637e-15 1.037999999999999980e-32
9.172100000000000364e+03 1.339356635093015328e-15 1.721000000000000053e-33
9.197700000000000728e+03 1.404854115252254632e-15 1.047000000000000031e-32
9.223299999999999272e+03 1.557236007867627490e-15 1.125999999999999941e-32
