3.776699999999999818e+03 1.642321868585938912e-15 1.958999999999999989e-32
3.802300000000000182e+03 1.209487717583274991e-15 1.146000000000000038e-32
3.827900000000000091e+03 7.032164098552256550e-16 1.484000000000000047e-32
3.853400000000000091e+03 7.560689090136482367e-16 8.826999999999999960e-33
3.879000000000000000e+03 9.475618585960607159e-16 7.932000000000000036e-33
3.904599999999999909e+03 1.720209762082563843e-15 4.936000000000000544e-32
3.930099999999999909e+03 2.776147061058207299e-15 5.257000000000000109e-32
3.955699999999999818e+03 3.376996525175014396e-15 4.159000000000000249e-32
3.981300000000000182e+03 3.714139835596109124e-15 4.939000000000000060e-32
4.006800000000000182e+03 4.148086670791578264e-15 4.627999999999999791e-32
4.032400000000000091e+03 4.314989299712913459e-15 3.663999999999999800e-32
4.058000000000000000e+03 3.437081471586697038e-15 3.404000000000000045e-32
4.083599999999999909e+03 3.020937583476165848e-15 2.659000000000000233e-32
4.109100000000000364e+03 2.635948852764287313e-15 2.521999999999999754e-32
4.134699999999999818e+03 2.686019641440683927e-15 1.768999999999999957e-32
4.160300000000000182e+03 2.610357116329680480e-15 2.176000000000000034e-32
4.185800000000000182e+03 2.561399011846093424e-15 1.962999999999999981e-32
4.211399999999999636e+03 2.529131170254630027e-15 1.644000000000000002e-32
4.237000000000000000e+03 2.607019063751252987e-15 1.287999999999999891e-32
4.262600000000000364e+03 2.687132325633496247e-15 1.344000000000000053e-32
4.288100000000000364e+03 2.733865061731470496e-15 1.290000000000000024e-32
4.313699999999999818e+03 2.707160641104055682e-15 1.097000000000000068e-32
4.339300000000000182e+03 2.947500426750776785e-15 9.225000000000000397e-33
4.364800000000000182e+03 2.870725217446963384e-15 1.059000000000000007e-32
4.390399999999999636e+03 2.565849748617328503e-15 9.420000000000000349e-33
4.416000000000000000e+03 2.107423861180058538e-15 8.443999999999999835e-33
4.441600000000000364e+03 1.937183179680295850e-15 7.661999999999999891e-33
4.467100000000000364e+03 2.038437441225906131e-15 8.791000000000000305e-33
4.492699999999999818e+03 2.428989592901829699e-15 7.438999999999999447e-33
4.518300000000000182e+03 2.862936428097302390e-15 8.204000000000000314e-33
4.543800000000000182e+03 3.299108631678394592e-15 7.384999999999999965e-33
4.569399999999999636e+03 3.800929202635206581e-15 7.247999999999999760e-33
4.595000000000000000e+03 4.405116719330439987e-15 8.009999999999999744e-33
4.620500000000000000e+03 4.731133187823447805e-15 7.921999999999999372e-33
4.646100000000000364e+03 4.817922554862542107e-15 8.202000000000000181e-33
4.671699999999999818e+03 4.969247605084548213e-15 7.546999999999999779e-33
4.697300000000000182e+03 4.652132610134012131e-15 6.753000000000000406e-33
4.722800000000000182e+03 3.847661938733183591e-15 6.000999999999999718e-33
4.748399999999999636e+03 3.174488002083795806e-15 5.447999999999999933e-33
4.774000000000000000e+03 2.782823166215059918e-15 5.055999999999999894e-33
4.799500000000000000e+03 2.461257434493291518e-15 5.114000000000000326e-33
4.825100000000000364e+03 2.296580173957571890e-15 5.050000000000000180e-33
4.850699999999999818e+03 2.565849748617328503e-15 4.327000000000000050e-33
4.876300000000000182e+03 2.793950008143147616e-15 4.540999999999999896e-33
4.901800000000000182e+03 2.655977168234850297e-15 4.121000000000000051e-33
4.927399999999999636e+03 2.981993636727856538e-15 3.736999999999999860e-33
4.953000000000000000e+03 3.659618310148474275e-15 5.143000000000000200e-33
4.978500000000000000e+03 4.079100250837431380e-15 5.151000000000000047e-33
5.004100000000000364e+03 3.960043042206879992e-15 3.929000000000000297e-33
5.029699999999999818e+03 3.570603574723766378e-15 2.957000000000000048e-33
5.055300000000000182e+03 2.906331111616850329e-15 2.897000000000000168e-33
5.080800000000000182e+03 2.721625535610574422e-15 3.015999999999999862e-33
5.106399999999999636e+03 2.782823166215059918e-15 2.804999999999999873e-33
5.132000000000000000e+03 2.897429638074380565e-15 3.105000000000000300e-33
5.157500000000000000e+03 2.908556480002467869e-15 2.579999999999999980e-33
5.183100000000000364e+03 3.170037265312561910e-15 2.197999999999999922e-33
5.208699999999999818e+03 3.275742263629406087e-15 2.259999999999999935e-33
5.234199999999999818e+03 3.596195311158373211e-15 2.757999999999999830e-33
5.259800000000000182e+03 4.069086093102148113e-15 3.015999999999999862e-33
5.285399999999999636e+03 4.454074823814029803e-15 2.555000000000000030e-33
5.311000000000000000e+03 4.770077134571763032e-15 3.582999999999999893e-33
5.336500000000000000e+03 4.990388604747919179e-15 2.949999999999999926e-33
5.362100000000000364e+03 5.194009812031950483e-15 4.221999999999999917e-33
5.387699999999999818e+03 5.106107760800050962e-15 3.626000000000000013e-33
5.413199999999999818e+03 4.881345553852650270e-15 2.707999999999999930e-33
5.438800000000000182e+03 4.751161503294008817e-15 3.363999999999999715e-33
5.464399999999999636e+03 4.833500133561864095e-15 3.211999999999999881e-33
5.490000000000000000e+03 4.821260607440965655e-15 3.321999999999999662e-33
5.515500000000000000e+03 4.795668871006365921e-15 2.581000000000000047e-33
5.541100000000000364e+03 4.782316660692654372e-15 2.700000000000000083e-33
5.566699999999999818e+03 4.793443502620746804e-15 3.083000000000000207e-33
5.592199999999999818e+03 4.623202821120988849e-15 4.164000000000000170e-33
5.617800000000000182e+03 4.106917355657654964e-15 5.971999999999999844e-33
5.643399999999999636e+03 3.649604152413196530e-15 1.940999999999999956e-33
5.668899999999999636e+03 3.349179420354790812e-15 1.522000000000000006e-33
5.694500000000000000e+03 3.035402477982683012e-15 1.517000000000000016e-33
5.720100000000000364e+03 2.586990748280694735e-15 1.654000000000000050e-33
5.745699999999999818e+03 2.136353650193092864e-15 1.070999999999999983e-33
5.771199999999999818e+03 1.916042180016928829e-15 1.242999999999999947e-33
5.796800000000000182e+03 2.033986704454672235e-15 1.059000000000000041e-33
5.822399999999999636e+03 2.226481069810611108e-15 1.481999999999999915e-33
5.847899999999999636e+03 2.530243854447438403e-15 1.386000000000000038e-33
5.873500000000000000e+03 2.793950008143147616e-15 1.427000000000000024e-33
5.899100000000000364e+03 3.048754688296390222e-15 1.463000000000000021e-33
5.924699999999999818e+03 3.227896843338627012e-15 1.320999999999999997e-33
5.950199999999999818e+03 3.340277946812323020e-15 1.640000000000000147e-33
5.975800000000000182e+03 3.371433104210969758e-15 1.427000000000000024e-33
6.001399999999999636e+03 3.373658472596590453e-15 1.448000000000000051e-33
6.026899999999999636e+03 3.126642581793013576e-15 1.219000000000000063e-33
6.052500000000000000e+03 2.975317531571001158e-15 1.327999999999999948e-33
6.078100000000000364e+03 2.921908690316175473e-15 8.608000000000000123e-34
6.103699999999999818e+03 2.899655006459998105e-15 8.813999999999999438e-34
6.129199999999999818e+03 2.934148216437071547e-15 1.095999999999999933e-33
6.154800000000000182e+03 3.178938738855036012e-15 9.920000000000000377e-34
6.180399999999999636e+03 3.429292682237033678e-15 1.283999999999999934e-33
6.205899999999999636e+03 3.464898576406914706e-15 2.291999999999999922e-34
6.231500000000000000e+03 3.309122789413669182e-15 1.916000000000000006e-34
6.257100000000000364e+03 3.165586528541322097e-15 1.193999999999999942e-33
6.282600000000000364e+03 3.024275636054592947e-15 1.129000000000000072e-33
6.308199999999999818e+03 2.927472111280220111e-15 1.276999999999999982e-33
6.333800000000000182e+03 2.966416058028528238e-15 1.123000000000000016e-33
6.359399999999999636e+03 3.215657317217724628e-15 9.554000000000000698e-34
6.384899999999999636e+03 3.573941627302193871e-15 1.118000000000000026e-33
6.410500000000000000e+03 3.972282568327777644e-15 1.087000000000000019e-33
6.436100000000000364e+03 4.321665404869771600e-15 1.353999999999999965e-33
6.461600000000000364e+03 4.540864190853125683e-15 1.304000000000000065e-33
6.487199999999999818e+03 4.625428189506597711e-15 1.435000000000000043e-33
6.512800000000000182e+03 4.666597504640525745e-15 1.769999999999999887e-33
6.538399999999999636e+03 4.705541451388840183e-15 1.702000000000000160e-33
6.563899999999999636e+03 4.752274187486817193e-15 2.280999999999999961e-33
6.589500000000000000e+03 4.624315505313790914e-15 2.844000000000000069e-33
6.615100000000000364e+03 4.387313772245500459e-15 9.125999999999999978e-34
6.640600000000000364e+03 4.109142724043278026e-15 5.335000000000000295e-34
6.666199999999999818e+03 3.707463730439262816e-15 2.682999999999999980e-34
6.691800000000000182e+03 3.295770579099966705e-15 7.592000000000000031e-34
6.717399999999999636e+03 2.990895110270326302e-15 7.564999999999999606e-34
6.742899999999999636e+03 2.830668586505844515e-15 8.287999999999999394e-34
6.768500000000000000e+03 2.682681588862261957e-15 9.029000000000000035e-34
6.794100000000000364e+03 2.526905801869014854e-15 1.521000000000000068e-34
6.819600000000000364e+03 2.500201381241599645e-15 1.293000000000000018e-34
6.845199999999999818e+03 2.487961855120705149e-15 1.446000000000000004e-34
6.870800000000000182e+03 2.507990170591263401e-15 1.821999999999999920e-34
6.896300000000000182e+03 2.512440907362498085e-15 1.535999999999999995e-34
6.921899999999999636e+03 2.466820855457336156e-15 9.156999999999999643e-34
6.947500000000000000e+03 2.418975435166549982e-15 7.518000000000000418e-34
6.973100000000000364e+03 2.373355383261384108e-15 7.083999999999999985e-34
6.998600000000000364e+03 2.349989015212399153e-15 9.694999999999999544e-35
7.024199999999999818e+03 2.377806120032621948e-15 1.092999999999999990e-34
7.049800000000000182e+03 2.426764224516212948e-15 1.270999999999999925e-34
7.075300000000000182e+03 2.483511118349467309e-15 1.205000000000000074e-34
7.100899999999999636e+03 2.533581907025869840e-15 1.002999999999999999e-34
7.126500000000000000e+03 2.507990170591263401e-15 1.125000000000000106e-34
7.152100000000000364e+03 2.406735909045655091e-15 1.130000000000000010e-34
7.177600000000000364e+03 2.360003172947676504e-15 1.136999999999999962e-34
7.203199999999999818e+03 2.441229119022730506e-15 1.549000000000000089e-34
7.228800000000000182e+03 2.640399589535522787e-15 8.073000000000000507e-34
7.254300000000000182e+03 2.831781270698655651e-15 8.171999999999999215e-34
7.279899999999999636e+03 3.072121056345376360e-15 9.613999999999999551e-34
7.305500000000000000e+03 3.401475577416813249e-15 1.031000000000000062e-33
7.331100000000000364e+03 3.682984678197464357e-15 8.469999999999999851e-34
7.356600000000000364e+03 3.878817096131826779e-15 1.967999999999999953e-34
7.382199999999999818e+03 3.893281990638343548e-15 1.649000000000000103e-34
7.407800000000000182e+03 3.748633045573183749e-15 2.071999999999999848e-34
7.433300000000000182e+03 3.569490890530958002e-15 1.592000000000000037e-34
7.458899999999999636e+03 3.471574681563768114e-15 1.830999999999999919e-34
7.484500000000000000e+03 3.423729261272990617e-15 1.754000000000000022e-34
7.510000000000000000e+03 3.360306262282884821e-15 1.746000000000000046e-34
7.535600000000000364e+03 3.237911001073906335e-15 1.429000000000000029e-34
7.561199999999999818e+03 2.956401900293250099e-15 1.737000000000000047e-34
7.586800000000000182e+03 2.817316376192138882e-15 1.493000000000000047e-34
7.612300000000000182e+03 2.510215538976878574e-15 1.488999999999999952e-34
7.637899999999999636e+03 2.287678700415099365e-15 9.912000000000000188e-34
7.663500000000000000e+03 2.265425016558923969e-15 1.100000000000000027e-33
7.689000000000000000e+03 2.281002595258248324e-15 1.144000000000000042e-33
7.714600000000000364e+03 2.358890488754872861e-15 2.041999999999999994e-34
7.740199999999999818e+03 2.559173643460474307e-15 1.031000000000000062e-33
7.765800000000000182e+03 2.875175954218198463e-15 9.377999999999999954e-34
7.791300000000000182e+03 3.252375895580420343e-15 1.013999999999999960e-33
7.816899999999999636e+03 3.669632467883752809e-15 1.956000000000000097e-34
7.842500000000000000e+03 3.968944515749357251e-15 2.471999999999999905e-34
7.868000000000000000e+03 4.154762775948432461e-15 2.147000000000000126e-34
7.893600000000000364e+03 4.294960984242361914e-15 2.107999999999999845e-34
7.919199999999999818e+03 4.425145034801000210e-15 2.570999999999999896e-34
7.944699999999999818e+03 4.460750928970884000e-15 2.478000000000000047e-34
7.970300000000000182e+03 4.264918511036512112e-15 2.410000000000000149e-34
7.995899999999999636e+03 3.816506781334526203e-15 1.805999999999999969e-34
8.021500000000000000e+03 3.331376473269852072e-15 1.566000000000000063e-34
8.047000000000000000e+03 2.934148216437071547e-15 1.100999999999999965e-34
8.072600000000000364e+03 2.670442062741363911e-15 1.304000000000000065e-34
8.098199999999999818e+03 2.490187223506320717e-15 1.196000000000000075e-34
8.123699999999999818e+03 2.357777804562064091e-15 1.395000000000000080e-34
8.149300000000000182e+03 2.264312332366113227e-15 1.375000000000000034e-34
8.174899999999999636e+03 2.168621491784546795e-15 1.240000000000000047e-34
8.200500000000000000e+03 2.082944808938264024e-15 1.345999999999999989e-34
8.226000000000000000e+03 2.054015019925230881e-15 1.306999999999999922e-34
8.251600000000000364e+03 2.022859862526581382e-15 1.847999999999999894e-34
8.277200000000000728e+03 1.901577285510408905e-15 2.170000000000000029e-34
8.302700000000000728e+03 1.673477025984587228e-15 2.480000000000000094e-34
8.328299999999999272e+03 1.419785030024159309e-15 2.224999999999999834e-34
8.353899999999999636e+03 1.246206295945969523e-15 2.327000000000000109e-34
8.379500000000000000e+03 1.228403348861027036e-15 9.593999999999999933e-34
8.405000000000000000e+03 1.339671768141916443e-15 2.098999999999999846e-34
8.430600000000000364e+03 1.485433397399882448e-15 1.566000000000000063e-34
8.456200000000000728e+03 1.652336026321219418e-15 1.541999999999999923e-34
8.481700000000000728e+03 1.862633338762100778e-15 1.268000000000000068e-34
8.507299999999999272e+03 2.130790229229043493e-15 1.116000000000000107e-34
8.532899999999999636e+03 2.492412591891939045e-15 1.505999999999999927e-34
8.558399999999999636e+03 2.906331111616850329e-15 2.224999999999999834e-34
8.584000000000000000e+03 3.225671474953009078e-15 2.756000000000000210e-34
8.609600000000000364e+03 3.391461419681532743e-15 3.618999999999999890e-34
8.635200000000000728e+03 3.489377628648708431e-15 3.123000000000000128e-34
8.660700000000000728e+03 3.615110942436121904e-15 2.221999999999999977e-34
8.686299999999999272e+03 3.748633045573183749e-15 1.796999999999999970e-34
8.711899999999999636e+03 3.825408254877001094e-15 2.293000000000000160e-34
8.737399999999999636e+03 3.767548676850939542e-15 4.864999999999999865e-34
8.763000000000000000e+03 3.651829520798811703e-15 7.471999999999999757e-34
8.788600000000000364e+03 3.521645470240169856e-15 8.237999999999999494e-34
8.814200000000000728e+03 3.351404788740410718e-15 7.280999999999999728e-34
8.839700000000000728e+03 3.128867950178629537e-15 5.735000000000000352e-34
8.865299999999999272e+03 2.904105743231233184e-15 4.701999999999999643e-34
8.890899999999999636e+03 2.660427905006081038e-15 3.051999999999999944e-34
8.916399999999999636e+03 2.474609644806997150e-15 2.579999999999999895e-34
8.942000000000000000e+03 2.326622647163412226e-15 2.433999999999999861e-34
8.967600000000000364e+03 2.248734753666787294e-15 1.920999999999999910e-34
8.993200000000000728e+03 2.046226230575568703e-15 1.450999999999999908e-34
9.018700000000000728e+03 1.857069917798054562e-15 1.430000000000000053e-34
9.044299999999999272e+03 1.734674656589076865e-15 1.397999999999999937e-34
9.069899999999999636e+03 1.666800920827735398e-15 1.911000000000000101e-34
9.095399999999999636e+03 1.650110657935598131e-15 1.603999999999999893e-34
9.121000000000000000e+03 1.723547814660987195e-15 1.983999999999999904e-34
9.146600000000000364e+03 1.841492339098732179e-15 2.476000000000000000e-34
9.172100000000000364e+03 1.959436863536477163e-15 2.059000000000000182e-34
9.197700000000000728e+03 2.098522387637586801e-15 1.931000000000000147e-34
9.223299999999999272e+03 2.240945964317127088e-15 2.806000000000000111e-34
