3.776699999999999818e+03 9.344248649045320709e-16 1.262000000000000080e-32
3.802300000000000182e+03 8.150301040483298727e-16 1.185999999999999958e-32
3.827900000000000091e+03 7.767093903843035145e-16 8.944000000000000205e-33
3.853400000000000091e+03 6.711844400706771858e-16 6.361000000000000368e-33
3.879000000000000000e+03 5.243360336044259561e-16 5.764999999999999779e-33
3.904599999999999909e+03 7.276645964038519720e-16 4.839999999999999915e-33
3.930099999999999909e+03 7.894352990264616521e-16 5.076999999999999921e-33
3.955699999999999818e+03 1.143186961730946504e-15 3.984999999999999912e-33
3.981300000000000182e+03 1.377829839054335611e-15 4.334999999999999897e-33
4.006800000000000182e+03 1.549987075067349889e-15 3.209999999999999749e-33
4.032400000000000091e+03 1.547127320316304278e-15 3.073999999999999952e-33
4.058000000000000000e+03 1.511380385928219936e-15 3.479999999999999894e-33
4.083599999999999909e+03 1.232983260913816053e-15 2.706999999999999863e-33
4.109100000000000364e+03 1.056107429561573775e-15 2.246000000000000031e-33
4.134699999999999818e+03 9.550150991120691897e-16 2.009000000000000026e-33
4.160300000000000182e+03 1.040521766168368153e-15 1.523999999999999968e-33
4.185800000000000182e+03 1.023220249924534059e-15 1.227000000000000082e-33
4.211399999999999636e+03 1.045097373770041249e-15 1.199999999999999999e-33
4.237000000000000000e+03 1.013354096033423801e-15 1.198999999999999932e-33
4.262600000000000364e+03 1.108726916980833614e-15 1.209999999999999979e-33
4.288100000000000364e+03 1.161775367612752049e-15 1.456000000000000069e-33
4.313699999999999818e+03 1.210677173855650069e-15 9.878000000000000666e-34
4.339300000000000182e+03 1.275450618966860165e-15 9.483999999999999469e-34
4.364800000000000182e+03 1.403853607288862035e-15 1.312999999999999978e-33
4.390399999999999636e+03 1.323637486521998458e-15 1.000999999999999951e-33
4.416000000000000000e+03 1.164206159151140247e-15 1.013999999999999960e-33
4.441600000000000364e+03 1.008635500694196590e-15 9.663999999999999452e-34
4.467100000000000364e+03 9.042544522809889788e-16 8.225000000000000683e-34
4.492699999999999818e+03 1.002630015716998518e-15 9.599000000000000266e-34
4.518300000000000182e+03 1.111300696256775729e-15 9.968999999999999185e-34
4.543800000000000182e+03 1.272733851953366105e-15 9.419999999999999665e-34
4.569399999999999636e+03 1.494221857421937788e-15 6.718999999999999687e-34
4.595000000000000000e+03 1.681535793615503035e-15 7.659999999999999929e-34
4.620500000000000000e+03 1.714422973252539399e-15 2.691000000000000169e-33
4.646100000000000364e+03 1.718712605379110577e-15 3.283999999999999875e-33
4.671699999999999818e+03 1.702983954248353207e-15 7.029999999999999990e-34
4.697300000000000182e+03 1.475633451540133820e-15 2.479999999999999838e-33
4.722800000000000182e+03 1.240275635528985380e-15 4.626000000000000411e-34
4.748399999999999636e+03 9.963385552646959642e-16 5.883999999999999815e-34
4.774000000000000000e+03 8.945312861274296797e-16 4.913000000000000146e-34
4.799500000000000000e+03 8.210355890255287332e-16 5.220000000000000354e-34
4.825100000000000364e+03 7.109350311102276316e-16 4.293000000000000015e-34
4.850699999999999818e+03 8.058788888449807214e-16 3.858999999999999582e-34
4.876300000000000182e+03 9.756053333196067029e-16 3.600000000000000082e-34
4.901800000000000182e+03 9.754623455820545604e-16 3.380000000000000008e-34
4.927399999999999636e+03 9.575888783880113049e-16 1.616999999999999987e-33
4.953000000000000000e+03 1.129603126663475215e-15 3.874999999999999960e-34
4.978500000000000000e+03 1.315773160956619773e-15 3.198999999999999788e-34
5.004100000000000364e+03 1.390412759958939733e-15 5.187000000000000214e-34
5.029699999999999818e+03 1.429591400048280426e-15 4.138999999999999878e-33
5.055300000000000182e+03 1.207531443629499186e-15 2.970999999999999952e-34
5.080800000000000182e+03 9.930498373009921503e-16 2.804000000000000063e-34
5.106399999999999636e+03 9.368556564429218463e-16 1.242000000000000052e-33
5.132000000000000000e+03 9.249876742260778457e-16 1.237999999999999957e-33
5.157500000000000000e+03 1.086992780872878763e-15 2.291999999999999922e-34
5.183100000000000364e+03 1.265584465075748132e-15 3.258000000000000115e-34
5.208699999999999818e+03 1.455615168282808624e-15 3.445000000000000049e-34
5.234199999999999818e+03 1.498511489548507783e-15 2.485999999999999809e-34
5.259800000000000182e+03 1.531398669185547499e-15 3.580999999999999846e-34
5.285399999999999636e+03 1.610041924839332183e-15 3.254999999999999830e-34
5.311000000000000000e+03 1.644358981851894705e-15 1.216000000000000035e-33
5.336500000000000000e+03 1.711563218501493196e-15 3.566999999999999942e-34
5.362100000000000364e+03 1.685825425742073227e-15 2.860999999999999915e-34
5.387699999999999818e+03 1.581444377328864631e-15 3.823000000000000013e-34
5.413199999999999818e+03 1.413147810229761751e-15 1.399000000000000046e-33
5.438800000000000182e+03 1.309481700504317022e-15 1.183999999999999962e-33
5.464399999999999636e+03 1.233412224126474256e-15 3.317999999999999824e-34
5.490000000000000000e+03 1.109727831143699203e-15 1.116000000000000064e-33
5.515500000000000000e+03 1.027795857526210508e-15 1.203999999999999922e-33
5.541100000000000364e+03 1.028224820738868119e-15 1.136999999999999919e-33
5.566699999999999818e+03 1.080701320420575026e-15 1.976999999999999953e-34
5.592199999999999818e+03 9.984833713279802713e-16 3.415000000000000195e-34
5.617800000000000182e+03 8.164599814238537631e-16 1.443000000000000061e-33
5.643399999999999636e+03 6.729002929213049667e-16 7.153000000000000120e-34
5.668899999999999636e+03 5.925411844168914172e-16 1.765000000000000068e-34
5.694500000000000000e+03 5.819600918380183755e-16 8.887000000000000524e-34
5.720100000000000364e+03 4.928787313429112148e-16 8.463000000000000755e-34
5.745699999999999818e+03 3.683364119348241946e-16 6.776999999999999776e-34
5.771199999999999818e+03 3.161458877282209808e-16 1.369999999999999916e-34
5.796800000000000182e+03 3.147160103526971397e-16 1.833999999999999990e-34
5.822399999999999636e+03 3.471742267770781113e-16 1.623999999999999939e-34
5.847899999999999636e+03 4.253885192182074523e-16 6.743999999999999637e-34
5.873500000000000000e+03 5.240500581293203891e-16 3.332000000000000155e-34
5.899100000000000364e+03 6.128454431493235607e-16 2.140000000000000175e-34
5.924699999999999818e+03 7.076463131465239164e-16 1.743000000000000146e-33
5.950199999999999818e+03 7.431072720595032827e-16 1.041999999999999938e-33
5.975800000000000182e+03 7.303813634173457367e-16 3.256000000000000067e-34
6.001399999999999636e+03 6.779048637356377449e-16 1.874000000000000081e-34
6.026899999999999636e+03 6.255713517914814025e-16 5.893000000000000242e-34
6.052500000000000000e+03 5.932561231046523270e-16 7.031999999999999609e-34
6.078100000000000364e+03 5.653735142819469665e-16 1.822999999999999944e-34
6.103699999999999818e+03 6.019783750953452479e-16 1.592000000000000037e-34
6.129199999999999818e+03 6.683246853196303911e-16 1.625999999999999986e-34
6.154800000000000182e+03 7.541173278510337380e-16 6.724000000000000019e-34
6.180399999999999636e+03 8.271840617402791445e-16 1.408999999999999983e-34
6.205899999999999636e+03 8.596422781646594751e-16 4.809000000000000251e-34
6.231500000000000000e+03 9.374276073931315997e-16 6.102000000000000269e-34
6.257100000000000364e+03 9.605916208766106365e-16 1.406999999999999936e-34
6.282600000000000364e+03 1.032800428340542596e-15 6.184000000000000071e-34
6.308199999999999818e+03 1.040807741643474016e-15 6.174999999999999644e-34
6.333800000000000182e+03 1.029225734901733117e-15 7.132999999999999647e-34
6.359399999999999636e+03 9.869013645862411474e-16 6.030999999999999658e-34
6.384899999999999636e+03 1.031799514177675035e-15 5.432000000000000238e-34
6.410500000000000000e+03 1.099432714039931729e-15 5.011999999999999708e-34
6.436100000000000364e+03 1.120165935985020595e-15 5.965999999999999617e-34
6.461600000000000364e+03 1.197236326525730923e-15 4.780999999999999588e-34
6.487199999999999818e+03 1.211821075756069378e-15 4.752000000000000399e-34
6.512800000000000182e+03 1.242849414804927298e-15 3.454000000000000048e-34
6.538399999999999636e+03 1.284029883220001338e-15 4.968000000000000378e-34
6.563899999999999636e+03 1.286174699283286237e-15 1.227999999999999977e-34
6.589500000000000000e+03 1.235986003402413610e-15 1.808000000000000016e-34
6.615100000000000364e+03 1.107583015080414896e-15 1.580999999999999991e-34
6.640600000000000364e+03 9.488666263973197644e-16 1.302000000000000017e-34
6.666199999999999818e+03 7.508286098873298255e-16 8.997999999999999729e-35
6.691800000000000182e+03 6.147042837375044703e-16 2.260000000000000020e-34
6.717399999999999636e+03 5.243360336044259561e-16 5.836999999999999558e-35
6.742899999999999636e+03 4.425470477244877273e-16 5.968999999999999902e-35
6.768500000000000000e+03 4.040833463229091772e-16 2.451000000000000050e-34
6.794100000000000364e+03 3.860668913913142722e-16 6.629999999999999719e-35
6.819600000000000364e+03 3.744848846495746552e-16 4.822000000000000131e-35
6.845199999999999818e+03 3.684793996723766329e-16 6.031999999999999896e-35
6.870800000000000182e+03 3.816342715271913460e-16 2.741999999999999879e-34
6.896300000000000182e+03 3.570403806681894050e-16 6.458999999999999736e-35
6.921899999999999636e+03 3.700522647854524686e-16 2.572000000000000133e-34
6.947500000000000000e+03 3.915004254183029848e-16 5.851999999999999913e-35
6.973100000000000364e+03 3.803473818892206829e-16 5.238999999999999734e-35
6.998600000000000364e+03 4.026534689473855826e-16 4.012000000000000208e-35
7.024199999999999818e+03 4.305360777700914362e-16 4.860999999999999771e-35
7.049800000000000182e+03 4.717165461851647370e-16 2.030000000000000138e-34
7.075300000000000182e+03 4.904479398045210449e-16 4.832999999999999536e-35
7.100899999999999636e+03 5.053186645099652646e-16 2.014999999999999996e-34
7.126500000000000000e+03 5.186165241023321695e-16 4.374000000000000114e-35
7.152100000000000364e+03 5.286256657309960495e-16 4.135000000000000018e-35
7.177600000000000364e+03 5.515037037393701110e-16 5.381000000000000315e-35
7.203199999999999818e+03 6.258573272665853917e-16 6.313000000000000344e-35
7.228800000000000182e+03 6.889149195271678057e-16 5.985000000000000494e-35
7.254300000000000182e+03 7.655563468552216069e-16 3.173000000000000028e-34
7.279899999999999636e+03 8.783736717840157829e-16 3.262000000000000209e-34
7.305500000000000000e+03 1.014640985671394267e-15 2.590999999999999941e-34
7.331100000000000364e+03 1.095429057388465624e-15 2.757999999999999830e-34
7.356600000000000364e+03 1.111300696256775729e-15 7.857000000000000314e-35
7.382199999999999818e+03 1.056393405036677863e-15 6.791999999999999704e-35
7.407800000000000182e+03 9.634513756276588116e-16 2.882000000000000198e-34
7.433300000000000182e+03 8.733691009696841881e-16 2.521999999999999805e-34
7.458899999999999636e+03 8.138862021479113521e-16 2.325999999999999872e-34
7.484500000000000000e+03 7.475398919236264061e-16 4.275999999999999827e-35
7.510000000000000000e+03 7.069313744587619219e-16 5.399000000000000313e-35
7.535600000000000364e+03 6.593164578538340726e-16 5.932999999999999905e-35
7.561199999999999818e+03 6.045521543712869687e-16 6.228999999999999639e-35
7.586800000000000182e+03 5.343451752330897374e-16 7.976999999999999946e-35
7.612300000000000182e+03 4.701436810720897888e-16 6.800000000000000535e-35
7.637899999999999636e+03 4.449778392628779958e-16 7.059000000000000034e-35
7.663500000000000000e+03 4.654250857328623804e-16 9.773000000000000962e-35
7.689000000000000000e+03 5.093223211614297910e-16 9.672000000000000496e-35
7.714600000000000364e+03 5.780994229241044139e-16 4.468999999999999903e-34
7.740199999999999818e+03 6.916316865406621621e-16 2.718000000000000166e-34
7.765800000000000182e+03 8.228944296137082622e-16 2.658999999999999840e-34
7.791300000000000182e+03 9.378565706057884217e-16 2.525000000000000090e-34
7.816899999999999636e+03 1.034659268928722421e-15 7.293000000000000012e-35
7.842500000000000000e+03 1.069405289153940779e-15 8.604000000000000242e-35
7.868000000000000000e+03 1.000771175128818693e-15 9.481000000000000039e-35
7.893600000000000364e+03 9.055413419189596420e-16 4.526999999999999993e-34
7.919199999999999818e+03 8.037340727816956254e-16 4.561000000000000370e-34
7.944699999999999818e+03 7.392466031455902085e-16 8.623000000000000478e-35
7.970300000000000182e+03 6.597454210664905002e-16 9.401000000000000285e-35
7.995899999999999636e+03 5.678043058203361503e-16 7.998999999999999825e-35
8.021500000000000000e+03 4.851573935150847706e-16 4.846999999999999653e-35
8.047000000000000000e+03 4.190970587659045041e-16 5.603999999999999818e-35
8.072600000000000364e+03 4.072290765490604541e-16 5.632000000000000053e-35
8.098199999999999818e+03 3.736269582242605182e-16 5.746000000000000398e-35
8.123699999999999818e+03 3.671925100344056246e-16 4.118999999999999961e-35
8.149300000000000182e+03 3.576123316183989118e-16 7.336999999999999770e-35
8.174899999999999636e+03 3.616159882698644243e-16 7.362999999999999530e-35
8.200500000000000000e+03 3.829211611651630446e-16 3.773000000000000113e-34
8.226000000000000000e+03 3.956470698073205906e-16 3.040999999999999898e-34
8.251600000000000364e+03 4.249595560055502359e-16 7.681000000000000212e-35
8.277200000000000728e+03 4.461217411632959248e-16 1.323000000000000087e-34
8.302700000000000728e+03 4.116616964131829365e-16 1.945999999999999861e-34
8.328299999999999272e+03 3.404538031121179466e-16 1.013000000000000064e-33
8.353899999999999636e+03 2.946977270953696264e-16 9.389999999999999383e-34
8.379500000000000000e+03 2.884062666430669740e-16 7.690999999999999594e-34
8.405000000000000000e+03 3.415977050125369603e-16 1.495000000000000094e-34
8.430600000000000364e+03 4.173812059152765259e-16 1.110999999999999988e-34
8.456200000000000728e+03 5.043177503470982948e-16 3.182000000000000027e-34
8.481700000000000728e+03 6.308618980809186629e-16 3.667000000000000170e-34
8.507299999999999272e+03 7.779962800222738818e-16 8.511999999999999776e-35
8.532899999999999636e+03 9.462928471213768604e-16 8.853999999999999743e-35
8.558399999999999636e+03 1.133606783314940333e-15 3.022000000000000090e-34
8.584000000000000000e+03 1.317060050594590042e-15 4.951999999999999999e-34
8.609600000000000364e+03 1.363674053036652597e-15 5.293999999999999966e-34
8.635200000000000728e+03 1.376399961678811622e-15 1.342999999999999918e-34
8.660700000000000728e+03 1.382262458918458340e-15 5.119999999999999698e-34
8.686299999999999272e+03 1.396418244936138791e-15 3.550999999999999991e-34
8.711899999999999636e+03 1.384121299506636588e-15 5.112999999999999746e-34
8.737399999999999636e+03 1.364960942674623261e-15 1.610999999999999931e-33
8.763000000000000000e+03 1.299758534350760089e-15 2.993000000000000045e-33
8.788600000000000364e+03 1.188085111322381180e-15 3.312999999999999748e-33
8.814200000000000728e+03 1.048243103996193118e-15 2.989999999999999846e-33
8.839700000000000728e+03 8.849511077114233120e-16 4.846999999999999867e-34
8.865299999999999272e+03 7.718478073075238649e-16 4.261000000000000113e-34
8.890899999999999636e+03 6.803356552740267315e-16 7.793000000000000724e-34
8.916399999999999636e+03 6.025503260455548041e-16 5.030999999999999944e-34
8.942000000000000000e+03 5.454982187621711519e-16 1.860999999999999987e-34
8.967600000000000364e+03 4.981692776323479821e-16 1.205000000000000074e-34
8.993200000000000728e+03 4.568458214797215034e-16 5.411000000000000383e-34
9.018700000000000728e+03 4.118046841507349311e-16 4.060000000000000275e-34
9.044299999999999272e+03 3.897845725676748094e-16 3.818999999999999918e-34
9.069899999999999636e+03 3.854949404411048147e-16 7.717000000000000209e-35
9.095399999999999636e+03 4.042263340604615169e-16 7.559000000000000105e-35
9.121000000000000000e+03 4.132345615262585750e-16 3.701999999999999929e-34
9.146600000000000364e+03 4.246735805304456550e-16 3.712999999999999976e-34
9.172100000000000364e+03 4.552729563666461607e-16 3.667999999999999980e-34
9.197700000000000728e+03 5.161857325639427885e-16 9.508000000000000037e-35
9.223299999999999272e+03 6.026933137831066508e-16 1.842999999999999989e-34
