3.776699999999999818e+03 4.437781093287491642e-16 6.759000000000000420e-35
3.802300000000000182e+03 4.371350258141887616e-16 3.062999999999999884e-35
3.827900000000000091e+03 5.111148194990678588e-16 8.726999999999999518e-36
3.853400000000000091e+03 3.961693441410657698e-16 2.177999999999999991e-36
3.879000000000000000e+03 3.335633146553586862e-16 2.543999999999999911e-37
3.904599999999999909e+03 4.503205400627862186e-16 6.152000000000000169e-33
3.930099999999999909e+03 5.873089743554666793e-16 4.955000000000000028e-33
3.955699999999999818e+03 7.443273119723523367e-16 5.378000000000000072e-33
3.981300000000000182e+03 9.837802768381038247e-16 2.957000000000000048e-32
4.006800000000000182e+03 1.108187113565328544e-15 1.986000000000000003e-32
4.032400000000000091e+03 1.076984751602997241e-15 2.168999999999999980e-32
4.058000000000000000e+03 1.111206696981037764e-15 5.546999999999999667e-33
4.083599999999999909e+03 9.433178590675978693e-16 1.423999999999999894e-32
4.109100000000000364e+03 7.997869940408812910e-16 4.672999999999999770e-33
4.134699999999999818e+03 6.620939902845346816e-16 1.066000000000000061e-32
4.160300000000000182e+03 7.206739085492959576e-16 1.099000000000000064e-32
4.185800000000000182e+03 7.874067020364721475e-16 5.471000000000000092e-34
4.211399999999999636e+03 7.063812137149376282e-16 4.432999999999999907e-34
4.237000000000000000e+03 6.666233654080990048e-16 6.676999999999999463e-33
4.262600000000000364e+03 8.417592035192409689e-16 8.100000000000000248e-33
4.288100000000000364e+03 8.669223986501520567e-16 7.710999999999999725e-33
4.313699999999999818e+03 9.364734699919908691e-16 2.395000000000000007e-33
4.339300000000000182e+03 9.481491925327327793e-16 6.250999999999999903e-33
4.364800000000000182e+03 1.092082668681544722e-15 2.215000000000000025e-33
4.390399999999999636e+03 9.517726926315839617e-16 5.511000000000000012e-33
4.416000000000000000e+03 9.337558449178515455e-16 7.621999999999999971e-33
4.441600000000000364e+03 8.233397446834144699e-16 6.981000000000000498e-33
4.467100000000000364e+03 7.507690899258657472e-16 5.641999999999999819e-33
4.492699999999999818e+03 7.107092832774556496e-16 5.198999999999999814e-33
4.518300000000000182e+03 8.770883294830398499e-16 5.361000000000000312e-33
4.543800000000000182e+03 9.915305409384242614e-16 4.729000000000000068e-33
4.569399999999999636e+03 1.077991279408235160e-15 4.761000000000000141e-33
4.595000000000000000e+03 1.264198923376976776e-15 4.976000000000000054e-33
4.620500000000000000e+03 1.299427396560253246e-15 4.896000000000000214e-33
4.646100000000000364e+03 1.246081422882721258e-15 4.328000000000000116e-33
4.671699999999999818e+03 1.231990033609411301e-15 4.588999999999999664e-33
4.697300000000000182e+03 9.970664438672256158e-16 4.070000000000000084e-33
4.722800000000000182e+03 7.726107432994965351e-16 3.592999999999999873e-33
4.748399999999999636e+03 6.819225880476929849e-16 3.169999999999999828e-33
4.774000000000000000e+03 5.707012655690655743e-16 3.417999999999999881e-33
4.799500000000000000e+03 5.352714868247422112e-16 3.693999999999999740e-33
4.825100000000000364e+03 5.080952360833581457e-16 2.123000000000000072e-33
4.850699999999999818e+03 5.353721396052655101e-16 2.922000000000000118e-33
4.876300000000000182e+03 6.664220598470513225e-16 2.543999999999999984e-33
4.901800000000000182e+03 6.637044347729128863e-16 2.241000000000000041e-33
4.927399999999999636e+03 6.972218106872871621e-16 2.268000000000000124e-33
4.953000000000000000e+03 8.255541058549336509e-16 2.376999999999999838e-33
4.978500000000000000e+03 9.418080673597446398e-16 2.313000000000000034e-33
5.004100000000000364e+03 1.037730167198776197e-15 2.443000000000000117e-33
5.029699999999999818e+03 1.002602346796024406e-15 2.175000000000000105e-33
5.055300000000000182e+03 9.069822052985631404e-16 2.340000000000000117e-33
5.080800000000000182e+03 7.415090341176907990e-16 2.146999999999999955e-33
5.106399999999999636e+03 6.422653925213765756e-16 1.680000000000000067e-33
5.132000000000000000e+03 7.327522422121330352e-16 1.603000000000000084e-33
5.157500000000000000e+03 7.954589244783637627e-16 2.097000000000000055e-33
5.183100000000000364e+03 9.995827633803147919e-16 1.997999999999999979e-33
5.208699999999999818e+03 1.176631004321405843e-15 1.738000000000000156e-33
5.234199999999999818e+03 1.158513503827150917e-15 2.009000000000000026e-33
5.259800000000000182e+03 1.188709337984243513e-15 1.801999999999999960e-33
5.285399999999999636e+03 1.261179339961267162e-15 1.995999999999999846e-33
5.311000000000000000e+03 1.246081422882721258e-15 1.821999999999999920e-33
5.336500000000000000e+03 1.296407813144543828e-15 1.723999999999999910e-33
5.362100000000000364e+03 1.252120589714141276e-15 2.047000000000000155e-33
5.387699999999999818e+03 1.161533087242860532e-15 1.728999999999999900e-33
5.413199999999999818e+03 1.015586555483575315e-15 1.777000000000000010e-33
5.438800000000000182e+03 9.310382198437128135e-16 1.252999999999999927e-33
5.464399999999999636e+03 8.334050227357778795e-16 1.533999999999999948e-33
5.490000000000000000e+03 7.289274365522347620e-16 1.307999999999999988e-33
5.515500000000000000e+03 6.402523369109038937e-16 1.327999999999999948e-33
5.541100000000000364e+03 7.373822701162203614e-16 1.633000000000000024e-33
5.566699999999999818e+03 7.730133544215912096e-16 1.530999999999999919e-33
5.592199999999999818e+03 6.745749350694671239e-16 1.808000000000000016e-33
5.617800000000000182e+03 5.430217509250627466e-16 2.582999999999999837e-33
5.643399999999999636e+03 4.419663592793237702e-16 1.010000000000000036e-33
5.668899999999999636e+03 3.878151633576030255e-16 9.994000000000000845e-34
5.694500000000000000e+03 3.792596770130933878e-16 8.284999999999999537e-34
5.720100000000000364e+03 3.159490780637206980e-16 8.774999999999999585e-34
5.745699999999999818e+03 2.671324795097532803e-16 7.305000000000000296e-34
5.771199999999999818e+03 1.801684771373239894e-16 1.222000000000000049e-34
5.796800000000000182e+03 1.881200467986918866e-16 1.479999999999999953e-34
5.822399999999999636e+03 2.442842983308857076e-16 7.829000000000000721e-34
5.847899999999999636e+03 3.092053417686362570e-16 7.402000000000000239e-34
5.873500000000000000e+03 3.667787322281612413e-16 9.073999999999999603e-34
5.899100000000000364e+03 4.702497906064676234e-16 8.926000000000000378e-34
5.924699999999999818e+03 5.150402779394898252e-16 1.262000000000000012e-33
5.950199999999999818e+03 5.496648344396241352e-16 9.170999999999999546e-34
5.975800000000000182e+03 5.060821804728854637e-16 7.185000000000000022e-34
6.001399999999999636e+03 4.502198872822625253e-16 7.413999999999999668e-34
6.026899999999999636e+03 4.254593032734463584e-16 5.514000000000000040e-34
6.052500000000000000e+03 3.895262606265049235e-16 4.763999999999999827e-34
6.078100000000000364e+03 3.521840790522325718e-16 5.144000000000000266e-34
6.103699999999999818e+03 4.082476778039028474e-16 7.180999999999999928e-34
6.129199999999999818e+03 4.738732907053192989e-16 7.495000000000000088e-34
6.154800000000000182e+03 5.272192643828510891e-16 7.013000000000000229e-34
6.180399999999999636e+03 5.614412097608897386e-16 6.512000000000000135e-34
6.205899999999999636e+03 6.000918774819696097e-16 5.455999999999999951e-34
6.231500000000000000e+03 6.541424206231663653e-16 7.409000000000000191e-34
6.257100000000000364e+03 7.174530195725395482e-16 9.660999999999999594e-34
6.282600000000000364e+03 7.683833265175034889e-16 8.430000000000000615e-34
6.308199999999999818e+03 8.199175501456092935e-16 7.637999999999999836e-34
6.333800000000000182e+03 7.535873677805276794e-16 9.604000000000000598e-34
6.359399999999999636e+03 7.226869641597682451e-16 6.541000000000000179e-34
6.384899999999999636e+03 7.563049928546667072e-16 7.788999999999999774e-34
6.410500000000000000e+03 7.642565625160341360e-16 8.711999999999999163e-34
6.436100000000000364e+03 7.896210632079922159e-16 7.060000000000000272e-34
6.461600000000000364e+03 8.521264399131752611e-16 6.477999999999999758e-34
6.487199999999999818e+03 8.459866203012342123e-16 7.042999999999999656e-34
6.512800000000000182e+03 8.714517737737156897e-16 6.013999999999999897e-34
6.538399999999999636e+03 8.662178291864864011e-16 7.125000000000000313e-34
6.563899999999999636e+03 8.446781341544260027e-16 2.314999999999999825e-34
6.589500000000000000e+03 8.307880504421638269e-16 4.047999999999999991e-34
6.615100000000000364e+03 7.544932428052412145e-16 4.077000000000000036e-34
6.640600000000000364e+03 6.230407114413606291e-16 1.618000000000000011e-34
6.666199999999999818e+03 4.797111519756909443e-16 1.068000000000000040e-34
6.691800000000000182e+03 3.844936216003227256e-16 3.607999999999999843e-34
6.717399999999999636e+03 3.251084810913721501e-16 3.938000000000000382e-34
6.742899999999999636e+03 2.697494518033679245e-16 7.435999999999999761e-35
6.768500000000000000e+03 2.534437013585373570e-16 8.191999999999999688e-35
6.794100000000000364e+03 2.425732010619835631e-16 8.600999999999999530e-35
6.819600000000000364e+03 2.532423957974899212e-16 3.614999999999999795e-34
6.845199999999999818e+03 2.375405620358013653e-16 3.719000000000000118e-34
6.870800000000000182e+03 2.271733256418659391e-16 8.754999999999999753e-35
6.896300000000000182e+03 2.374399092552780172e-16 8.113000000000000171e-35
6.921899999999999636e+03 2.353262008642813462e-16 1.837000000000000061e-34
6.947500000000000000e+03 2.502228123817810462e-16 3.813000000000000204e-34
6.973100000000000364e+03 2.519339096506827470e-16 2.975999999999999857e-34
6.998600000000000364e+03 2.633076738498545141e-16 3.406000000000000195e-34
7.024199999999999818e+03 2.996433276188901304e-16 2.703999999999999835e-34
7.049800000000000182e+03 3.331607035332637653e-16 3.422999999999999956e-34
7.075300000000000182e+03 3.567134541757969442e-16 3.148999999999999887e-34
7.100899999999999636e+03 3.703015795464890263e-16 3.242999999999999973e-34
7.126500000000000000e+03 3.657722044229250483e-16 3.229999999999999880e-34
7.152100000000000364e+03 3.745289963284819739e-16 3.272000000000000018e-34
7.177600000000000364e+03 4.149914140989873376e-16 3.862000000000000294e-34
7.203199999999999818e+03 4.520316373316889054e-16 6.191000000000000023e-34
7.228800000000000182e+03 4.637073598724306183e-16 6.923000000000000238e-34
7.254300000000000182e+03 5.279238338465161531e-16 4.319000000000000203e-34
7.279899999999999636e+03 6.441777953513259587e-16 3.476000000000000141e-34
7.305500000000000000e+03 7.206739085492959576e-16 3.940000000000000002e-34
7.331100000000000364e+03 7.964654522836003994e-16 5.910000000000000002e-34
7.356600000000000364e+03 8.238430085860315557e-16 5.526000000000000324e-34
7.382199999999999818e+03 7.987804662356449500e-16 4.621000000000000079e-34
7.407800000000000182e+03 6.972218106872871621e-16 4.410999999999999814e-34
7.433300000000000182e+03 5.914357383569360322e-16 3.472000000000000047e-34
7.458899999999999636e+03 5.049749998871256267e-16 2.833999999999999918e-34
7.484500000000000000e+03 4.550512207473974353e-16 2.386000000000000008e-34
7.510000000000000000e+03 4.366317619115704432e-16 3.202000000000000072e-34
7.535600000000000364e+03 4.053287471687168275e-16 3.562000000000000038e-34
7.561199999999999818e+03 3.530899540769454167e-16 3.940000000000000002e-34
7.586800000000000182e+03 3.110170918180619962e-16 1.047999999999999994e-34
7.612300000000000182e+03 2.795127715141611911e-16 8.866000000000000455e-35
7.637899999999999636e+03 2.828343132714413431e-16 5.033000000000000419e-34
7.663500000000000000e+03 3.741263852063874474e-16 9.078999999999999935e-34
7.689000000000000000e+03 4.060333166323828776e-16 7.774000000000000488e-34
7.714600000000000364e+03 4.378395952778550089e-16 5.734000000000000114e-34
7.740199999999999818e+03 5.130272223290161572e-16 5.122000000000000173e-34
7.765800000000000182e+03 6.192159057814620601e-16 4.978000000000000187e-34
7.791300000000000182e+03 7.388920618240760561e-16 5.419999999999999954e-34
7.816899999999999636e+03 8.234403974639377687e-16 6.592000000000000317e-34
7.842500000000000000e+03 7.915334660379414018e-16 5.288000000000000252e-34
7.868000000000000000e+03 6.732664489226594073e-16 6.124999999999999744e-34
7.893600000000000364e+03 5.642594876155523611e-16 6.708999999999999878e-34
7.919199999999999818e+03 4.987345274946594056e-16 6.088000000000000365e-34
7.944699999999999818e+03 4.555544846500158030e-16 5.911000000000000240e-34
7.970300000000000182e+03 4.005980664841058081e-16 4.658000000000000313e-34
7.995899999999999636e+03 3.409109676335846951e-16 4.740000000000000115e-34
8.021500000000000000e+03 3.044746610840249911e-16 3.703999999999999977e-34
8.047000000000000000e+03 2.681390073149895226e-16 4.258000000000000256e-34
8.072600000000000364e+03 2.371379509137068388e-16 3.191999999999999836e-34
8.098199999999999818e+03 2.272739784223897310e-16 3.126999999999999795e-34
8.123699999999999818e+03 2.223419921767311278e-16 2.792000000000000207e-34
8.149300000000000182e+03 2.252609228119169505e-16 6.372999999999999625e-35
8.174899999999999636e+03 2.317027007654301637e-16 1.588999999999999966e-34
8.200500000000000000e+03 2.561613264326756452e-16 3.222999999999999928e-34
8.226000000000000000e+03 2.713598962917462278e-16 3.941999999999999621e-34
8.251600000000000364e+03 3.022602999125047747e-16 5.148000000000000361e-34
8.277200000000000728e+03 2.998446331799375170e-16 1.204999999999999989e-33
8.302700000000000728e+03 2.616972293614762108e-16 1.701000000000000093e-33
8.328299999999999272e+03 2.110688807580826842e-16 3.110999999999999844e-34
8.353899999999999636e+03 2.025133944135732929e-16 1.332000000000000043e-33
8.379500000000000000e+03 2.191211031999743979e-16 2.799000000000000159e-34
8.405000000000000000e+03 2.769964520010701415e-16 1.647000000000000056e-34
8.430600000000000364e+03 3.454403427571483280e-16 7.059000000000000034e-34
8.456200000000000728e+03 4.490120539159786992e-16 5.961000000000000140e-34
8.481700000000000728e+03 5.491615705370060634e-16 5.493000000000000185e-34
8.507299999999999272e+03 7.227876169402930230e-16 4.615999999999999747e-34
8.532899999999999636e+03 8.631982457707774768e-16 5.961000000000000140e-34
8.558399999999999636e+03 1.025651833535937739e-15 8.286000000000000629e-34
8.584000000000000000e+03 1.104161002344381997e-15 9.065999999999999414e-34
8.609600000000000364e+03 1.122278502838638698e-15 9.386000000000000144e-34
8.635200000000000728e+03 1.093089196486781852e-15 1.123000000000000016e-33
8.660700000000000728e+03 1.075978223797762675e-15 6.949999999999999807e-34
8.686299999999999272e+03 1.047795445251141381e-15 1.055999999999999970e-34
8.711899999999999636e+03 1.040749750614486008e-15 2.090999999999999999e-33
8.737399999999999636e+03 9.989788466971738156e-16 4.407999999999999957e-33
8.763000000000000000e+03 9.854913741070056240e-16 6.057000000000000017e-33
8.788600000000000364e+03 8.865496908522614943e-16 4.958000000000000227e-33
8.814200000000000728e+03 7.131249500100229073e-16 3.320000000000000213e-33
8.839700000000000728e+03 6.089493221680499821e-16 2.644000000000000126e-33
8.865299999999999272e+03 5.201735697461952233e-16 3.461000000000000000e-34
8.890899999999999636e+03 4.511257623069754688e-16 1.865000000000000082e-34
8.916399999999999636e+03 3.824805659898500930e-16 1.761999999999999997e-34
8.942000000000000000e+03 3.317515646059328978e-16 8.289999999999999869e-34
8.967600000000000364e+03 2.967243969837041106e-16 8.090000000000000268e-34
8.993200000000000728e+03 2.762918825374044366e-16 6.724000000000000019e-34
9.018700000000000728e+03 2.353262008642813462e-16 1.106999999999999894e-34
9.044299999999999272e+03 2.256635339340112798e-16 5.616999999999999698e-34
9.069899999999999636e+03 2.338164091564266868e-16 1.333999999999999919e-34
9.095399999999999636e+03 2.458947428192636165e-16 1.233000000000000095e-34
9.121000000000000000e+03 2.680383545344660759e-16 5.622000000000000030e-34
9.146600000000000364e+03 2.905845773717622236e-16 4.938000000000000096e-34
9.172100000000000364e+03 2.922956746406638258e-16 1.447000000000000027e-34
9.197700000000000728e+03 3.149425502584839626e-16 1.711000000000000073e-34
9.223299999999999272e+03 3.629539265682627710e-16 3.227000000000000023e-34
