3.776699999999999818e+03 6.004859821515271587e-16 2.039999999999999977e-31
3.802300000000000182e+03 9.139361429227059105e-16 1.695999999999999898e-31
3.827900000000000091e+03 6.715845790118435659e-16 1.119999999999999953e-31
3.853400000000000091e+03 5.101269294853975624e-16 8.479000000000000381e-32
3.879000000000000000e+03 5.275163695843603353e-16 7.352000000000000099e-32
3.904599999999999909e+03 8.891726997438027457e-16 7.294999999999999461e-32
3.930099999999999909e+03 1.388954012967792629e-15 6.660999999999999769e-32
3.955699999999999818e+03 1.639890237180673904e-15 5.566000000000000518e-32
3.981300000000000182e+03 1.944755737649832345e-15 2.334000000000000184e-31
4.006800000000000182e+03 2.408107274463969897e-15 2.155999999999999910e-31
4.032400000000000091e+03 2.484048500212605191e-15 2.472999999999999975e-31
4.058000000000000000e+03 2.479646110314133368e-15 2.032000000000000103e-31
4.083599999999999909e+03 2.030602340670028747e-15 1.957999999999999949e-31
4.109100000000000364e+03 1.663002784147650283e-15 5.474000000000000428e-32
4.134699999999999818e+03 1.745547594743991931e-15 1.005000000000000005e-31
4.160300000000000182e+03 1.720233852827781218e-15 1.144999999999999999e-31
4.185800000000000182e+03 1.781867311406383975e-15 1.032000000000000019e-31
4.211399999999999636e+03 1.951359322497540276e-15 7.515000000000000390e-32
4.237000000000000000e+03 1.665203979096885208e-15 6.972999999999999693e-32
4.262600000000000364e+03 1.911737813411295055e-15 6.482999999999999714e-32
4.288100000000000364e+03 1.937051555327507345e-15 6.400000000000000358e-32
4.313699999999999818e+03 1.822589417967245870e-15 5.776999999999999618e-32
4.339300000000000182e+03 2.304651111849886598e-15 4.883999999999999827e-32
4.364800000000000182e+03 2.411409066887822679e-15 4.643000000000000103e-32
4.390399999999999636e+03 2.109845358842517612e-15 5.316000000000000059e-32
4.416000000000000000e+03 1.751050582117082005e-15 4.054999999999999909e-32
4.441600000000000364e+03 1.601369325569047723e-15 4.360000000000000052e-32
4.467100000000000364e+03 1.536434074566591197e-15 3.334000000000000048e-32
4.492699999999999818e+03 1.767559544236350453e-15 3.962000000000000163e-32
4.518300000000000182e+03 2.138460893182583474e-15 3.313000000000000159e-32
4.543800000000000182e+03 2.449929978499450043e-15 3.440999999999999903e-32
4.569399999999999636e+03 2.705268592610801958e-15 3.510000000000000244e-32
4.595000000000000000e+03 3.196135066290386725e-15 3.218000000000000006e-32
4.620500000000000000e+03 3.444870095554033469e-15 4.269999999999999822e-32
4.646100000000000364e+03 3.551628050591971522e-15 4.476000000000000095e-32
4.671699999999999818e+03 3.593450754627450092e-15 4.299999999999999899e-32
4.697300000000000182e+03 3.368928869805396203e-15 5.141999999999999723e-32
4.722800000000000182e+03 2.705268592610801958e-15 3.569000000000000195e-32
4.748399999999999636e+03 2.241917055796666772e-15 4.026000000000000035e-32
4.774000000000000000e+03 1.824790612916480796e-15 3.502999999999999916e-32
4.799500000000000000e+03 1.764257751812496093e-15 3.394999999999999858e-32
4.825100000000000364e+03 1.442883289224069006e-15 3.572000000000000257e-32
4.850699999999999818e+03 1.570552596279745752e-15 3.763999999999999874e-32
4.876300000000000182e+03 1.974471869464514880e-15 3.132000000000000041e-32
4.901800000000000182e+03 1.968968882091426384e-15 3.006999999999999812e-32
4.927399999999999636e+03 1.990980831583784314e-15 2.583000000000000111e-32
4.953000000000000000e+03 2.358580388106163567e-15 2.031000000000000118e-32
4.978500000000000000e+03 2.771304441087875749e-15 2.672000000000000139e-32
5.004100000000000364e+03 2.977116168841424884e-15 2.289999999999999943e-32
5.029699999999999818e+03 2.846145069361893580e-15 1.916000000000000006e-32
5.055300000000000182e+03 2.454332368397919894e-15 1.421000000000000105e-32
5.080800000000000182e+03 2.018495768449233108e-15 1.371000000000000068e-32
5.106399999999999636e+03 1.916140203309766878e-15 9.914000000000000321e-33
5.132000000000000000e+03 1.907335423512823627e-15 1.031000000000000062e-32
5.157500000000000000e+03 2.057016680060858500e-15 1.134999999999999992e-32
5.183100000000000364e+03 2.093336396723248967e-15 1.105000000000000052e-32
5.208699999999999818e+03 2.312355294172211598e-15 1.140000000000000050e-32
5.234199999999999818e+03 2.601812429996720237e-15 1.012999999999999962e-32
5.259800000000000182e+03 2.779008623410201932e-15 1.195999999999999938e-32
5.285399999999999636e+03 2.992524533486074883e-15 1.263000000000000010e-32
5.311000000000000000e+03 3.209342235985802588e-15 1.181000000000000037e-32
5.336500000000000000e+03 3.376633052127723569e-15 1.409000000000000129e-32
5.362100000000000364e+03 3.489994592013367187e-15 1.418000000000000042e-32
5.387699999999999818e+03 3.432763523333235069e-15 1.305000000000000063e-32
5.413199999999999818e+03 3.247863147597429952e-15 1.154000000000000022e-32
5.438800000000000182e+03 3.064063369336237959e-15 1.197000000000000005e-32
5.464399999999999636e+03 3.028844250148465744e-15 1.037000000000000051e-32
5.490000000000000000e+03 2.912180917838967372e-15 1.037000000000000051e-32
5.515500000000000000e+03 2.876961798651195551e-15 1.055000000000000015e-32
5.541100000000000364e+03 2.834038497141096758e-15 9.885999999999999829e-33
5.566699999999999818e+03 2.941897049653650696e-15 6.359999999999999617e-33
5.592199999999999818e+03 2.817529535021829296e-15 8.018999999999999657e-33
5.617800000000000182e+03 2.473042525466425831e-15 1.099999999999999993e-32
5.643399999999999636e+03 2.103241773994810470e-15 7.300999999999999859e-33
5.668899999999999636e+03 1.829193002814952618e-15 5.267000000000000226e-33
5.694500000000000000e+03 1.672908161419210997e-15 4.073000000000000283e-33
5.720100000000000364e+03 1.493510773056492799e-15 3.837999999999999726e-33
5.745699999999999818e+03 1.233769769046668470e-15 3.626000000000000013e-33
5.771199999999999818e+03 1.024216009879419489e-15 2.782000000000000056e-33
5.796800000000000182e+03 9.841542618033277954e-16 2.581000000000000047e-33
5.822399999999999636e+03 1.037753358817219565e-15 3.208999999999999682e-33
5.847899999999999636e+03 1.246976938742083149e-15 3.414999999999999681e-33
5.873500000000000000e+03 1.380149233170848589e-15 2.860999999999999830e-33
5.899100000000000364e+03 1.559546621533566984e-15 3.745999999999999773e-33
5.924699999999999818e+03 1.748849387167845896e-15 2.964999999999999896e-33
5.950199999999999818e+03 1.883122279071230376e-15 3.595000000000000006e-33
5.975800000000000182e+03 1.854506744731164120e-15 3.192999999999999988e-33
6.001399999999999636e+03 1.860009732104254194e-15 2.332999999999999994e-33
6.026899999999999636e+03 1.765358349287114344e-15 2.923999999999999909e-33
6.052500000000000000e+03 1.647594419502999495e-15 2.450999999999999964e-33
6.078100000000000364e+03 1.650896211926853066e-15 2.262000000000000068e-33
6.103699999999999818e+03 1.640990834655291958e-15 2.155000000000000145e-33
6.129199999999999818e+03 1.690517721013097499e-15 3.114000000000000214e-33
6.154800000000000182e+03 1.828092405340335156e-15 2.262000000000000068e-33
6.180399999999999636e+03 2.036105328043118427e-15 2.866000000000000162e-33
6.205899999999999636e+03 2.176981804794210049e-15 2.914999999999999996e-33
6.231500000000000000e+03 2.142863283081055297e-15 2.670999999999999867e-33
6.257100000000000364e+03 2.048211900263915249e-15 3.661999999999999667e-33
6.282600000000000364e+03 1.999785611380727565e-15 2.758999999999999896e-33
6.308199999999999818e+03 1.873216901799669268e-15 2.181999999999999885e-33
6.333800000000000182e+03 1.801678065949505797e-15 2.618999999999999834e-33
6.359399999999999636e+03 1.861110329578871657e-15 2.139000000000000108e-33
6.384899999999999636e+03 2.084531616926307294e-15 2.268999999999999849e-33
6.410500000000000000e+03 2.335467841139187780e-15 3.135000000000000240e-33
6.436100000000000364e+03 2.586404065352070238e-15 2.557999999999999887e-33
6.461600000000000364e+03 2.825233717344153901e-15 3.283999999999999875e-33
6.487199999999999818e+03 2.861553434006545157e-15 3.242999999999999888e-33
6.512800000000000182e+03 2.863754628955780871e-15 3.271999999999999762e-33
6.538399999999999636e+03 2.903376138042025304e-15 2.737999999999999870e-33
6.563899999999999636e+03 2.919885100161293949e-15 2.180000000000000095e-33
6.589500000000000000e+03 2.843943874412658655e-15 3.039000000000000022e-33
6.615100000000000364e+03 2.666747680999176171e-15 3.807999999999999786e-33
6.640600000000000364e+03 2.491752682534929796e-15 3.398999999999999987e-33
6.666199999999999818e+03 2.185786584591152512e-15 3.021999999999999919e-33
6.691800000000000182e+03 1.856707939680400229e-15 1.928999999999999843e-33
6.717399999999999636e+03 1.626683067485259224e-15 1.835000000000000099e-33
6.742899999999999636e+03 1.470398226089516420e-15 2.069999999999999972e-33
6.768500000000000000e+03 1.313012787219157138e-15 1.687999999999999914e-33
6.794100000000000364e+03 1.250278731165936721e-15 1.625999999999999901e-33
6.819600000000000364e+03 1.205154234706602411e-15 1.862999999999999907e-33
6.845199999999999818e+03 1.193047662485805392e-15 2.641999999999999993e-33
6.870800000000000182e+03 1.141319581178764137e-15 2.785999999999999979e-33
6.896300000000000182e+03 1.077484927650925665e-15 3.042999999999999945e-33
6.921899999999999636e+03 1.056353456138261665e-15 2.014000000000000016e-33
6.947500000000000000e+03 1.075944091186461138e-15 2.138000000000000042e-33
6.973100000000000364e+03 1.123710021584877240e-15 2.256000000000000011e-33
6.998600000000000364e+03 1.165532725620358176e-15 2.499000000000000073e-33
7.024199999999999818e+03 1.183142285214244283e-15 2.181999999999999885e-33
7.049800000000000182e+03 1.208456027130456771e-15 1.903000000000000169e-33
7.075300000000000182e+03 1.261284705912115094e-15 1.889999999999999989e-33
7.100899999999999636e+03 1.300906214998360118e-15 2.129999999999999852e-33
7.126500000000000000e+03 1.329521749338425191e-15 3.051999999999999859e-33
7.152100000000000364e+03 1.332823541762278763e-15 3.061999999999999839e-33
7.177600000000000364e+03 1.337225931660750980e-15 2.890000000000000045e-33
7.203199999999999818e+03 1.377948038221613664e-15 2.629000000000000156e-33
7.228800000000000182e+03 1.485806590734167799e-15 2.396000000000000074e-33
7.254300000000000182e+03 1.649795614452234420e-15 2.448999999999999831e-33
7.279899999999999636e+03 1.834695990188041509e-15 2.310999999999999901e-33
7.305500000000000000e+03 2.035004730568500175e-15 2.059999999999999992e-33
7.331100000000000364e+03 2.296946929527560415e-15 2.433000000000000137e-33
7.356600000000000364e+03 2.443326393651741718e-15 2.541999999999999851e-33
7.382199999999999818e+03 2.425716834057855216e-15 2.634999999999999870e-33
7.407800000000000182e+03 2.316757684070683026e-15 2.531000000000000146e-33
7.433300000000000182e+03 2.172579414895739410e-15 2.145999999999999889e-33
7.458899999999999636e+03 2.022898158347702170e-15 1.954000000000000135e-33
7.484500000000000000e+03 1.939252750276741876e-15 1.917000000000000072e-33
7.510000000000000000e+03 1.918341398259002592e-15 2.414999999999999968e-33
7.535600000000000364e+03 1.884222876545847445e-15 6.609000000000000078e-34
7.561199999999999818e+03 1.884222876545847445e-15 8.740000000000000681e-34
7.586800000000000182e+03 1.823690015441862939e-15 1.206999999999999951e-33
7.612300000000000182e+03 1.604671117992901294e-15 9.962000000000000088e-34
7.637899999999999636e+03 1.265687095810586917e-15 6.700999999999999689e-34
7.663500000000000000e+03 1.138017788754910960e-15 3.208999999999999682e-33
7.689000000000000000e+03 1.147923166026472068e-15 2.959999999999999906e-33
7.714600000000000364e+03 1.248077536216700612e-15 3.001999999999999959e-33
7.740199999999999818e+03 1.375746843272376964e-15 2.677999999999999990e-33
7.765800000000000182e+03 1.556244829109713216e-15 2.493000000000000017e-33
7.791300000000000182e+03 1.796175078576415723e-15 2.467000000000000001e-33
7.816899999999999636e+03 2.042708912890826358e-15 2.648000000000000050e-33
7.842500000000000000e+03 2.241917055796666772e-15 2.641999999999999993e-33
7.868000000000000000e+03 2.337669036088423494e-15 3.231999999999999842e-33
7.893600000000000364e+03 2.359680985580781030e-15 3.332000000000000326e-33
7.919199999999999818e+03 2.371787557801578247e-15 3.187000000000000273e-33
7.944699999999999818e+03 2.339870231037658814e-15 2.941000000000000012e-33
7.970300000000000182e+03 2.136259698233347365e-15 2.316999999999999958e-33
7.995899999999999636e+03 1.907335423512823627e-15 6.059000000000000321e-34
8.021500000000000000e+03 1.653097406876088583e-15 5.238000000000000352e-34
8.047000000000000000e+03 1.413167157409386076e-15 4.708000000000000213e-34
8.072600000000000364e+03 1.244775743792847041e-15 4.947999999999999905e-34
8.098199999999999818e+03 1.157828543298032387e-15 5.008999999999999851e-34
8.123699999999999818e+03 1.130313606432584777e-15 2.985999999999999922e-33
8.149300000000000182e+03 1.086840006185178042e-15 3.063999999999999972e-33
8.174899999999999636e+03 1.021794695435260243e-15 4.896000000000000385e-34
8.200500000000000000e+03 9.915282648832675956e-16 3.280000000000000293e-33
8.226000000000000000e+03 1.019703560233486393e-15 3.444000000000000239e-33
8.251600000000000364e+03 1.063837518965664119e-15 3.885000000000000111e-33
8.277200000000000728e+03 1.062736921491045867e-15 4.030000000000000164e-33
8.302700000000000728e+03 1.005946091800762194e-15 7.916999999999999382e-34
8.328299999999999272e+03 8.939052688846597678e-16 8.333000000000000672e-34
8.353899999999999636e+03 7.463151475383991382e-16 7.569999999999999938e-34
8.379500000000000000e+03 6.316328906832139340e-16 2.589999999999999960e-33
8.405000000000000000e+03 6.353749220969148650e-16 2.633000000000000080e-33
8.430600000000000364e+03 7.017409498163744474e-16 2.572000000000000133e-33
8.456200000000000728e+03 8.081687256119252304e-16 3.030999999999999832e-33
8.481700000000000728e+03 9.338569572132899914e-16 2.666999999999999943e-33
8.507299999999999272e+03 1.097956040678819069e-15 2.311999999999999968e-33
8.532899999999999636e+03 1.292101435201416867e-15 2.706999999999999863e-33
8.558399999999999636e+03 1.505617345277289227e-15 2.737999999999999870e-33
8.584000000000000000e+03 1.731239827573959197e-15 3.446999999999999754e-33
8.609600000000000364e+03 1.877619291698140302e-15 4.747999999999999962e-33
8.635200000000000728e+03 1.943655140175214882e-15 4.716999999999999955e-33
8.660700000000000728e+03 1.957962907345247024e-15 4.966000000000000074e-33
8.686299999999999272e+03 1.985477844210694635e-15 3.838999999999999793e-33
8.711899999999999636e+03 2.007489793703052959e-15 3.768999999999999932e-33
8.737399999999999636e+03 2.003087403804581137e-15 9.128999999999999836e-34
8.763000000000000000e+03 1.959063504819865670e-15 1.165000000000000069e-33
8.788600000000000364e+03 1.871015706850433554e-15 1.255000000000000060e-33
8.814200000000000728e+03 1.756553569490171290e-15 1.185999999999999924e-33
8.839700000000000728e+03 1.625582470010640776e-15 9.741999999999999159e-34
8.865299999999999272e+03 1.508919137701143784e-15 1.036000000000000053e-33
8.890899999999999636e+03 1.423072534680946790e-15 8.560000000000000698e-34
8.916399999999999636e+03 1.340527724084604551e-15 8.253000000000000490e-34
8.942000000000000000e+03 1.272290680658294257e-15 1.031999999999999958e-33
8.967600000000000364e+03 1.220562599351253396e-15 1.085999999999999953e-33
8.993200000000000728e+03 1.124810619059495689e-15 1.229000000000000043e-33
9.018700000000000728e+03 1.009578063467001359e-15 1.227000000000000082e-33
9.044299999999999272e+03 9.498156205952489190e-16 1.110000000000000007e-33
9.069899999999999636e+03 9.517966960495612984e-16 1.350999999999999937e-33
9.095399999999999636e+03 9.662145229670560939e-16 1.654000000000000050e-33
9.121000000000000000e+03 9.951602365495065634e-16 9.843000000000000394e-33
9.146600000000000364e+03 1.067689610126826224e-15 1.037999999999999980e-32
9.172100000000000364e+03 1.102798669567137561e-15 1.721000000000000053e-33
9.197700000000000728e+03 1.156727945823415122e-15 1.047000000000000031e-32
9.223299999999999272e+03 1.282196057929855365e-15 1.125999999999999941e-32
