3.650047851562500000e+03 4.810734562251394572e-16
3.655565780162811279e+03 9.618974777142244199e-16
3.661083708763122559e+03 7.373479423897718902e-16
3.666601637363433838e+03 7.769213922912402445e-16
3.672119565963745117e+03 8.118519074995901079e-16
3.677637494564056396e+03 6.735833966300165555e-16
3.683155423164367676e+03 9.248487712997262956e-16
3.688673351764678955e+03 9.006987380234222791e-16
3.694191280364990234e+03 9.112562386835834606e-16
3.699709208965301514e+03 9.075468642457910897e-16
3.705227137565612793e+03 1.072805106790327976e-15
3.710745066165924072e+03 1.011040766841795579e-15
3.716262994766235352e+03 7.592053748238631463e-16
3.721780923366546631e+03 7.750763572330493015e-16
3.727298851966857910e+03 6.951913452492698070e-16
3.732816780567169189e+03 5.575495704417578040e-16
3.738334709167480469e+03 6.044219515493110955e-16
3.743852637767791748e+03 6.078513315286806589e-16
3.749370566368103027e+03 3.833433332144493565e-16
3.754888494968414307e+03 4.460332662958274698e-16
3.760406423568725586e+03 4.676896393145509484e-16
3.765924352169036865e+03 5.086607548053212852e-16
3.771442280769348145e+03 3.519910048562732831e-16
3.776960209369659879e+03 3.991962546314007407e-16
3.782478137969971158e+03 3.604799493197432533e-16
3.787996066570282437e+03 4.270088248266852625e-16
3.793513995170593716e+03 2.821040281228304878e-16
3.799031923770904996e+03 4.805473643879226954e-16
3.804549852371216275e+03 3.807248492514777104e-16
3.810067780971527554e+03 6.260176631919414454e-16
3.815585709571838834e+03 4.857487501960119993e-16
3.821103638172150113e+03 3.512149384163861772e-16
3.826621566772461392e+03 7.298331463353730853e-16
3.832139495372772672e+03 7.053212388305961089e-16
3.837657423973083951e+03 7.140408862945148299e-16
3.843175352573395230e+03 8.323243039512678985e-16
3.848693281173706509e+03 9.471464077003524017e-16
3.854211209774017789e+03 9.524572228354875611e-16
3.859729138374329068e+03 1.048767218533742843e-15
3.865247066974640347e+03 1.263159572473383712e-15
3.870764995574951627e+03 1.313445824664800415e-15
3.876282924175262906e+03 1.368634998223788166e-15
3.881800852775574185e+03 1.282861317510925983e-15
3.887318781375885465e+03 1.535877986762825448e-15
3.892836709976196744e+03 1.717594962865117628e-15
3.898354638576508023e+03 1.987953783773214794e-15
3.903872567176819302e+03 1.866522731072117297e-15
3.909390495777130582e+03 2.004718441746541444e-15
3.914908424377441861e+03 2.237117604944296944e-15
3.920426352977753140e+03 2.064184913063459137e-15
3.925944281578064420e+03 2.280591591144303837e-15
3.931462210178375699e+03 2.376147982125804357e-15
3.936980138778686978e+03 2.303068855891612778e-15
3.942498067378998257e+03 2.560499507312784556e-15
3.948015995979309537e+03 2.464020598802188121e-15
3.953533924579620816e+03 2.663846664346881049e-15
3.959051853179932095e+03 2.558291616450455382e-15
3.964569781780243375e+03 2.755813433121711416e-15
3.970087710380554654e+03 2.995284685389384874e-15
3.975605638980865933e+03 3.178040332141123317e-15
3.981123567581177213e+03 3.083651198221175167e-15
3.986641496181488492e+03 3.191538960685320524e-15
3.992159424781800226e+03 3.285085084705033072e-15
3.997677353382111505e+03 3.397671486281282058e-15
4.003195281982422784e+03 3.633342568362157049e-15
4.008713210582734064e+03 3.308879296802797599e-15
4.014231139183045343e+03 3.570116007864757497e-15
4.019749067783356622e+03 3.461103850476428473e-15
4.025266996383667902e+03 3.482345475057527978e-15
4.030784924983979181e+03 3.264422589766246146e-15
4.036302853584290460e+03 2.852293977591749377e-15
4.041820782184601740e+03 2.878736808025399208e-15
4.047338710784913019e+03 2.697978013368028692e-15
4.052856639385224298e+03 2.692131748707670617e-15
4.058374567985535577e+03 2.395345966172507727e-15
4.063892496585846857e+03 2.366801582240230306e-15
4.069410425186158136e+03 2.245752853260625341e-15
4.074928353786469415e+03 2.094734656079200738e-15
4.080446282386780695e+03 2.266272038152331635e-15
4.085964210987091974e+03 1.923381155847300802e-15
4.091482139587403253e+03 2.078261035290527001e-15
4.097000068187714533e+03 1.871969985224678559e-15
4.102517996788025812e+03 1.967863711043029241e-15
4.108035925388337091e+03 1.914604233443332904e-15
4.113553853988648370e+03 1.724825085617090350e-15
4.119071782588959650e+03 1.777470424042425010e-15
4.124589711189270929e+03 1.623408687915922895e-15
4.130107639789582208e+03 1.586540705940933775e-15
4.135625568389893488e+03 1.692565437793031103e-15
4.141143496990204767e+03 1.442187947391039028e-15
4.146661425590516046e+03 1.565247057849593059e-15
4.152179354190827326e+03 1.457587511727545173e-15
4.157697282791138605e+03 1.486501786089559171e-15
4.163215211391449884e+03 1.457022942124262810e-15
4.168733139991761163e+03 1.426510449905006059e-15
4.174251068592072443e+03 1.504539874892196253e-15
4.179768997192383722e+03 1.410560990521408272e-15
4.185286925792695001e+03 1.283613368066210981e-15
4.190804854393006281e+03 1.415265568166284571e-15
4.196322782993317560e+03 1.338105164834450683e-15
4.201840711593628839e+03 1.383233204187441132e-15
4.207358640193940118e+03 1.333141876563485891e-15
4.212876568794251398e+03 1.135294667559303902e-15
4.218394497394562677e+03 1.284961660399566899e-15
4.223912425994873956e+03 1.443034834515151118e-15
4.229430354595185236e+03 1.417301519691305611e-15
4.234948283195496515e+03 1.526199650706558153e-15
4.240466211795807794e+03 1.483715583564639168e-15
4.245984140396119074e+03 1.552790535469669478e-15
4.251502068996430353e+03 1.590225050199270318e-15
4.257019997596741632e+03 1.475459387050919660e-15
4.262537926197052911e+03 1.476884471320462469e-15
4.268055854797364191e+03 1.472577808090556418e-15
4.273573783397675470e+03 1.568787764868960743e-15
4.279091711997986749e+03 1.451370211465841925e-15
4.284609640598298029e+03 1.560104910132882586e-15
4.290127569198609308e+03 1.407994055640440165e-15
4.295645497798920587e+03 1.529752300229849454e-15
4.301163426399231867e+03 1.455151404523118725e-15
4.306681354999543146e+03 1.579439169601067355e-15
4.312199283599854425e+03 1.423443353143969936e-15
4.317717212200165704e+03 1.401337778381783015e-15
4.323235140800476984e+03 1.408398677489121224e-15
4.328753069400789173e+03 1.606938993429908861e-15
4.334270998001100452e+03 1.426420112224643164e-15
4.339788926601411731e+03 1.397078443458521515e-15
4.345306855201723010e+03 1.500715983293494666e-15
4.350824783802034290e+03 1.484213242426761483e-15
4.356342712402345569e+03 1.405520321368857624e-15
4.361860641002656848e+03 1.494742768180472011e-15
4.367378569602968128e+03 1.366277024442290654e-15
4.372896498203279407e+03 1.405935135244859479e-15
4.378414426803590686e+03 1.294424933227646618e-15
4.383932355403901965e+03 1.291166919999780497e-15
4.389450284004213245e+03 1.544924842474650332e-15
4.394968212604524524e+03 1.381984672660831553e-15
4.400486141204835803e+03 1.256834397046103783e-15
4.406004069805147083e+03 1.266410354760518137e-15
4.411521998405458362e+03 1.298574217159274357e-15
4.417039927005769641e+03 1.249247095269255253e-15
4.422557855606080921e+03 1.302582710421361436e-15
4.428075784206392200e+03 1.247794625038660755e-15
4.433593712806703479e+03 1.234147091466092745e-15
4.439111641407014758e+03 1.173048357975953410e-15
4.444629570007326038e+03 1.237524464294814977e-15
4.450147498607637317e+03 1.384669151227675661e-15
4.455665427207948596e+03 1.398773624631865620e-15
4.461183355808259876e+03 1.381224965815360007e-15
4.466701284408571155e+03 1.569116592716714061e-15
4.472219213008882434e+03 1.612349929282867724e-15
4.477737141609193714e+03 1.606149315807468362e-15
4.483255070209504993e+03 1.823926437112507075e-15
4.488772998809816272e+03 1.879707909787311574e-15
4.494290927410127551e+03 1.879675681386313188e-15
4.499808856010438831e+03 2.017076315772139326e-15
4.505326784610750110e+03 2.100130050317464509e-15
4.510844713211061389e+03 2.140037644934871241e-15
4.516362641811372669e+03 2.234790289042733976e-15
4.521880570411683948e+03 2.238406086600469340e-15
4.527398499011995227e+03 2.275293045704980323e-15
4.532916427612306506e+03 2.353364629366979749e-15
4.538434356212617786e+03 2.405964324523894993e-15
4.543952284812929065e+03 2.586409669352262579e-15
4.549470213413240344e+03 2.587141106818583791e-15
4.554988142013551624e+03 2.968210374611292830e-15
4.560506070613862903e+03 2.881629838701853134e-15
4.566023999214174182e+03 3.045659966493611764e-15
4.571541927814485462e+03 3.145195174432929695e-15
4.577059856414796741e+03 3.359825527752128647e-15
4.582577785015108020e+03 3.319233284108428911e-15
4.588095713615419299e+03 3.648741363797725448e-15
4.593613642215730579e+03 4.053115691815173543e-15
4.599131570816041858e+03 4.081927555116145661e-15
4.604649499416353137e+03 4.094032509812077879e-15
4.610167428016664417e+03 4.262888227168605112e-15
4.615685356616975696e+03 4.336048987778930673e-15
4.621203285217286975e+03 4.296118816921230009e-15
4.626721213817598255e+03 4.282058563500745660e-15
4.632239142417909534e+03 4.372039768301355263e-15
4.637757071018220813e+03 4.215941099074167035e-15
4.643274999618532092e+03 4.144817762352359335e-15
4.648792928218843372e+03 4.187816665930538043e-15
4.654310856819154651e+03 4.112173827655477802e-15
4.659828785419465930e+03 4.154508695296326896e-15
4.665346714019777210e+03 4.247718956842686498e-15
4.670864642620088489e+03 4.366101399124437989e-15
4.676382571220399768e+03 4.242079150263854105e-15
4.681900499820711048e+03 3.962380473307948796e-15
4.687418428421022327e+03 4.142021907666733893e-15
4.692936357021333606e+03 4.137073293951959821e-15
4.698454285621644885e+03 3.921412776972411253e-15
4.703972214221956165e+03 3.691208744153340548e-15
4.709490142822267444e+03 3.496730466427162420e-15
4.715008071422578723e+03 3.268073560451974722e-15
4.720526000022890003e+03 3.177406725049407041e-15
4.726043928623201282e+03 2.940388430368408226e-15
4.731561857223512561e+03 2.814690141059947003e-15
4.737079785823823840e+03 2.702532851645219152e-15
4.742597714424135120e+03 2.644906343912223611e-15
4.748115643024446399e+03 2.571557611562062879e-15
4.753633571624757678e+03 2.607222018175896638e-15
4.759151500225068958e+03 2.414660921319281814e-15
4.764669428825380237e+03 2.270671296686630014e-15
4.770187357425691516e+03 2.370469730500095304e-15
4.775705286026002796e+03 2.320628099365705690e-15
4.781223214626314075e+03 2.149040984125550576e-15
4.786741143226625354e+03 2.019426862297772285e-15
4.792259071826936633e+03 2.000751403696703338e-15
4.797777000427247913e+03 2.132870670217342384e-15
4.803294929027559192e+03 1.960624590514127728e-15
4.808812857627870471e+03 1.881310822848151973e-15
4.814330786228181751e+03 1.862228664729911512e-15
4.819848714828493030e+03 1.859205411681909165e-15
4.825366643428804309e+03 1.803110161986213509e-15
4.830884572029115589e+03 2.048690414000559470e-15
4.836402500629426868e+03 2.010732228653714822e-15
4.841920429229738147e+03 2.114101143948384090e-15
4.847438357830049426e+03 2.268008772695491341e-15
4.852956286430360706e+03 2.469767887916331482e-15
4.858474215030671985e+03 2.507759119643895279e-15
4.863992143630983264e+03 2.536733597313358515e-15
4.869510072231294544e+03 2.573322484607617548e-15
4.875028000831605823e+03 2.349522742214420780e-15
4.880545929431917102e+03 2.304543346136290593e-15
4.886063858032228381e+03 2.326619964416361983e-15
4.891581786632540570e+03 2.238021145343870206e-15
4.897099715232851850e+03 2.262040138268905433e-15
4.902617643833163129e+03 2.106681249901189964e-15
4.908135572433474408e+03 2.160295239911872491e-15
4.913653501033785687e+03 2.254467609205813658e-15
4.919171429634096967e+03 2.413351499382257407e-15
4.924689358234408246e+03 2.501784104975486787e-15
4.930207286834719525e+03 2.788371316351966925e-15
4.935725215435030805e+03 3.042432218515413881e-15
4.941243144035342084e+03 3.273298651312372280e-15
4.946761072635653363e+03 3.486999616072821379e-15
4.952279001235964643e+03 3.586729830377573124e-15
4.957796929836275922e+03 3.727532115230234243e-15
4.963314858436587201e+03 3.700963315919584906e-15
4.968832787036898480e+03 3.644599441683583987e-15
4.974350715637209760e+03 3.574254494464071595e-15
4.979868644237521039e+03 3.593093221817407324e-15
4.985386572837832318e+03 3.520254254429237030e-15
4.990904501438143598e+03 3.577429073760418292e-15
4.996422430038454877e+03 3.476504936255215640e-15
5.001940358638766156e+03 3.425231677013516914e-15
5.007458287239077436e+03 3.117465334706605079e-15
5.012976215839388715e+03 3.113438256945261455e-15
5.018494144439699994e+03 2.961369119418578746e-15
5.024012073040011273e+03 2.849982039708937388e-15
5.029530001640322553e+03 2.736686613310716417e-15
5.035047930240633832e+03 2.479859140135648366e-15
5.040565858840945111e+03 2.496775615145151902e-15
5.046083787441256391e+03 2.384756564303235794e-15
5.051601716041567670e+03 2.409648341590343113e-15
5.057119644641878949e+03 2.277908617660146084e-15
5.062637573242190228e+03 2.286504112162044522e-15
5.068155501842501508e+03 2.367710194114072458e-15
5.073673430442812787e+03 2.318845721554126373e-15
5.079191359043124066e+03 2.678153784047096704e-15
5.084709287643435346e+03 2.819284569555623111e-15
5.090227216243746625e+03 2.920272345883102560e-15
5.095745144844057904e+03 2.833147853459343893e-15
5.101263073444369184e+03 2.472476709559665826e-15
5.106781002044680463e+03 2.714574003922930656e-15
5.112298930644991742e+03 2.628252440393090587e-15
5.117816859245303021e+03 2.662526772269430637e-15
5.123334787845614301e+03 2.803039165109047043e-15
5.128852716445925580e+03 2.712354170556678261e-15
5.134370645046236859e+03 2.766453713329615767e-15
5.139888573646548139e+03 2.661604254740335116e-15
5.145406502246859418e+03 2.745373721541342306e-15
5.150924430847170697e+03 2.765605795551055192e-15
5.156442359447481977e+03 2.618852708229721040e-15
5.161960288047793256e+03 2.730802067199426387e-15
5.167478216648104535e+03 2.826609087167374196e-15
5.172996145248415814e+03 2.755171482636843592e-15
5.178514073848727094e+03 2.763298765546567782e-15
5.184032002449038373e+03 2.879927459306966273e-15
5.189549931049349652e+03 2.920422036172004594e-15
5.195067859649660932e+03 2.958351101440789204e-15
5.200585788249972211e+03 2.908925821984276740e-15
5.206103716850283490e+03 2.944910222264879141e-15
5.211621645450594769e+03 3.108271242645039268e-15
5.217139574050906049e+03 3.201557739901376525e-15
5.222657502651217328e+03 3.190545769708349563e-15
5.228175431251528607e+03 3.339097430839734775e-15
5.233693359851839887e+03 3.376229783860479849e-15
5.239211288452152075e+03 3.511981698321102454e-15
5.244729217052463355e+03 3.634051429588184329e-15
5.250247145652774634e+03 3.625486363931899229e-15
5.255765074253085913e+03 3.745146654133451616e-15
5.261283002853397193e+03 3.915003415072268426e-15
5.266800931453708472e+03 4.085572636347884979e-15
5.272318860054019751e+03 4.165501524763886894e-15
5.277836788654331031e+03 4.143620240041137544e-15
5.283354717254642310e+03 4.383238074274775082e-15
5.288872645854953589e+03 4.621577079012945862e-15
5.294390574455264868e+03 4.619175163360847553e-15
5.299908503055576148e+03 4.612950664877601155e-15
5.305426431655887427e+03 4.700940907037832878e-15
5.310944360256198706e+03 4.725134293239338528e-15
5.316462288856509986e+03 4.791688722432757694e-15
5.321980217456821265e+03 4.867569265614676142e-15
5.327498146057132544e+03 4.886591874809243226e-15
5.333016074657443824e+03 5.049276098768430937e-15
5.338534003257755103e+03 5.376635345731237561e-15
5.344051931858066382e+03 5.428885927143323731e-15
5.349569860458377661e+03 5.437346454991293084e-15
5.355087789058688941e+03 5.622240464329094645e-15
5.360605717659000220e+03 5.741140524178155191e-15
5.366123646259311499e+03 5.678591250889562564e-15
5.371641574859622779e+03 5.634115730319431978e-15
5.377159503459934058e+03 5.474070799727313739e-15
5.382677432060245337e+03 5.304366183016562829e-15
5.388195360660556616e+03 5.177454502590296299e-15
5.393713289260867896e+03 4.985041623659087081e-15
5.399231217861179175e+03 5.022051443317659618e-15
5.404749146461490454e+03 4.943926690973809006e-15
5.410267075061801734e+03 4.652084614275094819e-15
5.415785003662113013e+03 4.633467723022033386e-15
5.421302932262424292e+03 4.505805300808035552e-15
5.426820860862735572e+03 4.687501500225420426e-15
5.432338789463046851e+03 4.858403639247393126e-15
5.437856718063358130e+03 4.916046670170749425e-15
5.443374646663669409e+03 4.980002377791250237e-15
5.448892575263980689e+03 5.279005539753504416e-15
5.454410503864291968e+03 5.587833783333932110e-15
5.459928432464603247e+03 5.936278747943058327e-15
5.465446361064914527e+03 5.832390579121638083e-15
5.470964289665225806e+03 5.946605741917904453e-15
5.476482218265537085e+03 5.888168943473504234e-15
5.482000146865848365e+03 5.826129271550957341e-15
5.487518075466159644e+03 5.852591569901961573e-15
5.493036004066470923e+03 5.802950180203218579e-15
5.498553932666782202e+03 6.009508873233706028e-15
5.504071861267093482e+03 5.834837156466490536e-15
5.509589789867404761e+03 5.799337163776534125e-15
5.515107718467716040e+03 5.887523884665697273e-15
5.520625647068027320e+03 5.941333535425588883e-15
5.526143575668338599e+03 5.923365302091107662e-15
5.531661504268649878e+03 5.848782401938234315e-15
5.537179432868961158e+03 5.659308360547842158e-15
5.542697361469272437e+03 5.843262674782412170e-15
5.548215290069583716e+03 5.632135892203256951e-15
5.553733218669894995e+03 5.610356364157772437e-15
5.559251147270206275e+03 5.750489050811003699e-15
5.564769075870517554e+03 5.696915796190415811e-15
5.570287004470828833e+03 5.758963811506115436e-15
5.575804933071140113e+03 5.521997867527246650e-15
5.581322861671451392e+03 5.706600839680393719e-15
5.586840790271762671e+03 5.835812515485548622e-15
5.592358718872073950e+03 5.661813505240702519e-15
5.597876647472385230e+03 5.753749681573976420e-15
5.603394576072696509e+03 5.486564131194672848e-15
5.608912504673007788e+03 5.259339016922738966e-15
5.614430433273319068e+03 5.167621404770857884e-15
5.619948361873630347e+03 4.984544291988852795e-15
5.625466290473941626e+03 4.916688457059673333e-15
5.630984219074252906e+03 4.876505366872307794e-15
5.636502147674564185e+03 4.639618276138521685e-15
5.642020076274875464e+03 4.579313539203749055e-15
5.647538004875186743e+03 4.519849849017881090e-15
5.653055933475498023e+03 4.542362777681016569e-15
5.658573862075809302e+03 4.436730021711117214e-15
5.664091790676120581e+03 4.508309300329286529e-15
5.669609719276431861e+03 4.405735134131327439e-15
5.675127647876743140e+03 4.580504190485315331e-15
5.680645576477054419e+03 4.547219450475174963e-15
5.686163505077365699e+03 4.496123692832885008e-15
5.691681433677676978e+03 4.264425374659894256e-15
5.697199362277988257e+03 4.307936006351392366e-15
5.702717290878299536e+03 3.991671345533409788e-15
5.708235219478610816e+03 3.955716556118699567e-15
5.713753148078922095e+03 3.803472370931769982e-15
5.719271076679233374e+03 3.522307383528394491e-15
5.724789005279544654e+03 3.239346439850074935e-15
5.730306933879855933e+03 3.199102819163372130e-15
5.735824862480167212e+03 3.128989687396727897e-15
5.741342791080478491e+03 2.855822905703137558e-15
5.746860719680789771e+03 2.917517226587571756e-15
5.752378648281101050e+03 2.814061278250611390e-15
5.757896576881412329e+03 2.834988144235154665e-15
5.763414505481723609e+03 2.933832650098246023e-15
5.768932434082034888e+03 2.821050096984954233e-15
5.774450362682346167e+03 3.027204708033376375e-15
5.779968291282657447e+03 2.859077483416176711e-15
5.785486219882968726e+03 3.046738390957487592e-15
5.791004148483280005e+03 3.075130957853588522e-15
5.796522077083591284e+03 3.182244584309987486e-15
5.802040005683902564e+03 3.269846122506904487e-15
5.807557934284213843e+03 3.345038090359870818e-15
5.813075862884525122e+03 3.547726430543516108e-15
5.818593791484836402e+03 3.674586578247372978e-15
5.824111720085147681e+03 3.791977465511594640e-15
5.829629648685458960e+03 3.835366218224696666e-15
5.835147577285770240e+03 4.025254811737579348e-15
5.840665505886081519e+03 4.095504382521649488e-15
5.846183434486392798e+03 4.035270319034751903e-15
5.851701363086704077e+03 4.022833591764071344e-15
5.857219291687015357e+03 4.054502658229727722e-15
5.862737220287326636e+03 4.152470780619976103e-15
5.868255148887637915e+03 4.121314423843304200e-15
5.873773077487949195e+03 4.278515729734103321e-15
5.879291006088260474e+03 4.192572890814984506e-15
5.884808934688571753e+03 4.262633017495721469e-15
5.890326863288883942e+03 4.493701164091823309e-15
5.895844791889195221e+03 4.652280275024304692e-15
5.901362720489506501e+03 4.684255102309589300e-15
5.906880649089817780e+03 4.778249315620344453e-15
5.912398577690129059e+03 4.714328290340004317e-15
5.917916506290440338e+03 4.554653086581678147e-15
5.923434434890751618e+03 4.523772388970908967e-15
5.928952363491062897e+03 4.629812989629589220e-15
5.934470292091374176e+03 4.652208129212931641e-15
5.939988220691685456e+03 4.685007643652706439e-15
5.945506149291996735e+03 4.790493490464753882e-15
5.951024077892308014e+03 4.786735855223435496e-15
5.956542006492619294e+03 4.803854862011804420e-15
5.962059935092930573e+03 4.688755626733319978e-15
5.967577863693241852e+03 4.732028226326070472e-15
5.973095792293553131e+03 4.808740818479965979e-15
5.978613720893864411e+03 4.864538487153242615e-15
5.984131649494175690e+03 4.914810539216706664e-15
5.989649578094486969e+03 4.700432941631228671e-15
5.995167506694798249e+03 4.823929065935406457e-15
6.000685435295109528e+03 4.855887533626275012e-15
6.006203363895420807e+03 4.689624484792732170e-15
6.011721292495732087e+03 4.527010607089531673e-15
6.017239221096043366e+03 4.406041712930675643e-15
6.022757149696354645e+03 4.117428529381767145e-15
6.028275078296665924e+03 4.147262540141825952e-15
6.033793006896977204e+03 3.957071784920087503e-15
6.039310935497288483e+03 3.910672376046683198e-15
6.044828864097599762e+03 3.772001419154486555e-15
6.050346792697911042e+03 3.878195472808784825e-15
6.055864721298222321e+03 4.064885438421530057e-15
6.061382649898533600e+03 3.897447116325171129e-15
6.066900578498844880e+03 3.961299922096798510e-15
6.072418507099156159e+03 3.801987574142610473e-15
6.077936435699467438e+03 3.956797107329849853e-15
6.083454364299778717e+03 4.014075155701792773e-15
6.088972292900089997e+03 3.891036282061531086e-15
6.094490221500401276e+03 3.678517788785441419e-15
6.100008150100712555e+03 3.664480275201194919e-15
6.105526078701023835e+03 3.453068672083263877e-15
6.111044007301335114e+03 3.445699329182814337e-15
6.116561935901646393e+03 3.353886176999546299e-15
6.122079864501957672e+03 3.342908071166960037e-15
6.127597793102269861e+03 3.214952321425090128e-15
6.133115721702581141e+03 3.327740927588316276e-15
6.138633650302892420e+03 3.355364757142827534e-15
6.144151578903203699e+03 3.546079837365586638e-15
6.149669507503514978e+03 3.737649542800615944e-15
6.155187436103826258e+03 4.053413763625425494e-15
6.160705364704137537e+03 4.076294946758855827e-15
6.166223293304448816e+03 4.195467884642768185e-15
6.171741221904760096e+03 4.547500344711290097e-15
6.177259150505071375e+03 4.450864547690248281e-15
6.182777079105382654e+03 4.546652263336786395e-15
6.188295007705693934e+03 4.451693324743343076e-15
6.193812936306005213e+03 4.232105523528385574e-15
6.199330864906316492e+03 4.335375626872784832e-15
6.204848793506627771e+03 4.232170961906047419e-15
6.210366722106939051e+03 4.090747339657482261e-15
6.215884650707250330e+03 4.117908192690032472e-15
6.221402579307561609e+03 3.971890632733623743e-15
6.226920507907872889e+03 3.771524046189439207e-15
6.232438436508184168e+03 3.602092798301371463e-15
6.237956365108495447e+03 3.645907391257111177e-15
6.243474293708806726e+03 3.535084553958863955e-15
6.248992222309118006e+03 3.487263005542912259e-15
6.254510150909429285e+03 3.515749803702846452e-15
6.260028079509740564e+03 3.371966637151719940e-15
6.265546008110051844e+03 3.290435490058654078e-15
6.271063936710363123e+03 3.184425481841531080e-15
6.276581865310674402e+03 3.047897141029944497e-15
6.282099793910985682e+03 3.049341038833065057e-15
6.287617722511296961e+03 3.004710756499763154e-15
6.293135651111608240e+03 2.958502754881022174e-15
6.298653579711919519e+03 2.974509636441018878e-15
6.304171508312230799e+03 2.908337694565036161e-15
6.309689436912542078e+03 2.807895183519428589e-15
6.315207365512853357e+03 2.838742998345422141e-15
6.320725294113164637e+03 2.948473341928596250e-15
6.326243222713475916e+03 2.962356748133448280e-15
6.331761151313787195e+03 3.141150101117729280e-15
6.337279079914098475e+03 3.181573350151115708e-15
6.342797008514409754e+03 3.301595187389253321e-15
6.348314937114721033e+03 3.319736014444819918e-15
6.353832865715032312e+03 3.361552282942694883e-15
6.359350794315343592e+03 3.618091172872271916e-15
6.364868722915654871e+03 3.558872385814806292e-15
6.370386651515966150e+03 3.634657716157226798e-15
6.375904580116277430e+03 3.651348265167850645e-15
6.381422508716588709e+03 3.871463990494599293e-15
6.386940437316899988e+03 4.014761113495638683e-15
6.392458365917211268e+03 3.923195645571822713e-15
6.397976294517522547e+03 4.108459054551528512e-15
6.403494223117833826e+03 4.108283516103449099e-15
6.409012151718145105e+03 4.210398959273995662e-15
6.414530080318456385e+03 4.335756641826723276e-15
6.420048008918767664e+03 4.575008839125172560e-15
6.425565937519078943e+03 4.641378895689528228e-15
6.431083866119390223e+03 4.860454314407388298e-15
6.436601794719701502e+03 5.084291029483964510e-15
6.442119723320012781e+03 5.083319923959454550e-15
6.447637651920324060e+03 5.129022086918865781e-15
6.453155580520635340e+03 5.063270750215308341e-15
6.458673509120946619e+03 5.035985891457087587e-15
6.464191437721257898e+03 5.245101425498789367e-15
6.469709366321569178e+03 5.214454670088163199e-15
6.475227294921880457e+03 5.086944392102230477e-15
6.480745223522191736e+03 5.120947972690992383e-15
6.486263152122503016e+03 5.100341427565106764e-15
6.491781080722814295e+03 5.191227481532842929e-15
6.497299009323125574e+03 5.209120624328958246e-15
6.502816937923436853e+03 5.285079202776238608e-15
6.508334866523748133e+03 5.457215836792812543e-15
6.513852795124059412e+03 5.480570466588630718e-15
6.519370723724370691e+03 5.573106712845068026e-15
6.524888652324681971e+03 5.546166714337127825e-15
6.530406580924993250e+03 5.523508185283694129e-15
6.535924509525304529e+03 5.630759559525072694e-15
6.541442438125615809e+03 5.628530891977835819e-15
6.546960366725927088e+03 5.523067785002026225e-15
6.552478295326238367e+03 5.495429559004428666e-15
6.557996223926549646e+03 5.529425123391927250e-15
6.563514152526860926e+03 5.525901757542640495e-15
6.569032081127172205e+03 5.531375187046266181e-15
6.574550009727483484e+03 5.657180140910318003e-15
6.580067938327794764e+03 5.685535407931150474e-15
6.585585866928106043e+03 5.548497138561629536e-15
6.591103795528417322e+03 5.464895357603382354e-15
6.596621724128728601e+03 5.524791104677765492e-15
6.602139652729039881e+03 5.660129775783450084e-15
6.607657581329351160e+03 5.864016456258037533e-15
6.613175509929662439e+03 5.622316536443127201e-15
6.618693438529973719e+03 5.650618798378054374e-15
6.624211367130284998e+03 5.743741045306457804e-15
6.629729295730596277e+03 5.543088983839721386e-15
6.635247224330907557e+03 5.511794879278071066e-15
6.640765152931218836e+03 5.385650463829896202e-15
6.646283081531530115e+03 5.185583748651351031e-15
6.651801010131841394e+03 5.095155272539418797e-15
6.657318938732152674e+03 4.963862001940823241e-15
6.662836867332463953e+03 4.886731912937441200e-15
6.668354795932775232e+03 4.731924670093420588e-15
6.673872724533086512e+03 4.761645799652010916e-15
6.679390653133397791e+03 4.591473462136917507e-15
6.684908581733709070e+03 4.545811870971656604e-15
6.690426510334020350e+03 4.562327045130146137e-15
6.695944438934331629e+03 4.485084729309072860e-15
6.701462367534642908e+03 4.553952241556913400e-15
6.706980296134954187e+03 4.394250044467802044e-15
6.712498224735265467e+03 4.304053874596571295e-15
6.718016153335576746e+03 4.398367917978151963e-15
6.723534081935888025e+03 4.264225133224247636e-15
6.729052010536199305e+03 4.217913411776910883e-15
6.734569939136510584e+03 4.187314099190090557e-15
6.740087867736821863e+03 4.341650022118998574e-15
6.745605796337133143e+03 4.450845243368838585e-15
6.751123724937444422e+03 4.268280185892041520e-15
6.756641653537755701e+03 4.250134941745982880e-15
6.762159582138066980e+03 4.160407310658814605e-15
6.767677510738378260e+03 4.239894162833707090e-15
6.773195439338689539e+03 4.116562779645294485e-15
6.778713367939000818e+03 4.020223582071007404e-15
6.784231296539312098e+03 4.099928671235404088e-15
6.789749225139623377e+03 3.920757902407955134e-15
6.795267153739934656e+03 3.991465869027549968e-15
6.800785082340245935e+03 3.888938164077730859e-15
6.806303010940557215e+03 3.890769293480668926e-15
6.811820939540868494e+03 3.839523191165699697e-15
6.817338868141179773e+03 3.747047475408599655e-15
6.822856796741491053e+03 4.040945462337522213e-15
6.828374725341803241e+03 3.886327500000889678e-15
6.833892653942114521e+03 3.680023689451397251e-15
6.839410582542425800e+03 3.727610477687485567e-15
6.844928511142737079e+03 3.766513920399662795e-15
6.850446439743048359e+03 3.592205059436585435e-15
6.855964368343359638e+03 3.572954397495864204e-15
6.861482296943670917e+03 3.388387252854486406e-15
6.867000225543982197e+03 2.944241442045169259e-15
6.872518154144293476e+03 2.663179847278501314e-15
6.878036082744604755e+03 2.650524392230484018e-15
6.883554011344916034e+03 2.865083417718030289e-15
6.889071939945227314e+03 2.869046202273320269e-15
6.894589868545538593e+03 2.770406354936367967e-15
6.900107797145849872e+03 2.928459177716499337e-15
6.905625725746161152e+03 3.088303376085138420e-15
6.911143654346472431e+03 3.040959037038289761e-15
6.916661582946783710e+03 3.156380392730817697e-15
6.922179511547094990e+03 3.139801416154107450e-15
6.927697440147406269e+03 3.130551047087752499e-15
6.933215368747717548e+03 3.245899766181074847e-15
6.938733297348028827e+03 3.352927177574903871e-15
6.944251225948340107e+03 3.243241168492596074e-15
6.949769154548651386e+03 3.441702025883307598e-15
6.955287083148962665e+03 3.494397915455386646e-15
6.960805011749273945e+03 3.411499269865121007e-15
6.966322940349585224e+03 3.579560401720882767e-15
6.971840868949896503e+03 3.615243785464237602e-15
6.977358797550207782e+03 3.358376558474739592e-15
6.982876726150519062e+03 3.491905858438058102e-15
6.988394654750830341e+03 3.551392615652051353e-15
6.993912583351141620e+03 3.391672750200971039e-15
6.999430511951452900e+03 3.475751904124265569e-15
7.004948440551764179e+03 3.570364019316098582e-15
7.010466369152075458e+03 3.544100980825076290e-15
7.015984297752386738e+03 3.612878351707686594e-15
7.021502226352698017e+03 3.362106546001495156e-15
7.027020154953009296e+03 3.351843681636759153e-15
7.032538083553320575e+03 3.604059548742015068e-15
7.038056012153631855e+03 3.587014814512292863e-15
7.043573940753943134e+03 3.535184020292910812e-15
7.049091869354254413e+03 3.542981002991383877e-15
7.054609797954565693e+03 3.540971717605260980e-15
7.060127726554876972e+03 3.530707380877026972e-15
7.065645655155189161e+03 3.469690837989231052e-15
7.071163583755500440e+03 3.515103272531542275e-15
7.076681512355811719e+03 3.541959837107962656e-15
7.082199440956122999e+03 3.400868641817922293e-15
7.087717369556434278e+03 3.489163499626171678e-15
7.093235298156745557e+03 3.417188646015032912e-15
7.098753226757056837e+03 3.479916566074644090e-15
7.104271155357368116e+03 3.431375195504405782e-15
7.109789083957679395e+03 3.510348520010593028e-15
7.115307012557990674e+03 3.569352832785270436e-15
7.120824941158301954e+03 3.613945651647360359e-15
7.126342869758613233e+03 3.525417833214632248e-15
7.131860798358924512e+03 3.573995031296640615e-15
7.137378726959235792e+03 3.482507598638186165e-15
7.142896655559547071e+03 3.463038699707961129e-15
7.148414584159858350e+03 3.431356709162716455e-15
7.153932512760169629e+03 3.272495722418454864e-15
7.159450441360480909e+03 3.135751271364638146e-15
7.164968369960792188e+03 2.952724382537489022e-15
7.170486298561103467e+03 3.067856991388581629e-15
7.176004227161414747e+03 3.060341557310000546e-15
7.181522155761726026e+03 2.803825243620716657e-15
7.187040084362037305e+03 2.917156170338819067e-15
7.192558012962348585e+03 3.043448312924567001e-15
7.198075941562659864e+03 3.152081909298119081e-15
7.203593870162971143e+03 3.205326826858785202e-15
7.209111798763282422e+03 3.248788870554869268e-15
7.214629727363593702e+03 3.504497838259743305e-15
7.220147655963904981e+03 3.681322641247996046e-15
7.225665584564216260e+03 3.639881007462238519e-15
7.231183513164527540e+03 3.539259686049668481e-15
7.236701441764838819e+03 3.554563105049794628e-15
7.242219370365150098e+03 3.594003306054747086e-15
7.247737298965461378e+03 3.716276059888527280e-15
7.253255227565772657e+03 3.762762828996110515e-15
7.258773156166083936e+03 3.770586968621313470e-15
7.264291084766395215e+03 3.719543234489266107e-15
7.269809013366706495e+03 3.772816617744215418e-15
7.275326941967017774e+03 3.804219513608730400e-15
7.280844870567329053e+03 3.896466685831844154e-15
7.286362799167640333e+03 3.749603825631981055e-15
7.291880727767951612e+03 3.899764289278195530e-15
7.297398656368262891e+03 3.661437554235837776e-15
7.302916584968574170e+03 3.879047316890005300e-15
7.308434513568885450e+03 3.990543024306565827e-15
7.313952442169196729e+03 3.934239516973960230e-15
7.319470370769508008e+03 3.867651223420100362e-15
7.324988299369819288e+03 3.966631513916841962e-15
7.330506227970130567e+03 4.064582949520786458e-15
7.336024156570441846e+03 4.043505575267619597e-15
7.341542085170753126e+03 4.032807872883316328e-15
7.347060013771064405e+03 4.091803187881064552e-15
7.352577942371375684e+03 4.198412938829463519e-15
7.358095870971686963e+03 4.160760187110359268e-15
7.363613799571998243e+03 4.267568870726851161e-15
7.369131728172309522e+03 4.373764723936535268e-15
7.374649656772620801e+03 4.257735282119579815e-15
7.380167585372932081e+03 4.090339822160589985e-15
7.385685513973243360e+03 4.212104774183708704e-15
7.391203442573554639e+03 4.102469643440034508e-15
7.396721371173865919e+03 4.266507787433055671e-15
7.402239299774177198e+03 4.051068124978117114e-15
7.407757228374488477e+03 3.901295383719552288e-15
7.413275156974799756e+03 4.060078989582227628e-15
7.418793085575111036e+03 4.429159946587187728e-15
7.424311014175422315e+03 4.317126499302186109e-15
7.429828942775733594e+03 4.200141657171360297e-15
7.435346871376044874e+03 4.158586160608470007e-15
7.440864799976356153e+03 3.996912795988222610e-15
7.446382728576667432e+03 4.231679356093859265e-15
7.451900657176978712e+03 4.507032761177037750e-15
7.457418585777289991e+03 4.330462186286004367e-15
7.462936514377601270e+03 4.250750226091952956e-15
7.468454442977912549e+03 4.269855287642375181e-15
7.473972371578223829e+03 4.354855977519100158e-15
7.479490300178535108e+03 4.306944614929806848e-15
7.485008228778846387e+03 4.447402693915963867e-15
7.490526157379157667e+03 4.664600521982746677e-15
7.496044085979468946e+03 4.438709696231348719e-15
7.501562014579780225e+03 4.231468317325897624e-15
7.507079943180091504e+03 4.115484682373306488e-15
7.512597871780402784e+03 4.264952971579797569e-15
7.518115800380714063e+03 4.180309575245108114e-15
7.523633728981025342e+03 4.249390743796016894e-15
7.529151657581336622e+03 3.962148330663191622e-15
7.534669586181647901e+03 3.940082346119490153e-15
7.540187514781959180e+03 3.648087634404878712e-15
7.545705443382270460e+03 3.631207968482809521e-15
7.551223371982581739e+03 3.627519861517757585e-15
7.556741300582893018e+03 3.454814404403352372e-15
7.562259229183204297e+03 3.310871077422896637e-15
7.567777157783515577e+03 3.159775662955830488e-15
7.573295086383826856e+03 2.750935002066980642e-15
7.578813014984138135e+03 2.705221387391478332e-15
7.584330943584449415e+03 2.628295793318291826e-15
7.589848872184760694e+03 2.266177643292553668e-15
7.595366800785071973e+03 1.678549846065300899e-15
7.600884729385383253e+03 1.127279120679438018e-15
7.606402657985694532e+03 7.613604732750128702e-16
7.611920586586005811e+03 8.293355696474825076e-16
7.617438515186317090e+03 1.135389226015026180e-15
7.622956443786628370e+03 1.457253121617690626e-15
7.628474372386939649e+03 1.526663281612296245e-15
7.633992300987250928e+03 1.265793630770238997e-15
7.639510229587562208e+03 1.210167623321165681e-15
7.645028158187873487e+03 1.405325249565046322e-15
7.650546086788184766e+03 1.715925466255005802e-15
7.656064015388496045e+03 2.115899717758434756e-15
7.661581943988807325e+03 2.345504171442173409e-15
7.667099872589118604e+03 2.396200918576666550e-15
7.672617801189429883e+03 2.393805383166390826e-15
7.678135729789741163e+03 2.700410848653571693e-15
7.683653658390052442e+03 2.787833903675414848e-15
7.689171586990363721e+03 2.845488059122972815e-15
7.694689515590675001e+03 3.173955341415548632e-15
7.700207444190986280e+03 3.210795839271919240e-15
7.705725372791297559e+03 3.117886267070918188e-15
7.711243301391608838e+03 3.011478557113552071e-15
7.716761229991920118e+03 3.086401082446492770e-15
7.722279158592231397e+03 3.211018329755971565e-15
7.727797087192542676e+03 3.459685310044651967e-15
7.733315015792853956e+03 3.583490957875173177e-15
7.738832944393165235e+03 3.496665028049499392e-15
7.744350872993476514e+03 3.515047159122696657e-15
7.749868801593788703e+03 3.482584652327884189e-15
7.755386730194099982e+03 3.807898459200909631e-15
7.760904658794411262e+03 3.993446852315334379e-15
7.766422587394722541e+03 3.916361752196595104e-15
7.771940515995033820e+03 3.979442712303695649e-15
7.777458444595345100e+03 3.899579262265355579e-15
7.782976373195656379e+03 4.176005693146253171e-15
7.788494301795967658e+03 4.702466112025199194e-15
7.794012230396278937e+03 4.936043820404653832e-15
7.799530158996590217e+03 4.937810656601537860e-15
7.805048087596901496e+03 4.857092254159039361e-15
7.810566016197212775e+03 4.814522789934270804e-15
7.816083944797524055e+03 4.640758049081456332e-15
7.821601873397835334e+03 4.840761943417446258e-15
7.827119801998146613e+03 5.282180609837683255e-15
7.832637730598457892e+03 5.233679320273763528e-15
7.838155659198769172e+03 5.345338296442592020e-15
7.843673587799080451e+03 4.884527621185883700e-15
7.849191516399391730e+03 4.734667028905306224e-15
7.854709444999703010e+03 4.835685724866231548e-15
7.860227373600014289e+03 5.290302657677194639e-15
7.865745302200325568e+03 5.441640684929443968e-15
7.871263230800636848e+03 5.206247879549578695e-15
7.876781159400948127e+03 5.268476013999793691e-15
7.882299088001259406e+03 5.092391646254791740e-15
7.887817016601570685e+03 5.104808578416229672e-15
7.893334945201881965e+03 5.439588537405951580e-15
7.898852873802193244e+03 5.694966223323909023e-15
7.904370802402504523e+03 5.833316041377728825e-15
7.909888731002815803e+03 5.672816641252744607e-15
7.915406659603127082e+03 5.443902889645232923e-15
7.920924588203438361e+03 5.455256775361545217e-15
7.926442516803749641e+03 5.520208782281956127e-15
7.931960445404060920e+03 5.764750854434689151e-15
7.937478374004372199e+03 5.997738145051683652e-15
7.942996302604683478e+03 5.913316912009159480e-15
7.948514231204994758e+03 5.503504981999855758e-15
7.954032159805306037e+03 5.361559815881321251e-15
7.959550088405617316e+03 5.410356232528497707e-15
7.965068017005928596e+03 5.480579955153391255e-15
7.970585945606239875e+03 5.553425793571216670e-15
7.976103874206551154e+03 5.427184202132212928e-15
7.981621802806862433e+03 5.042192230790532884e-15
7.987139731407173713e+03 4.531970836116340740e-15
7.992657660007484992e+03 4.649109622030618290e-15
7.998175588607796271e+03 4.552739668418829250e-15
8.003693517208107551e+03 4.776341296123653067e-15
8.009211445808418830e+03 4.961048315297284530e-15
8.014729374408730109e+03 4.599608924843849723e-15
8.020247303009041389e+03 4.348589598474150526e-15
8.025765231609352668e+03 4.039946709098450614e-15
8.031283160209663947e+03 4.001220277197849227e-15
8.036801088809975226e+03 4.122498858478992991e-15
8.042319017410286506e+03 4.108195501485492926e-15
8.047836946010597785e+03 4.160703910105569340e-15
8.053354874610909064e+03 4.023798644238647340e-15
8.058872803211220344e+03 3.794162125749853823e-15
8.064390731811531623e+03 3.642220102271780793e-15
8.069908660411842902e+03 3.713152686122701622e-15
8.075426589012154182e+03 3.869631715920052631e-15
8.080944517612465461e+03 3.895789725814927428e-15
8.086462446212776740e+03 3.784666853555096924e-15
8.091980374813088019e+03 3.465443069299221727e-15
8.097498303413399299e+03 3.192451826053710802e-15
8.103016232013710578e+03 3.224981570781571741e-15
8.108534160614021857e+03 3.577584980695198599e-15
8.114052089214333137e+03 3.449725752560381509e-15
8.119570017814644416e+03 3.296119958330241405e-15
8.125087946414956605e+03 3.102617203219065279e-15
8.130605875015267884e+03 2.903818847395560072e-15
8.136123803615579163e+03 2.679911949658940563e-15
8.141641732215890443e+03 2.716891831259732298e-15
8.147159660816201722e+03 2.725003081766929845e-15
8.152677589416513001e+03 2.565533354514463889e-15
8.158195518016824280e+03 2.287306386672185484e-15
8.163713446617135560e+03 2.162891834737515993e-15
8.169231375217446839e+03 1.925506757949719146e-15
8.174749303817758118e+03 1.977688138277427487e-15
8.180267232418069398e+03 1.885395159189949810e-15
8.185785161018380677e+03 1.894543117195263473e-15
8.191303089618691956e+03 1.950412277296135523e-15
8.196821018219003236e+03 1.805713300649623511e-15
8.202338946819314515e+03 1.777093826178978213e-15
8.207856875419625794e+03 1.611107745278891592e-15
8.213374804019937073e+03 1.610604851346556077e-15
8.218892732620248353e+03 1.727734803079848556e-15
8.224410661220559632e+03 1.747914689983375527e-15
8.229928589820870911e+03 1.417345428842717071e-15
8.235446518421182191e+03 1.417179231723049145e-15
8.240964447021493470e+03 1.351415101816658581e-15
8.246482375621804749e+03 1.328281506500990184e-15
8.252000304222116029e+03 1.390857216894158169e-15
8.257518232822427308e+03 1.238096395715584405e-15
8.263036161422738587e+03 1.238481255174211186e-15
8.268554090023049866e+03 1.022587695772211935e-15
8.274072018623361146e+03 1.069175452656122851e-15
8.279589947223672425e+03 9.019600627528647836e-16
8.285107875823983704e+03 9.178908721988289325e-16
8.290625804424294984e+03 7.921255085532635485e-16
8.296143733024606263e+03 8.225810693839542141e-16
8.301661661624917542e+03 7.822966642283728659e-16
8.307179590225228822e+03 7.872298999243961555e-16
8.312697518825540101e+03 7.740582178745944712e-16
8.318215447425851380e+03 7.528719705205921732e-16
8.323733376026162659e+03 8.124153319312631848e-16
8.329251304626473939e+03 8.527583044348524409e-16
8.334769233226785218e+03 9.101948281978997439e-16
8.340287161827096497e+03 8.714310964220313763e-16
8.345805090427407777e+03 7.739637412168445458e-16
8.351323019027719056e+03 9.272715781538930070e-16
8.356840947628030335e+03 9.698819413647005137e-16
8.362358876228341614e+03 8.900468425034831300e-16
8.367876804828652894e+03 9.771765699974542088e-16
8.373394733428964173e+03 1.219121229344821981e-15
8.378912662029275452e+03 1.346629985888474075e-15
8.384430590629586732e+03 1.198815700756183139e-15
8.389948519229898011e+03 1.100124108022094048e-15
8.395466447830209290e+03 1.133276384396251821e-15
8.400984376430520570e+03 1.265542232882854553e-15
8.406502305030831849e+03 1.401644193585187105e-15
8.412020233631143128e+03 1.454146761830056882e-15
8.417538162231454407e+03 1.353885515090574460e-15
8.423056090831765687e+03 1.376233457244028293e-15
8.428574019432076966e+03 1.347809659882188324e-15
8.434091948032388245e+03 1.454865275216789799e-15
8.439609876632699525e+03 1.402793553250449309e-15
8.445127805233010804e+03 1.553650395752153275e-15
8.450645733833322083e+03 1.701590208052395183e-15
8.456163662433633363e+03 1.684921090110455095e-15
8.461681591033944642e+03 1.607342421028197519e-15
8.467199519634255921e+03 1.545960731993045881e-15
8.472717448234567200e+03 1.634219107905748951e-15
8.478235376834878480e+03 1.793336285898559455e-15
8.483753305435189759e+03 2.065128698065295290e-15
8.489271234035501038e+03 2.121161290514379221e-15
8.494789162635812318e+03 2.147087484956384282e-15
8.500307091236123597e+03 2.312102460331961535e-15
8.505825019836434876e+03 2.390529374384667519e-15
8.511342948436746155e+03 2.648504800299878243e-15
8.516860877037057435e+03 2.743826267505571072e-15
8.522378805637368714e+03 3.149913608654275951e-15
8.527896734237679993e+03 3.087274194000453483e-15
8.533414662837991273e+03 3.305954364917233119e-15
8.538932591438302552e+03 3.394469913654149387e-15
8.544450520038613831e+03 3.478162326765459736e-15
8.549968448638925111e+03 3.880921472026255985e-15
8.555486377239236390e+03 4.373761942805484358e-15
8.561004305839547669e+03 4.711597546840152887e-15
8.566522234439858948e+03 4.677725660986436225e-15
8.572040163040170228e+03 4.362276689546015441e-15
8.577558091640481507e+03 4.150940176966453065e-15
8.583076020240792786e+03 4.211525644541397308e-15
8.588593948841104066e+03 4.496578162365750986e-15
8.594111877441415345e+03 4.938298008919178677e-15
8.599629806041728443e+03 5.056155471816132665e-15
8.605147734642039723e+03 5.243061056883276285e-15
8.610665663242351002e+03 4.913045502575207684e-15
8.616183591842662281e+03 4.573977857485101787e-15
8.621701520442973560e+03 4.772210007745883105e-15
8.627219449043284840e+03 5.079887190263230568e-15
8.632737377643596119e+03 5.581694681933535284e-15
8.638255306243907398e+03 5.980682613489648004e-15
8.643773234844218678e+03 5.883079310054868692e-15
8.649291163444529957e+03 5.484453743515060384e-15
8.654809092044841236e+03 5.362189987458209374e-15
8.660327020645152515e+03 5.589557430201559999e-15
8.665844949245463795e+03 5.711126721475468845e-15
8.671362877845775074e+03 6.453847563661182532e-15
8.676880806446086353e+03 6.879285360276543725e-15
8.682398735046397633e+03 6.469116136725203692e-15
8.687916663646708912e+03 6.306847119272285326e-15
8.693434592247020191e+03 6.069906369068815100e-15
8.698952520847331471e+03 6.086672826597527981e-15
8.704470449447642750e+03 6.567944282993880181e-15
8.709988378047954029e+03 7.191258081499595766e-15
8.715506306648265308e+03 7.365980513009498576e-15
8.721024235248576588e+03 7.397569744654406415e-15
8.726542163848887867e+03 6.719284600589348277e-15
8.732060092449199146e+03 6.186249751502606414e-15
8.737578021049510426e+03 6.400778020952652303e-15
8.743095949649821705e+03 6.939707886291110202e-15
8.748613878250132984e+03 7.105369392837991633e-15
8.754131806850444264e+03 7.098658687208713802e-15
8.759649735450755543e+03 6.650652830097035796e-15
8.765167664051066822e+03 6.009261516166142185e-15
8.770685592651378101e+03 5.581898358884010056e-15
8.776203521251689381e+03 5.748427741914638605e-15
8.781721449852000660e+03 5.819915897591913795e-15
8.787239378452311939e+03 6.110184181307847226e-15
8.792757307052623219e+03 6.306942004919895436e-15
8.798275235652934498e+03 5.910750909625073232e-15
8.803793164253245777e+03 5.702735885499708675e-15
8.809311092853557057e+03 5.441560032128974664e-15
8.814829021453868336e+03 5.462984556975640846e-15
8.820346950054179615e+03 5.782718760577282540e-15
8.825864878654490894e+03 5.882867289711241977e-15
8.831382807254802174e+03 5.708974289638208837e-15
8.836900735855113453e+03 5.467083616952412422e-15
8.842418664455424732e+03 4.987245915410644581e-15
8.847936593055736012e+03 4.379665302450353125e-15
8.853454521656047291e+03 4.851920986364268654e-15
8.858972450256358570e+03 4.946171554519517623e-15
8.864490378856669849e+03 4.791922501036956394e-15
8.870008307456981129e+03 4.369647014022129660e-15
8.875526236057292408e+03 3.591294157219524121e-15
8.881044164657603687e+03 3.601819756670575340e-15
8.886562093257914967e+03 3.764369668359610419e-15
8.892080021858226246e+03 3.821050427939440054e-15
8.897597950458537525e+03 3.483421445582241517e-15
8.903115879058848805e+03 3.647647234123210019e-15
8.908633807659160084e+03 3.473262137450156187e-15
8.914151736259471363e+03 3.078797797345900220e-15
8.919669664859782642e+03 3.448870145772445444e-15
8.925187593460093922e+03 3.482133781905790279e-15
8.930705522060405201e+03 3.617219206489920981e-15
8.936223450660716480e+03 3.794553447248275146e-15
8.941741379261027760e+03 3.756005498522748392e-15
8.947259307861339039e+03 3.304793815289390772e-15
8.952777236461650318e+03 3.475771535637564675e-15
8.958295165061961598e+03 3.479528680091050524e-15
8.963813093662272877e+03 3.615976858890000735e-15
8.969331022262584156e+03 3.983430363442497540e-15
8.974848950862895435e+03 3.716705662837880952e-15
8.980366879463206715e+03 3.120778643363595661e-15
8.985884808063517994e+03 3.115671995966766824e-15
8.991402736663829273e+03 3.159898687105835562e-15
8.996920665264140553e+03 3.158353523413282308e-15
9.002438593864451832e+03 3.354603218022781999e-15
9.007956522464763111e+03 3.342353153724382918e-15
9.013474451065074390e+03 2.900252292217015600e-15
9.018992379665385670e+03 2.970243545005262959e-15
9.024510308265696949e+03 2.833441835370992422e-15
9.030028236866008228e+03 2.776442718083834883e-15
9.035546165466319508e+03 2.938476484569057728e-15
9.041064094066630787e+03 3.015823501794390274e-15
9.046582022666942066e+03 2.601235224599508841e-15
9.052099951267253346e+03 2.767649599681395637e-15
9.057617879867564625e+03 2.517873602487282154e-15
9.063135808467875904e+03 2.692453869121714110e-15
9.068653737068187183e+03 2.660777604434515173e-15
9.074171665668498463e+03 2.412312665136866834e-15
9.079689594268809742e+03 2.214604676281161465e-15
9.085207522869121021e+03 2.065944878230689227e-15
9.090725451469432301e+03 2.135798874021790311e-15
9.096243380069743580e+03 2.443407673434480313e-15
9.101761308670054859e+03 2.481876114531147147e-15
9.107279237270366139e+03 2.341488054609088721e-15
9.112797165870677418e+03 2.285018824585052475e-15
9.118315094470988697e+03 2.255570573061313171e-15
9.123833023071299976e+03 2.210067179174051738e-15
9.129350951671611256e+03 2.419527246274145056e-15
9.134868880271922535e+03 2.567155571896714379e-15
9.140386808872233814e+03 2.310396481826303000e-15
9.145904737472545094e+03 2.171828263187035872e-15
9.151422666072856373e+03 2.277123193532252922e-15
9.156940594673167652e+03 2.469103688383058347e-15
9.162458523273478932e+03 2.756835580580797710e-15
9.167976451873790211e+03 2.532965982719447054e-15
9.173494380474101490e+03 2.184953892978557168e-15
9.179012309074412769e+03 2.316196285238520305e-15
9.184530237674724049e+03 2.456016012850580779e-15
9.190048166275035328e+03 2.747266363019282713e-15
9.195566094875346607e+03 2.792092633293683109e-15
9.201084023475657887e+03 2.283481677093763332e-15
9.206601952075969166e+03 2.432046753092569376e-15
9.212119880676280445e+03 2.737817388476722668e-15
9.217637809276591724e+03 3.025033626258483123e-15
9.223155737876903004e+03 3.107942414797286147e-15
9.228673666477214283e+03 3.429216383425323979e-15
9.234191595077525562e+03 3.044816629401487147e-15
9.239709523677836842e+03 3.262387292625001559e-15
9.245227452278148121e+03 3.418027566016664698e-15
