3.776699999999999818e+03 9.440696427897648220e-16 1.262000000000000080e-32
3.802300000000000182e+03 8.234425346444773135e-16 1.185999999999999958e-32
3.827900000000000091e+03 7.847262891559299847e-16 8.944000000000000205e-33
3.853400000000000091e+03 6.781121504598556138e-16 6.361000000000000368e-33
3.879000000000000000e+03 5.297480306212805595e-16 5.764999999999999779e-33
3.904599999999999909e+03 7.351752734746922869e-16 4.839999999999999915e-33
3.930099999999999909e+03 7.975835497845894869e-16 5.076999999999999921e-33
3.955699999999999818e+03 1.154986502540806293e-15 3.984999999999999912e-33
3.981300000000000182e+03 1.392051274356874419e-15 4.334999999999999897e-33
4.006800000000000182e+03 1.565985451850199162e-15 3.209999999999999749e-33
4.032400000000000091e+03 1.563096179798815024e-15 3.073999999999999952e-33
4.058000000000000000e+03 1.526980279156513400e-15 3.479999999999999894e-33
4.083599999999999909e+03 1.245709644954268300e-15 2.706999999999999863e-33
4.109100000000000364e+03 1.067008168576159601e-15 2.246000000000000031e-33
4.134699999999999818e+03 9.648724015597304567e-16 2.009000000000000026e-33
4.160300000000000182e+03 1.051261635896116159e-15 1.523999999999999968e-33
4.185800000000000182e+03 1.033781539985241917e-15 1.227000000000000082e-33
4.211399999999999636e+03 1.055884471178330700e-15 1.199999999999999999e-33
4.237000000000000000e+03 1.023813551407966750e-15 1.198999999999999932e-33
4.262600000000000364e+03 1.120170774321627817e-15 1.209999999999999979e-33
4.288100000000000364e+03 1.173766770874803288e-15 1.456000000000000069e-33
4.313699999999999818e+03 1.223173322953471867e-15 9.878000000000000666e-34
4.339300000000000182e+03 1.288615334917322520e-15 9.483999999999999469e-34
4.364800000000000182e+03 1.418343650024470290e-15 1.312999999999999978e-33
4.390399999999999636e+03 1.337299568983145016e-15 1.000999999999999951e-33
4.416000000000000000e+03 1.176222652118479578e-15 1.013999999999999960e-33
4.441600000000000364e+03 1.019046252523183189e-15 9.663999999999999452e-34
4.467100000000000364e+03 9.135878226476620593e-16 8.225000000000000683e-34
4.492699999999999818e+03 1.012978781215276283e-15 9.599000000000000266e-34
4.518300000000000182e+03 1.122771119167873126e-15 9.968999999999999185e-34
4.543800000000000182e+03 1.285870526468507599e-15 9.419999999999999665e-34
4.569399999999999636e+03 1.509644646848208375e-15 6.718999999999999687e-34
4.595000000000000000e+03 1.698891966213869108e-15 7.659999999999999929e-34
4.620500000000000000e+03 1.732118594804786595e-15 2.691000000000000169e-33
4.646100000000000364e+03 1.736452502881862703e-15 3.283999999999999875e-33
4.671699999999999818e+03 1.720561506599250043e-15 7.029999999999999990e-34
4.697300000000000182e+03 1.490864378514211578e-15 2.479999999999999838e-33
4.722800000000000182e+03 1.253077288685297566e-15 4.626000000000000411e-34
4.748399999999999636e+03 1.006622382702231140e-15 5.883999999999999815e-34
4.774000000000000000e+03 9.037642976729563061e-16 4.913000000000000146e-34
4.799500000000000000e+03 8.295100059523841213e-16 5.220000000000000354e-34
4.825100000000000364e+03 7.182730319740951101e-16 4.293000000000000015e-34
4.850699999999999818e+03 8.141968640800481316e-16 3.858999999999999582e-34
4.876300000000000182e+03 9.856751603296962886e-16 3.600000000000000082e-34
4.901800000000000182e+03 9.855306967271272691e-16 3.380000000000000008e-34
4.927399999999999636e+03 9.674727464059763583e-16 1.616999999999999987e-33
4.953000000000000000e+03 1.141262460296731885e-15 3.874999999999999960e-34
4.978500000000000000e+03 1.329354070841838884e-15 3.198999999999999788e-34
5.004100000000000364e+03 1.404764071382964310e-15 5.187000000000000214e-34
5.029699999999999818e+03 1.444347098486926939e-15 4.138999999999999878e-33
5.055300000000000182e+03 1.219995123696949296e-15 2.970999999999999952e-34
5.080800000000000182e+03 1.003299719843139549e-15 2.804000000000000063e-34
5.106399999999999636e+03 9.465255240334413096e-16 1.242000000000000052e-33
5.132000000000000000e+03 9.345350450201973052e-16 1.237999999999999957e-33
5.157500000000000000e+03 1.098212306731108251e-15 2.291999999999999922e-34
5.183100000000000364e+03 1.278647346340047156e-15 3.258000000000000115e-34
5.208699999999999818e+03 1.470639474154522810e-15 3.445000000000000049e-34
5.234199999999999818e+03 1.513978554925284681e-15 2.485999999999999809e-34
5.259800000000000182e+03 1.547205183516202167e-15 3.580999999999999846e-34
5.285399999999999636e+03 1.626660164929265662e-15 3.254999999999999830e-34
5.311000000000000000e+03 1.661331429545875316e-15 1.216000000000000035e-33
5.336500000000000000e+03 1.729229322753402260e-15 3.566999999999999942e-34
5.362100000000000364e+03 1.703225874290945216e-15 2.860999999999999915e-34
5.387699999999999818e+03 1.597767444415424284e-15 3.823000000000000013e-34
5.413199999999999818e+03 1.427733784191468393e-15 1.399000000000000046e-33
5.438800000000000182e+03 1.322997672328793544e-15 1.183999999999999962e-33
5.464399999999999636e+03 1.246143035761975753e-15 3.317999999999999824e-34
5.490000000000000000e+03 1.121182019539612137e-15 1.116000000000000064e-33
5.515500000000000000e+03 1.038404375267456854e-15 1.203999999999999922e-33
5.541100000000000364e+03 1.038837766075164307e-15 1.136999999999999919e-33
5.566699999999999818e+03 1.091855908218063108e-15 1.976999999999999953e-34
5.592199999999999818e+03 1.008789336740769391e-15 3.415000000000000195e-34
5.617800000000000182e+03 8.248871706701693824e-16 1.443000000000000061e-33
5.643399999999999636e+03 6.798457136906859190e-16 7.153000000000000120e-34
5.668899999999999636e+03 5.986571690467920203e-16 1.765000000000000068e-34
5.694500000000000000e+03 5.879668624566706708e-16 8.887000000000000524e-34
5.720100000000000364e+03 4.979660380560550432e-16 8.463000000000000755e-34
5.745699999999999818e+03 3.721382402182760274e-16 6.776999999999999776e-34
5.771199999999999818e+03 3.194090252805157090e-16 1.369999999999999916e-34
5.796800000000000182e+03 3.179643892548236401e-16 1.833999999999999990e-34
5.822399999999999636e+03 3.507576270380334764e-16 1.623999999999999939e-34
5.847899999999999636e+03 4.297792176433894690e-16 6.743999999999999637e-34
5.873500000000000000e+03 5.294591034161419288e-16 3.332000000000000155e-34
5.899100000000000364e+03 6.191710006116192215e-16 2.140000000000000175e-34
5.924699999999999818e+03 7.149503691150032234e-16 1.743000000000000146e-33
5.950199999999999818e+03 7.507773425521666116e-16 1.041999999999999938e-33
5.975800000000000182e+03 7.379200819235071094e-16 3.256000000000000067e-34
6.001399999999999636e+03 6.849019397806082095e-16 1.874000000000000081e-34
6.026899999999999636e+03 6.320282612402788223e-16 5.893000000000000242e-34
6.052500000000000000e+03 5.993794870596381041e-16 7.031999999999999609e-34
6.078100000000000364e+03 5.712090845586428094e-16 1.822999999999999944e-34
6.103699999999999818e+03 6.081917668163595371e-16 1.592000000000000037e-34
6.129199999999999818e+03 6.752228784084714760e-16 1.625999999999999986e-34
6.154800000000000182e+03 7.619010399499954141e-16 6.724000000000000019e-34
6.180399999999999636e+03 8.357219408628600473e-16 1.408999999999999983e-34
6.205899999999999636e+03 8.685151786460696864e-16 4.809000000000000251e-34
6.231500000000000000e+03 9.471033784437179794e-16 6.102000000000000269e-34
6.257100000000000364e+03 9.705064820599295156e-16 1.406999999999999936e-34
6.282600000000000364e+03 1.043460601357378848e-15 6.184000000000000071e-34
6.308199999999999818e+03 1.051550563101254592e-15 6.174999999999999644e-34
6.333800000000000182e+03 1.039849011293148824e-15 7.132999999999999647e-34
6.359399999999999636e+03 9.970877849326636232e-16 6.030999999999999658e-34
6.384899999999999636e+03 1.042449356139394528e-15 5.432000000000000238e-34
6.410500000000000000e+03 1.110780640154629319e-15 5.011999999999999708e-34
6.436100000000000364e+03 1.131727862527163776e-15 5.965999999999999617e-34
6.461600000000000364e+03 1.209593744311966479e-15 4.780999999999999588e-34
6.487199999999999818e+03 1.224329031774025404e-15 4.752000000000000399e-34
6.512800000000000182e+03 1.255677633531543270e-15 3.454000000000000048e-34
6.538399999999999636e+03 1.297283151071474737e-15 4.968000000000000378e-34
6.563899999999999636e+03 1.299450105110012594e-15 1.227999999999999977e-34
6.589500000000000000e+03 1.248743380608221458e-15 1.808000000000000016e-34
6.615100000000000364e+03 1.119015065501074083e-15 1.580999999999999991e-34
6.640600000000000364e+03 9.586604666492547280e-16 1.302000000000000017e-34
6.666199999999999818e+03 7.585783770909035274e-16 8.997999999999999729e-35
6.691800000000000182e+03 6.210490274450190393e-16 2.260000000000000020e-34
6.717399999999999636e+03 5.297480306212805595e-16 5.836999999999999558e-35
6.742899999999999636e+03 4.471148499516942960e-16 5.968999999999999902e-35
6.768500000000000000e+03 4.082541408605777505e-16 2.451000000000000050e-34
6.794100000000000364e+03 3.900517269368577215e-16 6.629999999999999719e-35
6.819600000000000364e+03 3.783501751287519534e-16 4.822000000000000131e-35
6.845199999999999818e+03 3.722827038208452442e-16 6.031999999999999896e-35
6.870800000000000182e+03 3.855733552572122980e-16 2.741999999999999879e-34
6.896300000000000182e+03 3.607256156153086928e-16 6.458999999999999736e-35
6.921899999999999636e+03 3.738718034491065792e-16 2.572000000000000133e-34
6.947500000000000000e+03 3.955413438344875144e-16 5.851999999999999913e-35
6.973100000000000364e+03 3.842731828340894458e-16 5.238999999999999734e-35
6.998600000000000364e+03 4.068095048348856323e-16 4.012000000000000208e-35
7.024199999999999818e+03 4.349799073358809763e-16 4.860999999999999771e-35
7.049800000000000182e+03 4.765854248758124429e-16 2.030000000000000138e-34
7.075300000000000182e+03 4.955101568123785556e-16 4.832999999999999536e-35
7.100899999999999636e+03 5.105343714795760133e-16 2.014999999999999996e-34
7.126500000000000000e+03 5.239694865185122838e-16 4.374000000000000114e-35
7.152100000000000364e+03 5.340819386983566677e-16 4.135000000000000018e-35
7.177600000000000364e+03 5.571961151094297704e-16 5.381000000000000315e-35
7.203199999999999818e+03 6.323171884454169599e-16 6.313000000000000344e-35
7.228800000000000182e+03 6.960256371784372093e-16 5.985000000000000494e-35
7.254300000000000182e+03 7.734581281555318668e-16 3.173000000000000028e-34
7.279899999999999636e+03 8.874399105826357991e-16 3.262000000000000209e-34
7.305500000000000000e+03 1.025113723831089701e-15 2.590999999999999941e-34
7.331100000000000364e+03 1.106735659282691250e-15 2.757999999999999830e-34
7.356600000000000364e+03 1.122771119167873126e-15 7.857000000000000314e-35
7.382199999999999818e+03 1.067297095781298035e-15 6.791999999999999704e-35
7.407800000000000182e+03 9.733957541113140479e-16 2.882000000000000198e-34
7.433300000000000182e+03 8.823836844927136072e-16 2.521999999999999805e-34
7.458899999999999636e+03 8.222868258239236781e-16 2.325999999999999872e-34
7.484500000000000000e+03 7.552557142318119365e-16 4.275999999999999827e-35
7.510000000000000000e+03 7.142280511021572383e-16 5.399000000000000313e-35
7.535600000000000364e+03 6.661216714466115108e-16 5.932999999999999905e-35
7.561199999999999818e+03 6.107921116626052415e-16 6.228999999999999639e-35
7.586800000000000182e+03 5.398604828011248447e-16 7.976999999999999946e-35
7.612300000000000182e+03 4.749963252475511572e-16 6.800000000000000535e-35
7.637899999999999636e+03 4.495707311953707836e-16 7.059000000000000034e-35
7.663500000000000000e+03 4.702290263627673988e-16 9.773000000000000962e-35
7.689000000000000000e+03 5.145793523515137865e-16 9.672000000000000496e-35
7.714600000000000364e+03 5.840663451873020157e-16 4.468999999999999903e-34
7.740199999999999818e+03 6.987704456272520318e-16 2.718000000000000166e-34
7.765800000000000182e+03 8.313880327857836433e-16 2.658999999999999840e-34
7.791300000000000182e+03 9.475367692514258268e-16 2.525000000000000090e-34
7.816899999999999636e+03 1.045338628190778469e-15 7.293000000000000012e-35
7.842500000000000000e+03 1.080443283615095773e-15 8.604000000000000242e-35
7.868000000000000000e+03 1.011100754381876662e-15 9.481000000000000039e-35
7.893600000000000364e+03 9.148879950707850100e-16 4.526999999999999993e-34
7.919199999999999818e+03 8.120299100415100775e-16 4.561000000000000370e-34
7.944699999999999818e+03 7.468768252827978578e-16 8.623000000000000478e-35
7.970300000000000182e+03 6.665550622543189638e-16 9.401000000000000285e-35
7.995899999999999636e+03 5.736649658023192970e-16 7.998999999999999825e-35
8.021500000000000000e+03 4.901650035173178316e-16 4.846999999999999653e-35
8.047000000000000000e+03 4.234228191303444249e-16 5.603999999999999818e-35
8.072600000000000364e+03 4.114323401171002726e-16 5.632000000000000053e-35
8.098199999999999818e+03 3.774833935133366529e-16 5.746000000000000398e-35
8.123699999999999818e+03 3.709825313977224906e-16 4.118999999999999961e-35
8.149300000000000182e+03 3.613034700255856584e-16 7.336999999999999770e-35
8.174899999999999636e+03 3.653484508975233331e-16 7.362999999999999530e-35
8.200500000000000000e+03 3.868735276803351502e-16 3.773000000000000113e-34
8.226000000000000000e+03 3.997307883089944551e-16 3.040999999999999898e-34
8.251600000000000364e+03 4.293458268356818187e-16 7.681000000000000212e-35
8.277200000000000728e+03 4.507264400159244190e-16 1.323000000000000087e-34
8.302700000000000728e+03 4.159107117967456468e-16 1.945999999999999861e-34
8.328299999999999272e+03 3.439678377172807821e-16 1.013000000000000064e-33
8.353899999999999636e+03 2.977394848951347245e-16 9.389999999999999383e-34
8.379500000000000000e+03 2.913830863820896311e-16 7.690999999999999594e-34
8.405000000000000000e+03 3.451235465378344668e-16 1.495000000000000094e-34
8.430600000000000364e+03 4.216892558995139718e-16 1.110999999999999988e-34
8.456200000000000728e+03 5.095231262615915946e-16 3.182000000000000027e-34
8.481700000000000728e+03 6.373734145353393491e-16 3.667000000000000170e-34
8.507299999999999272e+03 7.860264615790528369e-16 8.511999999999999776e-35
8.532899999999999636e+03 9.560601218030090236e-16 8.853999999999999743e-35
8.558399999999999636e+03 1.145307441168669559e-15 3.022000000000000090e-34
8.584000000000000000e+03 1.330654243264961243e-15 4.951999999999999999e-34
8.609600000000000364e+03 1.377749377702522946e-15 5.293999999999999966e-34
8.635200000000000728e+03 1.390606638331182054e-15 1.342999999999999918e-34
8.660700000000000728e+03 1.396529646036519546e-15 5.119999999999999698e-34
8.686299999999999272e+03 1.410831542690871019e-15 3.550999999999999991e-34
8.711899999999999636e+03 1.398407672869919364e-15 5.112999999999999746e-34
8.737399999999999636e+03 1.379049550125645502e-15 1.610999999999999931e-33
8.763000000000000000e+03 1.313174147354087593e-15 2.993000000000000045e-33
8.788600000000000364e+03 1.200348073747537395e-15 3.312999999999999748e-33
8.814200000000000728e+03 1.059062670434853272e-15 2.989999999999999846e-33
8.839700000000000728e+03 8.940852363008191781e-16 4.846999999999999867e-34
8.865299999999999272e+03 7.798145266685770095e-16 4.261000000000000113e-34
8.890899999999999636e+03 6.873578210242846971e-16 7.793000000000000724e-34
8.916399999999999636e+03 6.087696212266364041e-16 5.030999999999999944e-34
8.942000000000000000e+03 5.511286438015231598e-16 1.860999999999999987e-34
8.967600000000000364e+03 5.033111913511155700e-16 1.205000000000000074e-34
8.993200000000000728e+03 4.615612102086149853e-16 5.411000000000000383e-34
9.018700000000000728e+03 4.160551753993148635e-16 4.060000000000000275e-34
9.044299999999999272e+03 3.938077806036570120e-16 3.818999999999999918e-34
9.069899999999999636e+03 3.894738725265808545e-16 7.717000000000000209e-35
9.095399999999999636e+03 4.083986044631469180e-16 7.559000000000000105e-35
9.121000000000000000e+03 4.174998114250069324e-16 3.701999999999999929e-34
9.146600000000000364e+03 4.290568996305434838e-16 3.712999999999999976e-34
9.172100000000000364e+03 4.599721105803536996e-16 3.667999999999999980e-34
9.197700000000000728e+03 5.215136052748356976e-16 9.508000000000000037e-35
9.223299999999999272e+03 6.089140848292055223e-16 1.842999999999999989e-34
