3.776699999999999818e+03 2.073523187764243194e-15 5.711000000000000434e-32
3.802300000000000182e+03 1.673543092191278111e-15 5.490000000000000396e-32
3.827900000000000091e+03 1.047859942687855039e-15 2.745000000000000198e-32
3.853400000000000091e+03 1.327406471022365954e-15 4.116999999999999922e-32
3.879000000000000000e+03 1.568053836215989849e-15 2.377000000000000112e-32
3.904599999999999909e+03 2.382299030775239501e-15 1.768000000000000083e-31
3.930099999999999909e+03 3.226213078577536917e-15 1.530000000000000092e-31
3.955699999999999818e+03 3.925079399413819137e-15 1.306000000000000102e-31
3.981300000000000182e+03 4.559113781681951786e-15 1.708999999999999913e-31
4.006800000000000182e+03 4.863494239027309750e-15 1.187999999999999982e-31
4.032400000000000091e+03 4.650318034243918394e-15 1.240000000000000042e-31
4.058000000000000000e+03 3.876730157091811574e-15 2.013999999999999947e-32
4.083599999999999909e+03 3.169073064924261347e-15 1.270999999999999994e-32
4.109100000000000364e+03 2.931722238979861870e-15 8.350999999999999542e-32
4.134699999999999818e+03 2.993257638298781700e-15 1.105000000000000052e-32
4.160300000000000182e+03 2.936117624645499818e-15 7.117000000000000500e-32
4.185800000000000182e+03 3.036112648538741138e-15 8.873000000000000278e-33
4.211399999999999636e+03 2.792168744095886515e-15 4.900999999999999999e-32
4.237000000000000000e+03 3.004246102462874005e-15 3.949999999999999913e-32
4.262600000000000364e+03 3.174567297006301978e-15 3.338999999999999970e-32
4.288100000000000364e+03 3.132811133182752716e-15 3.288000000000000003e-32
4.313699999999999818e+03 3.138305365264799658e-15 2.755000000000000041e-32
4.339300000000000182e+03 3.389941194622517632e-15 2.953999999999999986e-32
4.364800000000000182e+03 3.474552368686029488e-15 2.519999999999999895e-32
4.390399999999999636e+03 3.117427283353023646e-15 2.651000000000000249e-32
4.416000000000000000e+03 2.474602129753615497e-15 1.689000000000000117e-32
4.441600000000000364e+03 2.293292471046092852e-15 1.550000000000000053e-32
4.467100000000000364e+03 2.405374805519835472e-15 1.577999999999999997e-32
4.492699999999999818e+03 2.703162184366740656e-15 1.573000000000000075e-32
4.518300000000000182e+03 3.424005433531201570e-15 1.570999999999999942e-32
4.543800000000000182e+03 3.719595119545288767e-15 1.711999999999999866e-32
4.569399999999999636e+03 4.323960648570375030e-15 1.716000000000000132e-32
4.595000000000000000e+03 5.110734682719389777e-15 2.189999999999999869e-32
4.620500000000000000e+03 5.544779017201041362e-15 1.658000000000000111e-32
4.646100000000000364e+03 5.577744409693318278e-15 1.842000000000000017e-32
4.671699999999999818e+03 5.628291344848140675e-15 2.211999999999999962e-32
4.697300000000000182e+03 5.438190914809344107e-15 1.520999999999999905e-32
4.722800000000000182e+03 4.501973768028673060e-15 1.495000000000000094e-32
4.748399999999999636e+03 3.631687406232549534e-15 1.029999999999999996e-32
4.774000000000000000e+03 3.310824252641045618e-15 8.917000000000000464e-33
4.799500000000000000e+03 2.907547617818858483e-15 8.076000000000000022e-33
4.825100000000000364e+03 2.682284102454962672e-15 8.669999999999999794e-33
4.850699999999999818e+03 2.851506450581987962e-15 9.644999999999999558e-33
4.876300000000000182e+03 3.405325044452247491e-15 8.729999999999999674e-33
4.901800000000000182e+03 3.118526129769433823e-15 6.882999999999999462e-33
4.927399999999999636e+03 3.282254245814409805e-15 8.614000000000000180e-33
4.953000000000000000e+03 4.186604846519216479e-15 8.273000000000000108e-33
4.978500000000000000e+03 4.758004983052028193e-15 8.335999999999999503e-33
5.004100000000000364e+03 4.677789194654150735e-15 6.773000000000000366e-33
5.029699999999999818e+03 4.159133686108984927e-15 6.230999999999999943e-33
5.055300000000000182e+03 3.431697358446065316e-15 5.357000000000000046e-33
5.080800000000000182e+03 3.133909979599162893e-15 4.833000000000000134e-33
5.106399999999999636e+03 3.264672703151861170e-15 4.730000000000000135e-33
5.132000000000000000e+03 3.341591952300507702e-15 4.843000000000000114e-33
5.157500000000000000e+03 3.404226198035835342e-15 3.694999999999999807e-33
5.183100000000000364e+03 3.581140471077723983e-15 5.364999999999999893e-33
5.208699999999999818e+03 3.766845515450881420e-15 4.090000000000000044e-33
5.234199999999999818e+03 4.110784443786976574e-15 4.948000000000000247e-33
5.259800000000000182e+03 4.579991863593728586e-15 5.977000000000000176e-33
5.285399999999999636e+03 5.048100436984060165e-15 5.039000000000000134e-33
5.311000000000000000e+03 5.254683563269000713e-15 5.202000000000000013e-33
5.336500000000000000e+03 5.562360559863587631e-15 5.720000000000000211e-33
5.362100000000000364e+03 5.678838280002969381e-15 6.448999999999999371e-33
5.387699999999999818e+03 5.606314416519960797e-15 5.395999999999999900e-33
5.413199999999999818e+03 5.329405119584832019e-15 4.607000000000000175e-33
5.438800000000000182e+03 5.230508942108002848e-15 5.218999999999999774e-33
5.464399999999999636e+03 5.327207426752009298e-15 5.000999999999999662e-33
5.490000000000000000e+03 5.350283201496605663e-15 4.946000000000000114e-33
5.515500000000000000e+03 5.298637419925365990e-15 5.707000000000000031e-33
5.541100000000000364e+03 5.319515501837145157e-15 5.020000000000000240e-33
5.566699999999999818e+03 5.142601228795253360e-15 1.840000000000000089e-33
5.592199999999999818e+03 4.879976935273456096e-15 1.935999999999999966e-33
5.617800000000000182e+03 4.598672252672681087e-15 1.729000000000000037e-32
5.643399999999999636e+03 4.170122150273079599e-15 3.541999999999999907e-33
5.668899999999999636e+03 3.802008600775981846e-15 2.308000000000000044e-33
5.694500000000000000e+03 3.429499665613250089e-15 2.910000000000000005e-33
5.720100000000000364e+03 2.999850716797235268e-15 2.088000000000000141e-33
5.745699999999999818e+03 2.536137529072532171e-15 1.722999999999999844e-33
5.771199999999999818e+03 2.318565938623501289e-15 1.737000000000000090e-33
5.796800000000000182e+03 2.460317126340295816e-15 2.521000000000000166e-33
5.822399999999999636e+03 2.707557570032374659e-15 1.504000000000000008e-33
5.847899999999999636e+03 3.082264198027926770e-15 1.925999999999999986e-33
5.873500000000000000e+03 3.313021945473868733e-15 1.892999999999999847e-33
5.899100000000000364e+03 3.548175078585444306e-15 1.944999999999999880e-33
5.924699999999999818e+03 3.696519344800696345e-15 2.824000000000000109e-33
5.950199999999999818e+03 3.792118983028301295e-15 2.670999999999999867e-33
5.975800000000000182e+03 3.820688989854945392e-15 2.373999999999999981e-33
6.001399999999999636e+03 3.739374355040660123e-15 2.036999999999999833e-33
6.026899999999999636e+03 3.528395843090083205e-15 2.119000000000000148e-33
6.052500000000000000e+03 3.334998873802057289e-15 1.873999999999999953e-33
6.078100000000000364e+03 3.295440402811320493e-15 1.682999999999999924e-33
6.103699999999999818e+03 3.276760013732360497e-15 1.978000000000000019e-33
6.129199999999999818e+03 3.352580416464600402e-15 1.643000000000000004e-33
6.154800000000000182e+03 3.593227781658224099e-15 1.829000000000000043e-33
6.180399999999999636e+03 3.826183221936988389e-15 2.372999999999999915e-33
6.205899999999999636e+03 3.771240901116520551e-15 1.770999999999999953e-33
6.231500000000000000e+03 3.444883515442974426e-15 1.688999999999999980e-33
6.257100000000000364e+03 3.184456914753989234e-15 1.826999999999999910e-33
6.282600000000000364e+03 3.009740334544917397e-15 1.481999999999999915e-33
6.308199999999999818e+03 2.983368020551095627e-15 1.371999999999999963e-33
6.333800000000000182e+03 3.191049993252441619e-15 2.000000000000000112e-33
6.359399999999999636e+03 3.580041624661314595e-15 1.568000000000000153e-33
6.384899999999999636e+03 4.005295187811690285e-15 1.903999999999999893e-33
6.410500000000000000e+03 4.461316450621528848e-15 1.746000000000000003e-33
6.436100000000000364e+03 4.873383856774988723e-15 2.062999999999999849e-33
6.461600000000000364e+03 5.051396976233292274e-15 2.373999999999999981e-33
6.487199999999999818e+03 5.073373904561476096e-15 2.148000000000000022e-33
6.512800000000000182e+03 5.126118532549120424e-15 2.773000000000000142e-33
6.538399999999999636e+03 5.132711611047576754e-15 2.191000000000000141e-33
6.563899999999999636e+03 5.144798921628077659e-15 2.968000000000000095e-33
6.589500000000000000e+03 5.011838505242560606e-15 3.939000000000000277e-33
6.615100000000000364e+03 4.726138436976160665e-15 9.959999999999999613e-34
6.640600000000000364e+03 4.426153365296433944e-15 6.491999999999999661e-34
6.666199999999999818e+03 4.062435201464974533e-15 3.362999999999999819e-34
6.691800000000000182e+03 3.699815884049926088e-15 1.286999999999999962e-33
6.717399999999999636e+03 3.422906587114796126e-15 1.334000000000000005e-33
6.742899999999999636e+03 3.260277317486225589e-15 1.433999999999999976e-33
6.768500000000000000e+03 3.084461890860747124e-15 1.255000000000000060e-33
6.794100000000000364e+03 3.037211494955149738e-15 1.373000000000000030e-33
6.819600000000000364e+03 2.965786477888547781e-15 1.088000000000000086e-33
6.845199999999999818e+03 2.872384532493762396e-15 1.252000000000000032e-33
6.870800000000000182e+03 2.725139112694924083e-15 1.175999999999999944e-33
6.896300000000000182e+03 2.594376389142224624e-15 1.003000000000000084e-33
6.921899999999999636e+03 2.554817918151491772e-15 8.065999999999999700e-34
6.947500000000000000e+03 2.583387924978133107e-15 9.422000000000000140e-34
6.973100000000000364e+03 2.662504866959597233e-15 1.137999999999999986e-33
6.998600000000000364e+03 2.766895276518472556e-15 1.093000000000000076e-33
7.024199999999999818e+03 2.841616832834302284e-15 8.212000000000000161e-34
7.049800000000000182e+03 2.937216471061906840e-15 1.098000000000000066e-33
7.075300000000000182e+03 3.003147256046460278e-15 1.069000000000000021e-33
7.100899999999999636e+03 3.014135720210553372e-15 8.118999999999999457e-34
7.126500000000000000e+03 2.971280709970593933e-15 1.013000000000000064e-33
7.152100000000000364e+03 2.911943003484493670e-15 1.178999999999999972e-33
7.177600000000000364e+03 2.884471843074262512e-15 1.268000000000000068e-33
7.203199999999999818e+03 2.982269174134687816e-15 1.267000000000000002e-33
7.228800000000000182e+03 3.196544225334489350e-15 1.980999999999999876e-33
7.254300000000000182e+03 3.424005433531201570e-15 1.628000000000000034e-33
7.279899999999999636e+03 3.643774716813051228e-15 1.479999999999999953e-33
7.305500000000000000e+03 3.936067863577913021e-15 1.660000000000000107e-33
7.331100000000000364e+03 4.263524095667866561e-15 1.640999999999999871e-33
7.356600000000000364e+03 4.329454880652418816e-15 1.667999999999999954e-33
7.382199999999999818e+03 4.207482928430998802e-15 1.688999999999999980e-33
7.407800000000000182e+03 4.055842122966518992e-15 1.330000000000000081e-33
7.433300000000000182e+03 3.920684013748179218e-15 1.196999999999999971e-33
7.458899999999999636e+03 3.847061303848763611e-15 1.291999999999999952e-33
7.484500000000000000e+03 3.725089351627334130e-15 1.056000000000000013e-33
7.510000000000000000e+03 3.750362819204748484e-15 1.219999999999999959e-33
7.535600000000000364e+03 3.553669310667494008e-15 1.409999999999999922e-33
7.561199999999999818e+03 3.314120791890275361e-15 2.588000000000000084e-34
7.586800000000000182e+03 2.953699167308046087e-15 2.168999999999999792e-34
7.612300000000000182e+03 2.414165576851105056e-15 2.370999999999999867e-34
7.637899999999999636e+03 2.197692832818485141e-15 8.913999999999999239e-34
7.663500000000000000e+03 2.282304006881999758e-15 1.693999999999999970e-33
7.689000000000000000e+03 2.481195208252073799e-15 1.969000000000000105e-33
7.714600000000000364e+03 2.683382948871373638e-15 1.706000000000000083e-33
7.740199999999999818e+03 2.919634928399359782e-15 1.641999999999999937e-33
7.765800000000000182e+03 3.304231174142597966e-15 1.471000000000000039e-33
7.791300000000000182e+03 3.730583583709382650e-15 1.774999999999999877e-33
7.816899999999999636e+03 4.087708669042381786e-15 1.651999999999999917e-33
7.842500000000000000e+03 4.421757979630797968e-15 1.702999999999999884e-33
7.868000000000000000e+03 4.640428416496234688e-15 1.942000000000000022e-33
7.893600000000000364e+03 4.798662300459168461e-15 2.428000000000000147e-33
7.919199999999999818e+03 4.882174628106269351e-15 2.571000000000000067e-33
7.944699999999999818e+03 4.741522286805884213e-15 2.275999999999999971e-33
7.970300000000000182e+03 4.472304914785621942e-15 2.191999999999999865e-33
7.995899999999999636e+03 4.041557119553198521e-15 3.995999999999999616e-34
8.021500000000000000e+03 3.627292020566915925e-15 1.499000000000000018e-33
8.047000000000000000e+03 3.262475010319044760e-15 1.080999999999999963e-33
8.072600000000000364e+03 3.033914955705924728e-15 9.120000000000000264e-34
8.098199999999999818e+03 2.886669535907081683e-15 9.975000000000000610e-34
8.123699999999999818e+03 2.776784894266157051e-15 8.773000000000000820e-34
8.149300000000000182e+03 2.607562546139136889e-15 8.885999999999999431e-34
8.174899999999999636e+03 2.576794846479677566e-15 9.705999999999999162e-34
8.200500000000000000e+03 2.555916764567900766e-15 1.185999999999999924e-33
8.226000000000000000e+03 2.492183672416163738e-15 1.049000000000000061e-33
8.251600000000000364e+03 2.380101337942422696e-15 1.370000000000000001e-33
8.277200000000000728e+03 2.213076682648216972e-15 2.229999999999999995e-33
8.302700000000000728e+03 1.954847774792043851e-15 6.242000000000000161e-34
8.328299999999999272e+03 1.679037324273324066e-15 6.661999999999999835e-34
8.353899999999999636e+03 1.542780368638577665e-15 2.871999999999999876e-33
8.379500000000000000e+03 1.539483829389349105e-15 2.306999999999999978e-33
8.405000000000000000e+03 1.662554628027185805e-15 1.613000000000000064e-33
8.430600000000000364e+03 1.821887358406525614e-15 1.036000000000000053e-33
8.456200000000000728e+03 1.995505092199184907e-15 1.087000000000000019e-33
8.481700000000000728e+03 2.187803215070803013e-15 1.175000000000000049e-33
8.507299999999999272e+03 2.469107897671570528e-15 1.101999999999999989e-33
8.532899999999999636e+03 2.821837597338935267e-15 1.116999999999999959e-33
8.558399999999999636e+03 3.170171911340666002e-15 1.285000000000000000e-33
8.584000000000000000e+03 3.465761597354752804e-15 2.417000000000000100e-33
8.609600000000000364e+03 3.663553952308418640e-15 3.255000000000000001e-33
8.635200000000000728e+03 3.839369378933899471e-15 3.093000000000000187e-33
8.660700000000000728e+03 3.945957481325591993e-15 2.820999999999999910e-33
8.686299999999999272e+03 4.076720204878294214e-15 1.891000000000000056e-33
8.711899999999999636e+03 4.137156757780802683e-15 1.989000000000000065e-33
8.737399999999999636e+03 4.048150198051653273e-15 5.218999999999999774e-33
8.763000000000000000e+03 3.958044791906093687e-15 9.717999999999999617e-33
8.788600000000000364e+03 3.804206293608803778e-15 1.138999999999999984e-32
8.814200000000000728e+03 3.611908170737178178e-15 9.679999999999999830e-33
8.839700000000000728e+03 3.376755037625608522e-15 8.007999999999999611e-33
8.865299999999999272e+03 3.176764989839121543e-15 1.159000000000000012e-33
8.890899999999999636e+03 2.995455331131598110e-15 3.124000000000000194e-33
8.916399999999999636e+03 2.858099529080441925e-15 3.989999999999999902e-34
8.942000000000000000e+03 2.837221447168665520e-15 4.308000000000000156e-34
8.967600000000000364e+03 2.816343365256891480e-15 6.081000000000000242e-33
8.993200000000000728e+03 2.692173720202647167e-15 3.077000000000000151e-33
9.018700000000000728e+03 2.435043658762883829e-15 2.438999999999999851e-33
9.044299999999999272e+03 2.276809774799953211e-15 2.128000000000000062e-33
9.069899999999999636e+03 2.235053610976399610e-15 2.042999999999999889e-33
9.095399999999999636e+03 2.354827870365011498e-15 1.726000000000000043e-33
9.121000000000000000e+03 2.595475235558633223e-15 2.521000000000000166e-33
9.146600000000000364e+03 2.872384532493762396e-15 3.010999999999999872e-33
9.172100000000000364e+03 3.069078041031019632e-15 3.546000000000000172e-33
9.197700000000000728e+03 3.147096136596071609e-15 3.165000000000000181e-33
9.223299999999999272e+03 3.244893467656496913e-15 3.610999999999999701e-33
