3.776699999999999818e+03 1.612346116260982293e-15 1.958999999999999989e-32
3.802300000000000182e+03 1.187412078845317000e-15 1.146000000000000038e-32
3.827900000000000091e+03 6.903812638732660816e-16 1.484000000000000047e-32
3.853400000000000091e+03 7.422690962055129729e-16 8.826999999999999960e-33
3.879000000000000000e+03 9.302669055608759550e-16 7.932000000000000036e-33
3.904599999999999909e+03 1.688812395487452424e-15 4.936000000000000544e-32
3.930099999999999909e+03 2.725476666714871662e-15 5.257000000000000109e-32
3.955699999999999818e+03 3.315359392176206133e-15 4.159000000000000249e-32
3.981300000000000182e+03 3.646349143685066624e-15 4.939000000000000060e-32
4.006800000000000182e+03 4.072375556518252872e-15 4.627999999999999791e-32
4.032400000000000091e+03 4.236231869146399912e-15 3.663999999999999800e-32
4.058000000000000000e+03 3.374347664722340014e-15 3.404000000000000045e-32
4.083599999999999909e+03 2.965799258569489424e-15 2.659000000000000233e-32
4.109100000000000364e+03 2.587837364107227518e-15 2.521999999999999754e-32
4.134699999999999818e+03 2.636994257895671235e-15 1.768999999999999957e-32
4.160300000000000182e+03 2.562712729504243604e-15 2.176000000000000034e-32
4.185800000000000182e+03 2.514648211133320446e-15 1.962999999999999981e-32
4.211399999999999636e+03 2.482969324025211203e-15 1.644000000000000002e-32
4.237000000000000000e+03 2.559435603251681137e-15 1.287999999999999891e-32
4.262600000000000364e+03 2.638086633313192584e-15 1.344000000000000053e-32
4.288100000000000364e+03 2.683966400849074228e-15 1.290000000000000024e-32
4.313699999999999818e+03 2.657749390828570544e-15 1.097000000000000068e-32
4.339300000000000182e+03 2.893702481013104096e-15 9.225000000000000397e-33
4.364800000000000182e+03 2.818328577204156300e-15 1.059000000000000007e-32
4.390399999999999636e+03 2.519017712803404657e-15 9.420000000000000349e-33
4.416000000000000000e+03 2.068959040784755844e-15 8.443999999999999835e-33
4.441600000000000364e+03 1.901825601904044759e-15 7.661999999999999891e-33
4.467100000000000364e+03 2.001231764898453937e-15 8.791000000000000305e-33
4.492699999999999818e+03 2.384655536448322585e-15 7.438999999999999447e-33
4.518300000000000182e+03 2.810681949281509622e-15 8.204000000000000314e-33
4.543800000000000182e+03 3.238893112949737383e-15 7.384999999999999965e-33
4.569399999999999636e+03 3.731554426251704189e-15 7.247999999999999760e-33
4.595000000000000000e+03 4.324714277965601916e-15 8.009999999999999744e-33
4.620500000000000000e+03 4.644780275299252474e-15 7.921999999999999372e-33
4.646100000000000364e+03 4.729985557865888461e-15 8.202000000000000181e-33
4.671699999999999818e+03 4.878548614648743723e-15 7.546999999999999779e-33
4.697300000000000182e+03 4.567221620655260797e-15 6.753000000000000406e-33
4.722800000000000182e+03 3.777434193787587412e-15 6.000999999999999718e-33
4.748399999999999636e+03 3.116547066187386594e-15 5.447999999999999933e-33
4.774000000000000000e+03 2.732030919219997386e-15 5.055999999999999894e-33
4.799500000000000000e+03 2.416334423556431828e-15 5.114000000000000326e-33
4.825100000000000364e+03 2.254662861763325513e-15 5.050000000000000180e-33
4.850699999999999818e+03 2.519017712803404657e-15 4.327000000000000050e-33
4.876300000000000182e+03 2.742954673395206926e-15 4.540999999999999896e-33
4.901800000000000182e+03 2.607500121622605084e-15 4.121000000000000051e-33
4.927399999999999636e+03 2.927566118956255246e-15 3.736999999999999860e-33
4.953000000000000000e+03 3.592822748226536724e-15 5.143000000000000200e-33
4.978500000000000000e+03 4.004648280631952937e-15 5.151000000000000047e-33
5.004100000000000364e+03 3.887764110957203762e-15 3.929000000000000297e-33
5.029699999999999818e+03 3.505432714824859223e-15 2.957000000000000048e-33
5.055300000000000182e+03 2.853284590564826827e-15 2.897000000000000168e-33
5.080800000000000182e+03 2.671950271256343340e-15 3.015999999999999862e-33
5.106399999999999636e+03 2.732030919219997386e-15 2.804999999999999873e-33
5.132000000000000000e+03 2.844545587224660378e-15 3.105000000000000300e-33
5.157500000000000000e+03 2.855469341399869523e-15 2.579999999999999980e-33
5.183100000000000364e+03 3.112177564517301989e-15 2.197999999999999922e-33
5.208699999999999818e+03 3.215953229181796955e-15 2.259999999999999935e-33
5.234199999999999818e+03 3.530557349427844320e-15 2.757999999999999830e-33
5.259800000000000182e+03 3.994816901874262774e-15 3.015999999999999862e-33
5.285399999999999636e+03 4.372778796336525469e-15 2.555000000000000030e-33
5.311000000000000000e+03 4.683013414912487440e-15 3.582999999999999893e-33
5.336500000000000000e+03 4.899303747581642637e-15 2.949999999999999926e-33
5.362100000000000364e+03 5.099208448987984313e-15 4.221999999999999917e-33
5.387699999999999818e+03 5.012910791003826583e-15 3.626000000000000013e-33
5.413199999999999818e+03 4.792250956664586782e-15 2.707999999999999930e-33
5.438800000000000182e+03 4.664443032814630434e-15 3.363999999999999715e-33
5.464399999999999636e+03 4.745278813711181028e-15 3.211999999999999881e-33
5.490000000000000000e+03 4.733262684118451323e-15 3.321999999999999662e-33
5.515500000000000000e+03 4.708138049515469382e-15 2.581000000000000047e-33
5.541100000000000364e+03 4.695029544505216356e-15 2.700000000000000083e-33
5.566699999999999818e+03 4.705953298680427474e-15 3.083000000000000207e-33
5.592199999999999818e+03 4.538819859799716783e-15 4.164000000000000170e-33
5.617800000000000182e+03 4.031957666069976786e-15 5.971999999999999844e-33
5.643399999999999636e+03 3.582991369468849716e-15 1.940999999999999956e-33
5.668899999999999636e+03 3.288050006738181100e-15 1.522000000000000006e-33
5.694500000000000000e+03 2.980000138997262615e-15 1.517000000000000016e-33
5.720100000000000364e+03 2.539772845736303571e-15 1.654000000000000050e-33
5.745699999999999818e+03 2.097360801640302619e-15 1.070999999999999983e-33
5.771199999999999818e+03 1.881070468971145450e-15 1.242999999999999947e-33
5.796800000000000182e+03 1.996862263228371304e-15 1.059000000000000041e-33
5.822399999999999636e+03 2.185843210459502257e-15 1.481999999999999915e-33
5.847899999999999636e+03 2.484061699442731763e-15 1.386000000000000038e-33
5.873500000000000000e+03 2.742954673395206926e-15 1.427000000000000024e-33
5.899100000000000364e+03 2.993108644007514062e-15 1.463000000000000021e-33
5.924699999999999818e+03 3.168981086228394751e-15 1.320999999999999997e-33
5.950199999999999818e+03 3.279311003398014258e-15 1.640000000000000147e-33
5.975800000000000182e+03 3.309897515088601758e-15 1.427000000000000024e-33
6.001399999999999636e+03 3.312082265923643665e-15 1.448000000000000051e-33
6.026899999999999636e+03 3.069574923233984390e-15 1.219000000000000063e-33
6.052500000000000000e+03 2.921011866451129128e-15 1.327999999999999948e-33
6.078100000000000364e+03 2.868577846410121760e-15 8.608000000000000123e-34
6.103699999999999818e+03 2.846730338059701892e-15 8.813999999999999438e-34
6.129199999999999818e+03 2.880593976002852254e-15 1.095999999999999933e-33
6.154800000000000182e+03 3.120916567857470804e-15 9.920000000000000377e-34
6.180399999999999636e+03 3.366701036799692547e-15 1.283999999999999934e-33
6.205899999999999636e+03 3.401657050160363863e-15 2.291999999999999922e-34
6.231500000000000000e+03 3.248724491707425574e-15 1.916000000000000006e-34
6.257100000000000364e+03 3.107808062847217385e-15 1.193999999999999942e-33
6.282600000000000364e+03 2.969076384822051892e-15 1.129000000000000072e-33
6.308199999999999818e+03 2.874039723497726530e-15 1.276999999999999982e-33
6.333800000000000182e+03 2.912272863110960313e-15 1.123000000000000016e-33
6.359399999999999636e+03 3.156964956635662285e-15 9.554000000000000698e-34
6.384899999999999636e+03 3.508709841077422874e-15 1.118000000000000026e-33
6.410500000000000000e+03 3.899780240549936623e-15 1.087000000000000019e-33
6.436100000000000364e+03 4.242786121651527213e-15 1.353999999999999965e-33
6.461600000000000364e+03 4.457984078903163034e-15 1.304000000000000065e-33
6.487199999999999818e+03 4.541004610634758691e-15 1.435000000000000043e-33
6.512800000000000182e+03 4.581422501083034777e-15 1.769999999999999887e-33
6.538399999999999636e+03 4.619655640696269743e-15 1.702000000000000160e-33
6.563899999999999636e+03 4.665535408232151388e-15 2.280999999999999961e-33
6.589500000000000000e+03 4.539912235217236159e-15 2.844000000000000069e-33
6.615100000000000364e+03 4.307236271285266653e-15 9.125999999999999978e-34
6.640600000000000364e+03 4.034142416905019483e-15 5.335000000000000295e-34
6.666199999999999818e+03 3.639794891179942478e-15 2.682999999999999980e-34
6.691800000000000182e+03 3.235615986697174521e-15 7.592000000000000031e-34
6.717399999999999636e+03 2.936305122296422878e-15 7.564999999999999606e-34
6.742899999999999636e+03 2.779003062173399984e-15 8.287999999999999394e-34
6.768500000000000000e+03 2.633717131643108768e-15 9.029000000000000035e-34
6.794100000000000364e+03 2.480784573190170084e-15 1.521000000000000068e-34
6.819600000000000364e+03 2.454567563169666006e-15 1.293000000000000018e-34
6.845199999999999818e+03 2.442551433576935512e-15 1.446000000000000004e-34
6.870800000000000182e+03 2.462214191092311895e-15 1.821999999999999920e-34
6.896300000000000182e+03 2.466583692762396894e-15 1.535999999999999995e-34
6.921899999999999636e+03 2.421796300644036992e-15 9.156999999999999643e-34
6.947500000000000000e+03 2.374824157690633999e-15 7.518000000000000418e-34
6.973100000000000364e+03 2.330036765572272520e-15 7.083999999999999985e-34
6.998600000000000364e+03 2.307096881804331698e-15 9.694999999999999544e-35
7.024199999999999818e+03 2.334406267242357125e-15 1.092999999999999990e-34
7.049800000000000182e+03 2.382470785613280283e-15 1.270999999999999925e-34
7.075300000000000182e+03 2.438181931906850513e-15 1.205000000000000074e-34
7.100899999999999636e+03 2.487338825695296203e-15 1.002999999999999999e-34
7.126500000000000000e+03 2.462214191092311895e-15 1.125000000000000106e-34
7.152100000000000364e+03 2.362808028097903111e-15 1.130000000000000010e-34
7.177600000000000364e+03 2.316928260562021467e-15 1.136999999999999962e-34
7.203199999999999818e+03 2.396671666041053473e-15 1.549000000000000089e-34
7.228800000000000182e+03 2.592206865777310939e-15 8.073000000000000507e-34
7.254300000000000182e+03 2.780095437590920938e-15 8.171999999999999215e-34
7.279899999999999636e+03 3.016048527775454885e-15 9.613999999999999551e-34
7.305500000000000000e+03 3.339391651361668304e-15 1.031000000000000062e-33
7.331100000000000364e+03 3.615762631994480702e-15 8.469999999999999851e-34
7.356600000000000364e+03 3.808020705478171756e-15 1.967999999999999953e-34
7.382199999999999818e+03 3.822221585905945735e-15 1.649000000000000103e-34
7.407800000000000182e+03 3.680212781628217775e-15 2.071999999999999848e-34
7.433300000000000182e+03 3.504340339407338664e-15 1.592000000000000037e-34
7.458899999999999636e+03 3.408211302665489587e-15 1.830999999999999919e-34
7.484500000000000000e+03 3.361239159712088961e-15 1.754000000000000022e-34
7.510000000000000000e+03 3.298973760913392612e-15 1.746000000000000046e-34
7.535600000000000364e+03 3.178812464986083337e-15 1.429000000000000029e-34
7.561199999999999818e+03 2.902441484353271727e-15 1.737000000000000047e-34
7.586800000000000182e+03 2.765894557163148931e-15 1.493000000000000047e-34
7.612300000000000182e+03 2.464398941927354197e-15 1.488999999999999952e-34
7.637899999999999636e+03 2.245923858423156698e-15 9.912000000000000188e-34
7.663500000000000000e+03 2.224076350072736830e-15 1.100000000000000027e-33
7.689000000000000000e+03 2.239369605918030580e-15 1.144000000000000042e-33
7.714600000000000364e+03 2.315835885144500119e-15 2.041999999999999994e-34
7.740199999999999818e+03 2.512463460298278933e-15 1.031000000000000062e-33
7.765800000000000182e+03 2.822698078874239721e-15 9.377999999999999954e-34
7.791300000000000182e+03 3.193013345413856133e-15 1.013999999999999960e-33
7.816899999999999636e+03 3.602654126984226099e-15 1.956000000000000097e-34
7.842500000000000000e+03 3.896503114297374550e-15 2.471999999999999905e-34
7.868000000000000000e+03 4.078929809023378596e-15 2.147000000000000126e-34
7.893600000000000364e+03 4.216569111631025896e-15 2.107999999999999845e-34
7.919199999999999818e+03 4.344377035480979088e-15 2.570999999999999896e-34
7.944699999999999818e+03 4.379333048841651981e-15 2.478000000000000047e-34
7.970300000000000182e+03 4.187074975357956194e-15 2.410000000000000149e-34
7.995899999999999636e+03 3.746847682096996756e-15 1.805999999999999969e-34
8.021500000000000000e+03 3.270572000057845837e-15 1.566000000000000063e-34
8.047000000000000000e+03 2.880593976002852254e-15 1.100999999999999965e-34
8.072600000000000364e+03 2.621701002050377485e-15 1.304000000000000065e-34
8.098199999999999818e+03 2.444736184411977026e-15 1.196000000000000075e-34
8.123699999999999818e+03 2.314743509726978770e-15 1.395000000000000080e-34
8.149300000000000182e+03 2.222983974655216665e-15 1.375000000000000034e-34
8.174899999999999636e+03 2.129039688748411073e-15 1.240000000000000047e-34
8.200500000000000000e+03 2.044926781599294462e-15 1.345999999999999989e-34
8.226000000000000000e+03 2.016525020743749265e-15 1.306999999999999922e-34
8.251600000000000364e+03 1.985938509053160581e-15 1.847999999999999894e-34
8.277200000000000728e+03 1.866869588543371865e-15 2.170000000000000029e-34
8.302700000000000728e+03 1.642932627951569991e-15 2.480000000000000094e-34
8.328299999999999272e+03 1.393871032756784203e-15 2.224999999999999834e-34
8.353899999999999636e+03 1.223460467623509664e-15 2.327000000000000109e-34
8.379500000000000000e+03 1.205982460943173414e-15 9.593999999999999933e-34
8.405000000000000000e+03 1.315220002695272953e-15 2.098999999999999846e-34
8.430600000000000364e+03 1.458321182390522064e-15 1.566000000000000063e-34
8.456200000000000728e+03 1.622177495018671668e-15 1.541999999999999923e-34
8.481700000000000728e+03 1.828636448930138082e-15 1.268000000000000068e-34
8.507299999999999272e+03 2.091898924552696272e-15 1.116000000000000107e-34
8.532899999999999636e+03 2.446920935247019328e-15 1.505999999999999927e-34
8.558399999999999636e+03 2.853284590564826827e-15 2.224999999999999834e-34
8.584000000000000000e+03 3.166796335393352843e-15 2.756000000000000210e-34
8.609600000000000364e+03 3.329560272603979323e-15 3.618999999999999890e-34
8.635200000000000728e+03 3.425689309345826428e-15 3.123000000000000128e-34
8.660700000000000728e+03 3.549127731525699749e-15 2.221999999999999977e-34
8.686299999999999272e+03 3.680212781628217775e-15 1.796999999999999970e-34
8.711899999999999636e+03 3.755586685437164388e-15 2.293000000000000160e-34
8.737399999999999636e+03 3.698783163726073204e-15 4.864999999999999865e-34
8.763000000000000000e+03 3.585176120303889258e-15 7.471999999999999757e-34
8.788600000000000364e+03 3.457368196453936854e-15 8.237999999999999494e-34
8.814200000000000728e+03 3.290234757573224586e-15 7.280999999999999728e-34
8.839700000000000728e+03 3.071759674069025509e-15 5.735000000000000352e-34
8.865299999999999272e+03 2.851099839729785707e-15 4.701999999999999643e-34
8.890899999999999636e+03 2.611869623292688900e-15 3.051999999999999944e-34
8.916399999999999636e+03 2.429442928566683670e-15 2.579999999999999895e-34
8.942000000000000000e+03 2.284156998036391270e-15 2.433999999999999861e-34
8.967600000000000364e+03 2.207690718809921731e-15 1.920999999999999910e-34
8.993200000000000728e+03 2.008878392821101403e-15 1.450999999999999908e-34
9.018700000000000728e+03 1.823174571842533312e-15 1.430000000000000053e-34
9.044299999999999272e+03 1.703013275915224628e-15 1.397999999999999937e-34
9.069899999999999636e+03 1.636378375446444070e-15 1.911000000000000101e-34
9.095399999999999636e+03 1.619992744183628380e-15 1.603999999999999893e-34
9.121000000000000000e+03 1.692089521740014891e-15 1.983999999999999904e-34
9.146600000000000364e+03 1.807881315997240351e-15 2.476000000000000000e-34
9.172100000000000364e+03 1.923673110254465416e-15 2.059000000000000182e-34
9.197700000000000728e+03 2.060220037444587818e-15 1.931000000000000147e-34
9.223299999999999272e+03 2.200044090887274659e-15 2.806000000000000111e-34
