3.776699999999999818e+03 6.966510421734082322e-16 9.659999999999999870e-33
3.802300000000000182e+03 7.503861608530862650e-16 8.009000000000000361e-33
3.827900000000000091e+03 6.847416630334092612e-16 6.182000000000000109e-33
3.853400000000000091e+03 5.329685352732561206e-16 6.115999999999999830e-33
3.879000000000000000e+03 5.298244591802962944e-16 3.692999999999999674e-33
3.904599999999999909e+03 5.944209316356532246e-16 1.552000000000000010e-30
3.930099999999999909e+03 7.246619019106874543e-16 4.185000000000000197e-33
3.955699999999999818e+03 1.188079663006345194e-15 1.255999999999999955e-32
3.981300000000000182e+03 1.312889956393540863e-15 6.463999999999999683e-33
4.006800000000000182e+03 1.511062025283131620e-15 4.958000000000000227e-33
4.032400000000000091e+03 1.452944255079934804e-15 1.427000000000000024e-33
4.058000000000000000e+03 1.500581771639932068e-15 4.674999999999999902e-33
4.083599999999999909e+03 1.240480931222344138e-15 1.555999999999999904e-32
4.109100000000000364e+03 9.889548437855554818e-16 1.263000000000000078e-33
4.134699999999999818e+03 9.165458186143573761e-16 2.032999999999999909e-33
4.160300000000000182e+03 9.651360855055565539e-16 2.238999999999999908e-33
4.185800000000000182e+03 9.956240961039540852e-16 2.092000000000000065e-33
4.211399999999999636e+03 1.029923108027153551e-15 1.031000000000000062e-32
4.237000000000000000e+03 9.433181029210768519e-16 7.619999999999999838e-33
4.262600000000000364e+03 1.061363868956752404e-15 9.205000000000000436e-33
4.288100000000000364e+03 1.094710130548749957e-15 1.672999999999999944e-33
4.313699999999999818e+03 1.137583895452749881e-15 5.292999999999999900e-33
4.339300000000000182e+03 1.228095176916745295e-15 1.834000000000000033e-33
4.364800000000000182e+03 1.283354696126341695e-15 6.235999999999999591e-33
4.390399999999999636e+03 1.256677686852743140e-15 1.397000000000000084e-33
4.416000000000000000e+03 1.112812386841548842e-15 4.763000000000000274e-33
4.441600000000000364e+03 9.435086529873182996e-16 5.050000000000000180e-33
4.467100000000000364e+03 8.564272727156413338e-16 9.317999999999999390e-34
4.492699999999999818e+03 9.035884141100389232e-16 9.114999999999999932e-34
4.518300000000000182e+03 1.096615631211150037e-15 6.485000000000000394e-33
4.543800000000000182e+03 1.296693200763142846e-15 1.064000000000000031e-33
4.569399999999999636e+03 1.473904762366332922e-15 1.342000000000000023e-33
4.595000000000000000e+03 1.675887832580724628e-15 8.790999999999999963e-34
4.620500000000000000e+03 1.812131129942319198e-15 3.823000000000000098e-33
4.646100000000000364e+03 1.723525349140723273e-15 4.687000000000000015e-33
4.671699999999999818e+03 1.752107859076720330e-15 4.658000000000000142e-33
4.697300000000000182e+03 1.621581063702326788e-15 3.813000000000000118e-33
4.722800000000000182e+03 1.298598701425541546e-15 4.135000000000000296e-33
4.748399999999999636e+03 1.007057100078354959e-15 3.818999999999999833e-33
4.774000000000000000e+03 9.427464527223578337e-16 4.115000000000000336e-33
4.799500000000000000e+03 8.007866533735633197e-16 3.307000000000000034e-33
4.825100000000000364e+03 7.803977962858847130e-16 6.217000000000000210e-34
4.850699999999999818e+03 8.169834090039630128e-16 7.879000000000000621e-34
4.876300000000000182e+03 9.670415861679560421e-16 6.671000000000000262e-34
4.901800000000000182e+03 9.918130947791551087e-16 2.412000000000000110e-33
4.927399999999999636e+03 9.310276236485973522e-16 2.534000000000000004e-33
4.953000000000000000e+03 1.175693908700746549e-15 6.711000000000000353e-34
4.978500000000000000e+03 1.329086712023940852e-15 2.602000000000000073e-33
5.004100000000000364e+03 1.411975990838336143e-15 6.304000000000000345e-34
5.029699999999999818e+03 1.414834241831935573e-15 2.462000000000000011e-33
5.055300000000000182e+03 1.243339182215943567e-15 2.141999999999999965e-33
5.080800000000000182e+03 9.737108384863554343e-16 2.442000000000000050e-33
5.106399999999999636e+03 9.066372151698782228e-16 2.036999999999999833e-33
5.132000000000000000e+03 9.613250841807569857e-16 1.664000000000000030e-33
5.157500000000000000e+03 1.082324376243151311e-15 3.670999999999999837e-34
5.183100000000000364e+03 1.286212947119941914e-15 4.520000000000000041e-34
5.208699999999999818e+03 1.419597993487935082e-15 2.021999999999999863e-33
5.234199999999999818e+03 1.498676270977532974e-15 1.618000000000000054e-33
5.259800000000000182e+03 1.528211531244730959e-15 1.624000000000000110e-33
5.285399999999999636e+03 1.669218580262324052e-15 1.623000000000000044e-33
5.311000000000000000e+03 1.744485856427120602e-15 2.238999999999999908e-33
5.336500000000000000e+03 1.794028873649517749e-15 1.985999999999999866e-33
5.362100000000000364e+03 1.834997137891118185e-15 2.131999999999999985e-33
5.387699999999999818e+03 1.734005602783919275e-15 1.920999999999999996e-33
5.413199999999999818e+03 1.571085296148728911e-15 1.666999999999999887e-33
5.438800000000000182e+03 1.430078247131135817e-15 1.765999999999999963e-33
5.464399999999999636e+03 1.339566965667140207e-15 1.198999999999999932e-33
5.490000000000000000e+03 1.226189676254343834e-15 1.438000000000000071e-33
5.515500000000000000e+03 1.134725644459148874e-15 1.268999999999999964e-33
5.541100000000000364e+03 1.165213655057547786e-15 1.275000000000000020e-33
5.566699999999999818e+03 1.226189676254343834e-15 1.533000000000000052e-33
5.592199999999999818e+03 1.144253147771148090e-15 1.691000000000000113e-33
5.617800000000000182e+03 9.412220521924372965e-16 3.609000000000000252e-33
5.643399999999999636e+03 7.628671901918056346e-16 2.538000000000000184e-34
5.668899999999999636e+03 6.734039340921298015e-16 8.915000000000000331e-34
5.694500000000000000e+03 6.025193094508527260e-16 1.850999999999999965e-34
5.720100000000000364e+03 5.481172655393350498e-16 1.250000000000000070e-34
5.745699999999999818e+03 4.267368733444604916e-16 1.404000000000000079e-34
5.771199999999999818e+03 3.469916706230243363e-16 6.390000000000000241e-34
5.796800000000000182e+03 3.166942100908654423e-16 1.676000000000000100e-34
5.822399999999999636e+03 3.812906825462227176e-16 7.572000000000000413e-34
5.847899999999999636e+03 4.470304553990199521e-16 6.232999999999999734e-34
5.873500000000000000e+03 5.365889865318156216e-16 8.954000000000000185e-34
5.899100000000000364e+03 6.788346109799698419e-16 7.500000000000000420e-34
5.924699999999999818e+03 7.908780499290854483e-16 1.093999999999999971e-33
5.950199999999999818e+03 8.136487828447633167e-16 8.641000000000000263e-34
5.975800000000000182e+03 8.229857360905227616e-16 7.070000000000000081e-34
6.001399999999999636e+03 7.536255119791660261e-16 5.712000000000000021e-34
6.026899999999999636e+03 6.828361623710092800e-16 1.457000000000000050e-34
6.052500000000000000e+03 6.553016777993303244e-16 1.531000000000000090e-34
6.078100000000000364e+03 6.606370796540501339e-16 6.841999999999999818e-34
6.103699999999999818e+03 6.661630315750098134e-16 6.431999999999999952e-34
6.129199999999999818e+03 7.219942009833272044e-16 6.809999999999999916e-34
6.154800000000000182e+03 8.340376399324423178e-16 6.271000000000000205e-34
6.180399999999999636e+03 9.237867211314781530e-16 5.782999999999999777e-34
6.205899999999999636e+03 9.794273404735558712e-16 5.624999999999999887e-34
6.231500000000000000e+03 1.011820851734353680e-15 7.222999999999999639e-34
6.257100000000000364e+03 1.047072613988751904e-15 7.951000000000000614e-34
6.282600000000000364e+03 1.085182627236750346e-15 8.367999999999999576e-34
6.308199999999999818e+03 1.069938621937551482e-15 7.011999999999999991e-34
6.333800000000000182e+03 1.010868101403154133e-15 7.287000000000000298e-34
6.359399999999999636e+03 1.010868101403154133e-15 6.271999999999999587e-34
6.384899999999999636e+03 1.048025364319952437e-15 5.738000000000000209e-34
6.410500000000000000e+03 1.160449903401548276e-15 4.841000000000000153e-34
6.436100000000000364e+03 1.232858928572744212e-15 6.166000000000000073e-34
6.461600000000000364e+03 1.279543694801542719e-15 1.365000000000000011e-34
6.487199999999999818e+03 1.337661465004739338e-15 5.640000000000000028e-34
6.512800000000000182e+03 1.354810970966339465e-15 6.232999999999999734e-34
6.538399999999999636e+03 1.345283467654339460e-15 5.659000000000000264e-34
6.563899999999999636e+03 1.333850463679940559e-15 1.831999999999999943e-34
6.589500000000000000e+03 1.351952719972739838e-15 3.078999999999999942e-34
6.615100000000000364e+03 1.294787700100741583e-15 3.550000000000000182e-34
6.640600000000000364e+03 1.144253147771148090e-15 1.889000000000000009e-34
6.666199999999999818e+03 9.411267771593173615e-16 9.564000000000000507e-35
6.691800000000000182e+03 7.358090807857266497e-16 1.061999999999999898e-34
6.717399999999999636e+03 6.069972360074930222e-16 9.054000000000000199e-35
6.742899999999999636e+03 5.383992121610959637e-16 8.486000000000000016e-35
6.768500000000000000e+03 4.830444179183780504e-16 9.207000000000000184e-35
6.794100000000000364e+03 4.372171269876598463e-16 7.304000000000000486e-35
6.819600000000000364e+03 4.187337705623812209e-16 7.236000000000000374e-35
6.845199999999999818e+03 4.125408934095813557e-16 8.227000000000000516e-35
6.870800000000000182e+03 3.962488627460621221e-16 8.374000000000000146e-35
6.896300000000000182e+03 3.901512606263826356e-16 7.884999999999999480e-35
6.921899999999999636e+03 3.971063380441421285e-16 8.606999999999999886e-35
6.947500000000000000e+03 3.963441377791822543e-16 1.123000000000000058e-34
6.973100000000000364e+03 4.251171977814210054e-16 3.800999999999999920e-34
6.998600000000000364e+03 4.481737557964597634e-16 8.228999999999999922e-35
7.024199999999999818e+03 4.789475914942182829e-16 6.327999999999999630e-35
7.049800000000000182e+03 5.104836274569370710e-16 2.161000000000000030e-34
7.075300000000000182e+03 5.543101426921349644e-16 3.193000000000000073e-34
7.100899999999999636e+03 5.542148676590148322e-16 6.732000000000000422e-35
7.126500000000000000e+03 5.686013976601345776e-16 6.790000000000000298e-35
7.152100000000000364e+03 5.935634563375732182e-16 7.565000000000000461e-35
7.177600000000000364e+03 6.201451905780514436e-16 8.980999999999999969e-35
7.203199999999999818e+03 6.729275589265294364e-16 4.832999999999999963e-34
7.228800000000000182e+03 7.674403917815653727e-16 5.595999999999999842e-34
7.254300000000000182e+03 8.428982180126017920e-16 6.473999999999999663e-34
7.279899999999999636e+03 9.326472992116372328e-16 5.156999999999999932e-34
7.305500000000000000e+03 1.082324376243151311e-15 4.381000000000000387e-34
7.331100000000000364e+03 1.207134669630345599e-15 4.236000000000000163e-34
7.356600000000000364e+03 1.270968941820742852e-15 8.919000000000000212e-35
7.382199999999999818e+03 1.278590944470342580e-15 8.208000000000000280e-35
7.407800000000000182e+03 1.192843414662346282e-15 8.149000000000000167e-35
7.433300000000000182e+03 1.052789115975952143e-15 7.347000000000000007e-35
7.458899999999999636e+03 9.313134487479583404e-16 8.852000000000000337e-35
7.484500000000000000e+03 8.623343247690811476e-16 9.953999999999999044e-35
7.510000000000000000e+03 8.253676119185225163e-16 8.501999999999999539e-35
7.535600000000000364e+03 7.811599965508446858e-16 7.452999999999999521e-35
7.561199999999999818e+03 7.238044266126069549e-16 9.877000000000000001e-35
7.586800000000000182e+03 6.714031583966094908e-16 1.190999999999999957e-34
7.612300000000000182e+03 5.612652201098949503e-16 1.132000000000000058e-34
7.637899999999999636e+03 4.883798197730980572e-16 7.641999999999999503e-35
7.663500000000000000e+03 4.995269986481374498e-16 6.772999999999999682e-34
7.689000000000000000e+03 5.384944871942158001e-16 6.639000000000000360e-34
7.714600000000000364e+03 6.051870103782129759e-16 5.689999999999999928e-34
7.740199999999999818e+03 6.936975161466881774e-16 4.381000000000000387e-34
7.765800000000000182e+03 8.237479363554831288e-16 4.270999999999999922e-34
7.791300000000000182e+03 1.004198849084755529e-15 4.298000000000000347e-34
7.816899999999999636e+03 1.135678394790348618e-15 5.731000000000000257e-34
7.842500000000000000e+03 1.171882907375946783e-15 8.739000000000000229e-35
7.868000000000000000e+03 1.158544402739147605e-15 1.299999999999999970e-34
7.893600000000000364e+03 1.072796872931151700e-15 1.176000000000000030e-34
7.919199999999999818e+03 9.737108384863554343e-16 1.118999999999999964e-34
7.944699999999999818e+03 9.035884141100389232e-16 1.112000000000000012e-34
7.970300000000000182e+03 8.297502634420424831e-16 1.180999999999999934e-34
7.995899999999999636e+03 7.178973745591676341e-16 1.017999999999999926e-34
8.021500000000000000e+03 6.028051345502126295e-16 9.140999999999999478e-35
8.047000000000000000e+03 5.214402562657359034e-16 9.780000000000000486e-35
8.072600000000000364e+03 4.787570414279781171e-16 4.244000000000000352e-34
8.098199999999999818e+03 4.497934313594999398e-16 6.751999999999999826e-35
8.123699999999999818e+03 4.287376490399807529e-16 5.913000000000000501e-35
8.149300000000000182e+03 4.170188199662211589e-16 7.362999999999999530e-35
8.174899999999999636e+03 4.054905409587020264e-16 5.886000000000000504e-35
8.200500000000000000e+03 4.086346170516615568e-16 3.609000000000000081e-34
8.226000000000000000e+03 4.323581002985405005e-16 4.673999999999999836e-34
8.251600000000000364e+03 4.662760120892585503e-16 6.442999999999999999e-34
8.277200000000000728e+03 4.799956168585383564e-16 1.507999999999999974e-34
8.302700000000000728e+03 4.621791856650998675e-16 1.970999999999999811e-34
8.328299999999999272e+03 4.073960416211018105e-16 2.721999999999999833e-34
8.353899999999999636e+03 3.379405424766248442e-16 8.325000000000000483e-34
8.379500000000000000e+03 3.027840552553466537e-16 8.057999999999999511e-34
8.405000000000000000e+03 3.098344077062257858e-16 5.746999999999999780e-34
8.430600000000000364e+03 3.746214302278229803e-16 5.738999999999999591e-34
8.456200000000000728e+03 4.784712163286183122e-16 4.824999999999999774e-34
8.481700000000000728e+03 5.918485057414130083e-16 4.969999999999999998e-34
8.507299999999999272e+03 7.635341154236451794e-16 4.333000000000000106e-34
8.532899999999999636e+03 9.803800908047560098e-16 4.855000000000000056e-34
8.558399999999999636e+03 1.196654415987145258e-15 4.082999999999999750e-34
8.584000000000000000e+03 1.330992212686339748e-15 8.239000000000000586e-34
8.609600000000000364e+03 1.420550743819136798e-15 1.175000000000000049e-33
8.635200000000000728e+03 1.452944255079934804e-15 2.806999999999999920e-34
8.660700000000000728e+03 1.438653000111934895e-15 2.471999999999999905e-34
8.686299999999999272e+03 1.435794749118335268e-15 1.891000000000000056e-34
8.711899999999999636e+03 1.444369502099133951e-15 1.387000000000000104e-34
8.737399999999999636e+03 1.427219996137536979e-15 3.744000000000000068e-34
8.763000000000000000e+03 1.354810970966339465e-15 7.949000000000000139e-34
8.788600000000000364e+03 1.230000677579144783e-15 7.810999999999999867e-34
8.814200000000000728e+03 1.101379382867150532e-15 6.650999999999999789e-34
8.839700000000000728e+03 9.965768464351552098e-16 5.072999999999999655e-34
8.865299999999999272e+03 8.703374275511608126e-16 4.575000000000000273e-34
8.890899999999999636e+03 7.491475854225263215e-16 2.271999999999999877e-34
8.916399999999999636e+03 6.758810849532496884e-16 1.781000000000000019e-34
8.942000000000000000e+03 6.189066151474920918e-16 1.678999999999999957e-34
8.967600000000000364e+03 5.575494938182152185e-16 1.387000000000000104e-34
8.993200000000000728e+03 5.112458277218968466e-16 1.830999999999999919e-34
9.018700000000000728e+03 4.738980147388585741e-16 1.544999999999999994e-34
9.044299999999999272e+03 4.372171269876598463e-16 1.117999999999999940e-34
9.069899999999999636e+03 4.214967465228611100e-16 1.143999999999999914e-34
9.095399999999999636e+03 4.395037277825402084e-16 1.253999999999999951e-34
9.121000000000000000e+03 4.778042910967782744e-16 1.580999999999999991e-34
9.146600000000000364e+03 5.078159265295767225e-16 2.048999999999999946e-34
9.172100000000000364e+03 5.093403270594973583e-16 1.967999999999999953e-34
9.197700000000000728e+03 5.422102134858954332e-16 9.441999999999999758e-34
9.223299999999999272e+03 6.170963895182122427e-16 2.035000000000000042e-34
