3.776699999999999818e+03 1.843805259844277224e-15 5.694000000000000263e-32
3.802300000000000182e+03 1.466981159438797661e-15 5.129999999999999473e-32
3.827900000000000091e+03 1.127181261038223463e-15 4.013000000000000232e-34
3.853400000000000091e+03 1.049841816850200071e-15 5.818000000000000391e-34
3.879000000000000000e+03 1.058892177340287554e-15 2.726000000000000168e-32
3.904599999999999909e+03 1.449703198503175565e-15 2.804000000000000149e-32
3.930099999999999909e+03 2.213224519848775437e-15 2.303000000000000123e-32
3.955699999999999818e+03 2.739790948362982396e-15 1.926000000000000123e-32
3.981300000000000182e+03 3.276230497411829706e-15 2.122999999999999935e-32
4.006800000000000182e+03 3.625080756302492176e-15 1.577999999999999997e-32
4.032400000000000091e+03 3.621789716124279120e-15 2.005000000000000034e-32
4.058000000000000000e+03 3.213700734025767830e-15 1.702999999999999952e-32
4.083599999999999909e+03 2.646819063328442056e-15 1.372999999999999927e-32
4.109100000000000364e+03 2.264235642611088856e-15 1.352999999999999967e-32
4.134699999999999818e+03 2.260944602432875405e-15 1.041000000000000043e-32
4.160300000000000182e+03 2.195123798868599288e-15 8.468999999999999443e-33
4.185800000000000182e+03 2.292209484125906146e-15 8.592000000000000087e-33
4.211399999999999636e+03 2.237084561140825027e-15 7.003000000000000591e-33
4.237000000000000000e+03 2.212401759804221976e-15 5.874000000000000177e-33
4.262600000000000364e+03 2.341575086799113430e-15 5.260999999999999827e-33
4.288100000000000364e+03 2.349802687244647649e-15 4.361000000000000256e-33
4.313699999999999818e+03 2.406573130318836085e-15 3.280000000000000293e-33
4.339300000000000182e+03 2.511063655977123306e-15 3.555000000000000086e-33
4.364800000000000182e+03 2.636945942793800126e-15 3.480999999999999960e-33
4.390399999999999636e+03 2.488849134774180245e-15 3.072999999999999885e-33
4.416000000000000000e+03 1.946650265413458310e-15 2.367999999999999925e-33
4.441600000000000364e+03 1.717100212983046153e-15 2.490000000000000160e-33
4.467100000000000364e+03 1.649633889329663509e-15 1.636000000000000018e-32
4.492699999999999818e+03 1.911271583497660263e-15 1.302999999999999930e-32
4.518300000000000182e+03 2.340752326754559575e-15 2.484000000000000103e-33
4.543800000000000182e+03 2.683843265333348604e-15 2.442000000000000050e-33
4.569399999999999636e+03 3.076299806585341762e-15 2.332999999999999994e-33
4.595000000000000000e+03 3.597106914787676069e-15 2.332999999999999994e-33
4.620500000000000000e+03 4.149178904683038356e-15 2.241000000000000041e-33
4.646100000000000364e+03 4.175507226108749907e-15 2.373999999999999981e-33
4.671699999999999818e+03 4.335945434796670130e-15 2.577999999999999847e-33
4.697300000000000182e+03 4.112977462722687636e-15 1.598000000000000094e-33
4.722800000000000182e+03 3.490148108995726098e-15 1.407999999999999960e-33
4.748399999999999636e+03 2.812193832283684625e-15 1.185000000000000029e-33
4.774000000000000000e+03 2.439483532100973355e-15 1.154999999999999918e-33
4.799500000000000000e+03 2.186073438378511214e-15 1.335999999999999967e-33
4.825100000000000364e+03 1.900575702918465265e-15 1.229000000000000043e-33
4.850699999999999818e+03 2.103797433923165871e-15 1.067000000000000059e-33
4.876300000000000182e+03 2.526696096823639071e-15 1.173999999999999982e-33
4.901800000000000182e+03 2.454293212902935264e-15 1.003000000000000084e-33
4.927399999999999636e+03 2.393408969605980310e-15 8.810000000000000199e-34
4.953000000000000000e+03 2.950417519768664548e-15 9.295999999999999297e-34
4.978500000000000000e+03 3.486034308772959186e-15 1.051000000000000023e-33
5.004100000000000364e+03 3.500843989574921884e-15 1.100000000000000027e-33
5.029699999999999818e+03 3.279521537590043946e-15 8.705999999999999449e-34
5.055300000000000182e+03 2.830294553263861957e-15 7.005000000000000040e-34
5.080800000000000182e+03 2.307019164927868844e-15 4.031999999999999613e-34
5.106399999999999636e+03 2.310310205106082295e-15 4.561000000000000370e-34
5.132000000000000000e+03 2.394231729650534166e-15 5.905999999999999908e-34
5.157500000000000000e+03 2.524227816689978687e-15 6.037999999999999610e-34
5.183100000000000364e+03 2.610617621368090547e-15 7.078000000000000270e-34
5.208699999999999818e+03 2.830294553263861957e-15 4.019000000000000118e-33
5.234199999999999818e+03 3.008833482931960301e-15 2.963999999999999829e-33
5.259800000000000182e+03 3.333000940486018143e-15 2.743999999999999926e-33
5.285399999999999636e+03 3.833239047574515522e-15 7.205999999999999878e-34
5.311000000000000000e+03 4.103104342188044522e-15 5.702000000000000212e-34
5.336500000000000000e+03 4.315376433682834386e-15 5.396999999999999624e-34
5.362100000000000364e+03 4.458536681435135077e-15 5.112000000000000364e-34
5.387699999999999818e+03 4.465941521836115440e-15 5.940999999999999667e-34
5.413199999999999818e+03 4.219936268514634451e-15 4.857999999999999913e-34
5.438800000000000182e+03 4.072662220539568820e-15 4.488000000000000139e-34
5.464399999999999636e+03 4.020828337732701546e-15 4.367999999999999865e-34
5.490000000000000000e+03 3.976399295326813847e-15 4.257000000000000019e-34
5.515500000000000000e+03 3.887541210515043180e-15 4.096000000000000272e-34
5.541100000000000364e+03 3.969817214970386156e-15 5.803999999999999632e-34
5.566699999999999818e+03 4.093231221653403776e-15 1.098999999999999961e-33
5.592199999999999818e+03 3.797860365658715897e-15 1.850000000000000069e-33
5.617800000000000182e+03 3.323950579995930068e-15 3.046000000000000144e-33
5.643399999999999636e+03 2.938898879144915695e-15 4.957999999999999714e-34
5.668899999999999636e+03 2.655046663773977458e-15 3.294000000000000111e-34
5.694500000000000000e+03 2.353916487467414956e-15 2.865999999999999820e-34
5.720100000000000364e+03 2.030571789957909787e-15 2.912999999999999863e-34
5.745699999999999818e+03 1.682544291111800778e-15 3.755999999999999924e-34
5.771199999999999818e+03 1.423374877077465000e-15 2.629999999999999795e-34
5.796800000000000182e+03 1.408565196275502696e-15 1.890000000000000032e-34
5.822399999999999636e+03 1.599445526611903355e-15 2.646000000000000173e-34
5.847899999999999636e+03 1.867665301136326813e-15 2.999999999999999997e-34
5.873500000000000000e+03 2.010825548888626715e-15 1.903000000000000169e-33
5.899100000000000364e+03 2.252717001987340397e-15 2.725999999999999928e-34
5.924699999999999818e+03 2.472393933883111413e-15 2.840000000000000060e-34
5.950199999999999818e+03 2.567834099051311742e-15 2.628999999999999985e-34
5.975800000000000182e+03 2.617199701724518632e-15 2.442999999999999860e-34
6.001399999999999636e+03 2.588403100165147486e-15 3.325000000000000203e-34
6.026899999999999636e+03 2.458407013125702965e-15 2.667000000000000029e-34
6.052500000000000000e+03 2.312778485239742679e-15 2.095000000000000179e-34
6.078100000000000364e+03 2.292209484125906146e-15 2.503999999999999807e-34
6.103699999999999818e+03 2.332524726309025750e-15 2.210999999999999930e-34
6.129199999999999818e+03 2.424673851299011051e-15 2.075000000000000133e-34
6.154800000000000182e+03 2.568656859095864020e-15 2.044000000000000041e-34
6.180399999999999636e+03 2.814662112417345798e-15 2.289999999999999875e-34
6.205899999999999636e+03 2.880482915981621519e-15 2.404000000000000007e-34
6.231500000000000000e+03 2.819598672684667354e-15 2.156999999999999935e-34
6.257100000000000364e+03 2.669033584531385906e-15 2.446000000000000145e-34
6.282600000000000364e+03 2.508595375843463316e-15 2.379999999999999866e-34
6.308199999999999818e+03 2.376131008670358017e-15 2.086999999999999990e-34
6.333800000000000182e+03 2.425496611343564907e-15 4.574000000000000036e-34
6.359399999999999636e+03 2.548087857982028276e-15 1.857999999999999917e-34
6.384899999999999636e+03 2.825357992996541189e-15 2.525999999999999900e-34
6.410500000000000000e+03 3.189840692733717846e-15 2.298999999999999874e-34
6.436100000000000364e+03 3.525526790911524146e-15 1.730000000000000095e-34
6.461600000000000364e+03 3.765772723921130906e-15 2.035000000000000042e-34
6.487199999999999818e+03 3.901528131272449656e-15 2.269000000000000020e-34
6.512800000000000182e+03 3.939375093321908876e-15 2.217999999999999882e-34
6.538399999999999636e+03 3.952539254034765046e-15 2.287000000000000018e-34
6.563899999999999636e+03 3.997791056485203841e-15 3.157000000000000077e-34
6.589500000000000000e+03 3.913869531940753153e-15 5.839999999999999629e-34
6.615100000000000364e+03 3.699951920356856367e-15 7.258999999999999635e-34
6.640600000000000364e+03 3.375784462802796948e-15 4.287000000000000301e-34
6.666199999999999818e+03 2.969341000793393764e-15 1.691000000000000028e-34
6.691800000000000182e+03 2.576061699496846355e-15 1.354999999999999989e-34
6.717399999999999636e+03 2.252717001987340397e-15 1.648000000000000079e-34
6.742899999999999636e+03 2.075000832363795909e-15 1.714999999999999954e-34
6.768500000000000000e+03 1.942536465190690609e-15 1.821999999999999920e-34
6.794100000000000364e+03 1.816654178374012606e-15 2.021999999999999948e-34
6.819600000000000364e+03 1.760706495344378814e-15 1.343999999999999942e-34
6.845199999999999818e+03 1.725327813428580964e-15 1.177000000000000053e-34
6.870800000000000182e+03 1.660329769908858309e-15 1.416999999999999959e-34
6.896300000000000182e+03 1.541852323493161852e-15 1.403000000000000055e-34
6.921899999999999636e+03 1.477677040017992855e-15 6.085999999999999890e-34
6.947500000000000000e+03 1.515524002067451287e-15 1.109999999999999965e-34
6.973100000000000364e+03 1.565712364785211441e-15 1.315999999999999921e-34
6.998600000000000364e+03 1.623305567903953141e-15 1.291999999999999995e-34
7.024199999999999818e+03 1.713809172804832308e-15 1.235999999999999953e-34
7.049800000000000182e+03 1.780452736413661886e-15 1.011999999999999998e-34
7.075300000000000182e+03 1.832286619220528765e-15 8.849999999999999862e-35
7.100899999999999636e+03 1.867665301136326813e-15 1.070999999999999897e-34
7.126500000000000000e+03 1.892348102472930652e-15 1.205000000000000074e-34
7.152100000000000364e+03 1.904689503141232178e-15 9.927999999999999284e-35
7.177600000000000364e+03 1.911271583497660263e-15 1.155999999999999984e-34
7.203199999999999818e+03 1.968042026571848304e-15 9.176999999999999261e-34
7.228800000000000182e+03 2.141644395972624697e-15 1.334000000000000005e-33
7.254300000000000182e+03 2.308664685016974978e-15 1.213000000000000007e-33
7.279899999999999636e+03 2.463343573393023338e-15 2.030999999999999947e-34
7.305500000000000000e+03 2.665742544353171272e-15 8.057000000000000129e-34
7.331100000000000364e+03 2.906811237407331887e-15 9.942999999999999852e-34
7.356600000000000364e+03 3.016238323332940664e-15 1.621000000000000082e-34
7.382199999999999818e+03 3.003074162620085678e-15 1.793000000000000089e-34
7.407800000000000182e+03 2.896115356828136496e-15 1.388999999999999938e-34
7.433300000000000182e+03 2.734854388095661233e-15 1.318999999999999992e-34
7.458899999999999636e+03 2.635300422704693992e-15 7.042000000000000274e-34
7.484500000000000000e+03 2.616376941679964776e-15 1.008999999999999970e-33
7.510000000000000000e+03 2.674792904843260924e-15 2.224999999999999834e-34
7.535600000000000364e+03 2.666565304397725128e-15 2.336000000000000108e-34
7.561199999999999818e+03 2.539860257536494452e-15 2.181000000000000076e-34
7.586800000000000182e+03 2.363789608002056097e-15 2.190999999999999885e-34
7.612300000000000182e+03 2.009180028799519792e-15 1.878999999999999986e-34
7.637899999999999636e+03 1.664443570131625418e-15 7.618999999999999601e-34
7.663500000000000000e+03 1.601091046701010080e-15 1.131000000000000034e-33
7.689000000000000000e+03 1.728618853606794612e-15 1.724999999999999977e-33
7.714600000000000364e+03 1.852855620334364904e-15 1.430000000000000053e-33
7.740199999999999818e+03 2.075823592408349370e-15 4.706999999999999975e-34
7.765800000000000182e+03 2.350625447289200716e-15 3.880999999999999675e-34
7.791300000000000182e+03 2.582643779853274046e-15 9.657999999999999737e-34
7.816899999999999636e+03 2.892824316649923045e-15 7.330999999999999628e-34
7.842500000000000000e+03 3.034339044313116419e-15 1.665000000000000054e-34
7.868000000000000000e+03 3.147879930461492502e-15 1.288999999999999924e-33
7.893600000000000364e+03 3.218637294293088203e-15 1.443000000000000061e-33
7.919199999999999818e+03 3.252370456119780117e-15 1.445000000000000023e-33
7.944699999999999818e+03 3.208764173758448245e-15 1.515999999999999949e-33
7.970300000000000182e+03 2.988264481818122979e-15 1.838999999999999895e-34
7.995899999999999636e+03 2.651755623595764007e-15 1.686999999999999933e-34
8.021500000000000000e+03 2.299614324526886509e-15 7.899000000000000239e-34
8.047000000000000000e+03 2.000952428353985574e-15 6.956000000000000377e-34
8.072600000000000364e+03 1.809249337973032637e-15 6.794999999999999775e-34
8.098199999999999818e+03 1.731909893785007865e-15 5.091999999999999891e-34
8.123699999999999818e+03 1.667734610309839066e-15 6.387000000000000384e-34
8.149300000000000182e+03 1.634001448483147744e-15 7.153000000000000120e-34
8.174899999999999636e+03 1.557484764339677419e-15 6.315000000000000391e-34
8.200500000000000000e+03 1.529510922824859735e-15 7.402000000000000239e-34
8.226000000000000000e+03 1.584635845809941248e-15 7.772999999999999396e-34
8.251600000000000364e+03 1.597800006522796038e-15 9.444000000000000233e-34
8.277200000000000728e+03 1.539384043359501270e-15 2.601000000000000178e-34
8.302700000000000728e+03 1.425020397166571725e-15 4.204000000000000261e-34
8.328299999999999272e+03 1.220975906117317264e-15 4.864999999999999865e-34
8.353899999999999636e+03 1.039968696315558536e-15 2.238999999999999908e-33
8.379500000000000000e+03 9.667430523503014646e-16 6.715999999999999830e-34
8.405000000000000000e+03 9.881348135086912615e-16 1.126000000000000044e-33
8.430600000000000364e+03 1.086866018855104647e-15 8.472999999999999709e-34
8.456200000000000728e+03 1.229203506562851482e-15 5.998999999999999756e-34
8.481700000000000728e+03 1.401983115919075795e-15 8.073999999999999889e-34
8.507299999999999272e+03 1.606850367012883915e-15 7.416000000000000143e-34
8.532899999999999636e+03 1.874247381492754898e-15 6.382000000000000052e-34
8.558399999999999636e+03 2.213224519848775437e-15 8.447000000000000376e-34
8.584000000000000000e+03 2.499545015353375242e-15 1.337000000000000033e-33
8.609600000000000364e+03 2.642705263105675933e-15 1.473000000000000001e-33
8.635200000000000728e+03 2.696184666001649340e-15 1.636999999999999947e-33
8.660700000000000728e+03 2.792447591214402342e-15 1.608000000000000074e-33
8.686299999999999272e+03 2.880482915981621519e-15 9.884999999999999763e-34
8.711899999999999636e+03 2.899406397006351130e-15 7.957000000000000328e-34
8.737399999999999636e+03 2.876369115758855396e-15 4.298999999999999729e-34
8.763000000000000000e+03 2.793270351258955409e-15 1.036999999999999948e-33
8.788600000000000364e+03 2.659983224041297437e-15 1.275999999999999915e-33
8.814200000000000728e+03 2.497076735219715252e-15 1.141000000000000014e-33
8.839700000000000728e+03 2.303728124749654604e-15 9.762999999999999870e-34
8.865299999999999272e+03 2.144935436150838937e-15 7.852000000000000196e-34
8.890899999999999636e+03 2.042090430581657851e-15 5.173999999999999693e-34
8.916399999999999636e+03 1.968042026571848304e-15 4.005000000000000043e-34
8.942000000000000000e+03 1.938422664967924091e-15 3.416999999999999814e-34
8.967600000000000364e+03 1.913739863631320646e-15 3.884999999999999769e-34
8.993200000000000728e+03 1.793616897126516478e-15 2.174000000000000038e-33
9.018700000000000728e+03 1.665266330176178879e-15 1.944999999999999880e-33
9.044299999999999272e+03 1.545143363671375894e-15 1.698999999999999960e-33
9.069899999999999636e+03 1.493309480864508226e-15 3.402999999999999911e-34
9.095399999999999636e+03 1.574762725275299318e-15 3.891999999999999721e-34
9.121000000000000000e+03 1.720391253161259801e-15 1.769000000000000163e-33
9.146600000000000364e+03 1.850387340200705309e-15 2.507999999999999987e-33
9.172100000000000364e+03 1.936777144878816380e-15 4.705000000000000356e-34
9.197700000000000728e+03 2.007534508710412475e-15 4.385999999999999864e-34
9.223299999999999272e+03 2.163858917175568153e-15 4.113000000000000032e-34
