3.650047851562500000e+03 4.347217755396163259e-16
3.655565780162811279e+03 8.692181495112689072e-16
3.661083708763122559e+03 6.663040800907398644e-16
3.666601637363433838e+03 7.020646072675775879e-16
3.672119565963745117e+03 7.336295489524518169e-16
3.677637494564056396e+03 6.086832818727952946e-16
3.683155423164367676e+03 8.357391054577155481e-16
3.688673351764678955e+03 8.139159405972074064e-16
3.694191280364990234e+03 8.234562205125849186e-16
3.699709208965301514e+03 8.201042462540349042e-16
3.705227137565612793e+03 9.694397701576781816e-16
3.710745066165924072e+03 9.136264568683816192e-16
3.716262994766235352e+03 6.860555374067272207e-16
3.721780923366546631e+03 7.003973423082441713e-16
3.727298851966857910e+03 6.282092932708020404e-16
3.732816780567169189e+03 5.038293759037902069e-16
3.738334709167480469e+03 5.461855784237418357e-16
3.743852637767791748e+03 5.492845358372930160e-16
3.749370566368103027e+03 3.464080013141903094e-16
3.754888494968414307e+03 4.030577263508640029e-16
3.760406423568725586e+03 4.226274964319673670e-16
3.765924352169036865e+03 4.596510233830176644e-16
3.771442280769348145e+03 3.180764862933557215e-16
3.776960209369659879e+03 3.607334854095794516e-16
3.782478137969971158e+03 3.257475164902281841e-16
3.787996066570282437e+03 3.858662998294128941e-16
3.793513995170593716e+03 2.549231565481373401e-16
3.799031923770904996e+03 4.342463729277857776e-16
3.804549852371216275e+03 3.440418096591006967e-16
3.810067780971527554e+03 5.657005318842634013e-16
3.815585709571838834e+03 4.389466024758923454e-16
3.821103638172150113e+03 3.173751942633781733e-16
3.826621566772461392e+03 6.595133385910519551e-16
3.832139495372772672e+03 6.373631662744305182e-16
3.837657423973083951e+03 6.452426711162446114e-16
3.843175352573395230e+03 7.521294192318447826e-16
3.848693281173706509e+03 8.558883528563926554e-16
3.854211209774017789e+03 8.606874681582939252e-16
3.859729138374329068e+03 9.477179450852195791e-16
3.865247066974640347e+03 1.141453482892861609e-15
3.870764995574951627e+03 1.186894628221102289e-15
3.876282924175262906e+03 1.236766295862850393e-15
3.881800852775574185e+03 1.159256954427447697e-15
3.887318781375885465e+03 1.387895334439896316e-15
3.892836709976196744e+03 1.552103784261140871e-15
3.898354638576508023e+03 1.796413390490925218e-15
3.903872567176819302e+03 1.686682283624033122e-15
3.909390495777130582e+03 1.811562764845656299e-15
3.914908424377441861e+03 2.021570146362811452e-15
3.920426352977753140e+03 1.865299610355311066e-15
3.925944281578064420e+03 2.060855391113058052e-15
3.931462210178375699e+03 2.147204873534293848e-15
3.936980138778686978e+03 2.081166959572680761e-15
3.942498067378998257e+03 2.313794032249412159e-15
3.948015995979309537e+03 2.226610917348509458e-15
3.953533924579620816e+03 2.407183636313969653e-15
3.959051853179932095e+03 2.311798872833632175e-15
3.964569781780243375e+03 2.490289358517285639e-15
3.970087710380554654e+03 2.706687429600589348e-15
3.975605638980865933e+03 2.871834473607576833e-15
3.981123567581177213e+03 2.786539782415711942e-15
3.986641496181488492e+03 2.884032502187513648e-15
3.992159424781800226e+03 2.968565407926688232e-15
3.997677353382111505e+03 3.070304050459353188e-15
4.003195281982422784e+03 3.283268099753301254e-15
4.008713210582734064e+03 2.990067035166469601e-15
4.014231139183045343e+03 3.226133451634554895e-15
4.019749067783356622e+03 3.127624672981258868e-15
4.025266996383667902e+03 3.146819655854975916e-15
4.030784924983979181e+03 2.949893755249463467e-15
4.036302853584290460e+03 2.577473951752076765e-15
4.041820782184601740e+03 2.601369001557172465e-15
4.047338710784913019e+03 2.438026411894361657e-15
4.052856639385224298e+03 2.432743437910787816e-15
4.058374567985535577e+03 2.164553121714626520e-15
4.063892496585846857e+03 2.138759004196496505e-15
4.069410425186158136e+03 2.029373383959322724e-15
4.074928353786469415e+03 1.892905869553837805e-15
4.080446282386780695e+03 2.047915534587923883e-15
4.085964210987091974e+03 1.738062369248806860e-15
4.091482139587403253e+03 1.878019490797851739e-15
4.097000068187714533e+03 1.691604691972226869e-15
4.102517996788025812e+03 1.778259006841250271e-15
4.108035925388337091e+03 1.730131107937559816e-15
4.113553853988648370e+03 1.558637280880908664e-15
4.119071782588959650e+03 1.606210213242894852e-15
4.124589711189270929e+03 1.466992406471436965e-15
4.130107639789582208e+03 1.433676673962534772e-15
4.135625568389893488e+03 1.529485867102230777e-15
4.141143496990204767e+03 1.303232379668559739e-15
4.146661425590516046e+03 1.414434680071166826e-15
4.152179354190827326e+03 1.317148187876796301e-15
4.157697282791138605e+03 1.343276556687092481e-15
4.163215211391449884e+03 1.316638014851910687e-15
4.168733139991761163e+03 1.289065417316023336e-15
4.174251068592072443e+03 1.359576666140551767e-15
4.179768997192383722e+03 1.274652696737880121e-15
4.185286925792695001e+03 1.159936544515943413e-15
4.190804854393006281e+03 1.278903985850758292e-15
4.196322782993317560e+03 1.209178027987746010e-15
4.201840711593628839e+03 1.249957956999195081e-15
4.207358640193940118e+03 1.204692955153756601e-15
4.212876568794251398e+03 1.025908428859701193e-15
4.218394497394562677e+03 1.161154928173404450e-15
4.223912425994873956e+03 1.303997668772565873e-15
4.229430354595185236e+03 1.280743772374867622e-15
4.234948283195496515e+03 1.379149511156142933e-15
4.240466211795807794e+03 1.340758806241764821e-15
4.245984140396119074e+03 1.403178350178138751e-15
4.251502068996430353e+03 1.437006029712592314e-15
4.257019997596741632e+03 1.333298098607194224e-15
4.262537926197052911e+03 1.334585875257376531e-15
4.268055854797364191e+03 1.330694161296172792e-15
4.273573783397675470e+03 1.417634238105823234e-15
4.279091711997986749e+03 1.311529927767334753e-15
4.284609640598298029e+03 1.409787980993159064e-15
4.290127569198609308e+03 1.272333087383613774e-15
4.295645497798920587e+03 1.382359861028184806e-15
4.301163426399231867e+03 1.314946800883585334e-15
4.306681354999543146e+03 1.427259374386394758e-15
4.312199283599854425e+03 1.286293836942057754e-15
4.317717212200165704e+03 1.266318145941878596e-15
4.323235140800476984e+03 1.272698723704231065e-15
4.328753069400789173e+03 1.452109575716783395e-15
4.334270998001100452e+03 1.288983783718706284e-15
4.339788926601411731e+03 1.262469200180066305e-15
4.345306855201723010e+03 1.356121208509813957e-15
4.350824783802034290e+03 1.341208515410614946e-15
4.356342712402345569e+03 1.270097698710969420e-15
4.361860641002656848e+03 1.350723515816500762e-15
4.367378569602968128e+03 1.234635514096149109e-15
4.372896498203279407e+03 1.270472545051711261e-15
4.378414426803590686e+03 1.169706409684189087e-15
4.383932355403901965e+03 1.166762307745447592e-15
4.389450284004213245e+03 1.396070520842728596e-15
4.394968212604524524e+03 1.248829722142248692e-15
4.400486141204835803e+03 1.135737741446798909e-15
4.406004069805147083e+03 1.144391050595816438e-15
4.411521998405458362e+03 1.173455907925329038e-15
4.417039927005769641e+03 1.128881480189177369e-15
4.422557855606080921e+03 1.177078180752033448e-15
4.428075784206392200e+03 1.127568956229703289e-15
4.433593712806703479e+03 1.115236369699244824e-15
4.439111641407014758e+03 1.060024531335781118e-15
4.444629570007326038e+03 1.118288330878483569e-15
4.450147498607637317e+03 1.251255549786396145e-15
4.455665427207948596e+03 1.264001049755222612e-15
4.461183355808259876e+03 1.248143213451155051e-15
4.466701284408571155e+03 1.417931383217390793e-15
4.472219213008882434e+03 1.456999165052654850e-15
4.477737141609193714e+03 1.451395983948854687e-15
4.483255070209504993e+03 1.648190165004910892e-15
4.488772998809816272e+03 1.698597063430953063e-15
4.494290927410127551e+03 1.698567940253351835e-15
4.499808856010438831e+03 1.822729951205214145e-15
4.505326784610750110e+03 1.897781414717769221e-15
4.510844713211061389e+03 1.933843891591311491e-15
4.516362641811372669e+03 2.019467068573178398e-15
4.521880570411683948e+03 2.022734482133312223e-15
4.527398499011995227e+03 2.056067363315319676e-15
4.532916427612306506e+03 2.126616708804152376e-15
4.538434356212617786e+03 2.174148395650652406e-15
4.543952284812929065e+03 2.337207736540446143e-15
4.549470213413240344e+03 2.337868699621947977e-15
4.554988142013551624e+03 2.682221742914572546e-15
4.560506070613862903e+03 2.603983287205412479e-15
4.566023999214174182e+03 2.752209025859037168e-15
4.571541927814485462e+03 2.842153964130241726e-15
4.577059856414796741e+03 3.036104569951967578e-15
4.582577785015108020e+03 2.999423410346130779e-15
4.588095713615419299e+03 3.297183213144610075e-15
4.593613642215730579e+03 3.662595861844386725e-15
4.599131570816041858e+03 3.688631686953269140e-15
4.604649499416353137e+03 3.699570322893680861e-15
4.610167428016664417e+03 3.852156703017908548e-15
4.615685356616975696e+03 3.918268385840552556e-15
4.621203285217286975e+03 3.882185507959349465e-15
4.626721213817598255e+03 3.869479967355526754e-15
4.632239142417909534e+03 3.950791435718496276e-15
4.637757071018220813e+03 3.809732955422595885e-15
4.643274999618532092e+03 3.745462389624560080e-15
4.648792928218843372e+03 3.784318326213617769e-15
4.654310856819154651e+03 3.715963715215497729e-15
4.659828785419465930e+03 3.754219596079254574e-15
4.665346714019777210e+03 3.838448999871140425e-15
4.670864642620088489e+03 3.945425231537006302e-15
4.676382571220399768e+03 3.833352591624282931e-15
4.681900499820711048e+03 3.580603029392255337e-15
4.687418428421022327e+03 3.742935917009291027e-15
4.692936357021333606e+03 3.738464104830280185e-15
4.698454285621644885e+03 3.543582592159031649e-15
4.703972214221956165e+03 3.335558839053326605e-15
4.709490142822267444e+03 3.159818645735645912e-15
4.715008071422578723e+03 2.953192952988197647e-15
4.720526000022890003e+03 2.871261914892600620e-15
4.726043928623201282e+03 2.657080457641558816e-15
4.731561857223512561e+03 2.543493264660174148e-15
4.737079785823823840e+03 2.442142389106435010e-15
4.742597714424135120e+03 2.390068225721059620e-15
4.748115643024446399e+03 2.323786682334639021e-15
4.753633571624757678e+03 2.356014804601847821e-15
4.759151500225068958e+03 2.182007070767978442e-15
4.764669428825380237e+03 2.051890922247210835e-15
4.770187357425691516e+03 2.142073724441058755e-15
4.775705286026002796e+03 2.097034360697006812e-15
4.781223214626314075e+03 1.941979754312712527e-15
4.786741143226625354e+03 1.824854021336062286e-15
4.792259071826936633e+03 1.807977952999683646e-15
4.797777000427247913e+03 1.927367458659635848e-15
4.803294929027559192e+03 1.771717379385095943e-15
4.808812857627870471e+03 1.700045534974804079e-15
4.814330786228181751e+03 1.682801952833770297e-15
4.819848714828493030e+03 1.680069991808013684e-15
4.825366643428804309e+03 1.629379548942177112e-15
4.830884572029115589e+03 1.851298014431531340e-15
4.836402500629426868e+03 1.816997120219401414e-15
4.841920429229738147e+03 1.910406386124674728e-15
4.847438357830049426e+03 2.049484933843845678e-15
4.852956286430360706e+03 2.231804452131835149e-15
4.858474215030671985e+03 2.266135208688510318e-15
4.863992143630983264e+03 2.292317980185899127e-15
4.869510072231294544e+03 2.325381508933441178e-15
4.875028000831605823e+03 2.123144989500641888e-15
4.880545929431917102e+03 2.082499381906292564e-15
4.886063858032228381e+03 2.102448906396647345e-15
4.891581786632540570e+03 2.022386630169372704e-15
4.897099715232851850e+03 2.044091380485420231e-15
4.902617643833163129e+03 1.903701402773852170e-15
4.908135572433474408e+03 1.952149656631158501e-15
4.913653501033785687e+03 2.037248468582810596e-15
4.919171429634096967e+03 2.180823812323706064e-15
4.924689358234408246e+03 2.260735889827919934e-15
4.930207286834719525e+03 2.519710272563818084e-15
4.935725215435030805e+03 2.749292273097230554e-15
4.941243144035342084e+03 2.957914603594347228e-15
4.946761072635653363e+03 3.151025367934075341e-15
4.952279001235964643e+03 3.241146523604776481e-15
4.957796929836275922e+03 3.368382434210781420e-15
4.963314858436587201e+03 3.344373552696279736e-15
4.968832787036898480e+03 3.293440367405967446e-15
4.974350715637209760e+03 3.229873192872031910e-15
4.979868644237521039e+03 3.246896798930471604e-15
4.985386572837832318e+03 3.181075904383675557e-15
4.990904501438143598e+03 3.232741899782465492e-15
4.996422430038454877e+03 3.141541856040011563e-15
5.001940358638766156e+03 3.095208802310223612e-15
5.007458287239077436e+03 2.817095909055144522e-15
5.012976215839388715e+03 2.813456842355467610e-15
5.018494144439699994e+03 2.676039646260076375e-15
5.024012073040011273e+03 2.575384770300994987e-15
5.029530001640322553e+03 2.473005417861098676e-15
5.035047930240633832e+03 2.240923406889019649e-15
5.040565858840945111e+03 2.256209970628593990e-15
5.046083787441256391e+03 2.154984014288424814e-15
5.051601716041567670e+03 2.177477455733932224e-15
5.057119644641878949e+03 2.058430923536087974e-15
5.062637573242190228e+03 2.066198237619111538e-15
5.068155501842501508e+03 2.139580070838111796e-15
5.073673430442812787e+03 2.095423715925598662e-15
5.079191359043124066e+03 2.420112257501551475e-15
5.084709287643435346e+03 2.547645017552346445e-15
5.090227216243746625e+03 2.638902568483058617e-15
5.095745144844057904e+03 2.560172566756006622e-15
5.101263073444369184e+03 2.234252277384241715e-15
5.106781002044680463e+03 2.453023370025199329e-15
5.112298930644991742e+03 2.375018934570573193e-15
5.117816859245303021e+03 2.405990916532811276e-15
5.123334787845614301e+03 2.532964866373792151e-15
5.128852716445925580e+03 2.451017418772034077e-15
5.134370645046236859e+03 2.499904442127416108e-15
5.139888573646548139e+03 2.405157284053144370e-15
5.145406502246859418e+03 2.480855518641872476e-15
5.150924430847170697e+03 2.499138221673060131e-15
5.156442359447481977e+03 2.366524871548013660e-15
5.161960288047793256e+03 2.467687850864536789e-15
5.167478216648104535e+03 2.554263814037474836e-15
5.172996145248415814e+03 2.489709260299478930e-15
5.178514073848727094e+03 2.497053475223643628e-15
5.184032002449038373e+03 2.602444932961147220e-15
5.189549931049349652e+03 2.639037836033846372e-15
5.195067859649660932e+03 2.673312415902762565e-15
5.200585788249972211e+03 2.628649288133307353e-15
5.206103716850283490e+03 2.661166572509086531e-15
5.211621645450594769e+03 2.808787672602356336e-15
5.217139574050906049e+03 2.893085966753442330e-15
5.222657502651217328e+03 2.883135005683868113e-15
5.228175431251528607e+03 3.017373636085818222e-15
5.233693359851839887e+03 3.050928267351085124e-15
5.239211288452152075e+03 3.173600413410221694e-15
5.244729217052463355e+03 3.283908661827143056e-15
5.250247145652774634e+03 3.276168844754444123e-15
5.255765074253085913e+03 3.384299803020534824e-15
5.261283002853397193e+03 3.537790775651071461e-15
5.266800931453708472e+03 3.691925562690005462e-15
5.272318860054019751e+03 3.764153260642334374e-15
5.277836788654331031e+03 3.744380249218254097e-15
5.283354717254642310e+03 3.960910779017958658e-15
5.288872645854953589e+03 4.176285695217103842e-15
5.294390574455264868e+03 4.174115205402159858e-15
5.299908503055576148e+03 4.168490440623588962e-15
5.305426431655887427e+03 4.248002776644380454e-15
5.310944360256198706e+03 4.269865117352930878e-15
5.316462288856509986e+03 4.330006992267452952e-15
5.321980217456821265e+03 4.398576405179555423e-15
5.327498146057132544e+03 4.415766175967051432e-15
5.333016074657443824e+03 4.562775689330692097e-15
5.338534003257755103e+03 4.858593700566761904e-15
5.344051931858066382e+03 4.905809910961477824e-15
5.349569860458377661e+03 4.913455262498708277e-15
5.355087789058688941e+03 5.080534636731218855e-15
5.360605717659000220e+03 5.187978613239372699e-15
5.366123646259311499e+03 5.131455995350423744e-15
5.371641574859622779e+03 5.091265714593699930e-15
5.377159503459934058e+03 4.946641197292209730e-15
5.382677432060245337e+03 4.793287709713294669e-15
5.388195360660556616e+03 4.678604036486886056e-15
5.393713289260867896e+03 4.504730239703305559e-15
5.399231217861179175e+03 4.538174143760332091e-15
5.404749146461490454e+03 4.467576752420126359e-15
5.410267075061801734e+03 4.203853813401309446e-15
5.415785003662113013e+03 4.187030669418135010e-15
5.421302932262424292e+03 4.071668588770341382e-15
5.426820860862735572e+03 4.235858263751203686e-15
5.432338789463046851e+03 4.390293891736424731e-15
5.437856718063358130e+03 4.442382986294074716e-15
5.443374646663669409e+03 4.500176527826877063e-15
5.448892575263980689e+03 4.770370577775372944e-15
5.454410503864291968e+03 5.049443057557409457e-15
5.459928432464603247e+03 5.364315166447631990e-15
5.465446361064914527e+03 5.270436677366182284e-15
5.470964289665225806e+03 5.373647149118135334e-15
5.476482218265537085e+03 5.320840766957836565e-15
5.482000146865848365e+03 5.264778650075123003e-15
5.487518075466159644e+03 5.288691292053490253e-15
5.493036004066470923e+03 5.243832876377378089e-15
5.498553932666782202e+03 5.430489530627144124e-15
5.504071861267093482e+03 5.272647525696279251e-15
5.509589789867404761e+03 5.240567975984854429e-15
5.515107718467716040e+03 5.320257859905642559e-15
5.520625647068027320e+03 5.368882922495999342e-15
5.526143575668338599e+03 5.352645937899575657e-15
5.531661504268649878e+03 5.285249139427748271e-15
5.537179432868961158e+03 5.114031021641283301e-15
5.542697361469272437e+03 5.280261240888299297e-15
5.548215290069583716e+03 5.089476634921962561e-15
5.553733218669894995e+03 5.069795575865740599e-15
5.559251147270206275e+03 5.196426404411225547e-15
5.564769075870517554e+03 5.148014961067740296e-15
5.570287004470828833e+03 5.204084617453285537e-15
5.575804933071140113e+03 4.989950466886671762e-15
5.581322861671451392e+03 5.156766845520436143e-15
5.586840790271762671e+03 5.273528908360540873e-15
5.592358718872073950e+03 5.116294794324584472e-15
5.597876647472385230e+03 5.199372871684188247e-15
5.603394576072696509e+03 4.957930789697726979e-15
5.608912504673007788e+03 4.752598934769403485e-15
5.614430433273319068e+03 4.669718362817290484e-15
5.619948361873630347e+03 4.504280826201232960e-15
5.625466290473941626e+03 4.442962936678492660e-15
5.630984219074252906e+03 4.406651508378143444e-15
5.636502147674564185e+03 4.192588613504950820e-15
5.642020076274875464e+03 4.138094269710881075e-15
5.647538004875186743e+03 4.084359937368835684e-15
5.653055933475498023e+03 4.104703733507225827e-15
5.658573862075809302e+03 4.009248749167189727e-15
5.664091790676120581e+03 4.073931326619920419e-15
5.669609719276431861e+03 3.981240235317630839e-15
5.675127647876743140e+03 4.139170201114855830e-15
5.680645576477054419e+03 4.109092463321708905e-15
5.686163505077365699e+03 4.062919808818811149e-15
5.691681433677676978e+03 3.853545745539445618e-15
5.697199362277988257e+03 3.892864104968792627e-15
5.702717290878299536e+03 3.607071710663660146e-15
5.708235219478610816e+03 3.574581184131260992e-15
5.713753148078922095e+03 3.437005806309811412e-15
5.719271076679233374e+03 3.182931213413613352e-15
5.724789005279544654e+03 2.927233705574733845e-15
5.730306933879855933e+03 2.890867578920514866e-15
5.735824862480167212e+03 2.827509884298564298e-15
5.741342791080478491e+03 2.580662865782736472e-15
5.746860719680789771e+03 2.636412906381610248e-15
5.752378648281101050e+03 2.542924993113474447e-15
5.757896576881412329e+03 2.561835544547063920e-15
5.763414505481723609e+03 2.651156330250587329e-15
5.768932434082034888e+03 2.549240435484703657e-15
5.774450362682346167e+03 2.735531941264036543e-15
5.779968291282657447e+03 2.583603863220312550e-15
5.785486219882968726e+03 2.753183543558268002e-15
5.791004148483280005e+03 2.778840471691554757e-15
5.796522077083591284e+03 2.875633643867366808e-15
5.802040005683902564e+03 2.954794727756275245e-15
5.807557934284213843e+03 3.022741909934752465e-15
5.813075862884525122e+03 3.205901121871350517e-15
5.818593791484836402e+03 3.320538227580274129e-15
5.824111720085147681e+03 3.426618441076382107e-15
5.829629648685458960e+03 3.465826664631044197e-15
5.835147577285770240e+03 3.637419392224828316e-15
5.840665505886081519e+03 3.700900379893071262e-15
5.846183434486392798e+03 3.646469900122980541e-15
5.851701363086704077e+03 3.635231458070002333e-15
5.857219291687015357e+03 3.663849193314969355e-15
5.862737220287326636e+03 3.752378035554479292e-15
5.868255148887637915e+03 3.724223610150135751e-15
5.873773077487949195e+03 3.866278487486815038e-15
5.879291006088260474e+03 3.788616286327352642e-15
5.884808934688571753e+03 3.851926082931318153e-15
5.890326863288883942e+03 4.060730691996873480e-15
5.895844791889195221e+03 4.204030622134360688e-15
5.901362720489506501e+03 4.232924657983069734e-15
5.906880649089817780e+03 4.317862479374275396e-15
5.912398577690129059e+03 4.260100278519905929e-15
5.917916506290440338e+03 4.115809864677193525e-15
5.923434434890751618e+03 4.087904538533044511e-15
5.928952363491062897e+03 4.183728071511457689e-15
5.934470292091374176e+03 4.203965427609882003e-15
5.939988220691685456e+03 4.233604691571731939e-15
5.945506149291996735e+03 4.328926921528589660e-15
5.951024077892308014e+03 4.325531336420331890e-15
5.956542006492619294e+03 4.341000917895289884e-15
5.962059935092930573e+03 4.236991554510048710e-15
5.967577863693241852e+03 4.276094816358633396e-15
5.973095792293553131e+03 4.345416109886374275e-15
5.978613720893864411e+03 4.395837643817912132e-15
5.984131649494175690e+03 4.441265957208001581e-15
5.989649578094486969e+03 4.247543753972033486e-15
5.995167506694798249e+03 4.359140961706247658e-15
6.000685435295109528e+03 4.388020214216071663e-15
6.006203363895420807e+03 4.237776697638175504e-15
6.011721292495732087e+03 4.090830752631735547e-15
6.017239221096043366e+03 3.981517275088316682e-15
6.022757149696354645e+03 3.720712123665027334e-15
6.028275078296665924e+03 3.747671611787379859e-15
6.033793006896977204e+03 3.575805835924408488e-15
6.039310935497288483e+03 3.533877034514930896e-15
6.044828864097599762e+03 3.408567097298729059e-15
6.050346792697911042e+03 3.504529297995873923e-15
6.055864721298222321e+03 3.673231587171065555e-15
6.061382649898533600e+03 3.521926035527745523e-15
6.066900578498844880e+03 3.579626589858968998e-15
6.072418507099156159e+03 3.435664070472702766e-15
6.077936435699467438e+03 3.575557623664547332e-15
6.083454364299778717e+03 3.627316901931693666e-15
6.088972292900089997e+03 3.516132888519286462e-15
6.094490221500401276e+03 3.324090663914091373e-15
6.100008150100712555e+03 3.311405672151317457e-15
6.105526078701023835e+03 3.120363688255010697e-15
6.111044007301335114e+03 3.113704385421340164e-15
6.116561935901646393e+03 3.030737478770144627e-15
6.122079864501957672e+03 3.020817119212060261e-15
6.127597793102269861e+03 2.905189973298076955e-15
6.133115721702581141e+03 3.007111337899348037e-15
6.138633650302892420e+03 3.032073596938476705e-15
6.144151578903203699e+03 3.204413178812679691e-15
6.149669507503514978e+03 3.377525042310180330e-15
6.155187436103826258e+03 3.662865214278852126e-15
6.160705364704137537e+03 3.683541783375520402e-15
6.166223293304448816e+03 3.791232345976258214e-15
6.171741221904760096e+03 4.109346293250345446e-15
6.177259150505071375e+03 4.022021406129545840e-15
6.182777079105382654e+03 4.108579924962601889e-15
6.188295007705693934e+03 4.022770330077408187e-15
6.193812936306005213e+03 3.824339929073674707e-15
6.199330864906316492e+03 3.917659903612088240e-15
6.204848793506627771e+03 3.824399062429209351e-15
6.210366722106939051e+03 3.696601680612391783e-15
6.215884650707250330e+03 3.721145571161104782e-15
6.221402579307561609e+03 3.589196879952281602e-15
6.226920507907872889e+03 3.408135719470095091e-15
6.232438436508184168e+03 3.255029261483929499e-15
6.237956365108495447e+03 3.294622295349740556e-15
6.243474293708806726e+03 3.194477296748767254e-15
6.248992222309118006e+03 3.151263379690106678e-15
6.254510150909429285e+03 3.177005459855364676e-15
6.260028079509740564e+03 3.047075877071313417e-15
6.265546008110051844e+03 2.973400298908688742e-15
6.271063936710363123e+03 2.877604410773988564e-15
6.276581865310674402e+03 2.754230647451419254e-15
6.282099793910985682e+03 2.755535424941317662e-15
6.287617722511296961e+03 2.715205293798751660e-15
6.293135651111608240e+03 2.673449457454217061e-15
6.298653579711919519e+03 2.687914067551843529e-15
6.304171508312230799e+03 2.628117827100428731e-15
6.309689436912542078e+03 2.537353004854718991e-15
6.315207365512853357e+03 2.565228616487711131e-15
6.320725294113164637e+03 2.664386383718014010e-15
6.326243222713475916e+03 2.676932116428501580e-15
6.331761151313787195e+03 2.838498635757792924e-15
6.337279079914098475e+03 2.875027083472957998e-15
6.342797008514409754e+03 2.983484753528384762e-15
6.348314937114721033e+03 2.999877702350034945e-15
6.353832865715032312e+03 3.037664951371170058e-15
6.359350794315343592e+03 3.269486184245335919e-15
6.364868722915654871e+03 3.215973158486384080e-15
6.370386651515966150e+03 3.284456532366183120e-15
6.375904580116277430e+03 3.299538938195769957e-15
6.381422508716588709e+03 3.498446397545289035e-15
6.386940437316899988e+03 3.627936767331098303e-15
6.392458365917211268e+03 3.545193680430605695e-15
6.397976294517522547e+03 3.712606862455116542e-15
6.403494223117833826e+03 3.712448237228891116e-15
6.409012151718145105e+03 3.804724803708875249e-15
6.414530080318456385e+03 3.918004207574695460e-15
6.420048008918767664e+03 4.134204329750343683e-15
6.425565937519078943e+03 4.194179596435643150e-15
6.431083866119390223e+03 4.392146983265529889e-15
6.436601794719701502e+03 4.594416913044207116e-15
6.442119723320012781e+03 4.593539374048054928e-15
6.447637651920324060e+03 4.634838109554298063e-15
6.453155580520635340e+03 4.575421948745589823e-15
6.458673509120946619e+03 4.550766000488136399e-15
6.464191437721257898e+03 4.739733142772078948e-15
6.469709366321569178e+03 4.712039218373970011e-15
6.475227294921880457e+03 4.596814622777797565e-15
6.480745223522191736e+03 4.627541940481506397e-15
6.486263152122503016e+03 4.608920846823264828e-15
6.491781080722814295e+03 4.691049981659906500e-15
6.497299009323125574e+03 4.707219110730853754e-15
6.502816937923436853e+03 4.775859040169432768e-15
6.508334866523748133e+03 4.931410218906838523e-15
6.513852795124059412e+03 4.952514617830808862e-15
6.519370723724370691e+03 5.036134948060676132e-15
6.524888652324681971e+03 5.011790632586895808e-15
6.530406580924993250e+03 4.991315264732438974e-15
6.535924509525304529e+03 5.088232912621655090e-15
6.541442438125615809e+03 5.086218978365492263e-15
6.546960366725927088e+03 4.990917297249682943e-15
6.552478295326238367e+03 4.965942028872335976e-15
6.557996223926549646e+03 4.996662102739991445e-15
6.563514152526860926e+03 4.993478215044552068e-15
6.569032081127172205e+03 4.998424276734959632e-15
6.574550009727483484e+03 5.112107857085868680e-15
6.580067938327794764e+03 5.137731079206499575e-15
6.585585866928106043e+03 5.013896519210916950e-15
6.591103795528417322e+03 4.938349813845749276e-15
6.596621724128728601e+03 4.992474574167719809e-15
6.602139652729039881e+03 5.114773293086647340e-15
6.607657581329351160e+03 5.299015384596495983e-15
6.613175509929662439e+03 5.080603379257029446e-15
6.618693438529973719e+03 5.106178703359677257e-15
6.624211367130284998e+03 5.190328572788367249e-15
6.629729295730596277e+03 5.009009443042656054e-15
6.635247224330907557e+03 4.980730541924909632e-15
6.640765152931218836e+03 4.866740207292159050e-15
6.646283081531530115e+03 4.685950025411717101e-15
6.651801010131841394e+03 4.604234380563659531e-15
6.657318938732152674e+03 4.485591285683959117e-15
6.662836867332463953e+03 4.415892721347898583e-15
6.668354795932775232e+03 4.276001237823498681e-15
6.673872724533086512e+03 4.302858720907550653e-15
6.679390653133397791e+03 4.149082577669942622e-15
6.684908581733709070e+03 4.107820504844131802e-15
6.690426510334020350e+03 4.122744433280883159e-15
6.695944438934331629e+03 4.052944455240078704e-15
6.701462367534642908e+03 4.115176546439403507e-15
6.706980296134954187e+03 3.970861740087532481e-15
6.712498224735265467e+03 3.889356018651628141e-15
6.718016153335576746e+03 3.974582854318015811e-15
6.723534081935888025e+03 3.853364797471505838e-15
6.729052010536199305e+03 3.811515234758446183e-15
6.734569939136510584e+03 3.783864182043101579e-15
6.740087867736821863e+03 3.923329757574254923e-15
6.745605796337133143e+03 4.022003961789663842e-15
6.751123724937444422e+03 3.857029143680673955e-15
6.756641653537755701e+03 3.840632203357525182e-15
6.762159582138066980e+03 3.759549876747256840e-15
6.767677510738378260e+03 3.831378128882941295e-15
6.773195439338689539e+03 3.719929789371288627e-15
6.778713367939000818e+03 3.632872924184454760e-15
6.784231296539312098e+03 3.704898386060850883e-15
6.789749225139623377e+03 3.542990815103506697e-15
6.795267153739934656e+03 3.606886031927277563e-15
6.800785082340245935e+03 3.514236925307418156e-15
6.806303010940557215e+03 3.515891624428700352e-15
6.811820939540868494e+03 3.469583111041459392e-15
6.817338868141179773e+03 3.386017479165462673e-15
6.822856796741491053e+03 3.651598240381827547e-15
6.828374725341803241e+03 3.511877800088314739e-15
6.833892653942114521e+03 3.325451470258360388e-15
6.839410582542425800e+03 3.368453246404036279e-15
6.844928511142737079e+03 3.403608321936881117e-15
6.850446439743048359e+03 3.246094211462462023e-15
6.855964368343359638e+03 3.228698360930923399e-15
6.861482296943670917e+03 3.061914357809314427e-15
6.867000225543982197e+03 2.660562229615509569e-15
6.872518154144293476e+03 2.406581067421059039e-15
6.878036082744604755e+03 2.395144972127202083e-15
6.883554011344916034e+03 2.589031122591393462e-15
6.889071939945227314e+03 2.592612090769255893e-15
6.894589868545538593e+03 2.503476244635170855e-15
6.900107797145849872e+03 2.646300594760760890e-15
6.905625725746161152e+03 2.790743720494144625e-15
6.911143654346472431e+03 2.747961033430729649e-15
6.916661582946783710e+03 2.852261480758597100e-15
6.922179511547094990e+03 2.837279897300198735e-15
6.927697440147406269e+03 2.828920806161649825e-15
6.933215368747717548e+03 2.933155615464872300e-15
6.938733297348028827e+03 3.029870879444766470e-15
6.944251225948340107e+03 2.930753175062839048e-15
6.949769154548651386e+03 3.110092224398432433e-15
6.955287083148962665e+03 3.157710837277570448e-15
6.960805011749273945e+03 3.082799519817635089e-15
6.966322940349585224e+03 3.234667873172268595e-15
6.971840868949896503e+03 3.266913144112582259e-15
6.977358797550207782e+03 3.034795209627015130e-15
6.982876726150519062e+03 3.155458891265375495e-15
6.988394654750830341e+03 3.209214068115246815e-15
6.993912583351141620e+03 3.064883295757381032e-15
6.999430511951452900e+03 3.140861378951182674e-15
7.004948440551764179e+03 3.226357567052036534e-15
7.010466369152075458e+03 3.202624986141275692e-15
7.015984297752386738e+03 3.264775621143349921e-15
7.021502226352698017e+03 3.038165810892558829e-15
7.027020154953009296e+03 3.028891778910481597e-15
7.032538083553320575e+03 3.256806514484560255e-15
7.038056012153631855e+03 3.241404049368135268e-15
7.043573940753943134e+03 3.194567179449181695e-15
7.049091869354254413e+03 3.201612918761278778e-15
7.054609797954565693e+03 3.199797229079550937e-15
7.060127726554876972e+03 3.190521866596973649e-15
7.065645655155189161e+03 3.135384299728062778e-15
7.071163583755500440e+03 3.176421222302670614e-15
7.076681512355811719e+03 3.200690142748142039e-15
7.082199440956122999e+03 3.073193158377446407e-15
7.087717369556434278e+03 3.152980760168256606e-15
7.093235298156745557e+03 3.087940721581311236e-15
7.098753226757056837e+03 3.144624773530873704e-15
7.104271155357368116e+03 3.100760389561318641e-15
7.109789083957679395e+03 3.172124592689435009e-15
7.115307012557990674e+03 3.225443808875618715e-15
7.120824941158301954e+03 3.265740086172140095e-15
7.126342869758613233e+03 3.185741969635621611e-15
7.131860798358924512e+03 3.229638729117332478e-15
7.137378726959235792e+03 3.146966158743315624e-15
7.142896655559547071e+03 3.129373098471065332e-15
7.148414584159858350e+03 3.100743684388380067e-15
7.153932512760169629e+03 2.957189037321922157e-15
7.159450441360480909e+03 2.833619986092695500e-15
7.164968369960792188e+03 2.668227834327012079e-15
7.170486298561103467e+03 2.772267355723577601e-15
7.176004227161414747e+03 2.765476037673672903e-15
7.181522155761726026e+03 2.533675205807166678e-15
7.187040084362037305e+03 2.636086638092440870e-15
7.192558012962348585e+03 2.750210466275313648e-15
7.198075941562659864e+03 2.848377158466835093e-15
7.203593870162971143e+03 2.896491900198918288e-15
7.209111798763282422e+03 2.935766353111780409e-15
7.214629727363593702e+03 3.166837627204362972e-15
7.220147655963904981e+03 3.326625267365747554e-15
7.225665584564216260e+03 3.289176556805055512e-15
7.231183513164527540e+03 3.198250152665343890e-15
7.236701441764838819e+03 3.212079079190959728e-15
7.242219370365150098e+03 3.247719196072586951e-15
7.247737298965461378e+03 3.358210905725059046e-15
7.253255227565772657e+03 3.400218650164176653e-15
7.258773156166083936e+03 3.407288929818821122e-15
7.264291084766395215e+03 3.361163286333575446e-15
7.269809013366706495e+03 3.409303751075316925e-15
7.275326941967017774e+03 3.437680961396642049e-15
7.280844870567329053e+03 3.521040070028429468e-15
7.286362799167640333e+03 3.388327523699470925e-15
7.291880727767951612e+03 3.524019947647269710e-15
7.297398656368262891e+03 3.308656118952288505e-15
7.302916584968574170e+03 3.505299066451562199e-15
7.308434513568885450e+03 3.606052103780832736e-15
7.313952442169196729e+03 3.555173469011004205e-15
7.319470370769508008e+03 3.495000992584992280e-15
7.324988299369819288e+03 3.584444480001253801e-15
7.330506227970130567e+03 3.672958243235101958e-15
7.336024156570441846e+03 3.653911685083779334e-15
7.341542085170753126e+03 3.644244711954166401e-15
7.347060013771064405e+03 3.697555797303962980e-15
7.352577942371375684e+03 3.793893642642149126e-15
7.358095870971686963e+03 3.759868753366984092e-15
7.363613799571998243e+03 3.856386364105999120e-15
7.369131728172309522e+03 3.952350190970420778e-15
7.374649656772620801e+03 3.847500246936236469e-15
7.380167585372932081e+03 3.696233427640793021e-15
7.385685513973243360e+03 3.806266262454305728e-15
7.391203442573554639e+03 3.707194534256308647e-15
7.396721371173865919e+03 3.855427516745985120e-15
7.402239299774177198e+03 3.660745579149669655e-15
7.407757228374488477e+03 3.525403520333420948e-15
7.413275156974799756e+03 3.668888242206956580e-15
7.418793085575111036e+03 4.002408054765413123e-15
7.424311014175422315e+03 3.901169089087025647e-15
7.429828942775733594e+03 3.795455798062018347e-15
7.435346871376044874e+03 3.757904195462693564e-15
7.440864799976356153e+03 3.611808144608693585e-15
7.446382728576667432e+03 3.823954823095747424e-15
7.451900657176978712e+03 4.072777782686805311e-15
7.457418585777289991e+03 3.913219875611678147e-15
7.462936514377601270e+03 3.841188204732950795e-15
7.468454442977912549e+03 3.858452483548422333e-15
7.473972371578223829e+03 3.935263312221557115e-15
7.479490300178535108e+03 3.891968234632424281e-15
7.485008228778846387e+03 4.018893103788309990e-15
7.490526157379157667e+03 4.215163806814485543e-15
7.496044085979468946e+03 4.011037681005538333e-15
7.501562014579780225e+03 3.823764118024143722e-15
7.507079943180091504e+03 3.718955567338834531e-15
7.512597871780402784e+03 3.854022508218453689e-15
7.518115800380714063e+03 3.777534547666542777e-15
7.523633728981025342e+03 3.839959709271693078e-15
7.529151657581336622e+03 3.580393253813491660e-15
7.534669586181647901e+03 3.560453338493411249e-15
7.540187514781959180e+03 3.296592470922807257e-15
7.545705443382270460e+03 3.281339169695721301e-15
7.551223371982581739e+03 3.278006413777720421e-15
7.556741300582893018e+03 3.121941218347318831e-15
7.562259229183204297e+03 2.991866906675592633e-15
7.567777157783515577e+03 2.855329614910574989e-15
7.573295086383826856e+03 2.485880966862087530e-15
7.578813014984138135e+03 2.444571883018625812e-15
7.584330943584449415e+03 2.375058110418615278e-15
7.589848872184760694e+03 2.047830234722563482e-15
7.595366800785071973e+03 1.516820685013560655e-15
7.600884729385383253e+03 1.018665184140113928e-15
7.606402657985694532e+03 6.880029909879283685e-16
7.611920586586005811e+03 7.494286510511333703e-16
7.617438515186317090e+03 1.025993876558450555e-15
7.622956443786628370e+03 1.316846016430008412e-15
7.628474372386939649e+03 1.379568470980114444e-15
7.633992300987250928e+03 1.143833748286568679e-15
7.639510229587562208e+03 1.093567335929940814e-15
7.645028158187873487e+03 1.269921422178117215e-15
7.650546086788184766e+03 1.550595144528032289e-15
7.656064015388496045e+03 1.912031666401577578e-15
7.661581943988807325e+03 2.119513610137184629e-15
7.667099872589118604e+03 2.165325699004702094e-15
7.672617801189429883e+03 2.163160974691923441e-15
7.678135729789741163e+03 2.440224842219795774e-15
7.683653658390052442e+03 2.519224639881480250e-15
7.689171586990363721e+03 2.571323787109569712e-15
7.694689515590675001e+03 2.868143073888250771e-15
7.700207444190986280e+03 2.901433970387827656e-15
7.705725372791297559e+03 2.817476284364629003e-15
7.711243301391608838e+03 2.721321013261659825e-15
7.716761229991920118e+03 2.789024713848717508e-15
7.722279158592231397e+03 2.901635023796649941e-15
7.727797087192542676e+03 3.126342809666629868e-15
7.733315015792853956e+03 3.238219718172529206e-15
7.738832944393165235e+03 3.159759512380109691e-15
7.744350872993476514e+03 3.176370515450298654e-15
7.749868801593788703e+03 3.147035788269459586e-15
7.755386730194099982e+03 3.441005438644867827e-15
7.760904658794411262e+03 3.608676146432736278e-15
7.766422587394722541e+03 3.539018236278607044e-15
7.771940515995033820e+03 3.596021312681285528e-15
7.777458444595345100e+03 3.523852748084492443e-15
7.782976373195656379e+03 3.773645346872949992e-15
7.788494301795967658e+03 4.249381027328532256e-15
7.794012230396278937e+03 4.460453400578887739e-15
7.799530158996590217e+03 4.462050001178355454e-15
7.805048087596901496e+03 4.389108859291487191e-15
7.810566016197212775e+03 4.350640985348134424e-15
7.816083944797524055e+03 4.193618568724996418e-15
7.821601873397835334e+03 4.374351982584124730e-15
7.827119801998146613e+03 4.773239728185972029e-15
7.832637730598457892e+03 4.729411563396682989e-15
7.838155659198769172e+03 4.830312138448016158e-15
7.843673587799080451e+03 4.413900814266673371e-15
7.849191516399391730e+03 4.278479368920616781e-15
7.854709444999703010e+03 4.369764860361819875e-15
7.860227373600014289e+03 4.780579212441694318e-15
7.865745302200325568e+03 4.917335741122360852e-15
7.871263230800636848e+03 4.704623156422829503e-15
7.876781159400948127e+03 4.760855577369486340e-15
7.882299088001259406e+03 4.601737031125991114e-15
7.887817016601570685e+03 4.612957585338920244e-15
7.893334945201881965e+03 4.915481319092756033e-15
7.898852873802193244e+03 5.146253230572937610e-15
7.904370802402504523e+03 5.271272970846848118e-15
7.909888731002815803e+03 5.126237772391161114e-15
7.915406659603127082e+03 4.919379981223235213e-15
7.920924588203438361e+03 4.929639914075484390e-15
7.926442516803749641e+03 4.988333760946321148e-15
7.931960445404060920e+03 5.209314075750099725e-15
7.937478374004372199e+03 5.419852918300131923e-15
7.942996302604683478e+03 5.343565715490266951e-15
7.948514231204994758e+03 4.973239380612238540e-15
7.954032159805306037e+03 4.844970705951800311e-15
7.959550088405617316e+03 4.889065562174555428e-15
7.965068017005928596e+03 4.952523192167361098e-15
7.970585945606239875e+03 5.018350295716489162e-15
7.976103874206551154e+03 4.904272148050767225e-15
7.981621802806862433e+03 4.556374355760546643e-15
7.987139731407173713e+03 4.095313060981353341e-15
7.992657660007484992e+03 4.201165463225259800e-15
7.998175588607796271e+03 4.114080805361324169e-15
8.003693517208107551e+03 4.316138298560238396e-15
8.009211445808418830e+03 4.483048699229305361e-15
8.014729374408730109e+03 4.156434184263549841e-15
8.020247303009041389e+03 3.929600702095443795e-15
8.025765231609352668e+03 3.650695717542961682e-15
8.031283160209663947e+03 3.615700597736840748e-15
8.036801088809975226e+03 3.725293923885334332e-15
8.042319017410286506e+03 3.712368702865695258e-15
8.047836946010597785e+03 3.759817898681223368e-15
8.053354874610909064e+03 3.636103527230767112e-15
8.058872803211220344e+03 3.428592608150947399e-15
8.064390731811531623e+03 3.291290278598684677e-15
8.069908660411842902e+03 3.355388470665332543e-15
8.075426589012154182e+03 3.496790663590285099e-15
8.080944517612465461e+03 3.520428335465411564e-15
8.086462446212776740e+03 3.420012210429304936e-15
8.091980374813088019e+03 3.131545805786841559e-15
8.097498303413399299e+03 2.884857412497238765e-15
8.103016232013710578e+03 2.914252899200891243e-15
8.108534160614021857e+03 3.232882785002029421e-15
8.114052089214333137e+03 3.117342860787462022e-15
8.119570017814644416e+03 2.978537065670699614e-15
8.125087946414956605e+03 2.803678402850669700e-15
8.130605875015267884e+03 2.624034373233900339e-15
8.136123803615579163e+03 2.421701022931410773e-15
8.141641732215890443e+03 2.455117873478279360e-15
8.147159660816201722e+03 2.462447600730338121e-15
8.152677589416513001e+03 2.318342865624008300e-15
8.158195518016824280e+03 2.066923212557981160e-15
8.163713446617135560e+03 1.954496068178821145e-15
8.169231375217446839e+03 1.739983168470000277e-15
8.174749303817758118e+03 1.787136845341237031e-15
8.180267232418069398e+03 1.703736343360574494e-15
8.185785161018380677e+03 1.712002890797710035e-15
8.191303089618691956e+03 1.762489027920169946e-15
8.196821018219003236e+03 1.631731873825393654e-15
8.202338946819314515e+03 1.605869900781786222e-15
8.207856875419625794e+03 1.455876666131195489e-15
8.213374804019937073e+03 1.455422226293902363e-15
8.218892732620248353e+03 1.561266645534810852e-15
8.224410661220559632e+03 1.579502189714958452e-15
8.229928589820870911e+03 1.280783450856432214e-15
8.235446518421182191e+03 1.280633266916710003e-15
8.240964447021493470e+03 1.221205545536995162e-15
8.246482375621804749e+03 1.200300884304686597e-15
8.252000304222116029e+03 1.256847392069272063e-15
8.257518232822427308e+03 1.118805156405867097e-15
8.263036161422738587e+03 1.119152934453112234e-15
8.268554090023049866e+03 9.240608331194610322e-16
8.274072018623361146e+03 9.661598351095098043e-16
8.279589947223672425e+03 8.150557360251609885e-16
8.285107875823983704e+03 8.294516035969767671e-16
8.290625804424294984e+03 7.158037989261676501e-16
8.296143733024606263e+03 7.433249504427388284e-16
8.301661661624917542e+03 7.069219689246818067e-16
8.307179590225228822e+03 7.113798847651412737e-16
8.312697518825540101e+03 6.994773012128005455e-16
8.318215447425851380e+03 6.803323599412058241e-16
8.323733376026162659e+03 7.341386871436154937e-16
8.329251304626473939e+03 7.705945930148773110e-16
8.334769233226785218e+03 8.224970774857934902e-16
8.340287161827096497e+03 7.874682516670174867e-16
8.345805090427407777e+03 6.993919274307457623e-16
8.351323019027719056e+03 8.379284735964141744e-16
8.356840947628030335e+03 8.764333058869764872e-16
8.362358876228341614e+03 8.042903608164693941e-16
8.367876804828652894e+03 8.830250932119639958e-16
8.373394733428964173e+03 1.101658257301134631e-15
8.378912662029275452e+03 1.216881478046790944e-15
8.384430590629586732e+03 1.083309177078357984e-15
8.389948519229898011e+03 9.941265712433825122e-16
8.395466447830209290e+03 1.024084608341586619e-15
8.400984376430520570e+03 1.143606572717938883e-15
8.406502305030831849e+03 1.266595037879175084e-15
8.412020233631143128e+03 1.314038956042721019e-15
8.417538162231454407e+03 1.223437933191845799e-15
8.423056090831765687e+03 1.243632639357590898e-15
8.428574019432076966e+03 1.217947489830374847e-15
8.434091948032388245e+03 1.314688240286504609e-15
8.439609876632699525e+03 1.267633656135807043e-15
8.445127805233010804e+03 1.403955362469879995e-15
8.450645733833322083e+03 1.537641095997569711e-15
8.456163662433633363e+03 1.522578056341920575e-15
8.461681591033944642e+03 1.452474132853661883e-15
8.467199519634255921e+03 1.397006601860861163e-15
8.472717448234567200e+03 1.476761236805960504e-15
8.478235376834878480e+03 1.620547390959341587e-15
8.483753305435189759e+03 1.866152461175527500e-15
8.489271234035501038e+03 1.916786283853438411e-15
8.494789162635812318e+03 1.940214475816578331e-15
8.500307091236123597e+03 2.089330171471017270e-15
8.505825019836434876e+03 2.160200611080409466e-15
8.511342948436746155e+03 2.393319968941976216e-15
8.516860877037057435e+03 2.479457162616838564e-15
8.522378805637368714e+03 2.846417774731154448e-15
8.527896734237679993e+03 2.789813700644954918e-15
8.533414662837991273e+03 2.987423922007405689e-15
8.538932591438302552e+03 3.067410951039760983e-15
8.544450520038613831e+03 3.143039556102346312e-15
8.549968448638925111e+03 3.506992645754108954e-15
8.555486377239236390e+03 3.952347677802810218e-15
8.561004305839547669e+03 4.257632643593394781e-15
8.566522234439858948e+03 4.227024331767701421e-15
8.572040163040170228e+03 3.941969034739323885e-15
8.577558091640481507e+03 3.750994906368495923e-15
8.583076020240792786e+03 3.805742932257813445e-15
8.588593948841104066e+03 4.063330489973007952e-15
8.594111877441415345e+03 4.462490396843709527e-15
8.599629806041728443e+03 4.568992231164787551e-15
8.605147734642039723e+03 4.737889364746470633e-15
8.610665663242351002e+03 4.439670982775811055e-15
8.616183591842662281e+03 4.133272683733876392e-15
8.621701520442973560e+03 4.312405061991871714e-15
8.627219449043284840e+03 4.590437386050033205e-15
8.632737377643596119e+03 5.043895461807812624e-15
8.638255306243907398e+03 5.404440696180044197e-15
8.643773234844218678e+03 5.316241522397647569e-15
8.649291163444529957e+03 4.956023738981695483e-15
8.654809092044841236e+03 4.845540160165609727e-15
8.660327020645152515e+03 5.051000630142223850e-15
8.665844949245463795e+03 5.160856656222685316e-15
8.671362877845775074e+03 5.832015954386390453e-15
8.676880806446086353e+03 6.216462595399437718e-15
8.682398735046397633e+03 5.845813392400183858e-15
8.687916663646708912e+03 5.699179080177419369e-15
8.693434592247020191e+03 5.485067695952685450e-15
8.698952520847331471e+03 5.500218696474694509e-15
8.704470449447642750e+03 5.935119394764824197e-15
8.709988378047954029e+03 6.498376580748363470e-15
8.715506306648265308e+03 6.656264414029767948e-15
8.721024235248576588e+03 6.684810006580980448e-15
8.726542163848887867e+03 6.071877993112934999e-15
8.732060092449199146e+03 5.590201332260053911e-15
8.737578021049510426e+03 5.784059690047144315e-15
8.743095949649821705e+03 6.271063379233472503e-15
8.748613878250132984e+03 6.420763312440605504e-15
8.754131806850444264e+03 6.414699186830403460e-15
8.759649735450755543e+03 6.009858929826926673e-15
8.765167664051066822e+03 5.430266006543219117e-15
8.770685592651378101e+03 5.044079514376918807e-15
8.776203521251689381e+03 5.194563703711846020e-15
8.781721449852000660e+03 5.259163937966993556e-15
8.787239378452311939e+03 5.521464719785172990e-15
8.792757307052623219e+03 5.699264823542945667e-15
8.798275235652934498e+03 5.341246948786317307e-15
8.803793164253245777e+03 5.153274281709099727e-15
8.809311092853557057e+03 4.917262859261662512e-15
8.814829021453868336e+03 4.936623119864102506e-15
8.820346950054179615e+03 5.225550764679745883e-15
8.825864878654490894e+03 5.316049930325710496e-15
8.831382807254802174e+03 5.158911612325721843e-15
8.836900735855113453e+03 4.940327233254868552e-15
8.842418664455424732e+03 4.506722146784530770e-15
8.847936593055736012e+03 3.957682245639089785e-15
8.853454521656047291e+03 4.384435845870264907e-15
8.858972450256358570e+03 4.469605322181783886e-15
8.864490378856669849e+03 4.330218246180104266e-15
8.870008307456981129e+03 3.948629224573327000e-15
8.875526236057292408e+03 3.245271075153402069e-15
8.881044164657603687e+03 3.254782527557956374e-15
8.886562093257914967e+03 3.401670669709359771e-15
8.892080021858226246e+03 3.452890208273853169e-15
8.897597950458537525e+03 3.147791956053374113e-15
8.903115879058848805e+03 3.296194503440050438e-15
8.908633807659160084e+03 3.138611502606432384e-15
8.914151736259471363e+03 2.782154009269006109e-15
8.919669664859782642e+03 3.116569692163830210e-15
8.925187593460093922e+03 3.146628359449817554e-15
8.930705522060405201e+03 3.268698232282821038e-15
8.936223450660716480e+03 3.428946225617051856e-15
8.941741379261027760e+03 3.394112392038155277e-15
8.947259307861339039e+03 2.986375191946977643e-15
8.952777236461650318e+03 3.140879118957843777e-15
8.958295165061961598e+03 3.144274260565934862e-15
8.963813093662272877e+03 3.267575585527972913e-15
8.969331022262584156e+03 3.599624751534252260e-15
8.974848950862895435e+03 3.358599116204151944e-15
8.980366879463206715e+03 2.820089978679313962e-15
8.985884808063517994e+03 2.815475359446684081e-15
8.991402736663829273e+03 2.855440785618982438e-15
8.996920665264140553e+03 2.854044499261391611e-15
9.002438593864451832e+03 3.031385432513428556e-15
9.007956522464763111e+03 3.020315668357116040e-15
9.013474451065074390e+03 2.620811457523807246e-15
9.018992379665385670e+03 2.684059016271071317e-15
9.024510308265696949e+03 2.560438223355751748e-15
9.030028236866008228e+03 2.508931001016576002e-15
9.035546165466319508e+03 2.655352728826189911e-15
9.041064094066630787e+03 2.725247320235851610e-15
9.046582022666942066e+03 2.350604841737260933e-15
9.052099951267253346e+03 2.500985104199833666e-15
9.057617879867564625e+03 2.275275155786909905e-15
9.063135808467875904e+03 2.433034521853413699e-15
9.068653737068187183e+03 2.404410281939337922e-15
9.074171665668498463e+03 2.179885070304574175e-15
9.079689594268809742e+03 2.001226350224421310e-15
9.085207522869121021e+03 1.866890001952448342e-15
9.090725451469432301e+03 1.930013528486476611e-15
9.096243380069743580e+03 2.207984058188103346e-15
9.101761308670054859e+03 2.242746044740023720e-15
9.107279237270366139e+03 2.115884448274560402e-15
9.112797165870677418e+03 2.064856058281836602e-15
9.118315094470988697e+03 2.038245161290367414e-15
9.123833023071299976e+03 1.997126043351565186e-15
9.129350951671611256e+03 2.186404522752402519e-15
9.134868880271922535e+03 2.319808781507741905e-15
9.140386808872233814e+03 2.087788564892197633e-15
9.145904737472545094e+03 1.962571467044186694e-15
9.151422666072856373e+03 2.057721175436268896e-15
9.156940594673167652e+03 2.231204248573146330e-15
9.162458523273478932e+03 2.491213021530755749e-15
9.167976451873790211e+03 2.288913377240922435e-15
9.173494380474101490e+03 1.974432435497568862e-15
9.179012309074412769e+03 2.093029554193340513e-15
9.184530237674724049e+03 2.219377577465974681e-15
9.190048166275035328e+03 2.482565803117358200e-15
9.195566094875346607e+03 2.523073038659753761e-15
9.201084023475657887e+03 2.063467015760299532e-15
9.206601952075969166e+03 2.197717768500134571e-15
9.212119880676280445e+03 2.474027242244758724e-15
9.217637809276591724e+03 2.733570044360746127e-15
9.223155737876903004e+03 2.808490527490789172e-15
9.228673666477214283e+03 3.098809580162191020e-15
9.234191595077525562e+03 2.751446944739568151e-15
9.239709523677836842e+03 2.948054560058909192e-15
9.245227452278148121e+03 3.088698811199280874e-15
