3.776699999999999818e+03 4.861450583961762841e-16 6.759000000000000420e-35
3.802300000000000182e+03 4.788677678871841113e-16 3.062999999999999884e-35
3.827900000000000091e+03 5.599103212827819057e-16 8.726999999999999518e-36
3.853400000000000091e+03 4.339911430817310966e-16 2.177999999999999991e-36
3.879000000000000000e+03 3.654081931333477117e-16 2.543999999999999911e-37
3.904599999999999909e+03 4.933120869277601436e-16 6.152000000000000169e-33
3.930099999999999909e+03 6.433786381813767954e-16 4.955000000000000028e-33
3.955699999999999818e+03 8.153873229393798570e-16 5.378000000000000072e-33
3.981300000000000182e+03 1.077700567195335248e-15 2.957000000000000048e-32
4.006800000000000182e+03 1.213984371272830087e-15 1.986000000000000003e-32
4.032400000000000091e+03 1.179803158276045845e-15 2.168999999999999980e-32
4.058000000000000000e+03 1.217292230595099014e-15 5.546999999999999667e-33
4.083599999999999909e+03 1.033375252276925822e-15 1.423999999999999894e-32
4.109100000000000364e+03 8.761416724917266915e-16 4.672999999999999770e-33
4.134699999999999818e+03 7.253032873962462250e-16 1.066000000000000061e-32
4.160300000000000182e+03 7.894757582482704976e-16 1.099000000000000064e-32
4.185800000000000182e+03 8.625794492704214068e-16 5.471000000000000092e-34
4.211399999999999636e+03 7.738185574561950302e-16 4.432999999999999907e-34
4.237000000000000000e+03 7.302650763796505036e-16 6.676999999999999463e-33
4.262600000000000364e+03 9.221209170712697923e-16 8.100000000000000248e-33
4.288100000000000364e+03 9.496864114235134182e-16 7.710999999999999725e-33
4.313699999999999818e+03 1.025877437813116332e-15 2.395000000000000007e-33
4.339300000000000182e+03 1.038667827192557013e-15 6.250999999999999903e-33
4.364800000000000182e+03 1.196342454887393046e-15 2.215000000000000025e-33
4.390399999999999636e+03 1.042637258379279963e-15 5.511000000000000012e-33
4.416000000000000000e+03 1.022900364423073134e-15 7.621999999999999971e-33
4.441600000000000364e+03 9.019429752054275402e-16 6.981000000000000498e-33
4.467100000000000364e+03 8.224440894935544169e-16 5.641999999999999819e-33
4.492699999999999818e+03 7.785598224847822876e-16 5.198999999999999814e-33
4.518300000000000182e+03 9.608228711418197342e-16 5.361000000000000312e-33
4.543800000000000182e+03 1.086190739455826462e-15 4.729000000000000068e-33
4.569399999999999636e+03 1.180905778050137065e-15 4.761000000000000141e-33
4.595000000000000000e+03 1.384890436256742421e-15 4.976000000000000054e-33
4.620500000000000000e+03 1.423482128349884642e-15 4.896000000000000214e-33
4.646100000000000364e+03 1.365043280323127082e-15 4.328000000000000116e-33
4.671699999999999818e+03 1.349606603485870707e-15 4.588999999999999664e-33
4.697300000000000182e+03 1.092255148213320974e-15 4.070000000000000084e-33
4.722800000000000182e+03 8.463709385913022029e-16 3.592999999999999873e-33
4.748399999999999636e+03 7.470248969458148246e-16 3.169999999999999828e-33
4.774000000000000000e+03 6.251854119088959194e-16 3.417999999999999881e-33
4.799500000000000000e+03 5.863731958609358892e-16 3.693999999999999740e-33
4.825100000000000364e+03 5.566024619605122880e-16 2.123000000000000072e-33
4.850699999999999818e+03 5.864834578383445970e-16 2.922000000000000118e-33
4.876300000000000182e+03 7.300445524248322004e-16 2.543999999999999984e-33
4.901800000000000182e+03 7.270674790347896924e-16 2.241000000000000041e-33
4.927399999999999636e+03 7.637847175119794414e-16 2.268000000000000124e-33
4.953000000000000000e+03 9.043687387084236493e-16 2.376999999999999838e-33
4.978500000000000000e+03 1.031721322615792838e-15 2.313000000000000034e-33
5.004100000000000364e+03 1.136800987086545450e-15 2.443000000000000117e-33
5.029699999999999818e+03 1.098319556970813121e-15 2.175000000000000105e-33
5.055300000000000182e+03 9.935706784322868294e-16 2.340000000000000117e-33
5.080800000000000182e+03 8.122999875719292327e-16 2.146999999999999955e-33
5.106399999999999636e+03 7.035816778466777239e-16 1.680000000000000067e-33
5.132000000000000000e+03 8.027071955373473907e-16 1.603000000000000084e-33
5.157500000000000000e+03 8.714004074631396313e-16 2.097000000000000055e-33
5.183100000000000364e+03 1.095011697648543404e-15 1.997999999999999979e-33
5.208699999999999818e+03 1.288962515910932876e-15 1.738000000000000156e-33
5.234199999999999818e+03 1.269115359977317930e-15 2.009000000000000026e-33
5.259800000000000182e+03 1.302193953200009966e-15 1.801999999999999960e-33
5.285399999999999636e+03 1.381582576934472705e-15 1.995999999999999846e-33
5.311000000000000000e+03 1.365043280323127082e-15 1.821999999999999920e-33
5.336500000000000000e+03 1.420174269027615122e-15 1.723999999999999910e-33
5.362100000000000364e+03 1.371658998967666712e-15 2.047000000000000155e-33
5.387699999999999818e+03 1.272423219299587647e-15 1.728999999999999900e-33
5.413199999999999818e+03 1.112543352056571540e-15 1.777000000000000010e-33
5.438800000000000182e+03 1.019923291033030527e-15 1.252999999999999927e-33
5.464399999999999636e+03 9.129691729463237678e-16 1.533999999999999948e-33
5.490000000000000000e+03 7.985172403958065323e-16 1.307999999999999988e-33
5.515500000000000000e+03 7.013764382984986362e-16 1.327999999999999948e-33
5.541100000000000364e+03 8.077792464981600814e-16 1.633000000000000024e-33
5.566699999999999818e+03 8.468119865009382176e-16 1.530999999999999919e-33
5.592199999999999818e+03 7.389757725949598231e-16 1.808000000000000016e-33
5.617800000000000182e+03 5.948633681214270040e-16 2.582999999999999837e-33
5.643399999999999636e+03 4.841603428028151052e-16 1.010000000000000036e-33
5.668899999999999636e+03 4.248393989567858610e-16 9.994000000000000845e-34
5.694500000000000000e+03 4.154671308770230124e-16 8.284999999999999537e-34
5.720100000000000364e+03 3.461123470867767003e-16 8.774999999999999585e-34
5.745699999999999818e+03 2.926352880434234192e-16 7.305000000000000296e-34
5.771199999999999818e+03 1.973689395620676244e-16 1.222000000000000049e-34
5.796800000000000182e+03 2.060796357773767220e-16 1.479999999999999953e-34
5.822399999999999636e+03 2.676058191715855963e-16 7.829000000000000721e-34
5.847899999999999636e+03 3.387247946003750800e-16 7.402000000000000239e-34
5.873500000000000000e+03 4.017946456783097101e-16 9.073999999999999603e-34
5.899100000000000364e+03 5.151439584547370566e-16 8.926000000000000378e-34
5.924699999999999818e+03 5.642105384017319650e-16 1.262000000000000012e-33
5.950199999999999818e+03 6.021406586304203602e-16 9.170999999999999546e-34
5.975800000000000182e+03 5.543972224123330031e-16 7.185000000000000022e-34
6.001399999999999636e+03 4.932018249503509427e-16 7.413999999999999668e-34
6.026899999999999636e+03 4.660773785077432329e-16 5.514000000000000040e-34
6.052500000000000000e+03 4.267138525727383814e-16 4.763999999999999827e-34
6.078100000000000364e+03 3.858066589540079219e-16 5.144000000000000266e-34
6.103699999999999818e+03 4.472225803708080390e-16 7.180999999999999928e-34
6.129199999999999818e+03 5.191133896414605979e-16 7.495000000000000088e-34
6.154800000000000182e+03 5.775522376682181576e-16 7.013000000000000229e-34
6.180399999999999636e+03 6.150413099872697492e-16 6.512000000000000135e-34
6.205899999999999636e+03 6.573819093123169115e-16 5.455999999999999951e-34
6.231500000000000000e+03 7.165925911809368069e-16 7.409000000000000191e-34
6.257100000000000364e+03 7.859473749711835627e-16 9.660999999999999594e-34
6.282600000000000364e+03 8.417399355401252311e-16 8.430000000000000615e-34
6.308199999999999818e+03 8.981940679735208230e-16 7.637999999999999836e-34
6.333800000000000182e+03 8.255314248610058300e-16 9.604000000000000598e-34
6.359399999999999636e+03 7.916809977964493881e-16 6.541000000000000179e-34
6.384899999999999636e+03 8.285084982510486338e-16 7.788999999999999774e-34
6.410500000000000000e+03 8.372191944663572631e-16 8.711999999999999163e-34
6.436100000000000364e+03 8.650052127734188963e-16 7.060000000000000272e-34
6.461600000000000364e+03 9.334779007443929324e-16 6.477999999999999758e-34
6.487199999999999818e+03 9.267519201224467641e-16 7.042999999999999656e-34
6.512800000000000182e+03 9.546482004069173024e-16 6.013999999999999897e-34
6.538399999999999636e+03 9.489145775816504910e-16 7.125000000000000313e-34
6.563899999999999636e+03 9.253185144161290258e-16 2.314999999999999825e-34
6.589500000000000000e+03 9.101023615336912496e-16 4.047999999999999991e-34
6.615100000000000364e+03 8.265237826576871590e-16 4.077000000000000036e-34
6.640600000000000364e+03 6.825216401615635409e-16 1.618000000000000011e-34
6.666199999999999818e+03 5.255085843311814315e-16 1.068000000000000040e-34
6.691800000000000182e+03 4.212007537022896266e-16 3.607999999999999843e-34
6.717399999999999636e+03 3.561461870309932752e-16 3.938000000000000382e-34
6.742899999999999636e+03 2.955020994560567756e-16 7.435999999999999761e-35
6.768500000000000000e+03 2.776396591158024177e-16 8.191999999999999688e-35
6.794100000000000364e+03 2.657313655556328786e-16 8.600999999999999530e-35
6.819600000000000364e+03 2.774191351609843117e-16 3.614999999999999795e-34
6.845199999999999818e+03 2.602182666851840253e-16 3.719000000000000118e-34
6.870800000000000182e+03 2.488612830120595047e-16 8.754999999999999753e-35
6.896300000000000182e+03 2.601080047077753174e-16 8.113000000000000171e-35
6.921899999999999636e+03 2.577925031821867329e-16 1.837000000000000061e-34
6.947500000000000000e+03 2.741112758387154829e-16 3.813000000000000204e-34
6.973100000000000364e+03 2.759857294546678554e-16 2.975999999999999857e-34
6.998600000000000364e+03 2.884453329018821664e-16 3.406000000000000195e-34
7.024199999999999818e+03 3.282499067465224410e-16 2.703999999999999835e-34
7.049800000000000182e+03 3.649671452237114997e-16 3.422999999999999956e-34
7.075300000000000182e+03 3.907684479374122499e-16 3.148999999999999887e-34
7.100899999999999636e+03 4.056538148876240997e-16 3.242999999999999973e-34
7.126500000000000000e+03 4.006920259042202155e-16 3.229999999999999880e-34
7.152100000000000364e+03 4.102848179388010222e-16 3.272000000000000018e-34
7.177600000000000364e+03 4.546101328572097086e-16 3.862000000000000294e-34
7.203199999999999818e+03 4.951865405437134035e-16 6.191000000000000023e-34
7.228800000000000182e+03 5.079769299231534930e-16 6.923000000000000238e-34
7.254300000000000182e+03 5.783240715100806904e-16 4.319000000000000203e-34
7.279899999999999636e+03 7.056766554174484983e-16 3.476000000000000141e-34
7.305500000000000000e+03 7.894757582482704976e-16 3.940000000000000002e-34
7.331100000000000364e+03 8.725030272372295696e-16 5.910000000000000002e-34
7.356600000000000364e+03 9.024942850924710795e-16 5.526000000000000324e-34
7.382199999999999818e+03 8.750390527176369504e-16 4.621000000000000079e-34
7.407800000000000182e+03 7.637847175119794414e-16 4.410999999999999814e-34
7.433300000000000182e+03 6.478993792551448620e-16 3.472000000000000047e-34
7.458899999999999636e+03 5.531843406608344555e-16 2.833999999999999918e-34
7.484500000000000000e+03 4.984943998659818380e-16 2.386000000000000008e-34
7.510000000000000000e+03 4.783164580001391914e-16 3.202000000000000072e-34
7.535600000000000364e+03 4.440249830259473757e-16 3.562000000000000038e-34
7.561199999999999818e+03 3.867990167506888072e-16 3.940000000000000002e-34
7.586800000000000182e+03 3.407095101937367520e-16 1.047999999999999994e-34
7.612300000000000182e+03 3.061975112647271261e-16 8.866000000000000455e-35
7.637899999999999636e+03 3.098361565192232126e-16 5.033000000000000419e-34
7.663500000000000000e+03 4.098437700291651060e-16 9.078999999999999935e-34
7.689000000000000000e+03 4.447968168678107467e-16 7.774000000000000488e-34
7.714600000000000364e+03 4.796396017290477287e-16 5.734000000000000114e-34
7.740199999999999818e+03 5.620052988535513982e-16 5.122000000000000173e-34
7.765800000000000182e+03 6.783316850200223867e-16 4.978000000000000187e-34
7.791300000000000182e+03 8.094331761592955312e-16 5.419999999999999954e-34
7.816899999999999636e+03 9.020532371828358536e-16 6.592000000000000317e-34
7.842500000000000000e+03 8.671001903441894734e-16 5.288000000000000252e-34
7.868000000000000000e+03 7.375423668886427751e-16 6.124999999999999744e-34
7.893600000000000364e+03 6.181286453547214581e-16 6.708999999999999878e-34
7.919199999999999818e+03 5.463480980614778043e-16 6.088000000000000365e-34
7.944699999999999818e+03 4.990457097530267578e-16 5.911000000000000240e-34
7.970300000000000182e+03 4.388426700877257306e-16 4.658000000000000313e-34
7.995899999999999636e+03 3.734573174842030584e-16 4.740000000000000115e-34
8.021500000000000000e+03 3.335424816621531884e-16 3.703999999999999977e-34
8.047000000000000000e+03 2.937379078175130123e-16 4.258000000000000256e-34
8.072600000000000364e+03 2.597772187755482077e-16 3.191999999999999836e-34
8.098199999999999818e+03 2.489715449894686070e-16 3.126999999999999795e-34
8.123699999999999818e+03 2.435687080964287080e-16 2.792000000000000207e-34
8.149300000000000182e+03 2.467663054412891741e-16 6.372999999999999625e-35
8.174899999999999636e+03 2.538230719954635861e-16 1.588999999999999966e-34
8.200500000000000000e+03 2.806167325058445806e-16 3.222999999999999928e-34
8.226000000000000000e+03 2.972662910946003909e-16 3.941999999999999621e-34
8.251600000000000364e+03 3.311167181591556988e-16 5.148000000000000361e-34
8.277200000000000728e+03 3.284704307013405470e-16 1.204999999999999989e-33
8.302700000000000728e+03 2.866811412633385017e-16 1.701000000000000093e-33
8.328299999999999272e+03 2.312193666266231542e-16 3.110999999999999844e-34
8.353899999999999636e+03 2.218470985468605521e-16 1.332000000000000043e-33
8.379500000000000000e+03 2.400403248193413787e-16 2.799000000000000159e-34
8.405000000000000000e+03 3.034409618295028227e-16 1.647000000000000056e-34
8.430600000000000364e+03 3.784191064676064495e-16 7.059000000000000034e-34
8.456200000000000728e+03 4.918786812214431942e-16 5.961000000000000140e-34
8.481700000000000728e+03 6.015893487433754404e-16 5.493000000000000185e-34
8.507299999999999272e+03 7.917912597738594765e-16 4.615999999999999747e-34
8.532899999999999636e+03 9.456067182593817607e-16 5.961000000000000140e-34
8.558399999999999636e+03 1.123569549797467373e-15 8.286000000000000629e-34
8.584000000000000000e+03 1.209573892176470137e-15 9.065999999999999414e-34
8.609600000000000364e+03 1.229421048110086462e-15 9.386000000000000144e-34
8.635200000000000728e+03 1.197445074661483675e-15 1.123000000000000016e-33
8.660700000000000728e+03 1.178700538501958175e-15 6.949999999999999807e-34
8.686299999999999272e+03 1.147827184827443847e-15 1.055999999999999970e-34
8.711899999999999636e+03 1.140108846408815363e-15 2.090999999999999999e-33
8.737399999999999636e+03 1.094350125784090565e-15 4.407999999999999957e-33
8.763000000000000000e+03 1.079575020811287818e-15 6.057000000000000017e-33
8.788600000000000364e+03 9.711874970182625313e-16 4.958000000000000227e-33
8.814200000000000728e+03 7.812061099425976859e-16 3.320000000000000213e-33
8.839700000000000728e+03 6.670849633243063768e-16 2.644000000000000126e-33
8.865299999999999272e+03 5.698338992495889839e-16 3.461000000000000000e-34
8.890899999999999636e+03 4.941941827470318773e-16 1.865000000000000082e-34
8.916399999999999636e+03 4.189955141541103417e-16 1.761999999999999997e-34
8.942000000000000000e+03 3.634234775399859411e-16 8.289999999999999869e-34
8.967600000000000364e+03 3.250523094016617777e-16 8.090000000000000268e-34
8.993200000000000728e+03 3.026691279876398462e-16 6.724000000000000019e-34
9.018700000000000728e+03 2.577925031821867329e-16 1.106999999999999894e-34
9.044299999999999272e+03 2.472073533509247944e-16 5.616999999999999698e-34
9.069899999999999636e+03 2.561385735210521213e-16 1.333999999999999919e-34
9.095399999999999636e+03 2.693700108101288172e-16 1.233000000000000095e-34
9.121000000000000000e+03 2.936276458401042059e-16 5.622000000000000030e-34
9.146600000000000364e+03 3.183263287797147219e-16 4.938000000000000096e-34
9.172100000000000364e+03 3.202007823956669465e-16 1.447000000000000027e-34
9.197700000000000728e+03 3.450097273126867127e-16 1.711000000000000073e-34
9.223299999999999272e+03 3.976046905367686545e-16 3.227000000000000023e-34
