3.776699999999999818e+03 6.356965891046429497e-16 8.242000000000000375e-32
3.802300000000000182e+03 6.687402236868148597e-16 7.108999999999999969e-32
3.827900000000000091e+03 7.190924287644103907e-16 4.256999999999999916e-32
3.853400000000000091e+03 6.431707445458484585e-16 2.944000000000000143e-32
3.879000000000000000e+03 4.468758200636598319e-16 3.405999999999999905e-32
3.904599999999999909e+03 6.759521280599080104e-16 3.381999999999999953e-32
3.930099999999999909e+03 9.302045385949539052e-16 1.826000000000000049e-31
3.955699999999999818e+03 1.047299640507174792e-15 2.211000000000000033e-32
3.981300000000000182e+03 1.441069619278057805e-15 2.072999999999999898e-32
4.006800000000000182e+03 1.830512455425085381e-15 1.446000000000000096e-31
4.032400000000000091e+03 1.855426306895770542e-15 2.861999999999999896e-32
4.058000000000000000e+03 1.694141900006597842e-15 1.453000000000000041e-32
4.083599999999999909e+03 1.780684752483715059e-15 1.363000000000000084e-32
4.109100000000000364e+03 1.389930660996125200e-15 1.445999999999999987e-32
4.134699999999999818e+03 1.138169635608147644e-15 1.699999999999999890e-32
4.160300000000000182e+03 1.215009198565103174e-15 1.235000000000000066e-32
4.185800000000000182e+03 1.315189106584069323e-15 1.179000000000000041e-32
4.211399999999999636e+03 1.497453598922240530e-15 9.930999999999999397e-33
4.237000000000000000e+03 1.244512443727756820e-15 1.064000000000000065e-32
4.262600000000000364e+03 1.305748068132020093e-15 1.076000000000000041e-32
4.288100000000000364e+03 1.469917236770430408e-15 1.024000000000000008e-32
4.313699999999999818e+03 1.382063128952750710e-15 1.010000000000000036e-32
4.339300000000000182e+03 1.542036280501361324e-15 8.313000000000000028e-33
4.364800000000000182e+03 1.705943198071659379e-15 1.002000000000000052e-32
4.390399999999999636e+03 1.608910302870042908e-15 9.635000000000000262e-33
4.416000000000000000e+03 1.534168748457987031e-15 7.870000000000000023e-33
4.441600000000000364e+03 1.338791702714192397e-15 7.493000000000000297e-33
4.467100000000000364e+03 1.106175005298425560e-15 8.343000000000000652e-33
4.492699999999999818e+03 1.203339026034097964e-15 6.474999999999999729e-33
4.518300000000000182e+03 1.320434127946318851e-15 7.586999999999999699e-33
4.543800000000000182e+03 1.524989961074050258e-15 7.960000000000000528e-33
4.569399999999999636e+03 1.755770901013029898e-15 7.453999999999999759e-33
4.595000000000000000e+03 2.020644479806630881e-15 7.150999999999999474e-33
4.620500000000000000e+03 2.237001610999424022e-15 5.873000000000000110e-33
4.646100000000000364e+03 2.282895547919107691e-15 7.074000000000000518e-33
4.671699999999999818e+03 2.134723694435558023e-15 7.892999999999999498e-33
4.697300000000000182e+03 2.132101183754433456e-15 8.284000000000000154e-33
4.722800000000000182e+03 1.839691242809021957e-15 6.585999999999999576e-33
4.748399999999999636e+03 1.445003385299745050e-15 5.155999999999999695e-33
4.774000000000000000e+03 1.218025085848396722e-15 6.667000000000000167e-33
4.799500000000000000e+03 1.079163145282840351e-15 9.177999999999999327e-33
4.825100000000000364e+03 9.364985642296534575e-16 8.417999999999999476e-33
4.850699999999999818e+03 9.136827213038679502e-16 7.535000000000000350e-33
4.876300000000000182e+03 1.109584269183887695e-15 7.344000000000000663e-33
4.901800000000000182e+03 1.241365430910407143e-15 6.152000000000000169e-33
4.927399999999999636e+03 1.252511101305187440e-15 6.286999999999999557e-33
4.953000000000000000e+03 1.233366773332976720e-15 6.324999999999999345e-33
4.978500000000000000e+03 1.582685196058795267e-15 5.198999999999999814e-33
5.004100000000000364e+03 1.712499474774470994e-15 5.563000000000000045e-33
5.029699999999999818e+03 1.865916349620269993e-15 3.104000000000000234e-33
5.055300000000000182e+03 1.831823710765647861e-15 3.864000000000000085e-33
5.080800000000000182e+03 1.480407279494929464e-15 2.769999999999999943e-33
5.106399999999999636e+03 1.176196040484456625e-15 2.990999999999999912e-33
5.132000000000000000e+03 1.171868897860600794e-15 2.813000000000000062e-33
5.157500000000000000e+03 1.182490066119156178e-15 2.506999999999999921e-33
5.183100000000000364e+03 1.413533257126247880e-15 3.158999999999999782e-33
5.208699999999999818e+03 1.606287792188918144e-15 2.454999999999999888e-33
5.234199999999999818e+03 1.799042327251588211e-15 1.959999999999999850e-33
5.259800000000000182e+03 1.784618518505402107e-15 2.721000000000000109e-33
5.285399999999999636e+03 1.957704223459636541e-15 2.294000000000000141e-33
5.311000000000000000e+03 2.099319800240373805e-15 1.950999999999999936e-33
5.336500000000000000e+03 2.198975206123115238e-15 2.411000000000000044e-33
5.362100000000000364e+03 2.237001610999424022e-15 2.666999999999999943e-33
5.387699999999999818e+03 2.213399014869301342e-15 2.366000000000000134e-33
5.413199999999999818e+03 2.095386034218686758e-15 2.435999999999999994e-33
5.438800000000000182e+03 1.854115051555208455e-15 1.932000000000000042e-33
5.464399999999999636e+03 1.802976093273275653e-15 2.126999999999999995e-33
5.490000000000000000e+03 1.618089090253979484e-15 8.782000000000000392e-33
5.515500000000000000e+03 1.473851002792117456e-15 9.876000000000000534e-33
5.541100000000000364e+03 1.418778278488497605e-15 7.012999999999999887e-33
5.566699999999999818e+03 1.527612471755175219e-15 1.106999999999999979e-33
5.592199999999999818e+03 1.531546237776862464e-15 1.345999999999999947e-33
5.617800000000000182e+03 1.325679149308568379e-15 1.712999999999999864e-33
5.643399999999999636e+03 1.108141888309269084e-15 7.302999999999999992e-33
5.668899999999999636e+03 9.631170476430696855e-16 4.389000000000000063e-33
5.694500000000000000e+03 8.468086989351863656e-16 9.547999999999999273e-34
5.720100000000000364e+03 7.476777951886703397e-16 1.018999999999999950e-33
5.745699999999999818e+03 6.678223449484212613e-16 7.695999999999999926e-34
5.771199999999999818e+03 5.081114444679231045e-16 7.239000000000000017e-34
5.796800000000000182e+03 4.237977260697619171e-16 2.298000000000000064e-33
5.822399999999999636e+03 4.100295449938568560e-16 6.157999999999999883e-34
5.847899999999999636e+03 5.267312703039089103e-16 7.860999999999999767e-34
5.873500000000000000e+03 6.211416548244004199e-16 7.024999999999999658e-34
5.899100000000000364e+03 6.792302664113140149e-16 6.987000000000000041e-34
5.924699999999999818e+03 8.565119884553480521e-16 7.049000000000000226e-34
5.950199999999999818e+03 9.260085215051542037e-16 2.984999999999999856e-33
5.975800000000000182e+03 9.566918964743140034e-16 2.861999999999999896e-33
6.001399999999999636e+03 9.670508136647567331e-16 2.186999999999999875e-33
6.026899999999999636e+03 8.869331123563952966e-16 2.077000000000000095e-33
6.052500000000000000e+03 8.718536759399279520e-16 2.345000000000000107e-33
6.078100000000000364e+03 8.263531156224132643e-16 5.212000000000000164e-34
6.103699999999999818e+03 7.778366680216050289e-16 2.019000000000000006e-33
6.129199999999999818e+03 8.296312539738191702e-16 2.097000000000000055e-33
6.154800000000000182e+03 9.207635001429046753e-16 1.949999999999999870e-33
6.180399999999999636e+03 1.031433450886369683e-15 2.687999999999999970e-33
6.205899999999999636e+03 1.097782971118826157e-15 1.876000000000000086e-33
6.231500000000000000e+03 1.208715172930403622e-15 2.064999999999999982e-33
6.257100000000000364e+03 1.230350886049683173e-15 3.855999999999999725e-34
6.282600000000000364e+03 1.237825041490888681e-15 1.784000000000000133e-33
6.308199999999999818e+03 1.268377290925992154e-15 1.800999999999999893e-33
6.333800000000000182e+03 1.249757465090006546e-15 1.846000000000000146e-33
6.359399999999999636e+03 1.201634394091367094e-15 4.428999999999999812e-34
6.384899999999999636e+03 1.231531015856189326e-15 3.505000000000000186e-34
6.410500000000000000e+03 1.319122872605756370e-15 3.375000000000000103e-34
6.436100000000000364e+03 1.414844512466810361e-15 3.823999999999999823e-34
6.461600000000000364e+03 1.551215067885298294e-15 4.164000000000000170e-34
6.487199999999999818e+03 1.635135409681290550e-15 4.251999999999999686e-34
6.512800000000000182e+03 1.635135409681290550e-15 4.179999999999999693e-34
6.538399999999999636e+03 1.625956622297353777e-15 3.062999999999999991e-34
6.563899999999999636e+03 1.640380431043540078e-15 1.267000000000000002e-33
6.589500000000000000e+03 1.688896878644348313e-15 1.219999999999999959e-33
6.615100000000000364e+03 1.594486494123856804e-15 2.251000000000000021e-33
6.640600000000000364e+03 1.477784768813804700e-15 4.371999999999999960e-34
6.666199999999999818e+03 1.284636857148965653e-15 3.236000000000000022e-34
6.691800000000000182e+03 1.058445310901954892e-15 2.613000000000000034e-34
6.717399999999999636e+03 8.195345878514888973e-16 8.618000000000000787e-34
6.742899999999999636e+03 7.044063689501117311e-16 1.800000000000000041e-34
6.768500000000000000e+03 6.147165036556448364e-16 9.505000000000000180e-34
6.794100000000000364e+03 5.884913968443970963e-16 1.005999999999999941e-33
6.819600000000000364e+03 5.397126981754765027e-16 2.138999999999999937e-34
6.845199999999999818e+03 5.272557724401339222e-16 2.984000000000000046e-34
6.870800000000000182e+03 4.986704060158738746e-16 3.281999999999999827e-34
6.896300000000000182e+03 4.631353862866333302e-16 2.156000000000000125e-34
6.921899999999999636e+03 4.279937431595615201e-16 2.154000000000000078e-34
6.947500000000000000e+03 4.346811453964297081e-16 1.550999999999999922e-34
6.973100000000000364e+03 4.611685032757898064e-16 1.632999999999999938e-34
6.998600000000000364e+03 5.100783274787666283e-16 1.938000000000000099e-34
7.024199999999999818e+03 5.301405341893710445e-16 8.979999999999999517e-34
7.049800000000000182e+03 5.631841687715431517e-16 7.805000000000000153e-34
7.075300000000000182e+03 5.974079331602214127e-16 1.270999999999999925e-34
7.100899999999999636e+03 6.392369785241613123e-16 1.694000000000000099e-34
7.126500000000000000e+03 6.846064133076197716e-16 1.033999999999999920e-33
7.152100000000000364e+03 7.013904816668181833e-16 1.417999999999999940e-33
7.177600000000000364e+03 7.008659795305932699e-16 1.604000000000000150e-33
7.203199999999999818e+03 7.175189223557354533e-16 1.383000000000000010e-33
7.228800000000000182e+03 7.896379660866665662e-16 1.016999999999999988e-33
7.254300000000000182e+03 8.693622907928594162e-16 1.319000000000000035e-33
7.279899999999999636e+03 9.705912030842751943e-16 1.229000000000000043e-33
7.305500000000000000e+03 1.105519377628144320e-15 2.269999999999999829e-34
7.331100000000000364e+03 1.286997116761978157e-15 2.248000000000000164e-34
7.356600000000000364e+03 1.467294726089305644e-15 2.498999999999999902e-34
7.382199999999999818e+03 1.551215067885298294e-15 1.054999999999999946e-33
7.407800000000000182e+03 1.489586066878866040e-15 1.216999999999999931e-33
7.433300000000000182e+03 1.431890831894121229e-15 1.059000000000000041e-33
7.458899999999999636e+03 1.261952139757236669e-15 1.054000000000000051e-33
7.484500000000000000e+03 1.137645133471922927e-15 1.000999999999999951e-33
7.510000000000000000e+03 1.023828169911108045e-15 2.255999999999999926e-34
7.535600000000000364e+03 1.021467910298095737e-15 1.358999999999999955e-33
7.561199999999999818e+03 1.032089078556651121e-15 1.623000000000000044e-33
7.586800000000000182e+03 9.623302944387321182e-16 2.859000000000000039e-33
7.612300000000000182e+03 8.007836364814467645e-16 3.776999999999999780e-33
7.637899999999999636e+03 6.140608759853635961e-16 1.922000000000000062e-33
7.663500000000000000e+03 4.908028739724995822e-16 9.931000000000000424e-34
7.689000000000000000e+03 4.931631335855119882e-16 1.614999999999999854e-33
7.714600000000000364e+03 6.080291014187766977e-16 2.026999999999999853e-33
7.740199999999999818e+03 7.287957182845718800e-16 1.388000000000000000e-33
7.765800000000000182e+03 8.107491770697209078e-16 1.141000000000000014e-33
7.791300000000000182e+03 1.000750075917209883e-15 1.312000000000000083e-33
7.816899999999999636e+03 1.224712488085264861e-15 3.011999999999999853e-34
7.842500000000000000e+03 1.406976980423436265e-15 3.353999999999999820e-34
7.868000000000000000e+03 1.467294726089305644e-15 1.196000000000000075e-33
7.893600000000000364e+03 1.462049704727056115e-15 3.609999999999999891e-34
7.919199999999999818e+03 1.334857936692505152e-15 3.474999999999999904e-34
7.944699999999999818e+03 1.222614479540365010e-15 3.314999999999999967e-34
7.970300000000000182e+03 1.151544440081883921e-15 3.447000000000000096e-34
7.995899999999999636e+03 1.058314185367898762e-15 8.463000000000000755e-34
8.021500000000000000e+03 8.704112950653091444e-16 1.250999999999999965e-33
8.047000000000000000e+03 7.348274928511589756e-16 1.324000000000000025e-33
8.072600000000000364e+03 6.460555062950856793e-16 3.425000000000000004e-34
8.098199999999999818e+03 6.153721313259258796e-16 1.054000000000000051e-33
8.123699999999999818e+03 5.926874139341967978e-16 1.657999999999999974e-33
8.149300000000000182e+03 5.574146452730687100e-16 1.345000000000000051e-33
8.174899999999999636e+03 5.109962062171603253e-16 1.423999999999999996e-33
8.200500000000000000e+03 4.821485887247879196e-16 1.784999999999999857e-33
8.226000000000000000e+03 5.039154273781234029e-16 1.742000000000000080e-33
8.251600000000000364e+03 5.322385427342708953e-16 1.883999999999999933e-33
8.277200000000000728e+03 5.656755539186116875e-16 3.967000000000000427e-34
8.302700000000000728e+03 6.147165036556448364e-16 4.401000000000000005e-34
8.328299999999999272e+03 6.084224780209453827e-16 2.733999999999999946e-33
8.353899999999999636e+03 5.069313146614169507e-16 2.993000000000000045e-33
8.379500000000000000e+03 4.121275535387567068e-16 2.399999999999999997e-33
8.405000000000000000e+03 3.903607148854211249e-16 4.540999999999999896e-34
8.430600000000000364e+03 3.925898489643772533e-16 4.737999999999999640e-34
8.456200000000000728e+03 4.666757757061517914e-16 1.450000000000000013e-33
8.481700000000000728e+03 5.978013097623899992e-16 4.273000000000000397e-34
8.507299999999999272e+03 7.552830761639321754e-16 4.553000000000000180e-34
8.532899999999999636e+03 9.511846240439520184e-16 3.641999999999999793e-34
8.558399999999999636e+03 1.179998680972087740e-15 4.942000000000000190e-34
8.584000000000000000e+03 1.442380874618620286e-15 5.968000000000000092e-34
8.609600000000000364e+03 1.684963112622661069e-15 7.387000000000000098e-34
8.635200000000000728e+03 1.810843625316649748e-15 2.984000000000000131e-33
8.660700000000000728e+03 1.839691242809021957e-15 3.289000000000000207e-33
8.686299999999999272e+03 1.787241029186527068e-15 3.157000000000000333e-33
8.711899999999999636e+03 1.757082156353592182e-15 2.758999999999999896e-33
8.737399999999999636e+03 1.787241029186527068e-15 3.031999999999999899e-33
8.763000000000000000e+03 1.795108561229901163e-15 4.405999999999999824e-33
8.788600000000000364e+03 1.679718091260411343e-15 6.547000000000000407e-33
8.814200000000000728e+03 1.524989961074050258e-15 7.730999999999999685e-33
8.839700000000000728e+03 1.347970490098128776e-15 1.358000000000000060e-33
8.865299999999999272e+03 1.241365430910407143e-15 1.178999999999999972e-33
8.890899999999999636e+03 1.141972276095778561e-15 1.026999999999999968e-33
8.916399999999999636e+03 1.053987042744042734e-15 9.892000000000000570e-34
8.942000000000000000e+03 9.958984311571293360e-16 4.610999999999999757e-33
8.967600000000000364e+03 9.088310765437870083e-16 2.000999999999999836e-33
8.993200000000000728e+03 8.031438960944590720e-16 5.888999999999999805e-33
9.018700000000000728e+03 7.167321691513981818e-16 1.219000000000000063e-33
9.044299999999999272e+03 6.288780613337185826e-16 1.100999999999999923e-33
9.069899999999999636e+03 5.870490159697784858e-16 5.959999999999999731e-33
9.095399999999999636e+03 6.040953353970894528e-16 7.679000000000000336e-33
9.121000000000000000e+03 6.258621740504249362e-16 1.069999999999999916e-33
9.146600000000000364e+03 6.667733406759712373e-16 1.753999999999999850e-33
9.172100000000000364e+03 6.886713048633631462e-16 9.057999999999999567e-33
9.197700000000000728e+03 6.752965003896267701e-16 8.975999999999999594e-33
9.223299999999999272e+03 7.419082716901958980e-16 9.382000000000000562e-33
