3.776699999999999818e+03 7.827345908893152047e-16 1.047999999999999960e-32
3.802300000000000182e+03 6.426651027846109987e-16 9.532999999999999559e-35
3.827900000000000091e+03 6.193201881004934831e-16 5.995000000000000004e-33
3.853400000000000091e+03 5.296802487066249910e-16 4.372000000000000302e-33
3.879000000000000000e+03 4.095559304291278449e-16 4.485999999999999664e-33
3.904599999999999909e+03 5.837361919314988991e-16 3.889999999999999759e-33
3.930099999999999909e+03 8.319175664859510197e-16 2.272000000000000116e-32
3.955699999999999818e+03 1.017543635673253438e-15 2.520000000000000100e-33
3.981300000000000182e+03 1.201243182774973630e-15 3.191999999999999921e-33
4.006800000000000182e+03 1.432425833044874163e-15 3.445999999999999688e-33
4.032400000000000091e+03 1.365564184192304531e-15 2.352999999999999954e-33
4.058000000000000000e+03 1.342899218479569540e-15 3.177999999999999676e-33
4.083599999999999909e+03 1.213708913916977944e-15 1.810000000000000149e-33
4.109100000000000364e+03 9.262038238509296691e-16 2.105999999999999969e-33
4.134699999999999818e+03 8.859735097108250263e-16 1.257999999999999917e-33
4.160300000000000182e+03 8.799672937969498190e-16 7.229999999999999933e-33
4.185800000000000182e+03 9.472822419637740406e-16 1.051000000000000023e-33
4.211399999999999636e+03 9.966918672175368052e-16 5.832000000000000124e-33
4.237000000000000000e+03 8.527693349416675542e-16 5.611999999999999879e-33
4.262600000000000364e+03 9.889857788752069124e-16 1.085000000000000057e-33
4.288100000000000364e+03 1.043041722100080623e-15 1.144000000000000042e-33
4.313699999999999818e+03 1.106956925409994586e-15 1.136000000000000024e-33
4.339300000000000182e+03 1.150247009921318866e-15 8.849000000000000053e-34
4.364800000000000182e+03 1.183111210204785125e-15 8.560000000000000698e-34
4.390399999999999636e+03 1.162712741063323377e-15 1.044999999999999966e-33
4.416000000000000000e+03 1.103783830210211573e-15 9.787000000000000438e-34
4.441600000000000364e+03 9.004790877669755347e-16 4.385999999999999864e-33
4.467100000000000364e+03 8.030197352022135764e-16 4.219999999999999785e-33
4.492699999999999818e+03 8.603620984554337750e-16 4.385999999999999864e-33
4.518300000000000182e+03 1.034089060643550338e-15 6.096999999999999937e-34
4.543800000000000182e+03 1.171778727348417926e-15 6.278000000000000157e-34
4.569399999999999636e+03 1.310035018196103281e-15 3.733999999999999660e-33
4.595000000000000000e+03 1.514019709610721549e-15 9.020000000000000464e-34
4.620500000000000000e+03 1.546883909894187611e-15 6.128999999999999839e-34
4.646100000000000364e+03 1.527618689038362385e-15 7.622000000000000313e-34
4.671699999999999818e+03 1.399561632761407707e-15 2.488000000000000027e-33
4.697300000000000182e+03 1.246573114200444203e-15 3.353999999999999735e-33
4.722800000000000182e+03 9.529484833919576404e-16 2.519000000000000034e-33
4.748399999999999636e+03 8.429100748566276962e-16 5.615000000000000078e-34
4.774000000000000000e+03 7.289052973215688379e-16 2.074999999999999962e-33
4.799500000000000000e+03 6.810822196676973826e-16 3.868000000000000008e-34
4.825100000000000364e+03 6.396053324133915590e-16 1.981999999999999943e-33
4.850699999999999818e+03 6.865218114387538355e-16 4.867000000000000340e-34
4.876300000000000182e+03 8.277245478290950573e-16 1.360999999999999917e-33
4.901800000000000182e+03 8.449499217707738907e-16 1.680000000000000067e-33
4.927399999999999636e+03 8.502761887132665731e-16 3.170999999999999980e-34
4.953000000000000000e+03 1.016977011530435276e-15 1.722999999999999844e-33
4.978500000000000000e+03 1.141181023636225106e-15 2.905000000000000101e-34
5.004100000000000364e+03 1.203509679346247267e-15 3.701000000000000120e-34
5.029699999999999818e+03 1.238640376200986966e-15 1.808000000000000016e-33
5.055300000000000182e+03 1.066159987127070696e-15 1.314000000000000045e-33
5.080800000000000182e+03 8.862001593679522717e-16 3.348999999999999916e-34
5.106399999999999636e+03 7.714021080329477094e-16 2.795999999999999874e-34
5.132000000000000000e+03 8.507294880275213597e-16 1.363000000000000050e-33
5.157500000000000000e+03 9.838861615898416726e-16 2.520000000000000186e-34
5.183100000000000364e+03 1.167245734205870257e-15 1.255999999999999955e-33
5.208699999999999818e+03 1.290769797340278253e-15 1.149000000000000032e-33
5.234199999999999818e+03 1.345165715050842783e-15 1.131999999999999929e-33
5.259800000000000182e+03 1.406361122475228618e-15 1.244000000000000014e-33
5.285399999999999636e+03 1.441491819329968120e-15 3.475000000000000246e-33
5.311000000000000000e+03 1.531018433895273531e-15 2.588999999999999894e-34
5.336500000000000000e+03 1.517419454467631511e-15 6.085999999999999890e-34
5.362100000000000364e+03 1.472089523042161136e-15 1.173999999999999982e-33
5.387699999999999818e+03 1.379163163619946353e-15 2.361000000000000058e-34
5.413199999999999818e+03 1.217108658773888498e-15 1.350000000000000041e-33
5.438800000000000182e+03 1.140047775350588189e-15 8.527000000000000559e-34
5.464399999999999636e+03 1.010404171473741708e-15 1.898000000000000008e-34
5.490000000000000000e+03 9.105649975091427366e-16 1.051999999999999918e-33
5.515500000000000000e+03 8.379237823998259312e-16 1.034999999999999986e-33
5.541100000000000364e+03 8.619486460553252816e-16 1.067000000000000059e-33
5.566699999999999818e+03 9.073919023093595264e-16 8.707000000000000541e-34
5.592199999999999818e+03 8.557157804843230261e-16 2.595000000000000036e-34
5.617800000000000182e+03 6.556974580694337711e-16 1.250999999999999965e-33
5.643399999999999636e+03 5.826029436458620805e-16 6.279999999999999777e-34
5.668899999999999636e+03 5.054287353939983953e-16 7.106000000000000077e-34
5.694500000000000000e+03 4.380004623986107482e-16 1.309999999999999993e-34
5.720100000000000364e+03 3.786182522312439606e-16 6.603000000000000363e-34
5.745699999999999818e+03 2.898849114658851403e-16 7.515000000000000347e-35
5.771199999999999818e+03 2.475014255830699901e-16 1.115000000000000083e-34
5.796800000000000182e+03 2.426284579548318478e-16 1.193000000000000004e-34
5.822399999999999636e+03 2.877317397231753231e-16 9.986000000000000228e-35
5.847899999999999636e+03 3.571998596327090661e-16 1.314000000000000088e-34
5.873500000000000000e+03 4.230415850282053546e-16 6.343999999999999581e-34
5.899100000000000364e+03 5.374996618775187531e-16 6.031999999999999896e-34
5.924699999999999818e+03 6.103675266439629025e-16 6.150999999999999932e-34
5.950199999999999818e+03 6.266863019571326558e-16 5.274000000000000349e-34
5.975800000000000182e+03 5.866826374741543709e-16 9.993999999999999990e-35
6.001399999999999636e+03 5.558582841048344051e-16 8.699000000000000352e-35
6.026899999999999636e+03 4.913764566521023777e-16 7.236000000000000374e-35
6.052500000000000000e+03 4.620253260541100492e-16 3.560999999999999800e-34
6.078100000000000364e+03 4.866168138524279567e-16 4.651999999999999743e-34
6.103699999999999818e+03 4.959094497946494547e-16 6.898000000000000288e-35
6.129199999999999818e+03 5.491721192195773630e-16 4.947999999999999905e-34
6.154800000000000182e+03 6.356389634136628420e-16 1.014000000000000045e-34
6.180399999999999636e+03 6.894682569814094060e-16 9.999999999999999277e-35
6.205899999999999636e+03 7.221058076077482224e-16 1.229000000000000001e-34
6.231500000000000000e+03 7.658491914333274858e-16 7.647999999999999859e-35
6.257100000000000364e+03 7.996199903453031207e-16 1.185000000000000029e-34
6.282600000000000364e+03 8.922063752818270847e-16 5.136000000000000077e-34
6.308199999999999818e+03 9.053520553952134305e-16 4.745999999999999829e-34
6.333800000000000182e+03 8.694280847405282249e-16 5.169000000000000216e-34
6.359399999999999636e+03 8.439299983137007442e-16 4.165999999999999790e-34
6.384899999999999636e+03 8.535626087416131595e-16 4.137999999999999983e-34
6.410500000000000000e+03 9.038788326238853001e-16 5.123999999999999793e-34
6.436100000000000364e+03 9.657541890196535618e-16 2.979000000000000141e-34
6.461600000000000364e+03 9.898923775037162883e-16 3.213999999999999929e-34
6.487199999999999818e+03 9.973718161889190344e-16 3.941000000000000239e-34
6.512800000000000182e+03 1.007004426616831746e-15 4.560000000000000132e-34
6.538399999999999636e+03 1.056187402213467363e-15 4.331999999999999869e-34
6.563899999999999636e+03 1.068313158869780464e-15 1.223000000000000073e-34
6.589500000000000000e+03 1.063893490555797256e-15 2.179999999999999838e-34
6.615100000000000364e+03 9.018389857097395986e-16 1.903999999999999936e-34
6.640600000000000364e+03 7.027272619233595224e-16 9.747999999999999301e-35
6.666199999999999818e+03 6.122940487295456222e-16 3.679000000000000027e-34
6.691800000000000182e+03 5.081485312795265232e-16 3.215000000000000166e-34
6.717399999999999636e+03 4.197551649998587682e-16 2.415000000000000053e-34
6.742899999999999636e+03 3.564065858327632636e-16 4.840000000000000129e-35
6.768500000000000000e+03 3.175361696354222410e-16 4.412999999999999754e-35
6.794100000000000364e+03 2.975909998082151811e-16 3.881000000000000102e-35
6.819600000000000364e+03 2.970243756653968211e-16 3.045999999999999802e-34
6.845199999999999818e+03 2.871651155803568152e-16 2.806999999999999920e-34
6.870800000000000182e+03 2.861451921232838659e-16 2.797999999999999921e-34
6.896300000000000182e+03 2.802523010379725770e-16 5.941999999999999904e-35
6.921899999999999636e+03 2.966844011797057065e-16 2.433000000000000051e-34
6.947500000000000000e+03 3.073369350646913177e-16 2.224999999999999834e-34
6.973100000000000364e+03 3.089234826645828243e-16 1.893000000000000103e-34
6.998600000000000364e+03 3.246756338349339218e-16 1.809000000000000040e-34
7.024199999999999818e+03 3.562932610041995423e-16 4.437000000000000108e-35
7.049800000000000182e+03 3.900640599161753251e-16 4.381000000000000173e-35
7.075300000000000182e+03 4.154488215144389366e-16 2.120999999999999939e-34
7.100899999999999636e+03 4.361872651415918977e-16 2.183999999999999933e-34
7.126500000000000000e+03 4.360739403130282257e-16 3.852999999999999867e-35
7.152100000000000364e+03 4.554524859974168763e-16 1.918000000000000053e-34
7.177600000000000364e+03 4.808372475956805864e-16 1.643999999999999985e-34
7.203199999999999818e+03 5.167612182503659892e-16 2.147999999999999936e-34
7.228800000000000182e+03 5.873625864455367973e-16 7.321000000000000247e-35
7.254300000000000182e+03 6.580772794692709816e-16 4.976999999999999522e-35
7.279899999999999636e+03 7.472639195488844898e-16 2.577000000000000037e-34
7.305500000000000000e+03 8.732811289116931713e-16 2.925000000000000147e-34
7.331100000000000364e+03 9.890991037037705844e-16 2.745000000000000164e-34
7.356600000000000364e+03 1.045648193157045079e-15 2.170000000000000029e-34
7.382199999999999818e+03 1.005191229359812994e-15 2.217000000000000072e-34
7.407800000000000182e+03 9.038788326238853001e-16 2.954000000000000191e-34
7.433300000000000182e+03 7.736686046042212479e-16 2.898000000000000149e-34
7.458899999999999636e+03 6.732628064968036205e-16 2.449999999999999812e-34
7.484500000000000000e+03 6.018681645016873057e-16 2.269999999999999829e-34
7.510000000000000000e+03 5.583514303332353862e-16 1.923999999999999981e-34
7.535600000000000364e+03 5.046354615940526914e-16 2.296999999999999827e-34
7.561199999999999818e+03 4.459332003980680343e-16 5.149999999999999980e-35
7.586800000000000182e+03 4.103492042290735489e-16 2.224999999999999834e-34
7.612300000000000182e+03 3.744252335743879982e-16 2.709999999999999977e-34
7.637899999999999636e+03 3.412210588052307726e-16 3.517999999999999852e-34
7.663500000000000000e+03 3.877975633449018852e-16 3.728000000000000117e-34
7.689000000000000000e+03 4.471797735122685249e-16 8.984999999999999849e-35
7.714600000000000364e+03 4.988558953373049266e-16 5.575999999999999583e-35
7.740199999999999818e+03 5.816963450173527045e-16 5.381999999999999483e-35
7.765800000000000182e+03 6.952478232381568749e-16 2.464999999999999953e-34
7.791300000000000182e+03 8.274978981719676147e-16 2.714000000000000072e-34
7.816899999999999636e+03 9.062586540237232008e-16 3.006000000000000139e-34
7.842500000000000000e+03 9.044454567667042517e-16 2.932999999999999908e-34
7.868000000000000000e+03 8.289711209432953506e-16 3.044000000000000183e-34
7.893600000000000364e+03 7.470372698917571459e-16 3.631000000000000174e-34
7.919199999999999818e+03 6.549041842694878699e-16 3.528000000000000089e-34
7.944699999999999818e+03 5.762567532462961530e-16 2.934000000000000146e-34
7.970300000000000182e+03 5.004424429371967289e-16 5.220999999999999736e-35
7.995899999999999636e+03 4.605521032827824119e-16 2.658000000000000030e-34
8.021500000000000000e+03 4.134089746002927421e-16 2.590000000000000131e-34
8.047000000000000000e+03 3.387279125768297915e-16 4.484999999999999747e-35
8.072600000000000364e+03 3.026906170935805194e-16 4.520000000000000041e-35
8.098199999999999818e+03 2.830854217520645741e-16 3.436999999999999967e-35
8.123699999999999818e+03 2.758326327239893692e-16 3.444000000000000025e-35
8.149300000000000182e+03 2.774191803238807279e-16 3.319999999999999978e-35
8.174899999999999636e+03 2.805922755236636423e-16 3.978000000000000152e-35
8.200500000000000000e+03 2.914714590657765482e-16 1.658000000000000102e-34
8.226000000000000000e+03 3.132298261500025573e-16 1.961000000000000002e-34
8.251600000000000364e+03 3.415610332909216899e-16 5.341999999999999606e-35
8.277200000000000728e+03 3.570865348041454435e-16 8.342000000000000030e-35
8.302700000000000728e+03 3.357814670341741717e-16 4.460000000000000332e-34
8.328299999999999272e+03 2.941912549513048733e-16 4.514999999999999709e-34
8.353899999999999636e+03 2.383221144694121148e-16 4.824999999999999774e-34
8.379500000000000000e+03 2.317492744127189419e-16 8.321000000000000388e-35
8.405000000000000000e+03 2.822921479521188209e-16 2.624999999999999890e-34
8.430600000000000364e+03 3.522135671759073012e-16 7.070000000000000509e-35
8.456200000000000728e+03 4.484263466264690154e-16 6.159000000000000121e-35
8.481700000000000728e+03 5.731969828750768119e-16 5.178000000000000215e-35
8.507299999999999272e+03 7.321917173499154243e-16 6.759000000000000420e-35
8.532899999999999636e+03 9.150979906516896164e-16 6.522999999999999967e-35
8.558399999999999636e+03 1.106843600581430717e-15 8.146999999999999692e-35
8.584000000000000000e+03 1.228441141630256092e-15 4.910000000000000288e-34
8.609600000000000364e+03 1.265838335056269823e-15 5.097000000000000223e-34
8.635200000000000728e+03 1.253372603914265312e-15 4.384000000000000244e-34
8.660700000000000728e+03 1.245439865914807483e-15 3.294000000000000111e-34
8.686299999999999272e+03 1.243173369343534043e-15 2.721999999999999833e-34
8.711899999999999636e+03 1.234107383058439692e-15 4.871999999999999817e-34
8.737399999999999636e+03 1.191043948204242559e-15 8.965000000000000231e-34
8.763000000000000000e+03 1.105483702638666653e-15 1.355999999999999927e-33
8.788600000000000364e+03 1.004737930045558108e-15 1.412999999999999950e-33
8.814200000000000728e+03 8.884666559392255144e-16 1.026000000000000072e-33
8.839700000000000728e+03 7.545167085769597933e-16 8.259000000000000204e-34
8.865299999999999272e+03 6.550175090980516405e-16 7.463000000000000186e-34
8.890899999999999636e+03 5.576714813618532556e-16 1.144999999999999938e-34
8.916399999999999636e+03 4.749443565103692483e-16 9.785999999999999772e-35
8.942000000000000000e+03 4.293877754277711836e-16 4.121000000000000222e-34
8.967600000000000364e+03 4.032097400295619174e-16 1.071999999999999921e-34
8.993200000000000728e+03 3.756718066885884394e-16 1.022000000000000021e-34
9.018700000000000728e+03 3.250156083206248885e-16 7.123000000000000266e-35
9.044299999999999272e+03 3.120965778643657387e-16 6.040999999999999895e-35
9.069899999999999636e+03 3.249022834920612658e-16 7.592999999999999627e-35
9.095399999999999636e+03 3.405411098338486913e-16 7.799999999999999607e-35
9.121000000000000000e+03 3.527801913187256611e-16 4.593999999999999654e-34
9.146600000000000364e+03 3.775983287741710113e-16 3.398999999999999816e-34
9.172100000000000364e+03 3.923305564874489622e-16 3.434999999999999813e-34
9.197700000000000728e+03 4.425334555411577266e-16 9.574999999999999912e-35
9.223299999999999272e+03 5.234473831356228341e-16 1.591000000000000013e-34
