3.776699999999999818e+03 7.010928220588185970e-16 3.618999999999999958e-32
3.802300000000000182e+03 6.090107102501623674e-16 4.037999999999999737e-32
3.827900000000000091e+03 4.283067747592673022e-16 2.793999999999999758e-32
3.853400000000000091e+03 4.319593011149349334e-16 1.796999999999999901e-32
3.879000000000000000e+03 3.907242009417467337e-16 1.961000000000000121e-32
3.904599999999999909e+03 3.688090428077452359e-16 2.102999999999999975e-32
3.930099999999999909e+03 6.421718047950334369e-16 1.876000000000000086e-32
3.955699999999999818e+03 7.802949725080192605e-16 1.532999999999999881e-32
3.981300000000000182e+03 1.021746188440533597e-15 1.597000000000000027e-32
4.006800000000000182e+03 1.154390566620018862e-15 1.536999999999999873e-32
4.032400000000000091e+03 1.150545802035105233e-15 1.177000000000000045e-32
4.058000000000000000e+03 1.121710067648262686e-15 1.271999999999999923e-32
4.083599999999999909e+03 1.131321979110543798e-15 8.975000000000000212e-33
4.109100000000000364e+03 7.985576042863546555e-16 7.041000000000000378e-33
4.134699999999999818e+03 7.589565290617539294e-16 9.425999999999999379e-33
4.160300000000000182e+03 7.385792767617176955e-16 8.138999999999999418e-33
4.185800000000000182e+03 8.068238481439169445e-16 7.163999999999999654e-33
4.211399999999999636e+03 8.559407157161751927e-16 5.441000000000000152e-33
4.237000000000000000e+03 7.599177202079832239e-16 5.153000000000000180e-33
4.262600000000000364e+03 8.389276324279374960e-16 4.536000000000000248e-33
4.288100000000000364e+03 8.720887269728096502e-16 4.145000000000000276e-33
4.313699999999999818e+03 8.974641732332318455e-16 4.139999999999999944e-33
4.339300000000000182e+03 9.688806753979858041e-16 4.648000000000000162e-33
4.364800000000000182e+03 1.050581922827379695e-15 3.898000000000000291e-33
4.390399999999999636e+03 1.054426687412292140e-15 3.982999999999999779e-33
4.416000000000000000e+03 9.451392540861479762e-16 4.221999999999999917e-33
4.441600000000000364e+03 8.842958545299063964e-16 3.628000000000000146e-33
4.467100000000000364e+03 7.392521105640774029e-16 3.956000000000000038e-33
4.492699999999999818e+03 7.770269226108435246e-16 4.154000000000000190e-33
4.518300000000000182e+03 9.080372758417419563e-16 3.045000000000000078e-33
4.543800000000000182e+03 9.659971019592999913e-16 4.540999999999999896e-33
4.569399999999999636e+03 1.165924860374755407e-15 3.163000000000000048e-33
4.595000000000000000e+03 1.272617077606082556e-15 3.125000000000000260e-33
4.620500000000000000e+03 1.321637826063718891e-15 3.328000000000000060e-33
4.646100000000000364e+03 1.302414003139156666e-15 2.433000000000000137e-33
4.671699999999999818e+03 1.250509681242833927e-15 2.959999999999999906e-33
4.697300000000000182e+03 1.041931202511324031e-15 2.414999999999999968e-33
4.722800000000000182e+03 8.086501113217509573e-16 2.866999999999999886e-33
4.748399999999999636e+03 6.948450796083360220e-16 5.728000000000000058e-33
4.774000000000000000e+03 6.021862531119417029e-16 1.676000000000000143e-33
4.799500000000000000e+03 5.737349951835881910e-16 1.856999999999999850e-33
4.825100000000000364e+03 5.572986265830861185e-16 5.002999999999999795e-33
4.850699999999999818e+03 5.577792221562001248e-16 2.223999999999999938e-33
4.876300000000000182e+03 6.865788357507743248e-16 1.510000000000000064e-33
4.901800000000000182e+03 6.706230627233866530e-16 1.638000000000000014e-33
4.927399999999999636e+03 7.095513041456263899e-16 1.794999999999999837e-33
4.953000000000000000e+03 7.793337813617914451e-16 7.509999999999999373e-33
4.978500000000000000e+03 9.454276114300165772e-16 1.168999999999999992e-33
5.004100000000000364e+03 1.014056659270708313e-15 1.979000000000000085e-33
5.029699999999999818e+03 1.045775967096238448e-15 1.437000000000000004e-33
5.055300000000000182e+03 9.513869965366326219e-16 1.671000000000000153e-33
5.080800000000000182e+03 7.854854046976523036e-16 1.547000000000000127e-33
5.106399999999999636e+03 6.528410265181655602e-16 1.322999999999999958e-33
5.132000000000000000e+03 7.246420051414078642e-16 1.399000000000000046e-33
5.157500000000000000e+03 7.869271914169940267e-16 1.267000000000000002e-33
5.183100000000000364e+03 9.909880717612318690e-16 1.209999999999999979e-33
5.208699999999999818e+03 1.164002478082301157e-15 1.150999999999999994e-33
5.234199999999999818e+03 1.203411315077654999e-15 1.093000000000000076e-33
5.259800000000000182e+03 1.211100844247481072e-15 1.015999999999999921e-33
5.285399999999999636e+03 1.238975387488096593e-15 1.041999999999999972e-32
5.311000000000000000e+03 1.231285858318273084e-15 8.490999999999999536e-33
5.336500000000000000e+03 1.268772313021169914e-15 1.332000000000000043e-33
5.362100000000000364e+03 1.198605359346515330e-15 8.465999999999999928e-33
5.387699999999999818e+03 1.151506993181333049e-15 1.072999999999999944e-33
5.413199999999999818e+03 9.717642488366702363e-16 1.014999999999999958e-32
5.438800000000000182e+03 9.471577554932281832e-16 7.003999999999999973e-33
5.464399999999999636e+03 8.229718594005496271e-16 6.813000000000000286e-33
5.490000000000000000e+03 6.533216220912807498e-16 6.902000000000000040e-33
5.515500000000000000e+03 6.415950901072967280e-16 7.234000000000000198e-33
5.541100000000000364e+03 6.596654836563860274e-16 4.753999999999999676e-33
5.566699999999999818e+03 7.296401991017959949e-16 1.013999999999999960e-33
5.592199999999999818e+03 6.590887689686497129e-16 4.894000000000000081e-33
5.617800000000000182e+03 5.039525179674237274e-16 4.115000000000000336e-33
5.643399999999999636e+03 4.826140745211588892e-16 5.164000000000000226e-33
5.668899999999999636e+03 3.583320593138574825e-16 2.639000000000000136e-33
5.694500000000000000e+03 3.326682557095664398e-16 3.161999999999999981e-34
5.720100000000000364e+03 3.205572472670913115e-16 3.179999999999999808e-33
5.745699999999999818e+03 2.581759418768838762e-16 3.179000000000000170e-34
5.771199999999999818e+03 1.990626863838517577e-16 1.929999999999999910e-33
5.796800000000000182e+03 1.816651266371220178e-16 2.275999999999999971e-33
5.822399999999999636e+03 2.038686421149926096e-16 3.150999999999999935e-34
5.847899999999999636e+03 3.160396488798188141e-16 2.463000000000000077e-33
5.873500000000000000e+03 3.000838758524320299e-16 1.974000000000000095e-33
5.899100000000000364e+03 3.543911756143223843e-16 2.290999999999999941e-33
5.924699999999999818e+03 4.664660632645264039e-16 3.621999999999999747e-33
5.950199999999999818e+03 4.849209332721063167e-16 2.512999999999999977e-33
5.975800000000000182e+03 4.277300600715308890e-16 1.768000000000000096e-33
6.001399999999999636e+03 4.538744592489366777e-16 2.328000000000000004e-33
6.026899999999999636e+03 3.735188794242627935e-16 1.867999999999999897e-33
6.052500000000000000e+03 3.189232223185031477e-16 2.095000000000000179e-34
6.078100000000000364e+03 2.933555378288348076e-16 1.890000000000000032e-34
6.103699999999999818e+03 3.094074299708447382e-16 1.751999999999999974e-34
6.129199999999999818e+03 3.863027216690972840e-16 1.801999999999999960e-33
6.154800000000000182e+03 4.183103868384949850e-16 1.805000000000000159e-33
6.180399999999999636e+03 4.283067747592673022e-16 1.645999999999999861e-33
6.205899999999999636e+03 4.765585702999206349e-16 1.672999999999999944e-33
6.231500000000000000e+03 5.448992607967442628e-16 1.288999999999999924e-33
6.257100000000000364e+03 5.752729010175526167e-16 1.671000000000000153e-33
6.282600000000000364e+03 6.462088076091914843e-16 1.536000000000000080e-33
6.308199999999999818e+03 6.458243311507001807e-16 1.445000000000000023e-33
6.333800000000000182e+03 6.412106136488055229e-16 1.589999999999999904e-33
6.359399999999999636e+03 6.266966273407601659e-16 1.660999999999999831e-33
6.384899999999999636e+03 6.152584527006441535e-16 1.630000000000000166e-33
6.410500000000000000e+03 6.358279432299273704e-16 1.592000000000000037e-33
6.436100000000000364e+03 6.818689991342560769e-16 1.609000000000000140e-33
6.461600000000000364e+03 7.188748582640405774e-16 1.275000000000000020e-33
6.487199999999999818e+03 7.197399302956457887e-16 1.222999999999999987e-33
6.512800000000000182e+03 6.938838884621082067e-16 1.479000000000000057e-33
6.538399999999999636e+03 7.030152043512755097e-16 1.170000000000000059e-33
6.563899999999999636e+03 6.717764920988607612e-16 1.505999999999999969e-33
6.589500000000000000e+03 6.435174723997523588e-16 4.308000000000000156e-34
6.615100000000000364e+03 6.041086354043980240e-16 3.930000000000000193e-34
6.640600000000000364e+03 5.105847368763987893e-16 2.604000000000000035e-34
6.666199999999999818e+03 4.305175143955927172e-16 1.010000000000000036e-33
6.691800000000000182e+03 3.447792641520404833e-16 6.862000000000000291e-34
6.717399999999999636e+03 2.732666428726657449e-16 1.029999999999999996e-34
6.742899999999999636e+03 2.536583434896110830e-16 7.193000000000000212e-34
6.768500000000000000e+03 2.295324457192843673e-16 6.989999999999999899e-34
6.794100000000000364e+03 2.128077197749144088e-16 6.137000000000000028e-34
6.819600000000000364e+03 2.031958083126329515e-16 5.890999999999999767e-34
6.845199999999999818e+03 1.818573648663678175e-16 5.501999999999999756e-34
6.870800000000000182e+03 1.904119660677980665e-16 5.713999999999999641e-34
6.896300000000000182e+03 1.851254147635434795e-16 5.062999999999999846e-34
6.921899999999999636e+03 1.743600739257882591e-16 6.552999999999999608e-34
6.947500000000000000e+03 1.678239741314368120e-16 9.791000000000000960e-35
6.973100000000000364e+03 1.882012264314734156e-16 9.640999999999999549e-35
6.998600000000000364e+03 2.114620521701951172e-16 5.220999999999999736e-34
7.024199999999999818e+03 2.290518501461704103e-16 4.478000000000000330e-34
7.049800000000000182e+03 2.614439917740596121e-16 4.227999999999999974e-34
7.075300000000000182e+03 2.808600529278682278e-16 4.227999999999999974e-34
7.100899999999999636e+03 2.991226847062033763e-16 4.845000000000000247e-34
7.126500000000000000e+03 3.021984963741332139e-16 4.716999999999999784e-34
7.152100000000000364e+03 3.299769205001271170e-16 5.811999999999999822e-34
7.177600000000000364e+03 3.635224915034899832e-16 5.385999999999999578e-34
7.203199999999999818e+03 3.750567852582279588e-16 6.017999999999999992e-34
7.228800000000000182e+03 4.123510017318805179e-16 5.112000000000000364e-34
7.254300000000000182e+03 4.720409719126486798e-16 5.753999999999999732e-34
7.279899999999999636e+03 5.265405099037854749e-16 5.252000000000000256e-34
7.305500000000000000e+03 6.042047545190214169e-16 5.933999999999999715e-34
7.331100000000000364e+03 6.682200848578166215e-16 6.495000000000000374e-34
7.356600000000000364e+03 7.134921878451624249e-16 7.510000000000000229e-34
7.382199999999999818e+03 7.028229661220300058e-16 8.982999999999999374e-34
7.407800000000000182e+03 6.367891343761551858e-16 7.281999999999999966e-34
7.433300000000000182e+03 5.370174933976726859e-16 6.004000000000000088e-34
7.458899999999999636e+03 4.581998194069635233e-16 5.911000000000000240e-34
7.484500000000000000e+03 4.012973035502568445e-16 5.051000000000000417e-34
7.510000000000000000e+03 3.697702339539729527e-16 5.418000000000000335e-34
7.535600000000000364e+03 3.309381116463556719e-16 5.244000000000000066e-34
7.561199999999999818e+03 2.820134823033417936e-16 9.442999999999999568e-35
7.586800000000000182e+03 2.552923684381993946e-16 1.506999999999999950e-34
7.612300000000000182e+03 2.291479692607929651e-16 5.957000000000000045e-34
7.637899999999999636e+03 2.197282960277570856e-16 5.212000000000000164e-34
7.663500000000000000e+03 2.597138477108488443e-16 5.645000000000000360e-34
7.689000000000000000e+03 3.156551724213272146e-16 5.303000000000000393e-34
7.714600000000000364e+03 3.520843168633749076e-16 4.096999999999999654e-34
7.740199999999999818e+03 4.052381872497918441e-16 4.342999999999999915e-34
7.765800000000000182e+03 5.095274266155468907e-16 4.837000000000000058e-34
7.791300000000000182e+03 6.108369734279957885e-16 6.206000000000000164e-34
7.816899999999999636e+03 6.468816414115507973e-16 6.143999999999999980e-34
7.842500000000000000e+03 6.245820068190572563e-16 6.143999999999999980e-34
7.868000000000000000e+03 5.655648704406484075e-16 5.775999999999999825e-34
7.893600000000000364e+03 5.186587425047147855e-16 6.675000000000000356e-34
7.919199999999999818e+03 4.421479272649531982e-16 7.507000000000000372e-34
7.944699999999999818e+03 3.998555168309147763e-16 5.476999999999999806e-34
7.970300000000000182e+03 3.530455080096027229e-16 6.034999999999999753e-34
7.995899999999999636e+03 3.138289092434942372e-16 5.231999999999999782e-34
8.021500000000000000e+03 2.793221470939029639e-16 4.949000000000000142e-34
8.047000000000000000e+03 2.383754042645834145e-16 4.668000000000000122e-34
8.072600000000000364e+03 2.137689109211426433e-16 3.909999999999999719e-34
8.098199999999999818e+03 2.105969801385897086e-16 4.031999999999999613e-34
8.123699999999999818e+03 2.035802847711242305e-16 4.124000000000000079e-34
8.149300000000000182e+03 2.059832626366944839e-16 4.514000000000000327e-34
8.174899999999999636e+03 2.146339829527479532e-16 3.382000000000000055e-34
8.200500000000000000e+03 2.217467974348366517e-16 3.924999999999999860e-34
8.226000000000000000e+03 2.286673736876792546e-16 4.059000000000000038e-34
8.251600000000000364e+03 2.284751354584336027e-16 3.910999999999999957e-34
8.277200000000000728e+03 2.374142131183552047e-16 5.742999999999999686e-34
8.302700000000000728e+03 2.310703515532495326e-16 8.295999999999999583e-34
8.328299999999999272e+03 1.879128690876049872e-16 9.870000000000000477e-34
8.353899999999999636e+03 1.568663950644355947e-16 8.320000000000000151e-34
8.379500000000000000e+03 1.489846276653646094e-16 7.522999999999999895e-34
8.405000000000000000e+03 1.851254147635434795e-16 6.052000000000000369e-34
8.430600000000000364e+03 2.689412827146393924e-16 5.251000000000000018e-34
8.456200000000000728e+03 3.387237599308033629e-16 4.665999999999999647e-34
8.481700000000000728e+03 4.456082153913740929e-16 5.444999999999999904e-34
8.507299999999999272e+03 5.690251585670696473e-16 7.369000000000000100e-34
8.532899999999999636e+03 7.477105926508858860e-16 7.125000000000000313e-34
8.558399999999999636e+03 9.135160653752430087e-16 8.157999999999999311e-34
8.584000000000000000e+03 1.009250703539565095e-15 7.957999999999999711e-34
8.609600000000000364e+03 1.028474526464130080e-15 7.383000000000000003e-34
8.635200000000000728e+03 1.023668570732990017e-15 9.169000000000000782e-34
8.660700000000000728e+03 1.014056659270708313e-15 9.358999999999999718e-34
8.686299999999999272e+03 1.008289512393339054e-15 9.123999999999999503e-34
8.711899999999999636e+03 1.000599983223513178e-15 1.067000000000000059e-33
8.737399999999999636e+03 9.746478222753526964e-16 1.557999999999999831e-33
8.763000000000000000e+03 9.083256331856107546e-16 1.820000000000000129e-33
8.788600000000000364e+03 8.148978537722328420e-16 2.381000000000000104e-33
8.814200000000000728e+03 6.767746860592477087e-16 1.836999999999999890e-33
8.839700000000000728e+03 5.350951111052157732e-16 1.322000000000000063e-33
8.865299999999999272e+03 4.647359192013157839e-16 1.059000000000000041e-33
8.890899999999999636e+03 4.145617413682053907e-16 8.037000000000000511e-34
8.916399999999999636e+03 3.407422613378821894e-16 6.164999999999999835e-34
8.942000000000000000e+03 2.953740392359129438e-16 8.243999999999999208e-34
8.967600000000000364e+03 2.890301776708079127e-16 1.002000000000000018e-33
8.993200000000000728e+03 2.345306396796708710e-16 8.488000000000000705e-34
9.018700000000000728e+03 2.139611491503884676e-16 7.549000000000000082e-34
9.044299999999999272e+03 2.284751354584336027e-16 6.945000000000000331e-34
9.069899999999999636e+03 2.190554622253975015e-16 7.538000000000000036e-34
9.095399999999999636e+03 2.113659330555723406e-16 7.128000000000000170e-34
9.121000000000000000e+03 2.348189970235390283e-16 7.532000000000000322e-34
9.146600000000000364e+03 2.435658364542155701e-16 7.536999999999999798e-34
9.172100000000000364e+03 2.407783821301541856e-16 6.438999999999999904e-34
9.197700000000000728e+03 2.673072577660511300e-16 7.804000000000000771e-34
9.223299999999999272e+03 3.141172665873623452e-16 8.070000000000000650e-34
