3.776699999999999818e+03 -5.126934318263700068e-16 6.615000000000000271e-31
3.802300000000000182e+03 3.038570033838568356e-16 3.200000000000000179e-31
3.827900000000000091e+03 1.802519422994442590e-16 2.178000000000000003e-31
3.853400000000000091e+03 3.593291796888995015e-16 1.770000000000000051e-31
3.879000000000000000e+03 1.439666128575576335e-16 1.449000000000000049e-31
3.904599999999999909e+03 2.840175426818180686e-16 1.286999999999999962e-31
3.930099999999999909e+03 8.602755624153783568e-16 1.190999999999999935e-31
3.955699999999999818e+03 1.071852968981199661e-15 1.059000000000000034e-31
3.981300000000000182e+03 1.247928182711793650e-15 1.039999999999999894e-31
4.006800000000000182e+03 1.768583503372534589e-15 9.448000000000000293e-32
4.032400000000000091e+03 1.511453650852690077e-15 7.111999999999999484e-32
4.058000000000000000e+03 1.742478949817220196e-15 6.233999999999999458e-32
4.083599999999999909e+03 1.470991592841953232e-15 6.537999999999999946e-32
4.109100000000000364e+03 1.054101872563586102e-15 4.646999999999999821e-32
4.134699999999999818e+03 8.755467262452371495e-16 2.868000000000000021e-32
4.160300000000000182e+03 1.002675902059617121e-15 3.418999999999999810e-32
4.185800000000000182e+03 1.027736273472718835e-15 2.233000000000000126e-32
4.211399999999999636e+03 1.230046563526403458e-15 1.947000000000000012e-32
4.237000000000000000e+03 1.021210135083889892e-15 1.930000000000000115e-32
4.262600000000000364e+03 1.068198331483455878e-15 1.534000000000000084e-32
4.288100000000000364e+03 1.270639144304916543e-15 1.477999999999999923e-32
4.313699999999999818e+03 1.265157188058301067e-15 1.363000000000000084e-32
4.339300000000000182e+03 1.686354159673295149e-15 1.476000000000000063e-31
4.364800000000000182e+03 1.891274905082511270e-15 1.394000000000000036e-31
4.390399999999999636e+03 1.981335614848345008e-15 1.447000000000000080e-31
4.416000000000000000e+03 1.287476581348094649e-15 1.162000000000000006e-32
4.441600000000000364e+03 1.280558874655935803e-15 7.407000000000000332e-32
4.467100000000000364e+03 1.459244543742061489e-15 1.699999999999999890e-32
4.492699999999999818e+03 1.228219244777531764e-15 8.506999999999999504e-32
4.518300000000000182e+03 1.626313686496071868e-15 8.194999999999999579e-32
4.543800000000000182e+03 1.655028695406917956e-15 7.223000000000000152e-32
4.569399999999999636e+03 1.940873556837607374e-15 8.492999999999999942e-32
4.595000000000000000e+03 2.316779128034132107e-15 6.666999999999999893e-32
4.620500000000000000e+03 2.247602061112550356e-15 7.422000000000000097e-32
4.646100000000000364e+03 2.516478962732286020e-15 7.914999999999999591e-32
4.671699999999999818e+03 2.104027016558321097e-15 6.600000000000000506e-32
4.697300000000000182e+03 1.961757199681858967e-15 7.358000000000000224e-33
4.722800000000000182e+03 1.592377766874163571e-15 7.555999999999999692e-33
4.748399999999999636e+03 1.340468825065382450e-15 7.169000000000000670e-33
4.774000000000000000e+03 1.105658365835331126e-15 6.804000000000000373e-33
4.799500000000000000e+03 9.572539788733703493e-16 7.624999999999999486e-33
4.825100000000000364e+03 9.195328989859414391e-16 7.497999999999999945e-33
4.850699999999999818e+03 9.566013650344879677e-16 6.140000000000000056e-33
4.876300000000000182e+03 1.113359209134148987e-15 6.758000000000000054e-33
4.901800000000000182e+03 1.165829361780330450e-15 2.845000000000000272e-32
4.927399999999999636e+03 1.156301199732641092e-15 5.022000000000000510e-32
4.953000000000000000e+03 1.437055673220044935e-15 4.999000000000000213e-32
4.978500000000000000e+03 1.746394632850518036e-15 5.625999999999999577e-32
5.004100000000000364e+03 2.067480641580880907e-15 5.113999999999999505e-32
5.029699999999999818e+03 2.037460404992270450e-15 3.342000000000000032e-32
5.055300000000000182e+03 1.621092775785009660e-15 3.394000000000000339e-33
5.080800000000000182e+03 1.541473887441300929e-15 2.522999999999999957e-32
5.106399999999999636e+03 1.273641167963777944e-15 2.230000000000000063e-32
5.132000000000000000e+03 1.252627002351749914e-15 2.395999999999999869e-32
5.157500000000000000e+03 1.550610481185661371e-15 2.561000000000000018e-32
5.183100000000000364e+03 1.735952811428391845e-15 2.608999999999999922e-32
5.208699999999999818e+03 2.046596998736630892e-15 2.723999999999999761e-32
5.234199999999999818e+03 1.946094467548670371e-15 1.939000000000000028e-32
5.259800000000000182e+03 2.113163610302681144e-15 2.067999999999999976e-32
5.285399999999999636e+03 2.057038820158756097e-15 2.373000000000000120e-32
5.311000000000000000e+03 2.255433427179143668e-15 2.475000000000000053e-32
5.336500000000000000e+03 2.431639163677514884e-15 2.202000000000000119e-32
5.362100000000000364e+03 2.399008471733370956e-15 2.645000000000000124e-32
5.387699999999999818e+03 2.282843208412224599e-15 1.733999999999999959e-32
5.413199999999999818e+03 2.021797672859081854e-15 1.742999999999999872e-32
5.438800000000000182e+03 2.006134940725893257e-15 1.989000000000000065e-32
5.464399999999999636e+03 1.764667820339237144e-15 1.912999999999999944e-32
5.490000000000000000e+03 1.708543030195312097e-15 1.807000000000000018e-32
5.515500000000000000e+03 1.562357530285552719e-15 1.678000000000000071e-32
5.541100000000000364e+03 1.437055673220044935e-15 1.961000000000000121e-32
5.566699999999999818e+03 1.636755507918198059e-15 1.403000000000000004e-32
5.592199999999999818e+03 1.660249606117980756e-15 1.367000000000000076e-32
5.617800000000000182e+03 1.337858369709851149e-15 2.985000000000000266e-32
5.643399999999999636e+03 1.018469156960582154e-15 1.878999999999999943e-33
5.668899999999999636e+03 8.808981597240763861e-16 6.751999999999999655e-33
5.694500000000000000e+03 8.643217682164518442e-16 8.197999999999999916e-33
5.720100000000000364e+03 6.825035527036889129e-16 8.547999999999999559e-34
5.745699999999999818e+03 6.069308701610542611e-16 8.715000000000000731e-34
5.771199999999999818e+03 4.332050662504383538e-16 5.952999999999999951e-34
5.796800000000000182e+03 4.573517782891041722e-16 5.059000000000000094e-33
5.822399999999999636e+03 5.188280019118690479e-16 6.173999999999999578e-33
5.847899999999999636e+03 5.981858447200240174e-16 5.832000000000000124e-33
5.873500000000000000e+03 6.254651031853275255e-16 6.551000000000000672e-33
5.899100000000000364e+03 7.783072642516920861e-16 7.114999999999999820e-33
5.924699999999999818e+03 9.100047369382516866e-16 7.148999999999999342e-33
5.950199999999999818e+03 9.055669628338480998e-16 6.076000000000000081e-34
5.975800000000000182e+03 9.115710101515705068e-16 6.328000000000000057e-34
6.001399999999999636e+03 1.046270506496991410e-15 6.414000000000000467e-33
6.026899999999999636e+03 8.649743820553348174e-16 5.917000000000000296e-33
6.052500000000000000e+03 8.339099633245107944e-16 4.846999999999999696e-33
6.078100000000000364e+03 7.753052405928306853e-16 4.307000000000000090e-33
6.103699999999999818e+03 7.985382932570602130e-16 4.269000000000000303e-33
6.129199999999999818e+03 8.908178900750955477e-16 5.280999999999999787e-33
6.154800000000000182e+03 9.024344164072106567e-16 5.527999999999999944e-34
6.180399999999999636e+03 1.050969326136948067e-15 4.596000000000000129e-33
6.205899999999999636e+03 1.255498503242834286e-15 5.959999999999999731e-33
6.231500000000000000e+03 1.265548756361630969e-15 4.741000000000000181e-33
6.257100000000000364e+03 1.229524472455297316e-15 4.914000000000000041e-33
6.282600000000000364e+03 1.264243528683865023e-15 1.625999999999999901e-33
6.308199999999999818e+03 1.323500865254428499e-15 5.629999999999999706e-33
6.333800000000000182e+03 1.307838133121239311e-15 4.798999999999999929e-33
6.359399999999999636e+03 1.319585182221131251e-15 4.207000000000000290e-33
6.384899999999999636e+03 1.370489061653993302e-15 4.023999999999999765e-33
6.410500000000000000e+03 1.399204070564838996e-15 4.173000000000000084e-33
6.436100000000000364e+03 1.517979789241518429e-15 4.848999999999999829e-33
6.461600000000000364e+03 1.628924141851603958e-15 5.718000000000000078e-33
6.487199999999999818e+03 1.702016891806483351e-15 5.346000000000000000e-33
6.512800000000000182e+03 1.737258039106157199e-15 4.693999999999999796e-33
6.538399999999999636e+03 1.738563266783923146e-15 4.784999999999999683e-33
6.563899999999999636e+03 1.696795981095420748e-15 3.712000000000000252e-33
6.589500000000000000e+03 1.580630717774272814e-15 4.007000000000000005e-33
6.615100000000000364e+03 1.510148423174924525e-15 2.481999999999999971e-33
6.640600000000000364e+03 1.345689735776445053e-15 6.251999999999999969e-34
6.666199999999999818e+03 1.140246899296122987e-15 3.970999999999999666e-34
6.691800000000000182e+03 9.430269971857239391e-16 2.725999999999999928e-34
6.717399999999999636e+03 7.528553245352603705e-16 2.153000000000000012e-33
6.742899999999999636e+03 7.091301973301095463e-16 2.718999999999999976e-34
6.768500000000000000e+03 6.547022031672794601e-16 2.502999999999999997e-33
6.794100000000000364e+03 5.697318813447315914e-16 2.148000000000000022e-33
6.819600000000000364e+03 5.236573443196021425e-16 2.066000000000000049e-33
6.845199999999999818e+03 5.179143425374330037e-16 3.168000000000000123e-34
6.870800000000000182e+03 4.972917452287347772e-16 3.930000000000000193e-34
6.896300000000000182e+03 4.875025376454919539e-16 3.242000000000000164e-34
6.921899999999999636e+03 5.634667884914559162e-16 2.416000000000000034e-33
6.947500000000000000e+03 4.850226050577372867e-16 2.273999999999999839e-33
6.973100000000000364e+03 4.717092827445270193e-16 2.536999999999999861e-33
6.998600000000000364e+03 5.894408192789937737e-16 2.715000000000000053e-33
7.024199999999999818e+03 5.376232804716952845e-16 3.143999999999999983e-34
7.049800000000000182e+03 5.767801108046662823e-16 2.062000000000000039e-34
7.075300000000000182e+03 6.476539737073442763e-16 2.546000000000000116e-33
7.100899999999999636e+03 6.360374473752296603e-16 2.365999999999999963e-34
7.126500000000000000e+03 6.684070937838191368e-16 3.000999999999999807e-34
7.152100000000000364e+03 6.869413268080922039e-16 4.056000000000000180e-34
7.177600000000000364e+03 7.045619004579292268e-16 3.287000000000000159e-34
7.203199999999999818e+03 7.364094557954125614e-16 2.999999999999999997e-34
7.228800000000000182e+03 8.157672986035677281e-16 2.562000000000000153e-33
7.254300000000000182e+03 9.773544851109619408e-16 3.458999999999999867e-33
7.279899999999999636e+03 1.043921096677013574e-15 2.684000000000000046e-33
7.305500000000000000e+03 1.239835771109646084e-15 2.959999999999999906e-33
7.331100000000000364e+03 1.430529534831216386e-15 3.569999999999999714e-33
7.356600000000000364e+03 1.486654324975141631e-15 3.713000000000000318e-33
7.382199999999999818e+03 1.429224307153450637e-15 3.204000000000000034e-33
7.407800000000000182e+03 1.339163597387616307e-15 2.520000000000000100e-33
7.433300000000000182e+03 1.218168991658735475e-15 2.610999999999999987e-33
7.458899999999999636e+03 1.121843189039625667e-15 2.454999999999999888e-33
7.484500000000000000e+03 1.055929191312457796e-15 2.953000000000000125e-33
7.510000000000000000e+03 1.019513339102795029e-15 2.965999999999999962e-33
7.535600000000000364e+03 9.736998476132181585e-16 3.078999999999999942e-33
7.561199999999999818e+03 9.580371154800299566e-16 4.669999999999999741e-34
7.586800000000000182e+03 9.216212632703669928e-16 7.453000000000000377e-34
7.612300000000000182e+03 8.033676356647933077e-16 7.209999999999999972e-34
7.637899999999999636e+03 6.721922540493398490e-16 4.050000000000000124e-33
7.663500000000000000e+03 5.898323875823236759e-16 2.866999999999999886e-33
7.689000000000000000e+03 6.905959643058359862e-16 4.402000000000000242e-33
7.714600000000000364e+03 7.772630821094792106e-16 4.901999999999999928e-33
7.740199999999999818e+03 8.059780910203247075e-16 4.248999999999999658e-33
7.765800000000000182e+03 9.124846695260067482e-16 3.016999999999999929e-33
7.791300000000000182e+03 1.136331216262825345e-15 3.602999999999999853e-33
7.816899999999999636e+03 1.348300191131976946e-15 4.092000000000000177e-33
7.842500000000000000e+03 1.426613851797918547e-15 4.349000000000000143e-33
7.868000000000000000e+03 1.400509298242605140e-15 3.941999999999999792e-33
7.893600000000000364e+03 1.369183833976228342e-15 4.104000000000000290e-33
7.919199999999999818e+03 1.281211488494819762e-15 4.190999999999999911e-33
7.944699999999999818e+03 1.150819243486025024e-15 3.658000000000000086e-33
7.970300000000000182e+03 1.056842850686894037e-15 3.407999999999999901e-33
7.995899999999999636e+03 9.073942815827203854e-16 3.408999999999999967e-33
8.021500000000000000e+03 8.019318852192511216e-16 2.955999999999999982e-33
8.047000000000000000e+03 7.129153575956298641e-16 3.165000000000000181e-33
8.072600000000000364e+03 6.574431812905871983e-16 2.954999999999999916e-33
8.098199999999999818e+03 6.022320505210976034e-16 3.218999999999999662e-33
8.123699999999999818e+03 5.677740398280831648e-16 3.225000000000000061e-33
8.149300000000000182e+03 5.083861804897434485e-16 3.119999999999999928e-33
8.174899999999999636e+03 4.769301934555898190e-16 3.575000000000000132e-34
8.200500000000000000e+03 4.758860113133772393e-16 3.240999999999999926e-34
8.226000000000000000e+03 5.241794353907084816e-16 3.291999999999999722e-33
8.251600000000000364e+03 5.617699925103607578e-16 3.653999999999999820e-33
8.277200000000000728e+03 5.822620670512822515e-16 4.864000000000000141e-33
8.302700000000000728e+03 5.834367719612715639e-16 6.162000000000000149e-33
8.328299999999999272e+03 5.525028759982242735e-16 7.081999999999999681e-33
8.353899999999999636e+03 4.647915760523688639e-16 6.470999999999999464e-33
8.379500000000000000e+03 4.161065836717078673e-16 5.835000000000000323e-33
8.405000000000000000e+03 4.054037167140289997e-16 4.650999999999999677e-33
8.430600000000000364e+03 4.431247966014579099e-16 3.909000000000000337e-33
8.456200000000000728e+03 5.052536340631056109e-16 4.107000000000000318e-34
8.481700000000000728e+03 6.255956259531039623e-16 2.439999999999999918e-33
8.507299999999999272e+03 8.560988338465278410e-16 3.157000000000000333e-33
8.532899999999999636e+03 1.072766628355635310e-15 2.366000000000000134e-33
8.558399999999999636e+03 1.250408115299548317e-15 3.620000000000000298e-33
8.584000000000000000e+03 1.476212503553015440e-15 5.529999999999999906e-33
8.609600000000000364e+03 1.670691427540106947e-15 8.299999999999999849e-33
8.635200000000000728e+03 1.688964615028826253e-15 9.812999999999999770e-33
8.660700000000000728e+03 1.641976418629260267e-15 8.917000000000000464e-33
8.686299999999999272e+03 1.666775744506809108e-15 6.899999999999999907e-33
8.711899999999999636e+03 1.734647583750626293e-15 5.843000000000000170e-33
8.737399999999999636e+03 1.734647583750626293e-15 8.519999999999999409e-33
8.763000000000000000e+03 1.691575070384357949e-15 1.320000000000000101e-32
8.788600000000000364e+03 1.574104579385444265e-15 1.872000000000000094e-32
8.814200000000000728e+03 1.442276583931107340e-15 2.028000000000000056e-32
8.839700000000000728e+03 1.286693444741435041e-15 1.604000000000000082e-32
8.865299999999999272e+03 1.108399343958639258e-15 1.368000000000000005e-32
8.890899999999999636e+03 9.734388020776650875e-16 9.848999999999999424e-33
8.916399999999999636e+03 9.188802851470586631e-16 6.738000000000000094e-33
8.942000000000000000e+03 8.677153601786426541e-16 8.191999999999999517e-33
8.967600000000000364e+03 7.793514463939043699e-16 1.034999999999999986e-33
8.993200000000000728e+03 7.396725249898269344e-16 9.043000000000000623e-33
9.018700000000000728e+03 7.228350879466493216e-16 9.154000000000000470e-33
9.044299999999999272e+03 6.245514438108912841e-16 9.836999999999999996e-33
9.069899999999999636e+03 5.970111398100348037e-16 1.404000000000000036e-33
9.095399999999999636e+03 6.109770759621279457e-16 1.464999999999999983e-33
9.121000000000000000e+03 6.306860138963905224e-16 1.183999999999999962e-32
9.146600000000000364e+03 6.253345804175508914e-16 4.733999999999999716e-33
9.172100000000000364e+03 6.171116460476269868e-16 2.251000000000000021e-33
9.197700000000000728e+03 6.376037205885485791e-16 1.894999999999999979e-33
9.223299999999999272e+03 7.360178874920827577e-16 1.663999999999999962e-32
