3.776699999999999818e+03 1.432072542518071376e-15 4.573999999999999762e-32
3.802300000000000182e+03 1.444557917779781480e-15 3.410000000000000170e-32
3.827900000000000091e+03 9.216704018193901110e-16 1.231999999999999949e-31
3.853400000000000091e+03 6.835742955785915083e-16 2.024999999999999994e-32
3.879000000000000000e+03 8.754745133510654283e-16 1.691999999999999906e-32
3.904599999999999909e+03 1.508233331614499145e-15 1.650000000000000127e-32
3.930099999999999909e+03 2.077566443548448803e-15 2.213999999999999958e-33
3.955699999999999818e+03 2.505814815025083319e-15 1.359000000000000092e-32
3.981300000000000182e+03 3.001484212914947585e-15 1.539999999999999936e-32
4.006800000000000182e+03 3.409755983972845461e-15 1.325999999999999952e-32
4.032400000000000091e+03 3.558331949587188322e-15 9.343000000000000024e-33
4.058000000000000000e+03 3.173782391526537395e-15 9.965000000000000287e-33
4.083599999999999909e+03 2.694343981476895515e-15 9.588000000000000561e-33
4.109100000000000364e+03 2.239876321950672265e-15 6.999000000000000325e-33
4.134699999999999818e+03 2.288569285471338634e-15 5.661999999999999779e-33
4.160300000000000182e+03 2.153727232644876769e-15 5.841000000000000037e-33
4.185800000000000182e+03 2.263598534947920398e-15 5.086999999999999901e-33
4.211399999999999636e+03 2.248616084633868510e-15 3.125000000000000260e-32
4.237000000000000000e+03 2.189934820903834216e-15 3.786999999999999760e-33
4.262600000000000364e+03 2.428405488402484461e-15 1.329999999999999944e-32
4.288100000000000364e+03 2.413423038088432968e-15 4.250999999999999791e-33
4.313699999999999818e+03 2.423411338297801287e-15 3.311000000000000300e-33
4.339300000000000182e+03 2.620680267432808939e-15 4.391000000000000196e-33
4.364800000000000182e+03 2.770504770573322297e-15 3.765999999999999733e-33
4.390399999999999636e+03 2.557004853598092260e-15 3.061999999999999839e-33
4.416000000000000000e+03 2.206165808744056207e-15 3.072000000000000161e-33
4.441600000000000364e+03 1.865315064099389263e-15 2.107000000000000035e-33
4.467100000000000364e+03 1.862817989047047479e-15 2.494000000000000083e-33
4.492699999999999818e+03 2.106282806650380898e-15 3.041999999999999879e-33
4.518300000000000182e+03 2.618183192380467944e-15 2.836999999999999946e-33
4.543800000000000182e+03 3.093875989851597147e-15 2.676999999999999923e-33
4.569399999999999636e+03 3.510887523592692057e-15 2.506999999999999921e-33
4.595000000000000000e+03 4.215062688353104369e-15 2.855999999999999840e-33
4.620500000000000000e+03 4.751933824606609256e-15 2.553999999999999964e-33
4.646100000000000364e+03 4.896764177642438257e-15 2.677999999999999990e-33
4.671699999999999818e+03 4.990404492105259895e-15 2.888999999999999979e-33
4.697300000000000182e+03 5.026612080364217343e-15 2.629999999999999880e-33
4.722800000000000182e+03 4.352401816231907229e-15 1.193000000000000013e-32
4.748399999999999636e+03 3.445963572231802909e-15 1.150999999999999960e-32
4.774000000000000000e+03 3.013969588176657294e-15 2.474000000000000123e-33
4.799500000000000000e+03 2.663130543322621636e-15 2.306999999999999978e-33
4.825100000000000364e+03 2.368475687146279276e-15 2.891000000000000112e-33
4.850699999999999818e+03 2.359735924463082242e-15 1.887000000000000132e-33
4.876300000000000182e+03 2.860399472457630470e-15 2.236000000000000051e-33
4.901800000000000182e+03 2.869139235140827504e-15 1.037000000000000051e-32
4.927399999999999636e+03 2.781741608308861509e-15 1.996999999999999913e-33
4.953000000000000000e+03 3.383536695923255545e-15 2.182999999999999952e-33
4.978500000000000000e+03 4.047758659846196944e-15 8.547999999999999901e-33
5.004100000000000364e+03 4.203825850617566341e-15 8.031000000000000454e-33
5.029699999999999818e+03 4.020290834270437318e-15 6.800000000000000107e-33
5.055300000000000182e+03 3.458448947493513013e-15 7.460000000000000158e-33
5.080800000000000182e+03 2.825440421724843915e-15 5.266000000000000159e-33
5.106399999999999636e+03 2.805463821306108853e-15 1.386000000000000038e-33
5.132000000000000000e+03 2.916583661135322980e-15 1.337999999999999928e-33
5.157500000000000000e+03 3.010223975598144223e-15 5.281999999999999854e-33
5.183100000000000364e+03 3.118846740375014988e-15 4.366999999999999970e-33
5.208699999999999818e+03 3.386033770975597723e-15 1.258999999999999984e-33
5.234199999999999818e+03 3.624504438474247179e-15 4.159999999999999904e-33
5.259800000000000182e+03 3.995320083747017899e-15 4.129999999999999964e-33
5.285399999999999636e+03 4.466018731113464718e-15 4.970000000000000340e-33
5.311000000000000000e+03 4.885527339906901018e-15 5.542000000000000019e-33
5.336500000000000000e+03 5.126495082457893441e-15 5.779000000000000024e-33
5.362100000000000364e+03 5.337497924380782878e-15 5.804999999999999699e-33
5.387699999999999818e+03 5.428641163791259576e-15 6.121000000000000163e-33
5.413199999999999818e+03 5.197661721449635078e-15 5.714999999999999879e-33
5.438800000000000182e+03 4.969179354160353153e-15 5.343999999999999867e-33
5.464399999999999636e+03 4.920486390639686784e-15 4.653999999999999876e-33
5.490000000000000000e+03 4.840579988964747326e-15 4.762000000000000208e-33
5.515500000000000000e+03 4.846822676595602575e-15 4.828999999999999869e-33
5.541100000000000364e+03 4.823100463598352470e-15 3.087999999999999855e-33
5.566699999999999818e+03 4.854313901752627138e-15 4.447999999999999877e-33
5.592199999999999818e+03 4.808118013284300977e-15 3.420000000000000014e-33
5.617800000000000182e+03 4.339916440970199886e-15 6.859999999999999987e-33
5.643399999999999636e+03 3.809287992347547093e-15 3.400000000000000053e-33
5.668899999999999636e+03 3.359814482926008201e-15 2.047000000000000155e-33
5.694500000000000000e+03 3.042685951278588600e-15 2.542999999999999917e-33
5.720100000000000364e+03 2.673118843531989561e-15 5.403999999999999576e-34
5.745699999999999818e+03 2.227390946688962950e-15 4.351000000000000105e-34
5.771199999999999818e+03 1.837847238523629244e-15 1.240999999999999985e-33
5.796800000000000182e+03 1.772923287162739306e-15 1.696000000000000103e-33
5.822399999999999636e+03 1.952712690931355258e-15 1.231000000000000005e-33
5.847899999999999636e+03 2.268592685052603572e-15 1.530999999999999919e-33
5.873500000000000000e+03 2.467110151713784087e-15 1.286000000000000067e-33
5.899100000000000364e+03 2.694343981476895515e-15 1.391999999999999923e-33
5.924699999999999818e+03 3.020212275807510965e-15 1.614999999999999854e-33
5.950199999999999818e+03 3.153805791107802727e-15 1.803000000000000026e-33
5.975800000000000182e+03 3.188764841840589283e-15 1.479999999999999953e-33
6.001399999999999636e+03 3.216232667416350091e-15 1.538999999999999938e-33
6.026899999999999636e+03 3.110106977691818744e-15 1.814000000000000073e-33
6.052500000000000000e+03 2.940305874132570718e-15 4.511999999999999852e-34
6.078100000000000364e+03 2.810457971410793605e-15 3.934999999999999669e-34
6.103699999999999818e+03 2.784238683361203293e-15 1.146000000000000004e-33
6.129199999999999818e+03 2.817949196567818562e-15 1.345999999999999947e-33
6.154800000000000182e+03 3.015218125702827792e-15 1.510000000000000064e-33
6.180399999999999636e+03 3.278659543724897061e-15 1.542999999999999861e-33
6.205899999999999636e+03 3.468437247702880149e-15 1.453999999999999936e-33
6.231500000000000000e+03 3.432229659443923490e-15 2.853000000000000154e-34
6.257100000000000364e+03 3.241203417939768327e-15 3.474000000000000094e-34
6.282600000000000364e+03 3.052674251487956526e-15 1.477999999999999991e-33
6.308199999999999818e+03 2.897855598242758810e-15 1.276999999999999982e-33
6.333800000000000182e+03 2.859150934931459578e-15 1.317999999999999968e-33
6.359399999999999636e+03 2.955288324446622212e-15 1.173999999999999982e-33
6.384899999999999636e+03 3.254937330727648534e-15 1.242000000000000052e-33
6.410500000000000000e+03 3.703162302623017324e-15 1.167000000000000030e-33
6.436100000000000364e+03 4.111434073680914806e-15 1.289999999999999990e-33
6.461600000000000364e+03 4.401094779752572809e-15 1.257999999999999917e-33
6.487199999999999818e+03 4.575890033416506375e-15 1.312999999999999978e-33
6.512800000000000182e+03 4.644559597355909383e-15 1.453000000000000041e-33
6.538399999999999636e+03 4.701992323559771207e-15 1.146000000000000004e-33
6.563899999999999636e+03 4.755679437185122721e-15 1.291000000000000057e-33
6.589500000000000000e+03 4.711980623769139921e-15 4.853999999999999819e-34
6.615100000000000364e+03 4.552167820419258637e-15 5.746000000000000398e-34
6.640600000000000364e+03 4.269998339504626775e-15 5.541999999999999848e-34
6.666199999999999818e+03 3.900431231758025369e-15 3.555999999999999896e-34
6.691800000000000182e+03 3.398519146237307433e-15 2.172999999999999886e-34
6.717399999999999636e+03 2.975264924865357668e-15 2.210999999999999930e-34
6.742899999999999636e+03 2.700586669107749581e-15 2.413999999999999816e-34
6.768500000000000000e+03 2.583224141647681783e-15 2.338999999999999965e-34
6.794100000000000364e+03 2.370972762198620665e-15 3.413000000000000147e-34
6.819600000000000364e+03 2.282326597840483779e-15 2.012000000000000139e-34
6.845199999999999818e+03 2.168709682958928262e-15 1.853000000000000012e-34
6.870800000000000182e+03 2.096294506441013762e-15 2.271000000000000067e-34
6.896300000000000182e+03 1.977683441454773888e-15 1.620000000000000058e-34
6.921899999999999636e+03 1.877800439361097790e-15 7.169999999999999881e-34
6.947500000000000000e+03 1.871557751730244118e-15 8.408999999999999905e-34
6.973100000000000364e+03 1.940227315669645548e-15 4.942000000000000190e-34
6.998600000000000364e+03 2.036364705184808181e-15 6.002999999999999851e-34
7.024199999999999818e+03 2.116271106859748035e-15 7.370999999999999719e-34
7.049800000000000182e+03 2.179946520694466685e-15 6.848999999999999770e-34
7.075300000000000182e+03 2.223645334110450274e-15 7.827000000000000246e-34
7.100899999999999636e+03 2.273586835157286746e-15 7.646000000000000026e-34
7.126500000000000000e+03 2.314788573520928550e-15 2.195999999999999789e-34
7.152100000000000364e+03 2.318534186099441621e-15 2.050999999999999993e-34
7.177600000000000364e+03 2.304800273311561414e-15 2.565999999999999991e-34
7.203199999999999818e+03 2.318534186099441621e-15 8.093999999999999507e-34
7.228800000000000182e+03 2.424659875823971391e-15 6.682000000000000308e-34
7.254300000000000182e+03 2.621928804958980620e-15 6.640999999999999980e-34
7.279899999999999636e+03 2.845417022143579371e-15 6.643999999999999837e-34
7.305500000000000000e+03 3.106361365113306462e-15 8.223999999999999590e-34
7.331100000000000364e+03 3.382288158397085441e-15 7.749000000000000538e-34
7.356600000000000364e+03 3.584551237636777844e-15 9.073000000000000221e-34
7.382199999999999818e+03 3.660712026733205416e-15 6.782000000000000109e-34
7.407800000000000182e+03 3.622007363421907762e-15 1.858999999999999940e-34
7.433300000000000182e+03 3.459697485019683116e-15 2.102999999999999940e-34
7.458899999999999636e+03 3.297387606617460837e-15 8.967000000000000706e-34
7.484500000000000000e+03 3.246197568044451895e-15 7.874999999999999671e-34
7.510000000000000000e+03 3.214984129890178411e-15 2.304000000000000206e-34
7.535600000000000364e+03 3.256185868253819426e-15 2.928999999999999814e-34
7.561199999999999818e+03 3.272416856094041812e-15 3.238000000000000069e-34
7.586800000000000182e+03 3.168788241421853432e-15 4.193999999999999597e-34
7.612300000000000182e+03 2.759267932837784663e-15 3.171999999999999790e-34
7.637899999999999636e+03 2.228639484215133448e-15 2.131999999999999985e-34
7.663500000000000000e+03 1.899025577306004138e-15 7.579999999999999747e-34
7.689000000000000000e+03 1.881546051939610860e-15 2.168999999999999792e-34
7.714600000000000364e+03 2.030122017553953327e-15 8.586000000000000030e-34
7.740199999999999818e+03 2.228639484215133448e-15 2.527999999999999947e-34
7.765800000000000182e+03 2.474601376870809440e-15 9.610000000000000312e-34
7.791300000000000182e+03 2.837925796986554019e-15 8.211000000000000779e-34
7.816899999999999636e+03 3.233712192782742186e-15 9.338000000000000718e-34
7.842500000000000000e+03 3.549592186903990894e-15 1.041000000000000043e-33
7.868000000000000000e+03 3.718144752937068028e-15 1.026999999999999968e-33
7.893600000000000364e+03 3.824270442661597798e-15 1.093000000000000076e-33
7.919199999999999818e+03 3.885448781443975454e-15 1.242000000000000052e-33
7.944699999999999818e+03 3.899182694231856055e-15 1.368000000000000040e-33
7.970300000000000182e+03 3.854235343289701574e-15 2.831000000000000061e-34
7.995899999999999636e+03 3.512136061118862555e-15 2.941000000000000098e-34
8.021500000000000000e+03 3.148811641003117976e-15 2.608000000000000130e-34
8.047000000000000000e+03 2.739291332419048813e-15 2.118999999999999891e-34
8.072600000000000364e+03 2.447133551295048631e-15 1.411000000000000031e-34
8.098199999999999818e+03 2.266095610000261788e-15 1.863000000000000035e-34
8.123699999999999818e+03 2.163715532854244694e-15 1.873000000000000058e-34
8.149300000000000182e+03 2.067578143339082455e-15 1.838000000000000085e-34
8.174899999999999636e+03 1.955209765983697042e-15 1.496999999999999927e-34
8.200500000000000000e+03 1.860320913994705301e-15 1.956999999999999907e-34
8.226000000000000000e+03 1.800391112738499721e-15 7.725999999999999353e-34
8.251600000000000364e+03 1.786657199950618725e-15 8.306999999999999629e-34
8.277200000000000728e+03 1.756692299322516921e-15 9.339999999999999483e-34
8.302700000000000728e+03 1.634335621757764371e-15 2.379999999999999866e-34
8.328299999999999272e+03 1.439563767675097715e-15 2.374000000000000152e-34
8.353899999999999636e+03 1.217948356779754907e-15 2.084000000000000132e-34
8.379500000000000000e+03 1.075739932548884936e-15 6.721000000000000162e-34
8.405000000000000000e+03 1.077737592590758127e-15 2.023000000000000186e-34
8.430600000000000364e+03 1.166758318206746557e-15 1.444999999999999980e-34
8.456200000000000728e+03 1.308467327427148526e-15 6.689000000000000260e-34
8.481700000000000728e+03 1.460788905620003866e-15 8.121999999999999315e-34
8.507299999999999272e+03 1.684277122804602420e-15 7.813000000000000342e-34
8.532899999999999636e+03 1.980180516507115672e-15 7.750999999999999303e-34
8.558399999999999636e+03 2.323528336204125189e-15 9.427999999999999854e-34
8.584000000000000000e+03 2.674367381058160059e-15 9.017000000000000607e-34
8.609600000000000364e+03 2.935311724027887544e-15 1.146000000000000004e-33
8.635200000000000728e+03 3.032697651069221069e-15 1.415000000000000083e-33
8.660700000000000728e+03 3.131332115636725092e-15 1.479999999999999953e-33
8.686299999999999272e+03 3.208741442259323556e-15 1.371000000000000068e-33
8.711899999999999636e+03 3.277411006198725380e-15 1.126999999999999939e-33
8.737399999999999636e+03 3.283653693829581024e-15 2.887999999999999913e-34
8.763000000000000000e+03 3.221226817521033660e-15 3.006000000000000139e-34
8.788600000000000364e+03 3.093875989851597147e-15 3.690000000000000073e-34
8.814200000000000728e+03 2.926571961344690905e-15 3.537000000000000088e-34
8.839700000000000728e+03 2.726805957157339497e-15 3.478999999999999998e-34
8.865299999999999272e+03 2.525791415443817592e-15 3.164999999999999838e-34
8.890899999999999636e+03 2.365978612093936308e-15 2.790999999999999969e-34
8.916399999999999636e+03 2.248616084633868510e-15 2.467000000000000001e-34
8.942000000000000000e+03 2.127507944595287246e-15 3.231000000000000117e-34
8.967600000000000364e+03 1.997660041873508950e-15 3.067999999999999895e-34
8.993200000000000728e+03 1.849084076259166878e-15 3.159000000000000124e-34
9.018700000000000728e+03 1.663051984859696663e-15 3.809999999999999919e-34
9.044299999999999272e+03 1.536949694716431043e-15 3.721999999999999975e-34
9.069899999999999636e+03 1.505736256562157558e-15 3.852999999999999867e-34
9.095399999999999636e+03 1.504487719035986468e-15 3.659999999999999791e-34
9.121000000000000000e+03 1.500742106457473792e-15 4.288999999999999921e-34
9.146600000000000364e+03 1.549435069978140752e-15 1.479999999999999953e-33
9.172100000000000364e+03 1.633087084231593873e-15 1.820999999999999854e-33
9.197700000000000728e+03 1.691768347961627772e-15 1.945999999999999946e-33
9.223299999999999272e+03 1.791651350055303476e-15 2.079999999999999952e-33
