3.776699999999999818e+03 1.127414842352220545e-15 8.761000000000000109e-35
3.802300000000000182e+03 1.478141540120280889e-15 5.915000000000000300e-32
3.827900000000000091e+03 1.031379897979136785e-15 4.711000000000000241e-32
3.853400000000000091e+03 1.253543686344519913e-15 4.468000000000000110e-32
3.879000000000000000e+03 8.120927323714718289e-16 2.847000000000000131e-32
3.904599999999999909e+03 1.126308448983866924e-15 3.343999999999999892e-32
3.930099999999999909e+03 1.396268430862122411e-15 2.250999999999999953e-32
3.955699999999999818e+03 2.145296741237444852e-15 1.109999999999999891e-31
3.981300000000000182e+03 2.499342619110566847e-15 1.050999999999999940e-31
4.006800000000000182e+03 2.877729151087464163e-15 2.592999999999999954e-32
4.032400000000000091e+03 2.614407529419330006e-15 8.442999999999999632e-32
4.058000000000000000e+03 2.649812117206641141e-15 4.659000000000000071e-32
4.083599999999999909e+03 2.257042471441148726e-15 5.733999999999999635e-32
4.109100000000000364e+03 1.769122995997253003e-15 5.441000000000000289e-32
4.134699999999999818e+03 1.579929730008803556e-15 4.563000000000000263e-32
4.160300000000000182e+03 1.709377754106163787e-15 2.627999999999999953e-32
4.185800000000000182e+03 1.784612503154201920e-15 3.964000000000000022e-32
4.211399999999999636e+03 1.795676436837736945e-15 3.222999999999999928e-32
4.237000000000000000e+03 1.687249886739093933e-15 7.210999999999999355e-33
4.262600000000000364e+03 1.741463161788415242e-15 2.883999999999999989e-32
4.288100000000000364e+03 1.916273313988269787e-15 2.009999999999999955e-32
4.313699999999999818e+03 1.898571020094613825e-15 1.990999999999999925e-32
4.339300000000000182e+03 2.012529537035023758e-15 2.036000000000000040e-32
4.364800000000000182e+03 2.211680343338653821e-15 1.491000000000000102e-32
4.390399999999999636e+03 2.020274290613498316e-15 6.335999999999999391e-33
4.416000000000000000e+03 1.696101033685922112e-15 1.273000000000000127e-32
4.441600000000000364e+03 1.354225482864688762e-15 1.123000000000000016e-32
4.467100000000000364e+03 1.376353350231758813e-15 3.926000000000000098e-33
4.492699999999999818e+03 1.469290393173453302e-15 1.150999999999999960e-32
4.518300000000000182e+03 1.689462673475800978e-15 1.082000000000000029e-32
4.543800000000000182e+03 2.072274778926111791e-15 1.269000000000000135e-32
4.569399999999999636e+03 2.319000500068944790e-15 1.140000000000000050e-32
4.595000000000000000e+03 2.691855065204075973e-15 1.339000000000000132e-32
4.620500000000000000e+03 2.938580786346906605e-15 1.282000000000000040e-32
4.646100000000000364e+03 3.039262582867075454e-15 1.195999999999999938e-32
4.671699999999999818e+03 2.929729639400078821e-15 1.160000000000000010e-32
4.697300000000000182e+03 2.842324563300151056e-15 1.187000000000000025e-32
4.722800000000000182e+03 2.366575414908144965e-15 9.230000000000000044e-33
4.748399999999999636e+03 1.827761844519989190e-15 8.379999999999999689e-33
4.774000000000000000e+03 1.651845298951781813e-15 8.104999999999999896e-33
4.799500000000000000e+03 1.463758426331686579e-15 6.798999999999999356e-33
4.825100000000000364e+03 1.284522700658418339e-15 6.762000000000000320e-33
4.850699999999999818e+03 1.367502203284931030e-15 6.669999999999999682e-33
4.876300000000000182e+03 1.692781853580861249e-15 7.643000000000000682e-33
4.901800000000000182e+03 1.677292346423912726e-15 6.454000000000000387e-33
4.927399999999999636e+03 1.644100545373307058e-15 5.052000000000000313e-33
4.953000000000000000e+03 1.991508063036308117e-15 6.352000000000000454e-33
4.978500000000000000e+03 2.361043448066377649e-15 7.169000000000000670e-33
5.004100000000000364e+03 2.424107870062527728e-15 5.691999999999999719e-33
5.029699999999999818e+03 2.403086396063811298e-15 5.506999999999999746e-33
5.055300000000000182e+03 2.031338224297033735e-15 4.836999999999999716e-33
5.080800000000000182e+03 1.683930706634033268e-15 3.187000000000000273e-33
5.106399999999999636e+03 1.598738417270813139e-15 3.165000000000000181e-33
5.132000000000000000e+03 1.696101033685922112e-15 3.847000000000000324e-33
5.157500000000000000e+03 1.795676436837736945e-15 4.122000000000000117e-33
5.183100000000000364e+03 2.001465603351488733e-15 4.244000000000000010e-33
5.208699999999999818e+03 2.213893130075361851e-15 4.529999999999999850e-33
5.234199999999999818e+03 2.363256234803085680e-15 3.629000000000000212e-33
5.259800000000000182e+03 2.408618362905578613e-15 4.774000000000000321e-33
5.285399999999999636e+03 2.698493425414196909e-15 4.145000000000000276e-33
5.311000000000000000e+03 2.850069316878626796e-15 4.595000000000000062e-33
5.336500000000000000e+03 3.008283568553177225e-15 5.024999999999999888e-33
5.362100000000000364e+03 3.050326516550611268e-15 4.918000000000000307e-33
5.387699999999999818e+03 3.073560777286034940e-15 3.967000000000000084e-33
5.413199999999999818e+03 2.848962923510271598e-15 4.334999999999999897e-33
5.438800000000000182e+03 2.665301624363591833e-15 3.517999999999999681e-33
5.464399999999999636e+03 2.584534908473786582e-15 3.229000000000000326e-33
5.490000000000000000e+03 2.399767215958750435e-15 3.289000000000000207e-33
5.515500000000000000e+03 2.257042471441148726e-15 2.988000000000000055e-33
5.541100000000000364e+03 2.275851158703158703e-15 3.485000000000000226e-33
5.566699999999999818e+03 2.373213775118265507e-15 3.785000000000000311e-33
5.592199999999999818e+03 2.248191324494319759e-15 3.541999999999999907e-33
5.617800000000000182e+03 1.883081512937664316e-15 6.126999999999999877e-33
5.643399999999999636e+03 1.556695469273380082e-15 2.407000000000000120e-33
5.668899999999999636e+03 1.413970724755778176e-15 1.518999999999999978e-33
5.694500000000000000e+03 1.294480240973600138e-15 1.405999999999999998e-33
5.720100000000000364e+03 1.088801713796683752e-15 1.531999999999999986e-33
5.745699999999999818e+03 8.739401216624327864e-16 1.242000000000000052e-33
5.771199999999999818e+03 7.198195254507896502e-16 1.211999999999999941e-33
5.796800000000000182e+03 7.254621316293924658e-16 7.657000000000000072e-34
5.822399999999999636e+03 7.767987839209951097e-16 1.234999999999999929e-33
5.847899999999999636e+03 9.711920987407057659e-16 1.265000000000000040e-33
5.873500000000000000e+03 1.065235535050753679e-15 1.440999999999999928e-33
5.899100000000000364e+03 1.236947785819217375e-15 1.518000000000000082e-33
5.924699999999999818e+03 1.413970724755778176e-15 1.670000000000000087e-33
5.950199999999999818e+03 1.432779412017788350e-15 1.443000000000000061e-33
5.975800000000000182e+03 1.447162525806383252e-15 1.363999999999999945e-33
6.001399999999999636e+03 1.449375312543090691e-15 1.371000000000000068e-33
6.026899999999999636e+03 1.370821383389991695e-15 1.075000000000000077e-33
6.052500000000000000e+03 1.314395321603962750e-15 1.193000000000000047e-33
6.078100000000000364e+03 1.305544174657134769e-15 1.177000000000000010e-33
6.103699999999999818e+03 1.283416307290064718e-15 1.451000000000000079e-33
6.129199999999999818e+03 1.360863843074810093e-15 1.638000000000000014e-33
6.154800000000000182e+03 1.484779900330402417e-15 1.182000000000000000e-33
6.180399999999999636e+03 1.676185953055558316e-15 1.340999999999999957e-33
6.205899999999999636e+03 1.768016602628899579e-15 1.283000000000000038e-33
6.231500000000000000e+03 1.750314308735243618e-15 1.219999999999999959e-33
6.257100000000000364e+03 1.753633488840303691e-15 1.253999999999999994e-33
6.282600000000000364e+03 1.772442176102313668e-15 1.201000000000000065e-33
6.308199999999999818e+03 1.681717919897326224e-15 1.239000000000000024e-33
6.333800000000000182e+03 1.627504644848004718e-15 1.361999999999999983e-33
6.359399999999999636e+03 1.642994152004953438e-15 1.394000000000000056e-33
6.384899999999999636e+03 1.804527583784565124e-15 1.481999999999999915e-33
6.410500000000000000e+03 1.987082489562892056e-15 1.376000000000000058e-33
6.436100000000000364e+03 2.139764774395676747e-15 1.415999999999999978e-33
6.461600000000000364e+03 2.289127879123399787e-15 1.325999999999999987e-33
6.487199999999999818e+03 2.396448035853690362e-15 1.536999999999999976e-33
6.512800000000000182e+03 2.435171803746062753e-15 1.525999999999999929e-33
6.538399999999999636e+03 2.440703770587829674e-15 1.580999999999999991e-33
6.563899999999999636e+03 2.407511969537224993e-15 2.299999999999999855e-33
6.589500000000000000e+03 2.315681319963883927e-15 2.772000000000000076e-33
6.615100000000000364e+03 2.145296741237444852e-15 3.856000000000000238e-33
6.640600000000000364e+03 1.916273313988269787e-15 5.922000000000000286e-34
6.666199999999999818e+03 1.667334806108730336e-15 8.466999999999999994e-34
6.691800000000000182e+03 1.429460231912727487e-15 8.588000000000000505e-34
6.717399999999999636e+03 1.199330411295198604e-15 8.353999999999999672e-34
6.742899999999999636e+03 1.036579946810397896e-15 6.981999999999999709e-34
6.768500000000000000e+03 9.533791655102142054e-16 6.790999999999999680e-34
6.794100000000000364e+03 8.842295799881201982e-16 5.735000000000000352e-34
6.819600000000000364e+03 8.312333376439878132e-16 5.833999999999999915e-34
6.845199999999999818e+03 8.356589111174016065e-16 5.217999999999999879e-34
6.870800000000000182e+03 8.018032740457844170e-16 6.904000000000000002e-34
6.896300000000000182e+03 7.516836544593706968e-16 7.068999999999999843e-34
6.921899999999999636e+03 7.451559335860848662e-16 6.667000000000000167e-34
6.947500000000000000e+03 7.718200137634045061e-16 6.289000000000000204e-34
6.973100000000000364e+03 8.044586181298328704e-16 5.670999999999999693e-34
6.998600000000000364e+03 8.705103022205369167e-16 6.098000000000000174e-34
7.024199999999999818e+03 9.138809222599945948e-16 6.466999999999999711e-34
7.049800000000000182e+03 9.274895606907424748e-16 5.970999999999999949e-34
7.075300000000000182e+03 9.643324598569140265e-16 5.962999999999999760e-34
7.100899999999999636e+03 1.002281752391439199e-15 6.070000000000000367e-34
7.126500000000000000e+03 1.016775505516869897e-15 5.923999999999999906e-34
7.152100000000000364e+03 1.019098931590412935e-15 9.311000000000000293e-34
7.177600000000000364e+03 1.047422601820262118e-15 7.160000000000000072e-34
7.203199999999999818e+03 1.104733778300974473e-15 7.273999999999999776e-34
7.228800000000000182e+03 1.229203032240742818e-15 1.008000000000000074e-33
7.254300000000000182e+03 1.399587610967182682e-15 1.157999999999999946e-33
7.279899999999999636e+03 1.517971701381007887e-15 9.857999999999999338e-34
7.305500000000000000e+03 1.707164967369456742e-15 1.034999999999999986e-33
7.331100000000000364e+03 1.881975119569311484e-15 1.213000000000000007e-33
7.356600000000000364e+03 1.948358721670520848e-15 1.221000000000000025e-33
7.382199999999999818e+03 1.901890200199673505e-15 1.278999999999999944e-33
7.407800000000000182e+03 1.817804304204806996e-15 1.049000000000000061e-33
7.433300000000000182e+03 1.678398739792265558e-15 7.556000000000000034e-34
7.458899999999999636e+03 1.594312843797399247e-15 7.074000000000000176e-34
7.484500000000000000e+03 1.542312355484784391e-15 6.207000000000000401e-34
7.510000000000000000e+03 1.509120554434179907e-15 9.826999999999999673e-34
7.535600000000000364e+03 1.446056132438029434e-15 1.124999999999999977e-33
7.561199999999999818e+03 1.398481217598829061e-15 1.025000000000000006e-33
7.586800000000000182e+03 1.291161060868539078e-15 2.703000000000000025e-34
7.612300000000000182e+03 1.114138121931978672e-15 2.417999999999999910e-34
7.637899999999999636e+03 9.621196731202069820e-16 6.726999999999999876e-34
7.663500000000000000e+03 9.410981991214905521e-16 8.910999999999999381e-34
7.689000000000000000e+03 9.682048366461516995e-16 1.234000000000000033e-33
7.714600000000000364e+03 1.054614158714560260e-15 1.224000000000000053e-33
7.740199999999999818e+03 1.209287951610380206e-15 1.049000000000000061e-33
7.765800000000000182e+03 1.399587610967182682e-15 7.995000000000000800e-34
7.791300000000000182e+03 1.606483170849288090e-15 9.336999999999999626e-34
7.816899999999999636e+03 1.774654962839020910e-15 1.235999999999999995e-33
7.842500000000000000e+03 1.869804792517422049e-15 1.474999999999999963e-33
7.868000000000000000e+03 1.881975119569311484e-15 1.136999999999999919e-33
7.893600000000000364e+03 1.843251351676937121e-15 1.319000000000000035e-33
7.919199999999999818e+03 1.782399716417495073e-15 1.108000000000000046e-33
7.944699999999999818e+03 1.689462673475800978e-15 1.283999999999999934e-33
7.970300000000000182e+03 1.553376289168319811e-15 3.661999999999999838e-34
7.995899999999999636e+03 1.371927776758345119e-15 9.483999999999999469e-34
8.021500000000000000e+03 1.160606643402825621e-15 2.750999999999999878e-34
8.047000000000000000e+03 1.004273260454475440e-15 2.444000000000000098e-34
8.072600000000000364e+03 9.120000535337931632e-16 6.335000000000000009e-34
8.098199999999999818e+03 8.637613026735804802e-16 5.793999999999999823e-34
8.123699999999999818e+03 8.233779447286778545e-16 6.099000000000000412e-34
8.149300000000000182e+03 7.876414389308597265e-16 5.332999999999999820e-34
8.174899999999999636e+03 7.513517364488646894e-16 4.312999999999999633e-34
8.200500000000000000e+03 7.443814582282376471e-16 5.375999999999999769e-34
8.226000000000000000e+03 7.761349478999830950e-16 7.042000000000000274e-34
8.251600000000000364e+03 8.024671100667965303e-16 8.550000000000000034e-34
8.277200000000000728e+03 7.919563730674384140e-16 3.393000000000000102e-34
8.302700000000000728e+03 7.565517852801260961e-16 5.133000000000000220e-34
8.328299999999999272e+03 6.768914627586736768e-16 6.069000000000000130e-34
8.353899999999999636e+03 5.708989780704082165e-16 2.176999999999999895e-33
8.379500000000000000e+03 5.279709153782922431e-16 1.347000000000000013e-33
8.405000000000000000e+03 5.577328969870018440e-16 1.124000000000000082e-33
8.430600000000000364e+03 6.256654498039068288e-16 8.660999999999999881e-34
8.456200000000000728e+03 6.935980026208117150e-16 8.655000000000000166e-34
8.481700000000000728e+03 8.148587157923557824e-16 7.090999999999999936e-34
8.507299999999999272e+03 1.000511523002073761e-15 8.048000000000000557e-34
8.532899999999999636e+03 1.208181558242026585e-15 7.753999999999999160e-34
8.558399999999999636e+03 1.444949739069676207e-15 9.386000000000000144e-34
8.584000000000000000e+03 1.681717919897326224e-15 1.206000000000000055e-33
8.609600000000000364e+03 1.785718896522555147e-15 1.542999999999999861e-33
8.635200000000000728e+03 1.782399716417495073e-15 1.568000000000000153e-33
8.660700000000000728e+03 1.821123484309867464e-15 4.020000000000000184e-34
8.686299999999999272e+03 1.879762332832602271e-15 1.301000000000000037e-33
8.711899999999999636e+03 1.900783806831319489e-15 1.180999999999999934e-33
8.737399999999999636e+03 1.874230365990836138e-15 3.122000000000000061e-33
8.763000000000000000e+03 1.806740370521271971e-15 5.905000000000000183e-33
8.788600000000000364e+03 1.682824313265679844e-15 1.824000000000000053e-33
8.814200000000000728e+03 1.543418748853138209e-15 1.804000000000000093e-33
8.839700000000000728e+03 1.387417283915294233e-15 4.595000000000000062e-33
8.865299999999999272e+03 1.245798932766045159e-15 3.188999999999999722e-33
8.890899999999999636e+03 1.124095662247159880e-15 4.466000000000000046e-34
8.916399999999999636e+03 1.030716061958124376e-15 3.519000000000000090e-34
8.942000000000000000e+03 9.573621816362868856e-16 3.880999999999999675e-34
8.967600000000000364e+03 8.802465638620476167e-16 4.118000000000000365e-34
8.993200000000000728e+03 7.982628152670531457e-16 3.195000000000000121e-34
9.018700000000000728e+03 7.315472951553370847e-16 2.658000000000000030e-34
9.044299999999999272e+03 6.895043471579038305e-16 2.221999999999999977e-34
9.069899999999999636e+03 6.791042494953810171e-16 1.901000000000000079e-34
9.095399999999999636e+03 6.841936589898069237e-16 2.354999999999999916e-34
9.121000000000000000e+03 7.108577391671264650e-16 9.881999999999999906e-34
9.146600000000000364e+03 7.587645720168331407e-16 1.108000000000000046e-33
9.172100000000000364e+03 7.871988815835182190e-16 1.255999999999999955e-33
9.197700000000000728e+03 8.234885840655129602e-16 1.271999999999999992e-33
9.223299999999999272e+03 9.097872667970865131e-16 1.587000000000000047e-33
