3.776699999999999818e+03 1.091136205977665602e-15 8.761000000000000109e-35
3.802300000000000182e+03 1.430577008033523998e-15 5.915000000000000300e-32
3.827900000000000091e+03 9.981915321024340966e-16 4.711000000000000241e-32
3.853400000000000091e+03 1.213206399776933510e-15 4.468000000000000110e-32
3.879000000000000000e+03 7.859607214794961285e-16 2.847000000000000131e-32
3.904599999999999909e+03 1.090065414803987805e-15 3.343999999999999892e-32
3.930099999999999909e+03 1.351338461181368377e-15 2.250999999999999953e-32
3.955699999999999818e+03 2.076264085761230650e-15 1.109999999999999891e-31
3.981300000000000182e+03 2.418917261338123029e-15 1.050999999999999940e-31
4.006800000000000182e+03 2.785127842735925766e-15 2.592999999999999954e-32
4.032400000000000091e+03 2.530279543400612372e-15 8.442999999999999632e-32
4.058000000000000000e+03 2.564544860958301098e-15 4.659000000000000071e-32
4.083599999999999909e+03 2.184413994302686798e-15 5.733999999999999635e-32
4.109100000000000364e+03 1.712195086710782522e-15 5.441000000000000289e-32
4.134699999999999818e+03 1.529089796011880562e-15 4.563000000000000263e-32
4.160300000000000182e+03 1.654372363332182256e-15 2.627999999999999953e-32
4.185800000000000182e+03 1.727186163142271684e-15 3.964000000000000022e-32
4.211399999999999636e+03 1.737894074879049460e-15 3.222999999999999928e-32
4.237000000000000000e+03 1.632956539858626309e-15 7.210999999999999355e-33
4.262600000000000364e+03 1.685425307368837589e-15 2.883999999999999989e-32
4.288100000000000364e+03 1.854610312809928776e-15 2.009999999999999955e-32
4.313699999999999818e+03 1.837477654031084807e-15 1.990999999999999925e-32
4.339300000000000182e+03 1.947769144919896156e-15 2.036000000000000040e-32
4.364800000000000182e+03 2.140511556181896911e-15 1.491000000000000102e-32
4.390399999999999636e+03 1.955264683135640145e-15 6.335999999999999391e-33
4.416000000000000000e+03 1.641522869248048885e-15 1.273000000000000127e-32
4.441600000000000364e+03 1.310648396581612079e-15 1.123000000000000016e-32
4.467100000000000364e+03 1.332064220055167828e-15 3.926000000000000098e-33
4.492699999999999818e+03 1.422010678644102211e-15 1.150999999999999960e-32
4.518300000000000182e+03 1.635098122205981904e-15 1.082000000000000029e-32
4.543800000000000182e+03 2.005591868298495633e-15 1.269000000000000135e-32
4.569399999999999636e+03 2.244378300028642659e-15 1.140000000000000050e-32
4.595000000000000000e+03 2.605234925558058184e-15 1.339000000000000132e-32
4.620500000000000000e+03 2.844021357288204421e-15 1.282000000000000040e-32
4.646100000000000364e+03 2.941463354092882991e-15 1.195999999999999938e-32
4.671699999999999818e+03 2.835455027898782043e-15 1.160000000000000010e-32
4.697300000000000182e+03 2.750862525178236252e-15 1.187000000000000025e-32
4.722800000000000182e+03 2.290422320496787746e-15 9.230000000000000044e-33
4.748399999999999636e+03 1.768947018915705779e-15 8.379999999999999689e-33
4.774000000000000000e+03 1.598691222300937190e-15 8.104999999999999896e-33
4.799500000000000000e+03 1.416656722775713421e-15 6.798999999999999356e-33
4.825100000000000364e+03 1.243188552639911440e-15 6.762000000000000320e-33
4.850699999999999818e+03 1.323497890665745450e-15 6.669999999999999682e-33
4.876300000000000182e+03 1.638310495727015493e-15 7.643000000000000682e-33
4.901800000000000182e+03 1.623319419295526528e-15 6.454000000000000387e-33
4.927399999999999636e+03 1.591195684085192411e-15 5.052000000000000313e-33
4.953000000000000000e+03 1.927424112620018204e-15 6.352000000000000454e-33
4.978500000000000000e+03 2.285068364628398957e-15 7.169000000000000670e-33
5.004100000000000364e+03 2.346103461528033207e-15 5.691999999999999719e-33
5.029699999999999818e+03 2.325758429228155255e-15 5.506999999999999746e-33
5.055300000000000182e+03 1.965972594872418513e-15 4.836999999999999716e-33
5.080800000000000182e+03 1.629744166337593312e-15 3.187000000000000273e-33
5.106399999999999636e+03 1.547293245964403116e-15 3.165000000000000181e-33
5.132000000000000000e+03 1.641522869248048885e-15 3.847000000000000324e-33
5.157500000000000000e+03 1.737894074879049460e-15 4.122000000000000117e-33
5.183100000000000364e+03 1.937061233183118183e-15 4.244000000000000010e-33
5.208699999999999818e+03 2.142653138529253689e-15 4.529999999999999850e-33
5.234199999999999818e+03 2.287209946975755340e-15 3.629000000000000212e-33
5.259800000000000182e+03 2.331112385096543650e-15 4.774000000000000321e-33
5.285399999999999636e+03 2.611659672600124574e-15 4.145000000000000276e-33
5.311000000000000000e+03 2.758358063393981425e-15 4.595000000000000062e-33
5.336500000000000000e+03 2.911481201229904666e-15 5.024999999999999888e-33
5.362100000000000364e+03 2.952171265829660570e-15 4.918000000000000307e-33
5.387699999999999818e+03 2.974657880476894905e-15 3.967000000000000084e-33
5.413199999999999818e+03 2.757287272220302642e-15 4.334999999999999897e-33
5.438800000000000182e+03 2.579535937389790654e-15 3.517999999999999681e-33
5.464399999999999636e+03 2.501368181711312831e-15 3.229000000000000326e-33
5.490000000000000000e+03 2.322546055707121271e-15 3.289000000000000207e-33
5.515500000000000000e+03 2.184413994302686798e-15 2.988000000000000055e-33
5.541100000000000364e+03 2.202617444255209944e-15 3.485000000000000226e-33
5.566699999999999818e+03 2.296847067538854530e-15 3.785000000000000311e-33
5.592199999999999818e+03 2.175847664913264814e-15 3.541999999999999907e-33
5.617800000000000182e+03 1.822486577599594856e-15 6.126999999999999877e-33
5.643399999999999636e+03 1.506603181364647212e-15 2.407000000000000120e-33
5.668899999999999636e+03 1.368471119960212542e-15 1.518999999999999978e-33
5.694500000000000000e+03 1.252825673203011813e-15 1.405999999999999998e-33
5.720100000000000364e+03 1.053765594016311126e-15 1.531999999999999986e-33
5.745699999999999818e+03 8.458179480880844461e-16 1.242000000000000052e-33
5.771199999999999818e+03 6.966567375947685819e-16 1.211999999999999941e-33
5.796800000000000182e+03 7.021177725805253088e-16 7.657000000000000072e-34
5.822399999999999636e+03 7.518024830391747491e-16 1.234999999999999929e-33
5.847899999999999636e+03 9.399404922543620805e-16 1.265000000000000040e-33
5.873500000000000000e+03 1.030957742016974063e-15 1.440999999999999928e-33
5.899100000000000364e+03 1.197144532171766550e-15 1.518000000000000082e-33
5.924699999999999818e+03 1.368471119960212542e-15 1.670000000000000087e-33
5.950199999999999818e+03 1.386674569912735491e-15 1.443000000000000061e-33
5.975800000000000182e+03 1.400594855170546264e-15 1.363999999999999945e-33
6.001399999999999636e+03 1.402736437517902254e-15 1.371000000000000068e-33
6.026899999999999636e+03 1.326710264186779039e-15 1.075000000000000077e-33
6.052500000000000000e+03 1.272099914329211967e-15 1.193000000000000047e-33
6.078100000000000364e+03 1.263533584939789589e-15 1.177000000000000010e-33
6.103699999999999818e+03 1.242117761466233840e-15 1.451000000000000079e-33
6.129199999999999818e+03 1.317073143623678863e-15 1.638000000000000014e-33
6.154800000000000182e+03 1.437001755075590979e-15 1.182000000000000000e-33
6.180399999999999636e+03 1.622248628121848139e-15 1.340999999999999957e-33
6.205899999999999636e+03 1.711124295537104724e-15 1.283000000000000038e-33
6.231500000000000000e+03 1.693991636758260165e-15 1.219999999999999959e-33
6.257100000000000364e+03 1.697204010279293359e-15 1.253999999999999994e-33
6.282600000000000364e+03 1.715407460231816111e-15 1.201000000000000065e-33
6.308199999999999818e+03 1.627602583990237323e-15 1.239000000000000024e-33
6.333800000000000182e+03 1.575133816480025846e-15 1.361999999999999983e-33
6.359399999999999636e+03 1.590124892911514811e-15 1.394000000000000056e-33
6.384899999999999636e+03 1.746460404268471641e-15 1.481999999999999915e-33
6.410500000000000000e+03 1.923140947925306226e-15 1.376000000000000058e-33
6.436100000000000364e+03 2.070910129892841072e-15 1.415999999999999978e-33
6.461600000000000364e+03 2.215466938339343118e-15 1.325999999999999987e-33
6.487199999999999818e+03 2.319333682186088865e-15 1.536999999999999976e-33
6.512800000000000182e+03 2.356811373264810785e-15 1.525999999999999929e-33
6.538399999999999636e+03 2.362165329133199575e-15 1.580999999999999991e-33
6.563899999999999636e+03 2.330041593922866050e-15 2.299999999999999855e-33
6.589500000000000000e+03 2.241165926507609464e-15 2.772000000000000076e-33
6.615100000000000364e+03 2.076264085761230650e-15 3.856000000000000238e-33
6.640600000000000364e+03 1.854610312809928776e-15 5.922000000000000286e-34
6.666199999999999818e+03 1.613682298732425958e-15 8.466999999999999994e-34
6.691800000000000182e+03 1.383462196391702099e-15 8.588000000000000505e-34
6.717399999999999636e+03 1.160737632266722230e-15 8.353999999999999672e-34
6.742899999999999636e+03 1.003224250618719369e-15 6.981999999999999709e-34
6.768500000000000000e+03 9.227007543581494846e-16 6.790999999999999680e-34
6.794100000000000364e+03 8.557763060032877442e-16 5.735000000000000352e-34
6.819600000000000364e+03 8.044854087841221009e-16 5.833999999999999915e-34
6.845199999999999818e+03 8.087685734788330929e-16 5.217999999999999879e-34
6.870800000000000182e+03 7.760023635642929290e-16 6.904000000000000002e-34
6.896300000000000182e+03 7.274955233966889276e-16 7.068999999999999843e-34
6.921899999999999636e+03 7.211778554719898840e-16 6.667000000000000167e-34
6.947500000000000000e+03 7.469839227576247598e-16 6.289000000000000204e-34
6.973100000000000364e+03 7.785722623811194848e-16 5.670999999999999693e-34
6.998600000000000364e+03 8.424984954496833139e-16 6.098000000000000174e-34
7.024199999999999818e+03 8.844735094578528897e-16 6.466999999999999711e-34
7.049800000000000182e+03 8.976442408940893825e-16 5.970999999999999949e-34
7.075300000000000182e+03 9.333015869775596189e-16 5.962999999999999760e-34
7.100899999999999636e+03 9.700297242347078498e-16 6.070000000000000367e-34
7.126500000000000000e+03 9.840570886098866593e-16 5.923999999999999906e-34
7.152100000000000364e+03 9.863057500746102901e-16 9.311000000000000293e-34
7.177600000000000364e+03 1.013718004120761467e-15 7.160000000000000072e-34
7.203199999999999818e+03 1.069184986917271447e-15 7.273999999999999776e-34
7.228800000000000182e+03 1.189648993956022166e-15 1.008000000000000074e-33
7.254300000000000182e+03 1.354550834702401572e-15 1.157999999999999946e-33
7.279899999999999636e+03 1.469125490285924701e-15 9.857999999999999338e-34
7.305500000000000000e+03 1.652230780984826661e-15 1.034999999999999986e-33
7.331100000000000364e+03 1.821415786425917650e-15 1.213000000000000007e-33
7.356600000000000364e+03 1.885663256846584700e-15 1.221000000000000025e-33
7.382199999999999818e+03 1.840690027552116819e-15 1.278999999999999944e-33
7.407800000000000182e+03 1.759309898352605209e-15 1.049000000000000061e-33
7.433300000000000182e+03 1.624390210469203931e-15 7.556000000000000034e-34
7.458899999999999636e+03 1.543010081269691927e-15 7.074000000000000176e-34
7.484500000000000000e+03 1.492682896106835847e-15 6.207000000000000401e-34
7.510000000000000000e+03 1.460559160896502717e-15 9.826999999999999673e-34
7.535600000000000364e+03 1.399524063996868467e-15 1.124999999999999977e-33
7.561199999999999818e+03 1.353480043528723774e-15 1.025000000000000006e-33
7.586800000000000182e+03 1.249613299681978224e-15 2.703000000000000025e-34
7.612300000000000182e+03 1.078286711893532231e-15 2.417999999999999910e-34
7.637899999999999636e+03 9.311600046302040242e-16 6.726999999999999876e-34
7.663500000000000000e+03 9.108149723303262697e-16 8.910999999999999381e-34
7.689000000000000000e+03 9.370493560854322053e-16 1.234000000000000033e-33
7.714600000000000364e+03 1.020678146749667249e-15 1.224000000000000053e-33
7.740199999999999818e+03 1.170374752829822011e-15 1.049000000000000061e-33
7.765800000000000182e+03 1.354550834702401572e-15 7.995000000000000800e-34
7.791300000000000182e+03 1.554788784180147894e-15 9.336999999999999626e-34
7.816899999999999636e+03 1.717549042579171705e-15 1.235999999999999995e-33
7.842500000000000000e+03 1.809637083515461683e-15 1.474999999999999963e-33
7.868000000000000000e+03 1.821415786425917650e-15 1.136999999999999919e-33
7.893600000000000364e+03 1.783938095347194153e-15 1.319000000000000035e-33
7.919199999999999818e+03 1.725044580794915892e-15 1.108000000000000046e-33
7.944699999999999818e+03 1.635098122205981904e-15 1.283999999999999934e-33
7.970300000000000182e+03 1.503390807843614018e-15 3.661999999999999838e-34
7.995899999999999636e+03 1.327781055360456836e-15 9.483999999999999469e-34
8.021500000000000000e+03 1.123259941187999324e-15 2.750999999999999878e-34
8.047000000000000000e+03 9.719571483473277666e-16 2.444000000000000098e-34
8.072600000000000364e+03 8.826531644626004173e-16 6.335000000000000009e-34
8.098199999999999818e+03 8.359666692902488883e-16 5.793999999999999823e-34
8.123699999999999818e+03 7.968827914510095822e-16 6.099000000000000412e-34
8.149300000000000182e+03 7.622962365412171431e-16 5.332999999999999820e-34
8.174899999999999636e+03 7.271742860445858054e-16 4.312999999999999633e-34
8.200500000000000000e+03 7.204283016504157020e-16 5.375999999999999769e-34
8.226000000000000000e+03 7.511600083349681102e-16 7.042000000000000274e-34
8.251600000000000364e+03 7.766448382684993707e-16 8.550000000000000034e-34
8.277200000000000728e+03 7.664723221185604935e-16 3.393000000000000102e-34
8.302700000000000728e+03 7.322070045608712752e-16 5.133000000000000220e-34
8.328299999999999272e+03 6.551100400560705589e-16 6.069000000000000130e-34
8.353899999999999636e+03 5.525282456177384835e-16 2.176999999999999895e-33
8.379500000000000000e+03 5.109815480790402632e-16 1.347000000000000013e-33
8.405000000000000000e+03 5.397858306509730504e-16 1.124000000000000082e-33
8.430600000000000364e+03 6.055324087147892533e-16 8.660999999999999881e-34
8.456200000000000728e+03 6.712789867786051603e-16 8.655000000000000166e-34
8.481700000000000728e+03 7.886376994136907203e-16 7.090999999999999936e-34
8.507299999999999272e+03 9.683164583568232163e-16 8.048000000000000557e-34
8.532899999999999636e+03 1.169303961656144411e-15 7.753999999999999160e-34
8.558399999999999636e+03 1.398453272823190670e-15 9.386000000000000144e-34
8.584000000000000000e+03 1.627602583990237323e-15 1.206000000000000055e-33
8.609600000000000364e+03 1.728256954315949284e-15 1.542999999999999861e-33
8.635200000000000728e+03 1.725044580794915892e-15 1.568000000000000153e-33
8.660700000000000728e+03 1.762522271873638601e-15 4.020000000000000184e-34
8.686299999999999272e+03 1.819274204078560873e-15 1.301000000000000037e-33
8.711899999999999636e+03 1.839619236378438824e-15 1.180999999999999934e-33
8.737399999999999636e+03 1.813920248210172083e-15 3.122000000000000061e-33
8.763000000000000000e+03 1.748601986615827433e-15 5.905000000000000183e-33
8.788600000000000364e+03 1.628673375163915317e-15 1.824000000000000053e-33
8.814200000000000728e+03 1.493753687280513842e-15 1.804000000000000093e-33
8.839700000000000728e+03 1.342772131791945801e-15 4.595000000000000062e-33
8.865299999999999272e+03 1.205710861561188731e-15 3.188999999999999722e-33
8.890899999999999636e+03 1.087923832456632407e-15 4.466000000000000046e-34
8.916399999999999636e+03 9.975490573982270633e-16 3.519000000000000090e-34
8.942000000000000000e+03 9.265556025833899099e-16 3.880999999999999675e-34
8.967600000000000364e+03 8.519214577780476147e-16 4.118000000000000365e-34
8.993200000000000728e+03 7.725758318085238593e-16 3.195000000000000121e-34
9.018700000000000728e+03 7.080071240357532926e-16 2.658000000000000030e-34
9.044299999999999272e+03 6.673170594359972905e-16 2.221999999999999977e-34
9.069899999999999636e+03 6.572516224034262521e-16 1.901000000000000079e-34
9.095399999999999636e+03 6.621772618023439817e-16 2.354999999999999916e-34
9.121000000000000000e+03 6.879833290879786603e-16 9.881999999999999906e-34
9.146600000000000364e+03 7.343485869082268699e-16 1.108000000000000046e-33
9.172100000000000364e+03 7.618679200717460833e-16 1.255999999999999955e-33
9.197700000000000728e+03 7.969898705683773225e-16 1.271999999999999992e-33
9.223299999999999272e+03 8.805115821152450199e-16 1.587000000000000047e-33
