3.650047851562500000e+03 4.453132611236575527e-16
3.655565780162811279e+03 8.903956290348285154e-16
3.661083708763122559e+03 6.825377965870182858e-16
3.666601637363433838e+03 7.191695870163145551e-16
3.672119565963745117e+03 7.515035714398495648e-16
3.677637494564056396e+03 6.235131352823702725e-16
3.683155423164367676e+03 8.561009073860578004e-16
3.688673351764678955e+03 8.337460467398223838e-16
3.694191280364990234e+03 8.435187643725562803e-16
3.699709208965301514e+03 8.400851231972906218e-16
3.705227137565612793e+03 9.930590317819113418e-16
3.710745066165924072e+03 9.358858926537378067e-16
3.716262994766235352e+03 7.027704749671366385e-16
3.721780923366546631e+03 7.174617011040518739e-16
3.727298851966857910e+03 6.435148750194486637e-16
3.732816780567169189e+03 5.161045870203201174e-16
3.738334709167480469e+03 5.594927486774185291e-16
3.743852637767791748e+03 5.626672085493649037e-16
3.749370566368103027e+03 3.548478254926813376e-16
3.754888494968414307e+03 4.128777545582906735e-16
3.760406423568725586e+03 4.329243191073953101e-16
3.765924352169036865e+03 4.708498808173109479e-16
3.771442280769348145e+03 3.258260463769673433e-16
3.776960209369659879e+03 3.695223331861922473e-16
3.782478137969971158e+03 3.336839722167923336e-16
3.787996066570282437e+03 3.952674791168722594e-16
3.793513995170593716e+03 2.611340599110212465e-16
3.799031923770904996e+03 4.448262758854367602e-16
3.804549852371216275e+03 3.524239843564428735e-16
3.810067780971527554e+03 5.794831610633499128e-16
3.815585709571838834e+03 4.496410210071849245e-16
3.821103638172150113e+03 3.251076681901795309e-16
3.826621566772461392e+03 6.755816066447958249e-16
3.832139495372772672e+03 6.528917713897712838e-16
3.837657423973083951e+03 6.609632511144581187e-16
3.843175352573395230e+03 7.704541693349172525e-16
3.848693281173706509e+03 8.767410675371211601e-16
3.854211209774017789e+03 8.816571076479375910e-16
3.859729138374329068e+03 9.708079799486621753e-16
3.865247066974640347e+03 1.169263656638831832e-15
3.870764995574951627e+03 1.215811922113214377e-15
3.876282924175262906e+03 1.266898654374681579e-15
3.881800852775574185e+03 1.187500888851429671e-15
3.887318781375885465e+03 1.421709774511667315e-15
3.892836709976196744e+03 1.589918970389169930e-15
3.898354638576508023e+03 1.840180893291412962e-15
3.903872567176819302e+03 1.727776316858707869e-15
3.909390495777130582e+03 1.855699364362972608e-15
3.914908424377441861e+03 2.070823329127240764e-15
3.920426352977753140e+03 1.910745445012369111e-15
3.925944281578064420e+03 2.111065712734681967e-15
3.931462210178375699e+03 2.199518998898250902e-15
3.936980138778686978e+03 2.131872148708733775e-15
3.942498067378998257e+03 2.370166906846252213e-15
3.948015995979309537e+03 2.280859677726551591e-15
3.953533924579620816e+03 2.465831838950039289e-15
3.959051853179932095e+03 2.368123137714145107e-15
3.964569781780243375e+03 2.550962334487000908e-15
3.970087710380554654e+03 2.772632690464357214e-15
3.975605638980865933e+03 2.941803348272782723e-15
3.981123567581177213e+03 2.854430552088288384e-15
3.986641496181488492e+03 2.954298567495396765e-15
3.992159424781800226e+03 3.040891018219181423e-15
3.997677353382111505e+03 3.145108403309398340e-15
4.003195281982422784e+03 3.363261071588940942e-15
4.008713210582734064e+03 3.062916507358129597e-15
4.014231139183045343e+03 3.304734404859789791e-15
4.019749067783356622e+03 3.203825575489658827e-15
4.025266996383667902e+03 3.223488221581167723e-15
4.030784924983979181e+03 3.021764452649876084e-15
4.036302853584290460e+03 2.640271077958459541e-15
4.041820782184601740e+03 2.664748302593022549e-15
4.047338710784913019e+03 2.497426062539967988e-15
4.052856639385224298e+03 2.492014375098877049e-15
4.058374567985535577e+03 2.217289916774119974e-15
4.063892496585846857e+03 2.190867355871696550e-15
4.069410425186158136e+03 2.078816683444750795e-15
4.074928353786469415e+03 1.939024298299304355e-15
4.080446282386780695e+03 2.097810591800086668e-15
4.085964210987091974e+03 1.780408217936079940e-15
4.091482139587403253e+03 1.923775230405427513e-15
4.097000068187714533e+03 1.732818653906111302e-15
4.102517996788025812e+03 1.821584199402105303e-15
4.108035925388337091e+03 1.772283720756357862e-15
4.113553853988648370e+03 1.596611647982045509e-15
4.119071782588959650e+03 1.645343638977975837e-15
4.124589711189270929e+03 1.502733953822621493e-15
4.130107639789582208e+03 1.468606522612517449e-15
4.135625568389893488e+03 1.566749994238028276e-15
4.141143496990204767e+03 1.334984106263763159e-15
4.146661425590516046e+03 1.448895720135115817e-15
4.152179354190827326e+03 1.349238956798197784e-15
4.157697282791138605e+03 1.376003912633023209e-15
4.163215211391449884e+03 1.348716354006637179e-15
4.168733139991761163e+03 1.320471982509223732e-15
4.174251068592072443e+03 1.392701155112727355e-15
4.179768997192383722e+03 1.305708112918495064e-15
4.185286925792695001e+03 1.188197036354415208e-15
4.190804854393006281e+03 1.310062979698483841e-15
4.196322782993317560e+03 1.238638230748636957e-15
4.201840711593628839e+03 1.280411714844155519e-15
4.207358640193940118e+03 1.234043884381695282e-15
4.212876568794251398e+03 1.050903483044245336e-15
4.218394497394562677e+03 1.189445104498989434e-15
4.223912425994873956e+03 1.335768040738139089e-15
4.229430354595185236e+03 1.311947590460862983e-15
4.234948283195496515e+03 1.412750869513487758e-15
4.240466211795807794e+03 1.373424820154591751e-15
4.245984140396119074e+03 1.437365142982117481e-15
4.251502068996430353e+03 1.472016994205891152e-15
4.257019997596741632e+03 1.365782341139325626e-15
4.262537926197052911e+03 1.367101492955403283e-15
4.268055854797364191e+03 1.363114961953424183e-15
4.273573783397675470e+03 1.452173231644169239e-15
4.279091711997986749e+03 1.343483814378474828e-15
4.284609640598298029e+03 1.444135809690511525e-15
4.290127569198609308e+03 1.303331989006139444e-15
4.295645497798920587e+03 1.416039435790371903e-15
4.301163426399231867e+03 1.346983935595900726e-15
4.306681354999543146e+03 1.462032873067791600e-15
4.312199283599854425e+03 1.317632875834006182e-15
4.317717212200165704e+03 1.297170500579289595e-15
4.323235140800476984e+03 1.303706533626356181e-15
4.328753069400789173e+03 1.487488520372963682e-15
4.334270998001100452e+03 1.320388360005167082e-15
4.339788926601411731e+03 1.293227779773659160e-15
4.345306855201723010e+03 1.389161509314426625e-15
4.350824783802034290e+03 1.373885485959264870e-15
4.356342712402345569e+03 1.301042137713416600e-15
4.361860641002656848e+03 1.383632308176942981e-15
4.367378569602968128e+03 1.264715958612329086e-15
4.372896498203279407e+03 1.301426116745083027e-15
4.378414426803590686e+03 1.198204932815110217e-15
4.383932355403901965e+03 1.195189101289776305e-15
4.389450284004213245e+03 1.430084139731399175e-15
4.394968212604524524e+03 1.279255991869762197e-15
4.400486141204835803e+03 1.163408657864210326e-15
4.406004069805147083e+03 1.172272794729396950e-15
4.411521998405458362e+03 1.202045783178004302e-15
4.417039927005769641e+03 1.156385351852089301e-15
4.422557855606080921e+03 1.205756308428636573e-15
4.428075784206392200e+03 1.155040849787588724e-15
4.433593712806703479e+03 1.142407794267995418e-15
4.439111641407014758e+03 1.085850784295934286e-15
4.444629570007326038e+03 1.145534112897566518e-15
4.450147498607637317e+03 1.281740921955903532e-15
4.455665427207948596e+03 1.294796951064922201e-15
4.461183355808259876e+03 1.278552757200550506e-15
4.466701284408571155e+03 1.452477616347454025e-15
4.472219213008882434e+03 1.492497238811348134e-15
4.477737141609193714e+03 1.486757542779552951e-15
4.483255070209504993e+03 1.688346382969237908e-15
4.488772998809816272e+03 1.739981386284557700e-15
4.494290927410127551e+03 1.739951553554932564e-15
4.499808856010438831e+03 1.867138626104985529e-15
4.505326784610750110e+03 1.944018630395990655e-15
4.510844713211061389e+03 1.980959727171783966e-15
4.516362641811372669e+03 2.068669012316826426e-15
4.521880570411683948e+03 2.072016032571555223e-15
4.527398499011995227e+03 2.106161030262047861e-15
4.532916427612306506e+03 2.178429227710346133e-15
4.538434356212617786e+03 2.227118968292237601e-15
4.543952284812929065e+03 2.394151058548529332e-15
4.549470213413240344e+03 2.394828125219367869e-15
4.554988142013551624e+03 2.747570926051345719e-15
4.560506070613862903e+03 2.667426282241227114e-15
4.566023999214174182e+03 2.819263366961390393e-15
4.571541927814485462e+03 2.911399708034708055e-15
4.577059856414796741e+03 3.110075692618579430e-15
4.582577785015108020e+03 3.072500839632214091e-15
4.588095713615419299e+03 3.377515210378048750e-15
4.593613642215730579e+03 3.751830709173443315e-15
4.599131570816041858e+03 3.778500866588240489e-15
4.604649499416353137e+03 3.789706009548522018e-15
4.610167428016664417e+03 3.946009977648187525e-15
4.615685356616975696e+03 4.013732393990411284e-15
4.621203285217286975e+03 3.976770399160360964e-15
4.626721213817598255e+03 3.963755302979351329e-15
4.632239142417909534e+03 4.047047829788069123e-15
4.637757071018220813e+03 3.902552625259281816e-15
4.643274999618532092e+03 3.836716182596018621e-15
4.648792928218843372e+03 3.876518798453043319e-15
4.654310856819154651e+03 3.806498807624133224e-15
4.659828785419465930e+03 3.845686748102732894e-15
4.665346714019777210e+03 3.931968302410673909e-15
4.670864642620088489e+03 4.041550884343025011e-15
4.676382571220399768e+03 3.926747726161397878e-15
4.681900499820711048e+03 3.667840217639631159e-15
4.687418428421022327e+03 3.834128155442218247e-15
4.692936357021333606e+03 3.829547392810541557e-15
4.698454285621644885e+03 3.629917820924887369e-15
4.703972214221956165e+03 3.416825813349015801e-15
4.709490142822267444e+03 3.236803916586068101e-15
4.715008071422578723e+03 3.025144031467394240e-15
4.720526000022890003e+03 2.941216839837050399e-15
4.726043928623201282e+03 2.721817102885095319e-15
4.731561857223512561e+03 2.605462491327770330e-15
4.737079785823823840e+03 2.501642320703580443e-15
4.742597714424135120e+03 2.448299431475998265e-15
4.748115643024446399e+03 2.380403016116821973e-15
4.753633571624757678e+03 2.413416338738833030e-15
4.759151500225068958e+03 2.235169110800659260e-15
4.764669428825380237e+03 2.101882835111548118e-15
4.770187357425691516e+03 2.194262835382669488e-15
4.775705286026002796e+03 2.148126140428977793e-15
4.781223214626314075e+03 1.989293810634762185e-15
4.786741143226625354e+03 1.869314446710358503e-15
4.792259071826936633e+03 1.852027212785879199e-15
4.797777000427247913e+03 1.974325503556752840e-15
4.803294929027559192e+03 1.814883192874562435e-15
4.808812857627870471e+03 1.741465148136690585e-15
4.814330786228181751e+03 1.723801446365262895e-15
4.819848714828493030e+03 1.721002924317149601e-15
4.825366643428804309e+03 1.669077468334715574e-15
4.830884572029115589e+03 1.896402716645439321e-15
4.836402500629426868e+03 1.861266121424045275e-15
4.841920429229738147e+03 1.956951194406209566e-15
4.847438357830049426e+03 2.099418227625994130e-15
4.852956286430360706e+03 2.286179746886306104e-15
4.858474215030671985e+03 2.321346932013204095e-15
4.863992143630983264e+03 2.348167615992709356e-15
4.869510072231294544e+03 2.382036698792961712e-15
4.875028000831605823e+03 2.174872924042711812e-15
4.880545929431917102e+03 2.133237033947891942e-15
4.886063858032228381e+03 2.153672605176498627e-15
4.891581786632540570e+03 2.071659705602983460e-15
4.897099715232851850e+03 2.093893266673432327e-15
4.902617643833163129e+03 1.950082852009447444e-15
4.908135572433474408e+03 1.999711490681074141e-15
4.913653501033785687e+03 2.086883635257682043e-15
4.919171429634096967e+03 2.233957023653846987e-15
4.924689358234408246e+03 2.315816065088786441e-15
4.930207286834719525e+03 2.581100054556435014e-15
4.935725215435030805e+03 2.816275550943572793e-15
4.941243144035342084e+03 3.029980719546110193e-15
4.946761072635653363e+03 3.227796400896468600e-15
4.952279001235964643e+03 3.320113252699295878e-15
4.957796929836275922e+03 3.450449116859002838e-15
4.963314858436587201e+03 3.425855287139102919e-15
4.968832787036898480e+03 3.373681174598063350e-15
4.974350715637209760e+03 3.308565260501084550e-15
4.979868644237521039e+03 3.326003626730975935e-15
4.985386572837832318e+03 3.258579083379480076e-15
4.990904501438143598e+03 3.311503860086779792e-15
4.996422430038454877e+03 3.218081834371227457e-15
5.001940358638766156e+03 3.170619930194428032e-15
5.007458287239077436e+03 2.885731142872412010e-15
5.012976215839388715e+03 2.882003414585812593e-15
5.018494144439699994e+03 2.741238209871260538e-15
5.024012073040011273e+03 2.638130996054566962e-15
5.029530001640322553e+03 2.533257290912589956e-15
5.035047930240633832e+03 2.295520874268112716e-15
5.040565858840945111e+03 2.311179877182780728e-15
5.046083787441256391e+03 2.207487669282112051e-15
5.051601716041567670e+03 2.230529137015260096e-15
5.057119644641878949e+03 2.108582175852157568e-15
5.062637573242190228e+03 2.116538731421957779e-15
5.068155501842501508e+03 2.191708426837887504e-15
5.073673430442812787e+03 2.146476254189032064e-15
5.079191359043124066e+03 2.479075450811276462e-15
5.084709287643435346e+03 2.609715396803917197e-15
5.090227216243746625e+03 2.703196330802841192e-15
5.095745144844057904e+03 2.622548165033307997e-15
5.101263073444369184e+03 2.288687210526600380e-15
5.106781002044680463e+03 2.512788403945314905e-15
5.112298930644991742e+03 2.432883482018431545e-15
5.117816859245303021e+03 2.464610059951977715e-15
5.123334787845614301e+03 2.594677580980231689e-15
5.128852716445925580e+03 2.510733580045377865e-15
5.134370645046236859e+03 2.560811678318671551e-15
5.139888573646548139e+03 2.463756116995846423e-15
5.145406502246859418e+03 2.541298650180817120e-15
5.150924430847170697e+03 2.560026789802687837e-15
5.156442359447481977e+03 2.424182471124577061e-15
5.161960288047793256e+03 2.527810167640370224e-15
5.167478216648104535e+03 2.616495452493208546e-15
5.172996145248415814e+03 2.550368102857304698e-15
5.178514073848727094e+03 2.557891250954068503e-15
5.184032002449038373e+03 2.665850447802230400e-15
5.189549931049349652e+03 2.703334893988663749e-15
5.195067859649660932e+03 2.738444533748771896e-15
5.200585788249972211e+03 2.692693241317399079e-15
5.206103716850283490e+03 2.726002771143203040e-15
5.211621645450594769e+03 2.877220485994492639e-15
5.217139574050906049e+03 2.963572609094340426e-15
5.222657502651217328e+03 2.953379204543334758e-15
5.228175431251528607e+03 3.090888401543792816e-15
5.233693359851839887e+03 3.125260551997931177e-15
5.239211288452152075e+03 3.250921460846637978e-15
5.244729217052463355e+03 3.363917240205523258e-15
5.250247145652774634e+03 3.355988851578416934e-15
5.255765074253085913e+03 3.466754293668655813e-15
5.261283002853397193e+03 3.623984893608817837e-15
5.266800931453708472e+03 3.781874993739430986e-15
5.272318860054019751e+03 3.855862434738175349e-15
5.277836788654331031e+03 3.835607677109428699e-15
5.283354717254642310e+03 4.057413719004270495e-15
5.288872645854953589e+03 4.278035992130166945e-15
5.294390574455264868e+03 4.275812620879603453e-15
5.299908503055576148e+03 4.270050815312146626e-15
5.305426431655887427e+03 4.351500376031821918e-15
5.310944360256198706e+03 4.373895366999633399e-15
5.316462288856509986e+03 4.435502528074168791e-15
5.321980217456821265e+03 4.505742554213462348e-15
5.327498146057132544e+03 4.523351133580912815e-15
5.333016074657443824e+03 4.673942361110068447e-15
5.338534003257755103e+03 4.976967630822246017e-15
5.344051931858066382e+03 5.025334208739057104e-15
5.349569860458377661e+03 5.033165830288852129e-15
5.355087789058688941e+03 5.204315897279685031e-15
5.360605717659000220e+03 5.314377620108151076e-15
5.366123646259311499e+03 5.256477895006663663e-15
5.371641574859622779e+03 5.215308425253195383e-15
5.377159503459934058e+03 5.067160301414636681e-15
5.382677432060245337e+03 4.910070536187935019e-15
5.388195360660556616e+03 4.792592729931970552e-15
5.393713289260867896e+03 4.614482702263038707e-15
5.399231217861179175e+03 4.648741427770529613e-15
5.404749146461490454e+03 4.576424013890108589e-15
5.410267075061801734e+03 4.306275775141754563e-15
5.415785003662113013e+03 4.289042755010197872e-15
5.421302932262424292e+03 4.170870012732654277e-15
5.426820860862735572e+03 4.339059976342835272e-15
5.432338789463046851e+03 4.497258247056124489e-15
5.437856718063358130e+03 4.550616431236461794e-15
5.443374646663669409e+03 4.609818044543989477e-15
5.448892575263980689e+03 4.886595055241047758e-15
5.454410503864291968e+03 5.172466808288945705e-15
5.459928432464603247e+03 5.495010406370129169e-15
5.465446361064914527e+03 5.398844678140091529e-15
5.470964289665225806e+03 5.504569751840212390e-15
5.476482218265537085e+03 5.450476804187071691e-15
5.482000146865848365e+03 5.393048799658088514e-15
5.487518075466159644e+03 5.417544045078566732e-15
5.493036004066470923e+03 5.371592706780009895e-15
5.498553932666782202e+03 5.562797031226876052e-15
5.504071861267093482e+03 5.401109391193638086e-15
5.509589789867404761e+03 5.368248260923267746e-15
5.515107718467716040e+03 5.449879695289036442e-15
5.520625647068027320e+03 5.499689450430875170e-15
5.526143575668338599e+03 5.483056870771222932e-15
5.531661504268649878e+03 5.414018028446086726e-15
5.537179432868961158e+03 5.238628382274573119e-15
5.542697361469272437e+03 5.408908605615820342e-15
5.548215290069583716e+03 5.213475756756103415e-15
5.553733218669894995e+03 5.193315191806683783e-15
5.559251147270206275e+03 5.323031231791991238e-15
5.564769075870517554e+03 5.273440300479127984e-15
5.570287004470828833e+03 5.330876028202078202e-15
5.575804933071140113e+03 5.111524750506364897e-15
5.581322861671451392e+03 5.282405414319514994e-15
5.586840790271762671e+03 5.402012247711540528e-15
5.592358718872073950e+03 5.240947309121042291e-15
5.597876647472385230e+03 5.326049486280135799e-15
5.603394576072696509e+03 5.078724951482181797e-15
5.608912504673007788e+03 4.868390427021792256e-15
5.614430433273319068e+03 4.783490567257517813e-15
5.619948361873630347e+03 4.614022339328716795e-15
5.625466290473941626e+03 4.551210511430983387e-15
5.630984219074252906e+03 4.514014397819202070e-15
5.636502147674564185e+03 4.294736111878209932e-15
5.642020076274875464e+03 4.238914077388199222e-15
5.647538004875186743e+03 4.183870571136789367e-15
5.653055933475498023e+03 4.204710019979157939e-15
5.658573862075809302e+03 4.106929387034776747e-15
5.664091790676120581e+03 4.173187879532892445e-15
5.669609719276431861e+03 4.078238478634589115e-15
5.675127647876743140e+03 4.240016222597407074e-15
5.680645576477054419e+03 4.209205676042055680e-15
5.686163505077365699e+03 4.161908079030958696e-15
5.691681433677676978e+03 3.947432862559662544e-15
5.697199362277988257e+03 3.987709167646476500e-15
5.702717290878299536e+03 3.694953777249063670e-15
5.708235219478610816e+03 3.661671657190071041e-15
5.713753148078922095e+03 3.520744416837452772e-15
5.719271076679233374e+03 3.260479594835313606e-15
5.724789005279544654e+03 2.998552317473643131e-15
5.730306933879855933e+03 2.961300172846830376e-15
5.735824862480167212e+03 2.896398842393908563e-15
5.741342791080478491e+03 2.643537686134857646e-15
5.746860719680789771e+03 2.700646011007804656e-15
5.752378648281101050e+03 2.604880374512134267e-15
5.757896576881412329e+03 2.624251659325473924e-15
5.763414505481723609e+03 2.715748641086716098e-15
5.768932434082034888e+03 2.611349685220758957e-15
5.774450362682346167e+03 2.802179964783488560e-15
5.779968291282657447e+03 2.646550337521500720e-15
5.785486219882968726e+03 2.820261627640024686e-15
5.791004148483280005e+03 2.846543656699340137e-15
5.796522077083591284e+03 2.945695080854734163e-15
5.802040005683902564e+03 3.026784831596793083e-15
5.807557934284213843e+03 3.096387467081299328e-15
5.813075862884525122e+03 3.284009138139948468e-15
5.818593791484836402e+03 3.401439242315547011e-15
5.824111720085147681e+03 3.510103975647592144e-15
5.829629648685458960e+03 3.550267461528461456e-15
5.835147577285770240e+03 3.726040844435359340e-15
5.840665505886081519e+03 3.791068471824868549e-15
5.846183434486392798e+03 3.735311857330788161e-15
5.851701363086704077e+03 3.723799603834058411e-15
5.857219291687015357e+03 3.753114576593567586e-15
5.862737220287326636e+03 3.843800320118244533e-15
5.868255148887637915e+03 3.814959945199578634e-15
5.873773077487949195e+03 3.960475822813012492e-15
5.879291006088260474e+03 3.880921473318022028e-15
5.884808934688571753e+03 3.945773738773996100e-15
5.890326863288883942e+03 4.159665626948250570e-15
5.895844791889195221e+03 4.306456891611966200e-15
5.901362720489506501e+03 4.336054896714979495e-15
5.906880649089817780e+03 4.423062128385180568e-15
5.912398577690129059e+03 4.363892619334914841e-15
5.917916506290440338e+03 4.216086738993582338e-15
5.923434434890751618e+03 4.187501532346077091e-15
5.928952363491062897e+03 4.285659693183637868e-15
5.934470292091374176e+03 4.306390108699455641e-15
5.939988220691685456e+03 4.336751498523492831e-15
5.945506149291996735e+03 4.434396142680037719e-15
5.951024077892308014e+03 4.430917828127922060e-15
5.956542006492619294e+03 4.446764307790186541e-15
5.962059935092930573e+03 4.340220878400238983e-15
5.967577863693241852e+03 4.380276845306315508e-15
5.973095792293553131e+03 4.451287070749543617e-15
5.978613720893864411e+03 4.502937066147265160e-15
5.984131649494175690e+03 4.549472187048390689e-15
5.989649578094486969e+03 4.351030169811074904e-15
5.995167506694798249e+03 4.465346312467445433e-15
6.000685435295109528e+03 4.494929174052880979e-15
6.006203363895420807e+03 4.341025150618720512e-15
6.011721292495732087e+03 4.190499040215142021e-15
6.017239221096043366e+03 4.078522268153971058e-15
6.022757149696354645e+03 3.811362905469663269e-15
6.028275078296665924e+03 3.838979229862631760e-15
6.033793006896977204e+03 3.662926146186098565e-15
6.039310935497288483e+03 3.619975798765650480e-15
6.044828864097599762e+03 3.491612832075791463e-15
6.050346792697911042e+03 3.589913039108219012e-15
6.055864721298222321e+03 3.762725561458585195e-15
6.061382649898533600e+03 3.607733627721737451e-15
6.066900578498844880e+03 3.666839988303711057e-15
6.072418507099156159e+03 3.519369991182221105e-15
6.077936435699467438e+03 3.662671886525991143e-15
6.083454364299778717e+03 3.715692218829196932e-15
6.088972292900089997e+03 3.601799337489086893e-15
6.094490221500401276e+03 3.405078229589149040e-15
6.100008150100712555e+03 3.392084182897570637e-15
6.105526078701023835e+03 3.196387685396849378e-15
6.111044007301335114e+03 3.189566136469398768e-15
6.116561935901646393e+03 3.104577838562478539e-15
6.122079864501957672e+03 3.094415781092856216e-15
6.127597793102269861e+03 2.975971515545167811e-15
6.133115721702581141e+03 3.080376074512629594e-15
6.138633650302892420e+03 3.105946509681030157e-15
6.144151578903203699e+03 3.282484943095886537e-15
6.149669507503514978e+03 3.459814473868933295e-15
6.155187436103826258e+03 3.752106624063684387e-15
6.160705364704137537e+03 3.773286953486697341e-15
6.166223293304448816e+03 3.883601270188334235e-15
6.171741221904760096e+03 4.209465690238841180e-15
6.177259150505071375e+03 4.120013234785583540e-15
6.182777079105382654e+03 4.208680650287682059e-15
6.188295007705693934e+03 4.120780405386002069e-15
6.193812936306005213e+03 3.917515480670964686e-15
6.199330864906316492e+03 4.013109086806966774e-15
6.204848793506627771e+03 3.917576054741269370e-15
6.210366722106939051e+03 3.786665039784012017e-15
6.215884650707250330e+03 3.811806913405001812e-15
6.221402579307561609e+03 3.676643447277124206e-15
6.226920507907872889e+03 3.491170944232913348e-15
6.232438436508184168e+03 3.334334227184911517e-15
6.237956365108495447e+03 3.374891898828294596e-15
6.243474293708806726e+03 3.272306984932810220e-15
6.248992222309118006e+03 3.228040211529447716e-15
6.254510150909429285e+03 3.254409467250002150e-15
6.260028079509740564e+03 3.121314302752705915e-15
6.265546008110051844e+03 3.045843705642532662e-15
6.271063936710363123e+03 2.947713863182839995e-15
6.276581865310674402e+03 2.821334242989959200e-15
6.282099793910985682e+03 2.822670809851249256e-15
6.287617722511296961e+03 2.781358082421508979e-15
6.293135651111608240e+03 2.738584914156704855e-15
6.298653579711919519e+03 2.753401937494127107e-15
6.304171508312230799e+03 2.692148831860527643e-15
6.309689436912542078e+03 2.599172631302424648e-15
6.315207365512853357e+03 2.627727399479600963e-15
6.320725294113164637e+03 2.729301029271336486e-15
6.326243222713475916e+03 2.742152424027345700e-15
6.331761151313787195e+03 2.907655321878775245e-15
6.337279079914098475e+03 2.945073742328576252e-15
6.342797008514409754e+03 3.056173856157252061e-15
6.348314937114721033e+03 3.072966199927335863e-15
6.353832865715032312e+03 3.111674090898765389e-15
6.359350794315343592e+03 3.349143375893193686e-15
6.364868722915654871e+03 3.294326568099904121e-15
6.370386651515966150e+03 3.364478458966904678e-15
6.375904580116277430e+03 3.379928329903842968e-15
6.381422508716588709e+03 3.583681935931069978e-15
6.386940437316899988e+03 3.716327186521173792e-15
6.392458365917211268e+03 3.631568161470360502e-15
6.397976294517522547e+03 3.803060169088068789e-15
6.403494223117833826e+03 3.802897679144473200e-15
6.409012151718145105e+03 3.897422455809936591e-15
6.414530080318456385e+03 4.013461779331320492e-15
6.420048008918767664e+03 4.234929363608329145e-15
6.425565937519078943e+03 4.296365857239779630e-15
6.431083866119390223e+03 4.499156486984324551e-15
6.436601794719701502e+03 4.706354486084296834e-15
6.442119723320012781e+03 4.705455566880963644e-15
6.447637651920324060e+03 4.747760497582306562e-15
6.453155580520635340e+03 4.686896731785596413e-15
6.458673509120946619e+03 4.661640070301376165e-15
6.464191437721257898e+03 4.855211175110253614e-15
6.469709366321569178e+03 4.826842520764091162e-15
6.475227294921880457e+03 4.708810613200007930e-15
6.480745223522191736e+03 4.740286565917666299e-15
6.486263152122503016e+03 4.721211791178471937e-15
6.491781080722814295e+03 4.805341905944338837e-15
6.497299009323125574e+03 4.821904976858316095e-15
6.502816937923436853e+03 4.892217237576450631e-15
6.508334866523748133e+03 5.051558238126054519e-15
6.513852795124059412e+03 5.073176820947727939e-15
6.519370723724370691e+03 5.158834462331522817e-15
6.524888652324681971e+03 5.133897026197812516e-15
6.530406580924993250e+03 5.112922800049015627e-15
6.535924509525304529e+03 5.212201732622402670e-15
6.541442438125615809e+03 5.210138731222974340e-15
6.546960366725927088e+03 5.112515136555859896e-15
6.552478295326238367e+03 5.086931375091991986e-15
6.557996223926549646e+03 5.118399907486035705e-15
6.563514152526860926e+03 5.115138448105614444e-15
6.569032081127172205e+03 5.120205014781138173e-15
6.574550009727483484e+03 5.236658362073063821e-15
6.580067938327794764e+03 5.262905863912303709e-15
6.585585866928106043e+03 5.136054220276567076e-15
6.591103795528417322e+03 5.058666908146753119e-15
6.596621724128728601e+03 5.114110354697354819e-15
6.602139652729039881e+03 5.239388738292081780e-15
6.607657581329351160e+03 5.428119672013200243e-15
6.613175509929662439e+03 5.204386314636414818e-15
6.618693438529973719e+03 5.230584751478709333e-15
6.624211367130284998e+03 5.316784833662089048e-15
6.629729295730596277e+03 5.131048076236171046e-15
6.635247224330907557e+03 5.102080192899510552e-15
6.640765152931218836e+03 4.985312617617879158e-15
6.646283081531530115e+03 4.800117695250844366e-15
6.651801010131841394e+03 4.716411144671587192e-15
6.657318938732152674e+03 4.594877450103145038e-15
6.662836867332463953e+03 4.523480762091367048e-15
6.668354795932775232e+03 4.380180986840057438e-15
6.673872724533086512e+03 4.407692820961748376e-15
6.679390653133397791e+03 4.250170102567538107e-15
6.684908581733709070e+03 4.207902727789783619e-15
6.690426510334020350e+03 4.223190260218304487e-15
6.695944438934331629e+03 4.151689687675952938e-15
6.701462367534642908e+03 4.215437990700609545e-15
6.706980296134954187e+03 4.067607123555274979e-15
6.712498224735265467e+03 3.984115610925603379e-15
6.718016153335576746e+03 4.071418898364423526e-15
6.723534081935888025e+03 3.947247505904527686e-15
6.729052010536199305e+03 3.904378327738289298e-15
6.734569939136510584e+03 3.876053589593097348e-15
6.740087867736821863e+03 4.018917080103031514e-15
6.745605796337133143e+03 4.119995365434844525e-15
6.751123724937444422e+03 3.951001129606181212e-15
6.756641653537755701e+03 3.934204697086353934e-15
6.762159582138066980e+03 3.851146894800067975e-15
6.767677510738378260e+03 3.924725157953898595e-15
6.773195439338689539e+03 3.810561510519523145e-15
6.778713367939000818e+03 3.721383607039923972e-15
6.784231296539312098e+03 3.795163884718221265e-15
6.789749225139623377e+03 3.629311625916306417e-15
6.795267153739934656e+03 3.694763574668303964e-15
6.800785082340245935e+03 3.599857181359917118e-15
6.806303010940557215e+03 3.601552195282240941e-15
6.811820939540868494e+03 3.554115429344615435e-15
6.817338868141179773e+03 3.468513818975853967e-15
6.822856796741491053e+03 3.740565143578030931e-15
6.828374725341803241e+03 3.597440578825080262e-15
6.833892653942114521e+03 3.406472190382053533e-15
6.839410582542425800e+03 3.450521654308195025e-15
6.844928511142737079e+03 3.486533241975150412e-15
6.850446439743048359e+03 3.325181485161756181e-15
6.855964368343359638e+03 3.307361805159290576e-15
6.861482296943670917e+03 3.136514305649633832e-15
6.867000225543982197e+03 2.725383704144680962e-15
6.872518154144293476e+03 2.465214589173626431e-15
6.878036082744604755e+03 2.453499866846899843e-15
6.883554011344916034e+03 2.652109825694136903e-15
6.889071939945227314e+03 2.655778039956660666e-15
6.894589868545538593e+03 2.564470503600298009e-15
6.900107797145849872e+03 2.710774601303583208e-15
6.905625725746161152e+03 2.858736914181480043e-15
6.911143654346472431e+03 2.814911877185821035e-15
6.916661582946783710e+03 2.921753482436847702e-15
6.922179511547094990e+03 2.906406890289779372e-15
6.927697440147406269e+03 2.897844139711398209e-15
6.933215368747717548e+03 3.004618507744384940e-15
6.938733297348028827e+03 3.103690125562151874e-15
6.944251225948340107e+03 3.002157534703048602e-15
6.949769154548651386e+03 3.185865969384788061e-15
6.955287083148962665e+03 3.234644753850028915e-15
6.960805011749273945e+03 3.157908310105648967e-15
6.966322940349585224e+03 3.313476757556628919e-15
6.971840868949896503e+03 3.346507646659027387e-15
6.977358797550207782e+03 3.108734431266840722e-15
6.982876726150519062e+03 3.232337941817620680e-15
6.988394654750830341e+03 3.287402800428812187e-15
6.993912583351141620e+03 3.139555578284495435e-15
6.999430511951452900e+03 3.217384778257187902e-15
7.004948440551764179e+03 3.304963980586249120e-15
7.010466369152075458e+03 3.280653183209850165e-15
7.015984297752386738e+03 3.344318045452660847e-15
7.021502226352698017e+03 3.112187153274251508e-15
7.027020154953009296e+03 3.102687170393068929e-15
7.032538083553320575e+03 3.336154780867943731e-15
7.038056012153631855e+03 3.320377052775476801e-15
7.043573940753943134e+03 3.272399057519673656e-15
7.049091869354254413e+03 3.279616457996571057e-15
7.054609797954565693e+03 3.277756531167841982e-15
7.060127726554876972e+03 3.268255185370077192e-15
7.065645655155189161e+03 3.211774256430318168e-15
7.071163583755500440e+03 3.253810995435384690e-15
7.076681512355811719e+03 3.278671199629453758e-15
7.082199440956122999e+03 3.148067900949348225e-15
7.087717369556434278e+03 3.229799433966294662e-15
7.093235298156745557e+03 3.163174771213181704e-15
7.098753226757056837e+03 3.221239863526604140e-15
7.104271155357368116e+03 3.176306775349882614e-15
7.109789083957679395e+03 3.249409683486988586e-15
7.115307012557990674e+03 3.304027959764854114e-15
7.120824941158301954e+03 3.345306008539343027e-15
7.126342869758613233e+03 3.263358831832108995e-15
7.131860798358924512e+03 3.308325084312324268e-15
7.137378726959235792e+03 3.223638293840349195e-15
7.142896655559547071e+03 3.205616599313415733e-15
7.148414584159858350e+03 3.176289663175020239e-15
7.153932512760169629e+03 3.029237475703462724e-15
7.159450441360480909e+03 2.902657809643397909e-15
7.164968369960792188e+03 2.733236072313556012e-15
7.170486298561103467e+03 2.839810394479359512e-15
7.176004227161414747e+03 2.832853613939950815e-15
7.181522155761726026e+03 2.595405226999776372e-15
7.187040084362037305e+03 2.700311793574893552e-15
7.192558012962348585e+03 2.817216114820241045e-15
7.198075941562659864e+03 2.917774523193656096e-15
7.203593870162971143e+03 2.967061524108759404e-15
7.209111798763282422e+03 3.007292852948371067e-15
7.214629727363593702e+03 3.243993907296151804e-15
7.220147655963904981e+03 3.407674585677618082e-15
7.225665584564216260e+03 3.369313481258687213e-15
7.231183513164527540e+03 3.276171762053475366e-15
7.236701441764838819e+03 3.290337614135113189e-15
7.242219370365150098e+03 3.326846060613749100e-15
7.247737298965461378e+03 3.440029771025759436e-15
7.253255227565772657e+03 3.483060984830066010e-15
7.258773156166083936e+03 3.490303523546138909e-15
7.264291084766395215e+03 3.443054082920935648e-15
7.269809013366706495e+03 3.492367433556622441e-15
7.275326941967017774e+03 3.521436021285165458e-15
7.280844870567329053e+03 3.606826076713385568e-15
7.286362799167640333e+03 3.470880145032338250e-15
7.291880727767951612e+03 3.609878555551254090e-15
7.297398656368262891e+03 3.389267640063542332e-15
7.302916584968574170e+03 3.590701562068419588e-15
7.308434513568885450e+03 3.693909328841820676e-15
7.313952442169196729e+03 3.641791095880639506e-15
7.319470370769508008e+03 3.580152587724722347e-15
7.324988299369819288e+03 3.671775260681850290e-15
7.330506227970130567e+03 3.762445557818598676e-15
7.336024156570441846e+03 3.742934952643556668e-15
7.341542085170753126e+03 3.733032455065193230e-15
7.347060013771064405e+03 3.787642402408391272e-15
7.352577942371375684e+03 3.886327406222432918e-15
7.358095870971686963e+03 3.851473540474190995e-15
7.363613799571998243e+03 3.950342689461961878e-15
7.369131728172309522e+03 4.048644562281322057e-15
7.374649656772620801e+03 3.941240072481982920e-15
7.380167585372932081e+03 3.786287814761185612e-15
7.385685513973243360e+03 3.899001470387622763e-15
7.391203442573554639e+03 3.797515975868184184e-15
7.396721371173865919e+03 3.949360480911957775e-15
7.402239299774177198e+03 3.749935346513584658e-15
7.407757228374488477e+03 3.611295837361227228e-15
7.413275156974799756e+03 3.758276395994647758e-15
7.418793085575111036e+03 4.099922027146664270e-15
7.424311014175422315e+03 3.996216492950528246e-15
7.429828942775733594e+03 3.887927621724728096e-15
7.435346871376044874e+03 3.849461118423467628e-15
7.440864799976356153e+03 3.699805608845355795e-15
7.446382728576667432e+03 3.917120992038100105e-15
7.451900657176978712e+03 4.172006230856409104e-15
7.457418585777289991e+03 4.008560882738080626e-15
7.462936514377601270e+03 3.934774244782399684e-15
7.468454442977912549e+03 3.952459147478435788e-15
7.473972371578223829e+03 4.031141381796203950e-15
7.479490300178535108e+03 3.986791470481347123e-15
7.485008228778846387e+03 4.116808715031247736e-15
7.490526157379157667e+03 4.317861323263553928e-15
7.496044085979468946e+03 4.108761904096692519e-15
7.501562014579780225e+03 3.916925640661364737e-15
7.507079943180091504e+03 3.809563552711238089e-15
7.512597871780402784e+03 3.947921241001500964e-15
7.518115800380714063e+03 3.869569741107598114e-15
7.523633728981025342e+03 3.933515818471803697e-15
7.529151657581336622e+03 3.667625331125220992e-15
7.534669586181647901e+03 3.647199603183040198e-15
7.540187514781959180e+03 3.376910075415697223e-15
7.545705443382270460e+03 3.361285145415575398e-15
7.551223371982581739e+03 3.357871190813159058e-15
7.556741300582893018e+03 3.198003650157424326e-15
7.562259229183204297e+03 3.064760230623053077e-15
7.567777157783515577e+03 2.924896368074646241e-15
7.573295086383826856e+03 2.546446537545727924e-15
7.578813014984138135e+03 2.504131006382081292e-15
7.584330943584449415e+03 2.432923612340008201e-15
7.589848872184760694e+03 2.097723213703671490e-15
7.595366800785071973e+03 1.553776239860002101e-15
7.600884729385383253e+03 1.043483765172527686e-15
7.606402657985694532e+03 7.047653759680243870e-16
7.611920586586005811e+03 7.676876001088903113e-16
7.617438515186317090e+03 1.050991012575836709e-15
7.622956443786628370e+03 1.348929423298937140e-15
7.628474372386939649e+03 1.413180036801601929e-15
7.633992300987250928e+03 1.171701914403803125e-15
7.639510229587562208e+03 1.120210819936011709e-15
7.645028158187873487e+03 1.300861566409836151e-15
7.650546086788184766e+03 1.588373574420501556e-15
7.656064015388496045e+03 1.958616072728555665e-15
7.661581943988807325e+03 2.171153070385251294e-15
7.667099872589118604e+03 2.218081317002660771e-15
7.672617801189429883e+03 2.215863851723953524e-15
7.678135729789741163e+03 2.499678055038750010e-15
7.683653658390052442e+03 2.580602590004051681e-15
7.689171586990363721e+03 2.633971071776337943e-15
7.694689515590675001e+03 2.938022011933963897e-15
7.700207444190986280e+03 2.972124002034539263e-15
7.705725372791297559e+03 2.886120785579652138e-15
7.711243301391608838e+03 2.787622804207677585e-15
7.716761229991920118e+03 2.856976025957699678e-15
7.722279158592231397e+03 2.972329953873579134e-15
7.727797087192542676e+03 3.202512481080612034e-15
7.733315015792853956e+03 3.317115139089526560e-15
7.738832944393165235e+03 3.236743342515761839e-15
7.744350872993476514e+03 3.253759053170097122e-15
7.749868801593788703e+03 3.223709619808133000e-15
7.755386730194099982e+03 3.524841495517738906e-15
7.760904658794411262e+03 3.696597303211626145e-15
7.766422587394722541e+03 3.625242259873183611e-15
7.771940515995033820e+03 3.683634149295903290e-15
7.777458444595345100e+03 3.609707282367464400e-15
7.782976373195656379e+03 3.865585784503609015e-15
7.788494301795967658e+03 4.352912206175465426e-15
7.794012230396278937e+03 4.569127109945935303e-15
7.799530158996590217e+03 4.570762609844182289e-15
7.805048087596901496e+03 4.496044342687204574e-15
7.810566016197212775e+03 4.456639244166560480e-15
7.816083944797524055e+03 4.295791160747755852e-15
7.821601873397835334e+03 4.480927932007297200e-15
7.827119801998146613e+03 4.889534109132268432e-15
7.832637730598457892e+03 4.844638122573609117e-15
7.838155659198769172e+03 4.947997021652421891e-15
7.843673587799080451e+03 4.521440324533127173e-15
7.849191516399391730e+03 4.382719494691383850e-15
7.854709444999703010e+03 4.476229049938526375e-15
7.860227373600014289e+03 4.897052411303408573e-15
7.865745302200325568e+03 5.037140852217473299e-15
7.871263230800636848e+03 4.819245775171905745e-15
7.876781159400948127e+03 4.876848233023370041e-15
7.882299088001259406e+03 4.713852950247410574e-15
7.887817016601570685e+03 4.725346880087875089e-15
7.893334945201881965e+03 5.035241249372692999e-15
7.898852873802193244e+03 5.271635647489551736e-15
7.904370802402504523e+03 5.399701346929386057e-15
7.909888731002815803e+03 5.251132536172555879e-15
7.915406659603127082e+03 5.039234897827933372e-15
7.920924588203438361e+03 5.049744801896284170e-15
7.926442516803749641e+03 5.109868655424213687e-15
7.931960445404060920e+03 5.336232896109542140e-15
7.937478374004372199e+03 5.551901270330678576e-15
7.942996302604683478e+03 5.473755419405465573e-15
7.948514231204994758e+03 5.094406518238038659e-15
7.954032159805306037e+03 4.963012727940445558e-15
7.959550088405617316e+03 5.008181903556183101e-15
7.965068017005928596e+03 5.073185604187921250e-15
7.970585945606239875e+03 5.140616507816800758e-15
7.976103874206551154e+03 5.023758980040763200e-15
7.981621802806862433e+03 4.667385066564324191e-15
7.987139731407173713e+03 4.195090554744297043e-15
7.992657660007484992e+03 4.303521926470491764e-15
7.998175588607796271e+03 4.214315553177849073e-15
8.003693517208107551e+03 4.421295939930248346e-15
8.009211445808418830e+03 4.592272916515184311e-15
8.014729374408730109e+03 4.257700822423090787e-15
8.020247303009041389e+03 4.025340808823751495e-15
8.025765231609352668e+03 3.739640631829994051e-15
8.031283160209663947e+03 3.703792897023212519e-15
8.036801088809975226e+03 3.816056335872107619e-15
8.042319017410286506e+03 3.802816207019911901e-15
8.047836946010597785e+03 3.851421446773728020e-15
8.053354874610909064e+03 3.724692919935887353e-15
8.058872803211220344e+03 3.512126240984741008e-15
8.064390731811531623e+03 3.371478701401756473e-15
8.069908660411842902e+03 3.437138570650078122e-15
8.075426589012154182e+03 3.581985861962516730e-15
8.080944517612465461e+03 3.606199437956075799e-15
8.086462446212776740e+03 3.503336791948240344e-15
8.091980374813088019e+03 3.207842242091614271e-15
8.097498303413399299e+03 2.955143575776157760e-15
8.103016232013710578e+03 2.985255248995360379e-15
8.108534160614021857e+03 3.311648177809281216e-15
8.114052089214333137e+03 3.193293259015294980e-15
8.119570017814644416e+03 3.051105623694793336e-15
8.125087946414956605e+03 2.871986734884924274e-15
8.130605875015267884e+03 2.687965889435583554e-15
8.136123803615579163e+03 2.480702924645208748e-15
8.141641732215890443e+03 2.514933937515535142e-15
8.147159660816201722e+03 2.522442244965075168e-15
8.152677589416513001e+03 2.374826567204500794e-15
8.158195518016824280e+03 2.117281369523902833e-15
8.163713446617135560e+03 2.002115069790795647e-15
8.169231375217446839e+03 1.782375815174777604e-15
8.174749303817758118e+03 1.830678336012241764e-15
8.180267232418069398e+03 1.745245878734806600e-15
8.185785161018380677e+03 1.753713830893160499e-15
8.191303089618691956e+03 1.805430003462689396e-15
8.196821018219003236e+03 1.671487104851466759e-15
8.202338946819314515e+03 1.644995035203367369e-15
8.207856875419625794e+03 1.491347391521774555e-15
8.213374804019937073e+03 1.490881879791476785e-15
8.218892732620248353e+03 1.599305074018178834e-15
8.224410661220559632e+03 1.617984905818980619e-15
8.229928589820870911e+03 1.311988235662037876e-15
8.235446518421182191e+03 1.311834392666979625e-15
8.240964447021493470e+03 1.250958784639524626e-15
8.246482375621804749e+03 1.229544805883826722e-15
8.252000304222116029e+03 1.287469002909717567e-15
8.257518232822427308e+03 1.146063530272036401e-15
8.263036161422738587e+03 1.146419781523020460e-15
8.268554090023049866e+03 9.465744902294899877e-16
8.274072018623361146e+03 9.896991849677953825e-16
8.279589947223672425e+03 8.349136119449604576e-16
8.285107875823983704e+03 8.496602179256526262e-16
8.290625804424294984e+03 7.332435179462643498e-16
8.296143733024606263e+03 7.614351900025119124e-16
8.301661661624917542e+03 7.241452925863821453e-16
8.307179590225228822e+03 7.287118203115358936e-16
8.312697518825540101e+03 7.165192442876864033e-16
8.318215447425851380e+03 6.969078590031738725e-16
8.323733376026162659e+03 7.520251141851795623e-16
8.329251304626473939e+03 7.893692253942332249e-16
8.334769233226785218e+03 8.425362529522016597e-16
8.340287161827096497e+03 8.066539909253476214e-16
8.345805090427407777e+03 7.164317904736830293e-16
8.351323019027719056e+03 8.583436169085654399e-16
8.356840947628030335e+03 8.977865742231506517e-16
8.362358876228341614e+03 8.238859510106734084e-16
8.367876804828652894e+03 9.045389627058304661e-16
8.373394733428964173e+03 1.128498867105558013e-15
8.378912662029275452e+03 1.246529366322507045e-15
8.384430590629586732e+03 1.109702733089769144e-15
8.389948519229898011e+03 1.018347297787312179e-15
8.395466447830209290e+03 1.049035227280848972e-15
8.400984376430520570e+03 1.171469203969206921e-15
8.406502305030831849e+03 1.297454138663494948e-15
8.412020233631143128e+03 1.346053972181535991e-15
8.417538162231454407e+03 1.253245561798179061e-15
8.423056090831765687e+03 1.273932288265789640e-15
8.428574019432076966e+03 1.247621350231421321e-15
8.434091948032388245e+03 1.346719075473489786e-15
8.439609876632699525e+03 1.298518061634340527e-15
8.445127805233010804e+03 1.438161086265931327e-15
8.450645733833322083e+03 1.575103915709032304e-15
8.456163662433633363e+03 1.559673882780118838e-15
8.461681591033944642e+03 1.487861959516397030e-15
8.467199519634255921e+03 1.431043027264334830e-15
8.472717448234567200e+03 1.512740790237086090e-15
8.478235376834878480e+03 1.660030125193889837e-15
8.483753305435189759e+03 1.911619074541350608e-15
8.489271234035501038e+03 1.963486530851466993e-15
8.494789162635812318e+03 1.987485523200968681e-15
8.500307091236123597e+03 2.140234247679228897e-15
8.505825019836434876e+03 2.212831362329285627e-15
8.511342948436746155e+03 2.451630399602096083e-15
8.516860877037057435e+03 2.539866224853268205e-15
8.522378805637368714e+03 2.915767401374083404e-15
8.527896734237679993e+03 2.857784235490750459e-15
8.533414662837991273e+03 3.060208997850651301e-15
8.538932591438302552e+03 3.142144816919703007e-15
8.544450520038613831e+03 3.219616024136889504e-15
8.549968448638925111e+03 3.592436403441970043e-15
8.555486377239236390e+03 4.048641987883333832e-15
8.561004305839547669e+03 4.361364863381067549e-15
8.566522234439858948e+03 4.330010815979898738e-15
8.572040163040170228e+03 4.038010481368843500e-15
8.577558091640481507e+03 3.842383492613799982e-15
8.583076020240792786e+03 3.898465389865419207e-15
8.588593948841104066e+03 4.162328765949230961e-15
8.594111877441415345e+03 4.571213735232783880e-15
8.599629806041728443e+03 4.680310361686106225e-15
8.605147734642039723e+03 4.853322475598130207e-15
8.610665663242351002e+03 4.547838352937077121e-15
8.616183591842662281e+03 4.233975019130666933e-15
8.621701520442973560e+03 4.417471747436689626e-15
8.627219449043284840e+03 4.702278002587914135e-15
8.632737377643596119e+03 5.166784051883236570e-15
8.638255306243907398e+03 5.536113547516612321e-15
8.643773234844218678e+03 5.445765504433889905e-15
8.649291163444529957e+03 5.076771437714829696e-15
8.654809092044841236e+03 4.963596056237487240e-15
8.660327020645152515e+03 5.174062329300791441e-15
8.665844949245463795e+03 5.286594868457017744e-15
8.671362877845775074e+03 5.974106174804053517e-15
8.676880806446086353e+03 6.367919406784548964e-15
8.682398735046397633e+03 5.988239771193254372e-15
8.687916663646708912e+03 5.838032886140189772e-15
8.693434592247020191e+03 5.618704929461544322e-15
8.698952520847331471e+03 5.634225066320037387e-15
8.704470449447642750e+03 6.079721609436921953e-15
8.709988378047954029e+03 6.656701895345804207e-15
8.715506306648265308e+03 6.818436480283529486e-15
8.721024235248576588e+03 6.847677552677265842e-15
8.726542163848887867e+03 6.219812170443448684e-15
8.732060092449199146e+03 5.726400023363175271e-15
8.737578021049510426e+03 5.924981512397370392e-15
8.743095949649821705e+03 6.423850474601112050e-15
8.748613878250132984e+03 6.577197670893988542e-15
8.754131806850444264e+03 6.570985799984163494e-15
8.759649735450755543e+03 6.156282085507065136e-15
8.765167664051066822e+03 5.562568061241122294e-15
8.770685592651378101e+03 5.166972588677064436e-15
8.776203521251689381e+03 5.321123148577369228e-15
8.781721449852000660e+03 5.387297291682583011e-15
8.787239378452311939e+03 5.655988724040092024e-15
8.792757307052623219e+03 5.838120718542131564e-15
8.798275235652934498e+03 5.471380158673613361e-15
8.803793164253245777e+03 5.278827758292097444e-15
8.809311092853557057e+03 5.037066194675821080e-15
8.814829021453868336e+03 5.056898145293833461e-15
8.820346950054179615e+03 5.352865172898842777e-15
8.825864878654490894e+03 5.445569244446098152e-15
8.831382807254802174e+03 5.284602435849493819e-15
8.836900735855113453e+03 5.060692505057769214e-15
8.842418664455424732e+03 4.616523139821278582e-15
8.847936593055736012e+03 4.054106526200767541e-15
8.853454521656047291e+03 4.491257476781313395e-15
8.858972450256358570e+03 4.578502007371938472e-15
8.864490378856669849e+03 4.435718928940334603e-15
8.870008307456981129e+03 4.044832938907349706e-15
8.875526236057292408e+03 3.324338294103102827e-15
8.881044164657603687e+03 3.334081481876563289e-15
8.886562093257914967e+03 3.484548381126416545e-15
8.892080021858226246e+03 3.537015823602908400e-15
8.897597950458537525e+03 3.224484210732165392e-15
8.903115879058848805e+03 3.376502411922541097e-15
8.908633807659160084e+03 3.215080086317240489e-15
8.914151736259471363e+03 2.849937924728907061e-15
8.919669664859782642e+03 3.192501253046049400e-15
8.925187593460093922e+03 3.223292264463729150e-15
8.930705522060405201e+03 3.348336226406374696e-15
8.936223450660716480e+03 3.512488473925168621e-15
8.941741379261027760e+03 3.476805954895145522e-15
8.947259307861339039e+03 3.059134716713784551e-15
8.952777236461650318e+03 3.217402950478279307e-15
8.958295165061961598e+03 3.220880810724868351e-15
8.963813093662272877e+03 3.347186227681625119e-15
8.969331022262584156e+03 3.687325381705143306e-15
8.974848950862895435e+03 3.440427439797314658e-15
8.980366879463206715e+03 2.888798159487153893e-15
8.985884808063517994e+03 2.884071110475689971e-15
8.991402736663829273e+03 2.925010247326820704e-15
8.996920665264140553e+03 2.923579942091733006e-15
9.002438593864451832e+03 3.105241578937850124e-15
9.007956522464763111e+03 3.093902112976666498e-15
9.013474451065074390e+03 2.684664451168759861e-15
9.018992379665385670e+03 2.749452962415736636e-15
9.024510308265696949e+03 2.622820294044155222e-15
9.030028236866008228e+03 2.570058158715626108e-15
9.035546165466319508e+03 2.720047279985945052e-15
9.041064094066630787e+03 2.791644771040784886e-15
9.046582022666942066e+03 2.407874568481760848e-15
9.052099951267253346e+03 2.561918669453503462e-15
9.057617879867564625e+03 2.330709563189968948e-15
9.063135808467875904e+03 2.492312550959956157e-15
9.068653737068187183e+03 2.462990915052712520e-15
9.074171665668498463e+03 2.232995410287747108e-15
9.079689594268809742e+03 2.049983880284872587e-15
9.085207522869121021e+03 1.912374584633235209e-15
9.090725451469432301e+03 1.977036041767747160e-15
9.096243380069743580e+03 2.261778997015502563e-15
9.101761308670054859e+03 2.297387918550103262e-15
9.107279237270366139e+03 2.167435488255429371e-15
9.112797165870677418e+03 2.115163851461199103e-15
9.118315094470988697e+03 2.087904611212680987e-15
9.123833023071299976e+03 2.045783674249891111e-15
9.129350951671611256e+03 2.239673701538926114e-15
9.134868880271922535e+03 2.376328198407373481e-15
9.140386808872233814e+03 2.138655081666365346e-15
9.145904737472545094e+03 2.010387216266886577e-15
9.151422666072856373e+03 2.107855135573316483e-15
9.156940594673167652e+03 2.285564920072705276e-15
9.162458523273478932e+03 2.551908501465173014e-15
9.167976451873790211e+03 2.344680063894872193e-15
9.173494380474101490e+03 2.022537163288758790e-15
9.179012309074412769e+03 2.144023761517539802e-15
9.184530237674724049e+03 2.273450106011610252e-15
9.190048166275035328e+03 2.543050603729226794e-15
9.195566094875346607e+03 2.584544750499531889e-15
9.201084023475657887e+03 2.113740966549723295e-15
9.206601952075969166e+03 2.251262581234593892e-15
9.212119880676280445e+03 2.534304010847468784e-15
9.217637809276591724e+03 2.800170268565929615e-15
9.223155737876903004e+03 2.876916101291208051e-15
9.228673666477214283e+03 3.174308436770504416e-15
9.234191595077525562e+03 2.818482718630328322e-15
9.239709523677836842e+03 3.019880447628200541e-15
9.245227452278148121e+03 3.163951330794498327e-15
