3.650047851562500000e+03 5.533333348605064670e-16
3.655565780162811279e+03 1.106379768515916852e-15
3.661083708763122559e+03 8.481016581470333909e-16
3.666601637363433838e+03 8.936192578452943276e-16
3.672119565963745117e+03 9.337965285271889408e-16
3.677637494564056396e+03 7.747593269613398538e-16
3.683155423164367676e+03 1.063766142660392414e-15
3.688673351764678955e+03 1.035988641580565207e-15
3.694191280364990234e+03 1.048131936897497406e-15
3.699709208965301514e+03 1.043865394020625223e-15
3.705227137565612793e+03 1.233946333380456071e-15
3.710745066165924072e+03 1.162904649918325655e-15
3.716262994766235352e+03 8.732421971307184969e-16
3.721780923366546631e+03 8.914970883751797641e-16
3.727298851966857910e+03 7.996129082892404062e-16
3.732816780567169189e+03 6.412965819885094047e-16
3.738334709167480469e+03 6.952094524981582171e-16
3.743852637767791748e+03 6.991539442092134960e-16
3.749370566368103027e+03 4.409236099379062089e-16
3.754888494968414307e+03 5.130299157114405100e-16
3.760406423568725586e+03 5.379391950499065630e-16
3.765924352169036865e+03 5.850643973949992433e-16
3.771442280769348145e+03 4.048619894481814157e-16
3.776960209369659879e+03 4.591577273297784750e-16
3.782478137969971158e+03 4.146260200523123951e-16
3.787996066570282437e+03 4.911478985147725123e-16
3.793513995170593716e+03 3.244776044881911234e-16
3.799031923770904996e+03 5.527282211362652247e-16
3.804549852371216275e+03 4.379118152841767073e-16
3.810067780971527554e+03 7.200489587882535669e-16
3.815585709571838834e+03 5.587108836960946687e-16
3.821103638172150113e+03 4.039693535612930359e-16
3.826621566772461392e+03 8.394580984000349589e-16
3.832139495372772672e+03 8.112643675926077296e-16
3.837657423973083951e+03 8.212937540565321139e-16
3.843175352573395230e+03 9.573439915073368433e-16
3.848693281173706509e+03 1.089413006667146824e-15
3.854211209774017789e+03 1.095521535440716689e-15
3.859729138374329068e+03 1.206297822119016762e-15
3.865247066974640347e+03 1.452893086602901328e-15
3.870764995574951627e+03 1.510732610406710177e-15
3.876282924175262906e+03 1.574211501329549050e-15
3.881800852775574185e+03 1.475554142088560650e-15
3.887318781375885465e+03 1.766575306446733883e-15
3.892836709976196744e+03 1.975587171654261373e-15
3.898354638576508023e+03 2.286555374215038304e-15
3.903872567176819302e+03 2.146884709626811826e-15
3.909390495777130582e+03 2.305838176007859290e-15
3.914908424377441861e+03 2.573144971523145781e-15
3.920426352977753140e+03 2.374236838333509918e-15
3.925944281578064420e+03 2.623148989521740278e-15
3.931462210178375699e+03 2.733058475910621349e-15
3.936980138778686978e+03 2.649002463040658643e-15
3.942498067378998257e+03 2.945100613963221372e-15
3.948015995979309537e+03 2.834130042839286075e-15
3.953533924579620816e+03 3.063971082308632768e-15
3.959051853179932095e+03 2.942561085751777378e-15
3.964569781780243375e+03 3.169751765495416838e-15
3.970087710380554654e+03 3.445192916749623818e-15
3.975605638980865933e+03 3.655399466649986493e-15
3.981123567581177213e+03 3.546832565752261330e-15
3.986641496181488492e+03 3.670925663432932413e-15
3.992159424781800226e+03 3.778522929707540053e-15
3.997677353382111505e+03 3.908020427933621328e-15
4.003195281982422784e+03 4.179090602541147106e-15
4.008713210582734064e+03 3.805891163311080938e-15
4.014231139183045343e+03 4.106367064962693429e-15
4.019749067783356622e+03 3.980980682056974660e-15
4.025266996383667902e+03 4.005412915461711616e-15
4.030784924983979181e+03 3.754756814402131865e-15
4.036302853584290460e+03 3.280724218308901739e-15
4.041820782184601740e+03 3.311138907287615569e-15
4.047338710784913019e+03 3.103229147647247490e-15
4.052856639385224298e+03 3.096504741885235629e-15
4.058374567985535577e+03 2.755140102734341011e-15
4.063892496585846857e+03 2.722308195364684267e-15
4.069410425186158136e+03 2.583077281623386064e-15
4.074928353786469415e+03 2.409375320748801927e-15
4.080446282386780695e+03 2.606678560924554299e-15
4.085964210987091974e+03 2.212283582478037988e-15
4.091482139587403253e+03 2.390427271526235790e-15
4.097000068187714533e+03 2.153150171308528016e-15
4.102517996788025812e+03 2.263447662081819466e-15
4.108035925388337091e+03 2.202188318063103018e-15
4.113553853988648370e+03 1.983903298603341439e-15
4.119071782588959650e+03 2.044456256366441173e-15
4.124589711189270929e+03 1.867253600260257305e-15
4.130107639789582208e+03 1.824847844648892659e-15
4.135625568389893488e+03 1.946798074274440402e-15
4.141143496990204767e+03 1.658812507942755255e-15
4.146661425590516046e+03 1.800355773516591937e-15
4.152179354190827326e+03 1.676525171527605804e-15
4.157697282791138605e+03 1.709782528903644156e-15
4.163215211391449884e+03 1.675875800465240674e-15
4.168733139991761163e+03 1.640780164120912912e-15
4.174251068592072443e+03 1.730530037839165552e-15
4.179768997192383722e+03 1.622435008228923553e-15
4.185286925792695001e+03 1.476419154772910209e-15
4.190804854393006281e+03 1.627846239307387325e-15
4.196322782993317560e+03 1.539095919076033104e-15
4.201840711593628839e+03 1.591002438107130597e-15
4.207358640193940118e+03 1.533387117612745362e-15
4.212876568794251398e+03 1.305822169818382319e-15
4.218394497394562677e+03 1.477969968029242678e-15
4.223912425994873956e+03 1.659786602170094738e-15
4.229430354595185236e+03 1.630188001947533625e-15
4.234948283195496515e+03 1.755443231091887419e-15
4.240466211795807794e+03 1.706577823437644422e-15
4.245984140396119074e+03 1.786028212974525354e-15
4.251502068996430353e+03 1.829085597675710396e-15
4.257019997596741632e+03 1.697081500805241488e-15
4.262537926197052911e+03 1.698720640568867719e-15
4.268055854797364191e+03 1.693767092838705161e-15
4.273573783397675470e+03 1.804428314201261299e-15
4.279091711997986749e+03 1.669373998576532068e-15
4.284609640598298029e+03 1.794441246935227852e-15
4.290127569198609308e+03 1.619482505612790880e-15
4.295645497798920587e+03 1.759529508110241405e-15
4.301163426399231867e+03 1.673723147624477453e-15
4.306681354999543146e+03 1.816679618498141205e-15
4.312199283599854425e+03 1.637252372559845845e-15
4.317717212200165704e+03 1.611826418905806199e-15
4.323235140800476984e+03 1.619947903888233484e-15
4.328753069400789173e+03 1.848310067092601699e-15
4.334270998001100452e+03 1.640676257224174737e-15
4.339788926601411731e+03 1.606927308454213994e-15
4.345306855201723010e+03 1.726131776694064774e-15
4.350824783802034290e+03 1.707150233397575108e-15
4.356342712402345569e+03 1.616637202850102078e-15
4.361860641002656848e+03 1.719261351823269173e-15
4.367378569602968128e+03 1.571499346919144869e-15
4.372896498203279407e+03 1.617114324051417217e-15
4.378414426803590686e+03 1.488854676476357790e-15
4.383932355403901965e+03 1.485107291745257606e-15
4.389450284004213245e+03 1.776981049636778603e-15
4.394968212604524524e+03 1.589566370279323789e-15
4.400486141204835803e+03 1.445617835043156416e-15
4.406004069805147083e+03 1.456632154266207869e-15
4.411521998405458362e+03 1.493627205672179390e-15
4.417039927005769641e+03 1.436890878815473881e-15
4.422557855606080921e+03 1.498237796665665669e-15
4.428075784206392200e+03 1.435220239568846529e-15
4.433593712806703479e+03 1.419522771403412673e-15
4.439111641407014758e+03 1.349246672150015540e-15
4.444629570007326038e+03 1.423407444203795644e-15
4.450147498607637317e+03 1.592654072289341412e-15
4.455665427207948596e+03 1.608877115161904384e-15
4.461183355808259876e+03 1.588692551287896010e-15
4.466701284408571155e+03 1.804806533800030612e-15
4.472219213008882434e+03 1.854533755266394282e-15
4.477737141609193714e+03 1.847401775548688731e-15
4.483255070209504993e+03 2.097890218069708460e-15
4.488772998809816272e+03 2.162050374692721746e-15
4.494290927410127551e+03 2.162013305408663079e-15
4.499808856010438831e+03 2.320052270670294605e-15
4.505326784610750110e+03 2.415581132871906000e-15
4.510844713211061389e+03 2.461483067659963789e-15
4.516362641811372669e+03 2.570468079974832267e-15
4.521880570411683948e+03 2.574626990209666546e-15
4.527398499011995227e+03 2.617054573419767798e-15
4.532916427612306506e+03 2.706852938277624823e-15
4.538434356212617786e+03 2.767353396902388632e-15
4.543952284812929065e+03 2.974902624825719527e-15
4.549470213413240344e+03 2.975743928221788594e-15
4.554988142013551624e+03 3.414051895606106272e-15
4.560506070613862903e+03 3.314466487080973493e-15
4.566023999214174182e+03 3.503134842098530251e-15
4.571541927814485462e+03 3.617620785632532003e-15
4.577059856414796741e+03 3.864489798311587441e-15
4.582577785015108020e+03 3.817800376448476185e-15
4.588095713615419299e+03 4.196802381731912014e-15
4.593613642215730579e+03 4.661915957545490620e-15
4.599131570816041858e+03 4.695055521155939411e-15
4.604649499416353137e+03 4.708978706614542373e-15
4.610167428016664417e+03 4.903197481286298585e-15
4.615685356616975696e+03 4.987347390464611219e-15
4.621203285217286975e+03 4.941419488360815502e-15
4.626721213817598255e+03 4.925247307556686168e-15
4.632239142417909534e+03 5.028744184141342831e-15
4.637757071018220813e+03 4.849198636381284636e-15
4.643274999618532092e+03 4.767392183363708371e-15
4.648792928218843372e+03 4.816849758718113069e-15
4.654310856819154651e+03 4.729844950160427738e-15
4.659828785419465930e+03 4.778538747728063207e-15
4.665346714019777210e+03 4.885749703138852511e-15
4.670864642620088489e+03 5.021913839257883529e-15
4.676382571220399768e+03 4.879262766597554388e-15
4.681900499820711048e+03 4.557551810249028145e-15
4.687418428421022327e+03 4.764176375929388490e-15
4.692936357021333606e+03 4.758484453221332393e-15
4.698454285621644885e+03 4.510430540635084413e-15
4.703972214221956165e+03 4.245648596152781501e-15
4.709490142822267444e+03 4.021958611640745323e-15
4.715008071422578723e+03 3.758956180962208104e-15
4.720526000022890003e+03 3.654670688288773497e-15
4.726043928623201282e+03 3.382050942340017855e-15
4.731561857223512561e+03 3.237472078739695453e-15
4.737079785823823840e+03 3.108468147681557264e-15
4.742597714424135120e+03 3.042185821588430401e-15
4.748115643024446399e+03 2.957819706281267156e-15
4.753633571624757678e+03 2.998841102893551890e-15
4.759151500225068958e+03 2.777356270360610913e-15
4.764669428825380237e+03 2.611738612283023776e-15
4.770187357425691516e+03 2.726527319664995466e-15
4.775705286026002796e+03 2.669199201446033129e-15
4.781223214626314075e+03 2.471838757908079103e-15
4.786741143226625354e+03 2.322755882210161314e-15
4.792259071826936633e+03 2.301275267027471784e-15
4.797777000427247913e+03 2.453239573927365396e-15
4.803294929027559192e+03 2.255121185840235899e-15
4.808812857627870471e+03 2.163894054110011667e-15
4.814330786228181751e+03 2.141945650906154682e-15
4.819848714828493030e+03 2.138468288624925640e-15
4.825366643428804309e+03 2.073947223946966354e-15
4.830884572029115589e+03 2.356414980304297430e-15
4.836402500629426868e+03 2.312755266779395876e-15
4.841920429229738147e+03 2.431650761595772764e-15
4.847438357830049426e+03 2.608676162546713503e-15
4.852956286430360706e+03 2.840740606383757458e-15
4.858474215030671985e+03 2.884438330037491692e-15
4.863992143630983264e+03 2.917764933588825072e-15
4.869510072231294544e+03 2.959849672963620875e-15
4.875028000831605823e+03 2.702433978547517439e-15
4.880545929431917102e+03 2.650698429828577909e-15
4.886063858032228381e+03 2.676091077577649815e-15
4.891581786632540570e+03 2.574184228659465766e-15
4.897099715232851850e+03 2.601811006406650012e-15
4.902617643833163129e+03 2.423116358659345173e-15
4.908135572433474408e+03 2.484783464802705380e-15
4.913653501033785687e+03 2.593101041835567388e-15
4.919171429634096967e+03 2.775850166047897881e-15
4.924689358234408246e+03 2.877565835308197205e-15
4.930207286834719525e+03 3.207200021828573393e-15
4.935725215435030805e+03 3.499422268624037609e-15
4.941243144035342084e+03 3.764966109203558172e-15
4.946761072635653363e+03 4.010766134051464375e-15
4.952279001235964643e+03 4.125476374979360240e-15
4.957796929836275922e+03 4.287427937314244073e-15
4.963314858436587201e+03 4.256868358240473741e-15
4.968832787036898480e+03 4.192038320139046677e-15
4.974350715637209760e+03 4.111127175007515403e-15
4.979868644237521039e+03 4.132795582806906365e-15
4.985386572837832318e+03 4.049015801962314810e-15
4.990904501438143598e+03 4.114778593571762238e-15
4.996422430038454877e+03 3.998695095613106807e-15
5.001940358638766156e+03 3.939720310872334215e-15
5.007458287239077436e+03 3.585725771487883927e-15
5.012976215839388715e+03 3.581093804501153634e-15
5.018494144439699994e+03 3.406183046262149351e-15
5.024012073040011273e+03 3.278065014642323905e-15
5.029530001640322553e+03 3.147751992166952350e-15
5.035047930240633832e+03 2.852347620180046386e-15
5.040565858840945111e+03 2.871805042762744445e-15
5.046083787441256391e+03 2.742960114471260736e-15
5.051601716041567670e+03 2.771590773591298735e-15
5.057119644641878949e+03 2.620063018666104907e-15
5.062637573242190228e+03 2.629949603710374669e-15
5.068155501842501508e+03 2.723353285738597615e-15
5.073673430442812787e+03 2.667149100685533661e-15
5.079191359043124066e+03 3.080427210065273066e-15
5.084709287643435346e+03 3.242756615661015818e-15
5.090227216243746625e+03 3.358913311343013387e-15
5.095745144844057904e+03 3.258702241043793406e-15
5.101263073444369184e+03 2.843856307934224838e-15
5.106781002044680463e+03 3.122317947247864864e-15
5.112298930644991742e+03 3.023030410177879519e-15
5.117816859245303021e+03 3.062452935182825772e-15
5.123334787845614301e+03 3.224071062130133643e-15
5.128852716445925580e+03 3.119764682702734471e-15
5.134370645046236859e+03 3.181990274303384359e-15
5.139888573646548139e+03 3.061391850447766814e-15
5.145406502246859418e+03 3.157743951825805540e-15
5.150924430847170697e+03 3.181014994611627093e-15
5.156442359447481977e+03 3.012218786552735517e-15
5.161960288047793256e+03 3.140983554869558854e-15
5.167478216648104535e+03 3.251181316096902281e-15
5.172996145248415814e+03 3.169013390517519158e-15
5.178514073848727094e+03 3.178361436013688608e-15
5.184032002449038373e+03 3.312508400939280264e-15
5.189549931049349652e+03 3.359085485936483152e-15
5.195067859649660932e+03 3.402711705387461769e-15
5.200585788249972211e+03 3.345862477157986443e-15
5.206103716850283490e+03 3.387251932245491793e-15
5.211621645450594769e+03 3.575150676238689510e-15
5.217139574050906049e+03 3.682449318382326168e-15
5.222657502651217328e+03 3.669783289709482689e-15
5.228175431251528607e+03 3.840648227255377904e-15
5.233693359851839887e+03 3.883358063897400051e-15
5.239211288452152075e+03 4.039500662434448563e-15
5.244729217052463355e+03 4.179905938621480216e-15
5.250247145652774634e+03 4.170054353002772208e-15
5.255765074253085913e+03 4.307688276826277590e-15
5.261283002853397193e+03 4.503058457331295125e-15
5.266800931453708472e+03 4.699248113633653008e-15
5.272318860054019751e+03 4.791182760633212516e-15
5.277836788654331031e+03 4.766014786615947090e-15
5.283354717254642310e+03 5.041624537253493233e-15
5.288872645854953589e+03 5.315763371172831463e-15
5.294390574455264868e+03 5.313000674581219017e-15
5.299908503055576148e+03 5.305841222196136722e-15
5.305426431655887427e+03 5.407048082603171294e-15
5.310944360256198706e+03 5.434875448455963046e-15
5.316462288856509986e+03 5.511426718909134251e-15
5.321980217456821265e+03 5.598704936957872243e-15
5.327498146057132544e+03 5.620584846662256370e-15
5.333016074657443824e+03 5.807705135690216952e-15
5.338534003257755103e+03 6.184235541754822365e-15
5.344051931858066382e+03 6.244334447830442621e-15
5.349569860458377661e+03 6.254065793487159874e-15
5.355087789058688941e+03 6.466731899793255057e-15
5.360605717659000220e+03 6.603491402484672913e-15
5.366123646259311499e+03 6.531546884378314469e-15
5.371641574859622779e+03 6.480390896039583198e-15
5.377159503459934058e+03 6.296306336756375750e-15
5.382677432060245337e+03 6.101111153379138584e-15
5.388195360660556616e+03 5.955136640642460729e-15
5.393713289260867896e+03 5.733822289182397871e-15
5.399231217861179175e+03 5.776391187277411218e-15
5.404749146461490454e+03 5.686531667509302864e-15
5.410267075061801734e+03 5.350853305997833277e-15
5.415785003662113013e+03 5.329440055300895283e-15
5.421302932262424292e+03 5.182602035231498206e-15
5.426820860862735572e+03 5.391590002981790598e-15
5.432338789463046851e+03 5.588162583106776424e-15
5.437856718063358130e+03 5.654463914264328108e-15
5.443374646663669409e+03 5.728026120873483613e-15
5.448892575263980689e+03 6.071941202035184217e-15
5.454410503864291968e+03 6.427157146104022489e-15
5.459928432464603247e+03 6.827940460559617323e-15
5.465446361064914527e+03 6.708447717481297285e-15
5.470964289665225806e+03 6.839818625819498913e-15
5.476482218265537085e+03 6.772604298894178391e-15
5.482000146865848365e+03 6.701245927081435257e-15
5.487518075466159644e+03 6.731683008165746946e-15
5.493036004066470923e+03 6.674585208747236354e-15
5.498553932666782202e+03 6.912170153374679539e-15
5.504071861267093482e+03 6.711261784197522361e-15
5.509589789867404761e+03 6.670429497384624650e-15
5.515107718467716040e+03 6.771862348706144981e-15
5.520625647068027320e+03 6.833754504919216146e-15
5.526143575668338599e+03 6.813087344127313278e-15
5.531661504268649878e+03 6.727301682226567765e-15
5.537179432868961158e+03 6.509367597867159081e-15
5.542697361469272437e+03 6.720952861697954429e-15
5.548215290069583716e+03 6.478113675350868759e-15
5.553733218669894995e+03 6.453062742423369935e-15
5.559251147270206275e+03 6.614244129227028348e-15
5.564769075870517554e+03 6.552623877153360377e-15
5.570287004470828833e+03 6.623991845582784646e-15
5.575804933071140113e+03 6.351432313699516574e-15
5.581322861671451392e+03 6.563763667435354148e-15
5.586840790271762671e+03 6.712383647504916337e-15
5.592358718872073950e+03 6.512249029069124648e-15
5.597876647472385230e+03 6.617994524661399656e-15
5.603394576072696509e+03 6.310676235313224432e-15
5.608912504673007788e+03 6.049320659325461737e-15
5.614430433273319068e+03 5.943826557456545220e-15
5.619948361873630347e+03 5.733250255560377383e-15
5.625466290473941626e+03 5.655202101073267830e-15
5.630984219074252906e+03 5.608983289765646859e-15
5.636502147674564185e+03 5.336514455318491941e-15
5.642020076274875464e+03 5.267151615269407153e-15
5.647538004875186743e+03 5.198756151815982255e-15
5.653055933475498023e+03 5.224650646167010145e-15
5.658573862075809302e+03 5.103151269356709838e-15
5.664091790676120581e+03 5.185482149250789226e-15
5.669609719276431861e+03 5.067500779215915908e-15
5.675127647876743140e+03 5.268521108921074609e-15
5.680645576477054419e+03 5.230236817922577547e-15
5.686163505077365699e+03 5.171466196497555687e-15
5.691681433677676978e+03 4.904965516783829594e-15
5.697199362277988257e+03 4.955011684628263221e-15
5.702717290878299536e+03 4.591242332558581608e-15
5.708235219478610816e+03 4.549886936051857687e-15
5.713753148078922095e+03 4.374774837031416036e-15
5.719271076679233374e+03 4.051377322342694098e-15
5.724789005279544654e+03 3.725914088870246941e-15
5.730306933879855933e+03 3.679625655049417591e-15
5.735824862480167212e+03 3.598981145326573180e-15
5.741342791080478491e+03 3.284783210828836742e-15
5.746860719680789771e+03 3.355744357978392842e-15
5.752378648281101050e+03 3.236748757278160692e-15
5.757896576881412329e+03 3.260818953614224410e-15
5.763414505481723609e+03 3.374510447821851700e-15
5.768932434082034888e+03 3.244787335019187960e-15
5.774450362682346167e+03 3.481907502328746450e-15
5.779968291282657447e+03 3.288526644011886660e-15
5.785486219882968726e+03 3.504375251847333590e-15
5.791004148483280005e+03 3.537032538427116021e-15
5.796522077083591284e+03 3.660235220614558701e-15
5.802040005683902564e+03 3.760994991585426114e-15
5.807557934284213843e+03 3.847481206504203656e-15
5.813075862884525122e+03 4.080614450003447958e-15
5.818593791484836402e+03 4.226529689519427245e-15
5.824111720085147681e+03 4.361553333604557354e-15
5.829629648685458960e+03 4.411459315577799025e-15
5.835147577285770240e+03 4.629870220068198201e-15
5.840665505886081519e+03 4.710671662699188740e-15
5.846183434486392798e+03 4.641390111638501424e-15
5.851701363086704077e+03 4.627085319539941911e-15
5.857219291687015357e+03 4.663511253942694160e-15
5.862737220287326636e+03 4.776194727060458880e-15
5.868255148887637915e+03 4.740358514161466743e-15
5.873773077487949195e+03 4.921172320675611865e-15
5.879291006088260474e+03 4.822320394735548346e-15
5.884808934688571753e+03 4.902903937717099782e-15
5.890326863288883942e+03 5.168679790617669652e-15
5.895844791889195221e+03 5.351078356067547784e-15
5.901362720489506501e+03 5.387855978246468589e-15
5.906880649089817780e+03 5.495968639287756711e-15
5.912398577690129059e+03 5.422446324496975208e-15
5.917916506290440338e+03 5.238787027051192002e-15
5.923434434890751618e+03 5.203267878840718638e-15
5.928952363491062897e+03 5.325236360854862130e-15
5.934470292091374176e+03 5.350995373558564583e-15
5.939988220691685456e+03 5.388721555437683936e-15
5.945506149291996735e+03 5.510051956526738630e-15
5.951024077892308014e+03 5.505729903808256439e-15
5.956542006492619294e+03 5.525420279556770325e-15
5.962059935092930573e+03 5.393032506187846571e-15
5.967577863693241852e+03 5.442804888203318720e-15
5.973095792293553131e+03 5.531040133555211523e-15
5.978613720893864411e+03 5.595218918904737263e-15
5.984131649494175690e+03 5.653042109643276769e-15
5.989649578094486969e+03 5.406463817999096122e-15
5.995167506694798249e+03 5.548509739301394992e-15
6.000685435295109528e+03 5.585268544584850512e-15
6.006203363895420807e+03 5.394031871505792948e-15
6.011721292495732087e+03 5.206992495128304455e-15
6.017239221096043366e+03 5.067853407836856504e-15
6.022757149696354645e+03 4.735888936982566728e-15
6.028275078296665924e+03 4.770204180221431801e-15
6.033793006896977204e+03 4.551445727671870518e-15
6.039310935497288483e+03 4.498076872426896345e-15
6.044828864097599762e+03 4.338576775232698363e-15
6.050346792697911042e+03 4.460721759726272478e-15
6.055864721298222321e+03 4.675453584816096034e-15
6.061382649898533600e+03 4.482865105967104327e-15
6.066900578498844880e+03 4.556308954303813949e-15
6.072418507099156159e+03 4.373067015599358792e-15
6.077936435699467438e+03 4.551129791997077406e-15
6.083454364299778717e+03 4.617011318216881111e-15
6.088972292900089997e+03 4.475491329142726152e-15
6.094490221500401276e+03 4.231051389498759890e-15
6.100008150100712555e+03 4.214905364179317764e-15
6.105526078701023835e+03 3.971738575682249101e-15
6.111044007301335114e+03 3.963262316952800727e-15
6.116561935901646393e+03 3.857658324414400111e-15
6.122079864501957672e+03 3.845031246715158593e-15
6.127597793102269861e+03 3.697855839710137458e-15
6.133115721702581141e+03 3.827585914764122194e-15
6.138633650302892420e+03 3.859358995426180374e-15
6.144151578903203699e+03 4.078720529475272646e-15
6.149669507503514978e+03 4.299065058143267518e-15
6.155187436103826258e+03 4.662258801380790940e-15
6.160705364704137537e+03 4.688576864048649453e-15
6.166223293304448816e+03 4.825650232556362720e-15
6.171741221904760096e+03 5.230559904017642909e-15
6.177259150505071375e+03 5.119408878866236781e-15
6.182777079105382654e+03 5.229584436156931629e-15
6.188295007705693934e+03 5.120362142790298693e-15
6.193812936306005213e+03 4.867791046279636489e-15
6.199330864906316492e+03 4.986572887047427307e-15
6.204848793506627771e+03 4.867866313861477906e-15
6.210366722106939051e+03 4.705200085836982999e-15
6.215884650707250330e+03 4.736440648357486665e-15
6.221402579307561609e+03 4.568490447918532251e-15
6.226920507907872889e+03 4.338027698223144875e-15
6.232438436508184168e+03 4.143146945169067922e-15
6.237956365108495447e+03 4.193542730931170034e-15
6.243474293708806726e+03 4.066073694035804846e-15
6.248992222309118006e+03 4.011069086068395426e-15
6.254510150909429285e+03 4.043834757966025507e-15
6.260028079509740564e+03 3.878454569109165124e-15
6.265546008110051844e+03 3.784676995368127806e-15
6.271063936710363123e+03 3.662743700948490221e-15
6.276581865310674402e+03 3.505708052552853562e-15
6.282099793910985682e+03 3.507368831746256666e-15
6.287617722511296961e+03 3.456034835576460294e-15
6.293135651111608240e+03 3.402886138008386407e-15
6.298653579711919519e+03 3.421297341203444668e-15
6.304171508312230799e+03 3.345186009766157724e-15
6.309689436912542078e+03 3.229656481209882230e-15
6.315207365512853357e+03 3.265137807460477321e-15
6.320725294113164637e+03 3.391350252076944674e-15
6.326243222713475916e+03 3.407319022241136571e-15
6.331761151313787195e+03 3.612968120060794708e-15
6.337279079914098475e+03 3.659463163393782887e-15
6.342797008514409754e+03 3.797512940606985785e-15
6.348314937114721033e+03 3.818378619646003980e-15
6.353832865715032312e+03 3.866475921627513539e-15
6.359350794315343592e+03 4.161548363578484724e-15
6.364868722915654871e+03 4.093434589050123018e-15
6.370386651515966150e+03 4.180603292767273106e-15
6.375904580116277430e+03 4.199800854023656017e-15
6.381422508716588709e+03 4.452979171750845405e-15
6.386940437316899988e+03 4.617800310643564716e-15
6.392458365917211268e+03 4.512481205902448289e-15
6.397976294517522547e+03 4.725572197708058108e-15
6.403494223117833826e+03 4.725370292419754754e-15
6.409012151718145105e+03 4.842824036705896064e-15
6.414530080318456385e+03 4.987011132542719921e-15
6.420048008918767664e+03 5.262200325566698875e-15
6.425565937519078943e+03 5.338539529608021578e-15
6.431083866119390223e+03 5.590521280952841953e-15
6.436601794719701502e+03 5.847979501552688208e-15
6.442119723320012781e+03 5.846862530638117525e-15
6.447637651920324060e+03 5.899429409798526311e-15
6.453155580520635340e+03 5.823801860743540994e-15
6.458673509120946619e+03 5.792418666155443586e-15
6.464191437721257898e+03 6.032944503374531347e-15
6.469709366321569178e+03 5.997694436769148998e-15
6.475227294921880457e+03 5.851031413827544910e-15
6.480745223522191736e+03 5.890142519212607400e-15
6.486263152122503016e+03 5.866440757689675481e-15
6.491781080722814295e+03 5.970978396762287001e-15
6.497299009323125574e+03 5.991559188004024163e-15
6.502816937923436853e+03 6.078927162644109577e-15
6.508334866523748133e+03 6.276919665700601870e-15
6.513852795124059412e+03 6.303782289323111227e-15
6.519370723724370691e+03 6.410217988640896620e-15
6.524888652324681971e+03 6.379231454209113949e-15
6.530406580924993250e+03 6.353169489488486756e-15
6.535924509525304529e+03 6.476530609935715169e-15
6.541442438125615809e+03 6.473967184267038839e-15
6.546960366725927088e+03 6.352662938662672143e-15
6.552478295326238367e+03 6.320873299132613411e-15
6.557996223926549646e+03 6.359975184238891750e-15
6.563514152526860926e+03 6.355922589463414123e-15
6.569032081127172205e+03 6.362218158177864435e-15
6.574550009727483484e+03 6.506919707936610143e-15
6.580067938327794764e+03 6.539534091994731078e-15
6.585585866928106043e+03 6.381911920967561615e-15
6.591103795528417322e+03 6.285752692768002023e-15
6.596621724128728601e+03 6.354645110430558823e-15
6.602139652729039881e+03 6.510312394188253687e-15
6.607657581329351160e+03 6.744823975280039990e-15
6.613175509929662439e+03 6.466819398357144847e-15
6.618693438529973719e+03 6.499372815673983061e-15
6.624211367130284998e+03 6.606482536187188682e-15
6.629729295730596277e+03 6.375691431665995946e-15
6.635247224330907557e+03 6.339696780507223992e-15
6.640765152931218836e+03 6.194604780167670065e-15
6.646283081531530115e+03 5.964486944166081501e-15
6.651801010131841394e+03 5.860475613659517976e-15
6.657318938732152674e+03 5.709461371811462913e-15
6.662836867332463953e+03 5.620745919287397902e-15
6.668354795932775232e+03 5.442685777255047316e-15
6.673872724533086512e+03 5.476871183915227088e-15
6.679390653133397791e+03 5.281138025496763879e-15
6.684908581733709070e+03 5.228617812237091740e-15
6.690426510334020350e+03 5.247613656374130439e-15
6.695944438934331629e+03 5.158769119947204862e-15
6.701462367534642908e+03 5.237980911249631998e-15
6.706980296134954187e+03 5.054290565926335923e-15
6.712498224735265467e+03 4.950546435335318541e-15
6.718016153335576746e+03 5.059026966682874842e-15
6.723534081935888025e+03 4.904735197983381400e-15
6.729052010536199305e+03 4.851467201298093137e-15
6.734569939136510584e+03 4.816271703689544415e-15
6.740087867736821863e+03 4.993789730963661721e-15
6.745605796337133143e+03 5.119386674929592936e-15
6.751123724937444422e+03 4.909399341861350223e-15
6.756641653537755701e+03 4.888528582260560637e-15
6.762159582138066980e+03 4.785323367555550017e-15
6.767677510738378260e+03 4.876749582039761873e-15
6.773195439338689539e+03 4.734893146874761209e-15
6.778713367939000818e+03 4.624083272038067305e-15
6.784231296539312098e+03 4.715760503907718580e-15
6.789749225139623377e+03 4.509677300309774672e-15
6.795267153739934656e+03 4.591005992351588403e-15
6.800785082340245935e+03 4.473078062299822263e-15
6.806303010940557215e+03 4.475184237408798907e-15
6.811820939540868494e+03 4.416240688714488859e-15
6.817338868141179773e+03 4.309874611909904746e-15
6.822856796741491053e+03 4.647917692673992760e-15
6.828374725341803241e+03 4.470075262122129235e-15
6.833892653942114521e+03 4.232783484725957104e-15
6.839410582542425800e+03 4.287518070243501890e-15
6.844928511142737079e+03 4.332265023988151583e-15
6.850446439743048359e+03 4.131774013552317720e-15
6.855964368343359638e+03 4.109631796325209166e-15
6.861482296943670917e+03 3.897341651590437497e-15
6.867000225543982197e+03 3.386482697559041569e-15
6.872518154144293476e+03 3.063204105649633866e-15
6.878036082744604755e+03 3.048647731658762638e-15
6.883554011344916034e+03 3.295434702673605732e-15
6.889071939945227314e+03 3.299992719261173494e-15
6.894589868545538593e+03 3.186536624415766185e-15
6.900107797145849872e+03 3.368329850338663189e-15
6.905625725746161152e+03 3.552183526314565922e-15
6.911143654346472431e+03 3.497727807187755187e-15
6.916661582946783710e+03 3.630486085228311598e-15
6.922179511547094990e+03 3.611416855198970042e-15
6.927697440147406269e+03 3.600777029829395272e-15
6.933215368747717548e+03 3.733451760854097761e-15
6.938733297348028827e+03 3.856555278002461165e-15
6.944251225948340107e+03 3.730393827172696048e-15
6.949769154548651386e+03 3.958664596715809032e-15
6.955287083148962665e+03 4.019275698685888772e-15
6.960805011749273945e+03 3.923925220653247745e-15
6.966322940349585224e+03 4.117230058712445723e-15
6.971840868949896503e+03 4.158273282923464697e-15
6.977358797550207782e+03 3.862823185880586635e-15
6.982876726150519062e+03 4.016409321000279024e-15
6.988394654750830341e+03 4.084831316276301525e-15
6.993912583351141620e+03 3.901120648705904899e-15
6.999430511951452900e+03 3.997828953915029023e-15
7.004948440551764179e+03 4.106652329097889589e-15
7.010466369152075458e+03 4.076444437800291757e-15
7.015984297752386738e+03 4.155552548008732634e-15
7.021502226352698017e+03 3.867113438045737536e-15
7.027020154953009296e+03 3.855309035016068407e-15
7.032538083553320575e+03 4.145409112341415497e-15
7.038056012153631855e+03 4.125804165298293698e-15
7.043573940753943134e+03 4.066188100760205788e-15
7.049091869354254413e+03 4.075156233137019406e-15
7.054609797954565693e+03 4.072845142036472819e-15
7.060127726554876972e+03 4.061039045486209283e-15
7.065645655155189161e+03 3.990857482315608091e-15
7.071163583755500440e+03 4.043091114257401633e-15
7.076681512355811719e+03 4.073981682522328786e-15
7.082199440956122999e+03 3.911697813813602541e-15
7.087717369556434278e+03 4.013255044814119287e-15
7.093235298156745557e+03 3.930469172387792325e-15
7.098753226757056837e+03 4.002619170992587092e-15
7.104271155357368116e+03 3.946786619624881850e-15
7.109789083957679395e+03 4.037622171760556819e-15
7.115307012557990674e+03 4.105489256789432075e-15
7.120824941158301954e+03 4.156780162268616093e-15
7.126342869758613233e+03 4.054954978676735571e-15
7.131860798358924512e+03 4.110828739045501195e-15
7.137378726959235792e+03 4.005599390895733768e-15
7.142896655559547071e+03 3.983206156283173173e-15
7.148414584159858350e+03 3.946765356533010835e-15
7.153932512760169629e+03 3.764042575974324325e-15
7.159450441360480909e+03 3.606758356389646878e-15
7.164968369960792188e+03 3.396239822362536032e-15
7.170486298561103467e+03 3.528665982198200888e-15
7.176004227161414747e+03 3.520021688592278154e-15
7.181522155761726026e+03 3.224975213957044502e-15
7.187040084362037305e+03 3.355329069095565256e-15
7.192558012962348585e+03 3.500590986001132894e-15
7.198075941562659864e+03 3.625541945945881090e-15
7.203593870162971143e+03 3.686784542927630350e-15
7.209111798763282422e+03 3.736774824592546336e-15
7.214629727363593702e+03 4.030892685436766073e-15
7.220147655963904981e+03 4.234277546225580116e-15
7.225665584564216260e+03 4.186611151150126259e-15
7.231183513164527540e+03 4.070875953926460034e-15
7.236701441764838819e+03 4.088478030616682630e-15
7.242219370365150098e+03 4.133842366701414121e-15
7.247737298965461378e+03 4.274481160561122066e-15
7.253255227565772657e+03 4.327950498027852823e-15
7.258773156166083936e+03 4.336949866451126618e-15
7.264291084766395215e+03 4.278239082753673650e-15
7.269809013366706495e+03 4.339514421133533342e-15
7.275326941967017774e+03 4.375634204647131177e-15
7.280844870567329053e+03 4.481737409422115016e-15
7.286362799167640333e+03 4.312814939994686097e-15
7.291880727767951612e+03 4.485530331040228354e-15
7.297398656368262891e+03 4.211405609792487313e-15
7.302916584968574170e+03 4.461701555472935148e-15
7.308434513568885450e+03 4.589944531278621023e-15
7.313952442169196729e+03 4.525183927521437674e-15
7.319470370769508008e+03 4.448593706094661353e-15
7.324988299369819288e+03 4.562441380534621870e-15
7.330506227970130567e+03 4.675105660419015645e-15
7.336024156570441846e+03 4.650862348644716825e-15
7.341542085170753126e+03 4.638557792533682176e-15
7.347060013771064405e+03 4.706414528270052354e-15
7.352577942371375684e+03 4.829037650077289142e-15
7.358095870971686963e+03 4.785729247990646538e-15
7.363613799571998243e+03 4.908581183246702565e-15
7.369131728172309522e+03 5.030728237598771227e-15
7.374649656772620801e+03 4.897270535553931720e-15
7.380167585372932081e+03 4.704731356971046263e-15
7.385685513973243360e+03 4.844786074395631867e-15
7.391203442573554639e+03 4.718683144110753208e-15
7.396721371173865919e+03 4.907360719407085833e-15
7.402239299774177198e+03 4.659560834909563581e-15
7.407757228374488477e+03 4.487291404286442312e-15
7.413275156974799756e+03 4.669925180929594299e-15
7.418793085575111036e+03 5.094444127319949256e-15
7.424311014175422315e+03 4.965582640160455922e-15
7.429828942775733594e+03 4.831026031420671296e-15
7.435346871376044874e+03 4.783228670752812789e-15
7.440864799976356153e+03 4.597271077695398538e-15
7.446382728576667432e+03 4.867300866152871964e-15
7.451900657176978712e+03 5.184013866897950916e-15
7.457418585777289991e+03 4.980921420664608438e-15
7.462936514377601270e+03 4.889236285698857026e-15
7.468454442977912549e+03 4.911211032556358389e-15
7.473972371578223829e+03 5.008979293486802005e-15
7.479490300178535108e+03 4.953871380763313566e-15
7.485008228778846387e+03 5.115427035617688462e-15
7.490526157379157667e+03 5.365249171870423437e-15
7.496044085979468946e+03 5.105428301876475390e-15
7.501562014579780225e+03 4.867058128201422566e-15
7.507079943180091504e+03 4.733653113463863925e-15
7.512597871780402784e+03 4.905572361662455061e-15
7.518115800380714063e+03 4.808215061728876990e-15
7.523633728981025342e+03 4.887672601686025635e-15
7.529151657581336622e+03 4.557284798502428522e-15
7.534669586181647901e+03 4.531904381735407355e-15
7.540187514781959180e+03 4.196050458589283920e-15
7.545705443382270460e+03 4.176635374021369933e-15
7.551223371982581739e+03 4.172393293108594889e-15
7.556741300582893018e+03 3.973746526596915750e-15
7.562259229183204297e+03 3.808182120333486115e-15
7.567777157783515577e+03 3.634391343712328964e-15
7.573295086383826856e+03 3.164140567268887888e-15
7.578813014984138135e+03 3.111560516281653167e-15
7.584330943584449415e+03 3.023080274950853727e-15
7.589848872184760694e+03 2.606569987437740409e-15
7.595366800785071973e+03 1.930677263594919360e-15
7.600884729385383253e+03 1.296602643718211789e-15
7.606402657985694532e+03 8.757210032205084505e-16
7.611920586586005811e+03 9.539063328755291707e-16
7.617438515186317090e+03 1.305930931474147462e-15
7.622956443786628370e+03 1.676140554184380495e-15
7.628474372386939649e+03 1.755976501909256805e-15
7.633992300987250928e+03 1.455922794941111227e-15
7.639510229587562208e+03 1.391941455275665104e-15
7.645028158187873487e+03 1.616412830188623401e-15
7.650546086788184766e+03 1.973666907472447205e-15
7.656064015388496045e+03 2.433719491082778375e-15
7.661581943988807325e+03 2.697811796346421899e-15
7.667099872589118604e+03 2.756123473691146116e-15
7.672617801189429883e+03 2.753368115688759933e-15
7.678135729789741163e+03 3.106027408171286491e-15
7.683653658390052442e+03 3.206581886812671595e-15
7.689171586990363721e+03 3.272896013459130932e-15
7.694689515590675001e+03 3.650700887853323874e-15
7.700207444190986280e+03 3.693075031080313216e-15
7.705725372791297559e+03 3.586209930208101865e-15
7.711243301391608838e+03 3.463819197059807425e-15
7.716761229991920118e+03 3.549995497710332526e-15
7.722279158592231397e+03 3.693330940858586972e-15
7.727797087192542676e+03 3.979349069051535607e-15
7.733315015792853956e+03 4.121751006015952846e-15
7.738832944393165235e+03 4.021883344058899961e-15
7.744350872993476514e+03 4.043026572305970955e-15
7.749868801593788703e+03 4.005688018473350007e-15
7.755386730194099982e+03 4.379865748098442001e-15
7.760904658794411262e+03 4.593284530222987644e-15
7.766422587394722541e+03 4.504620824161440136e-15
7.771940515995033820e+03 4.577176891370286621e-15
7.777458444595345100e+03 4.485317511952560641e-15
7.782976373195656379e+03 4.803264712870950220e-15
7.788494301795967658e+03 5.408802381767017875e-15
7.794012230396278937e+03 5.677464746431321548e-15
7.799530158996590217e+03 5.679496971141134478e-15
7.805048087596901496e+03 5.586654220766612070e-15
7.810566016197212775e+03 5.537690588918060853e-15
7.816083944797524055e+03 5.337825428425270573e-15
7.821601873397835334e+03 5.567871007548281942e-15
7.827119801998146613e+03 6.075593185106294277e-15
7.832637730598457892e+03 6.019806735132468767e-15
7.838155659198769172e+03 6.148237503554856862e-15
7.843673587799080451e+03 5.618210530792958385e-15
7.849191516399391730e+03 5.445840053441213363e-15
7.854709444999703010e+03 5.562032313055631176e-15
7.860227373600014289e+03 6.084935209195917928e-15
7.865745302200325568e+03 6.259005040376765511e-15
7.871263230800636848e+03 5.988254941161040084e-15
7.876781159400948127e+03 6.059830083609494293e-15
7.882299088001259406e+03 5.857296875509257551e-15
7.887817016601570685e+03 5.871578899164312360e-15
7.893334945201881965e+03 6.256644649010112673e-15
7.898852873802193244e+03 6.550381467721246973e-15
7.904370802402504523e+03 6.709512189257542298e-15
7.909888731002815803e+03 6.524904896618420613e-15
7.915406659603127082e+03 6.261607040681145240e-15
7.920924588203438361e+03 6.274666342469120952e-15
7.926442516803749641e+03 6.349374498011873349e-15
7.931960445404060920e+03 6.630648134183233254e-15
7.937478374004372199e+03 6.898631397090353198e-15
7.942996302604683478e+03 6.801529630597136911e-15
7.948514231204994758e+03 6.330161695070169955e-15
7.954032159805306037e+03 6.166895584418366632e-15
7.959550088405617316e+03 6.223021491186311535e-15
7.965068017005928596e+03 6.303793203122470853e-15
7.970585945606239875e+03 6.387580887063168066e-15
7.976103874206551154e+03 6.242377114364566236e-15
7.981621802806862433e+03 5.799557231786561316e-15
7.987139731407173713e+03 5.212697777832146418e-15
7.992657660007484992e+03 5.347431453558213060e-15
7.998175588607796271e+03 5.236586202958043853e-15
8.003693517208107551e+03 5.493774024770120601e-15
8.009211445808418830e+03 5.706225053961090439e-15
8.014729374408730109e+03 5.290495479440662422e-15
8.020247303009041389e+03 5.001771669849347798e-15
8.025765231609352668e+03 4.646768921206086843e-15
8.031283160209663947e+03 4.602225566270327812e-15
8.036801088809975226e+03 4.741720857392861161e-15
8.042319017410286506e+03 4.725269057522174226e-15
8.047836946010597785e+03 4.785664517870262240e-15
8.053354874610909064e+03 4.628195328203196330e-15
8.058872803211220344e+03 4.364066141824444998e-15
8.064390731811531623e+03 4.189301590863167031e-15
8.069908660411842902e+03 4.270888638879667348e-15
8.075426589012154182e+03 4.450871679459196580e-15
8.080944517612465461e+03 4.480958766287928600e-15
8.086462446212776740e+03 4.353144627529806247e-15
8.091980374813088019e+03 3.985971675409104110e-15
8.097498303413399299e+03 3.671975646199667476e-15
8.103016232013710578e+03 3.709391537472630699e-15
8.108534160614021857e+03 4.114957918585501097e-15
8.114052089214333137e+03 3.967893531263712599e-15
8.119570017814644416e+03 3.791215302034029093e-15
8.125087946414956605e+03 3.568647368998341299e-15
8.130605875015267884e+03 3.339988406901864319e-15
8.136123803615579163e+03 3.082449461820489340e-15
8.141641732215890443e+03 3.124983924996808891e-15
8.147159660816201722e+03 3.134313529935429762e-15
8.152677589416513001e+03 2.950890572696634239e-15
8.158195518016824280e+03 2.630872384263792460e-15
8.163713446617135560e+03 2.487770082450308644e-15
8.169231375217446839e+03 2.214728461705312054e-15
8.174749303817758118e+03 2.274747772313134374e-15
8.180267232418069398e+03 2.168591880230855468e-15
8.185785161018380677e+03 2.179113911834849947e-15
8.191303089618691956e+03 2.243374927017535733e-15
8.196821018219003236e+03 2.076941368352751866e-15
8.202338946819314515e+03 2.044023091432923893e-15
8.207856875419625794e+03 1.853104988394024314e-15
8.213374804019937073e+03 1.852526557027549604e-15
8.218892732620248353e+03 1.987250071630068337e-15
8.224410661220559632e+03 2.010461088519369745e-15
8.229928589820870911e+03 1.630238506494951678e-15
8.235446518421182191e+03 1.630047345653959593e-15
8.240964447021493470e+03 1.554405081786729370e-15
8.246482375621804749e+03 1.527796693238803835e-15
8.252000304222116029e+03 1.599771619448229726e-15
8.257518232822427308e+03 1.424065282869118220e-15
8.263036161422738587e+03 1.424507950334843965e-15
8.268554090023049866e+03 1.176185991072750863e-15
8.274072018623361146e+03 1.229771485235166725e-15
8.279589947223672425e+03 1.037439424220625203e-15
8.285107875823983704e+03 1.055763128851787758e-15
8.290625804424294984e+03 9.111071159800717707e-16
8.296143733024606263e+03 9.461372695281950383e-16
8.301661661624917542e+03 8.998019251869823161e-16
8.307179590225228822e+03 9.054761600133068749e-16
8.312697518825540101e+03 8.903260188861524032e-16
8.318215447425851380e+03 8.659574806725533577e-16
8.323733376026162659e+03 9.344445824068720294e-16
8.329251304626473939e+03 9.808472912338362872e-16
8.334769233226785218e+03 1.046911096719974618e-15
8.340287161827096497e+03 1.002324839262566713e-15
8.345805090427407777e+03 8.902173513148642668e-16
8.351323019027719056e+03 1.066552868427509936e-15
8.356840947628030335e+03 1.115563542514709968e-15
8.362358876228341614e+03 1.023736772776822075e-15
8.367876804828652894e+03 1.123953864482592587e-15
8.373394733428964173e+03 1.402239942161579553e-15
8.378912662029275452e+03 1.548901215131910917e-15
8.384430590629586732e+03 1.378884411515135193e-15
8.389948519229898011e+03 1.265368798829384758e-15
8.395466447830209290e+03 1.303500729425333809e-15
8.400984376430520570e+03 1.455633635708558302e-15
8.406502305030831849e+03 1.612178859357794359e-15
8.412020233631143128e+03 1.672567602074206723e-15
8.417538162231454407e+03 1.557246564719640450e-15
8.423056090831765687e+03 1.582951290679937141e-15
8.428574019432076966e+03 1.550258082646722429e-15
8.434091948032388245e+03 1.673394040122863137e-15
8.439609876632699525e+03 1.613500859165317450e-15
8.445127805233010804e+03 1.787017228999964681e-15
8.450645733833322083e+03 1.957178414655613969e-15
8.456163662433633363e+03 1.938005503532284577e-15
8.461681591033944642e+03 1.848774091734673888e-15
8.467199519634255921e+03 1.778172535457381353e-15
8.472717448234567200e+03 1.879687804781020083e-15
8.478235376834878480e+03 2.062705257922624747e-15
8.483753305435189759e+03 2.375322385032667593e-15
8.489271234035501038e+03 2.439771381001009220e-15
8.494789162635812318e+03 2.469591832421056350e-15
8.500307091236123597e+03 2.659392964545378147e-15
8.505825019836434876e+03 2.749600032372654129e-15
8.511342948436746155e+03 3.046324785914073340e-15
8.516860877037057435e+03 3.155964061684129453e-15
8.522378805637368714e+03 3.623047954621446110e-15
8.527896734237679993e+03 3.550999755421097857e-15
8.533414662837991273e+03 3.802526890571576713e-15
8.538932591438302552e+03 3.904337961491864780e-15
8.544450520038613831e+03 4.000601435292280167e-15
8.549968448638925111e+03 4.463857219016974029e-15
8.555486377239236390e+03 5.030725038726544708e-15
8.561004305839547669e+03 5.419305408306595816e-15
8.566522234439858948e+03 5.380345778929993725e-15
8.572040163040170228e+03 5.017514637268007949e-15
8.577558091640481507e+03 4.774434218321111303e-15
8.583076020240792786e+03 4.844119956296305466e-15
8.588593948841104066e+03 5.171988929853469136e-15
8.594111877441415345e+03 5.680057526456924227e-15
8.599629806041728443e+03 5.815617828400612143e-15
8.605147734642039723e+03 6.030597660172610896e-15
8.610665663242351002e+03 5.651011954791968642e-15
8.616183591842662281e+03 5.261014484814736658e-15
8.621701520442973560e+03 5.489022194159300481e-15
8.627219449043284840e+03 5.842914181463485438e-15
8.632737377643596119e+03 6.420095917913254134e-15
8.638255306243907398e+03 6.879014030896228618e-15
8.643773234844218678e+03 6.766750174547242480e-15
8.649291163444529957e+03 6.308248855798724932e-15
8.654809092044841236e+03 6.167620411231533898e-15
8.660327020645152515e+03 6.429139694209813253e-15
8.665844949245463795e+03 6.568969361564691449e-15
8.671362877845775074e+03 7.423250958603566217e-15
8.676880806446086353e+03 7.912591851830303948e-15
8.682398735046397633e+03 7.440812955306457247e-15
8.687916663646708912e+03 7.254170239085304001e-15
8.693434592247020191e+03 6.981639685221034529e-15
8.698952520847331471e+03 7.000924556872355978e-15
8.704470449447642750e+03 7.554485632618631873e-15
8.709988378047954029e+03 8.271424591375741640e-15
8.715506306648265308e+03 8.472391292928834811e-15
8.721024235248576588e+03 8.508725400881732470e-15
8.726542163848887867e+03 7.728558098164842750e-15
8.732060092449199146e+03 7.115458483489782728e-15
8.737578021049510426e+03 7.362210078741154069e-15
8.743095949649821705e+03 7.982090173526714962e-15
8.748613878250132984e+03 8.172634949359659844e-15
8.754131806850444264e+03 8.164916258841471024e-15
8.759649735450755543e+03 7.649617458325998020e-15
8.765167664051066822e+03 6.911885641915313634e-15
8.770685592651378101e+03 6.420330188261744114e-15
8.776203521251689381e+03 6.611873200398908135e-15
8.781721449852000660e+03 6.694099270185265348e-15
8.787239378452311939e+03 7.027967446353377024e-15
8.792757307052623219e+03 7.254279377078975989e-15
8.798275235652934498e+03 6.798578200544049414e-15
8.803793164253245777e+03 6.559318175882632595e-15
8.809311092853557057e+03 6.258912273082147555e-15
8.814829021453868336e+03 6.283554879378134662e-15
8.820346950054179615e+03 6.651314918637225728e-15
8.825864878654490894e+03 6.766506307582068999e-15
8.831382807254802174e+03 6.566493622628858528e-15
8.836900735855113453e+03 6.288269640704892960e-15
8.842418664455424732e+03 5.736357677676846065e-15
8.847936593055736012e+03 5.037515115453720402e-15
8.853454521656047291e+03 5.580706200111329387e-15
8.858972450256358570e+03 5.689113721904490859e-15
8.864490378856669849e+03 5.511695612345279535e-15
8.870008307456981129e+03 5.025992025011189083e-15
8.875526236057292408e+03 4.130726288813039501e-15
8.881044164657603687e+03 4.142832891183827569e-15
8.886562093257914967e+03 4.329798693500050121e-15
8.892080021858226246e+03 4.394993214866567593e-15
8.897597950458537525e+03 4.006650502676197648e-15
8.903115879058848805e+03 4.195543907763465363e-15
8.908633807659160084e+03 3.994965210594789669e-15
8.914151736259471363e+03 3.541250157375788010e-15
8.919669664859782642e+03 3.966909407631089071e-15
8.925187593460093922e+03 4.005169424834443008e-15
8.930705522060405201e+03 4.160545423050403801e-15
8.936223450660716480e+03 4.364516241963880323e-15
8.941741379261027760e+03 4.320178179357600840e-15
8.947259307861339039e+03 3.801192020007555095e-15
8.952777236461650318e+03 3.997851534189576952e-15
8.958295165061961598e+03 4.002173022401197496e-15
8.963813093662272877e+03 4.159116468009083369e-15
8.969331022262584156e+03 4.581763509638954028e-15
8.974848950862895435e+03 4.274975292235931532e-15
8.980366879463206715e+03 3.589536757325642550e-15
8.985884808063517994e+03 3.583663063407429243e-15
8.991402736663829273e+03 3.634532846766192312e-15
8.996920665264140553e+03 3.632755590989883463e-15
9.002438593864451832e+03 3.858483068942459159e-15
9.007956522464763111e+03 3.844392977621115386e-15
9.013474451065074390e+03 3.335886135522367286e-15
9.018992379665385670e+03 3.416390459374023686e-15
9.024510308265696949e+03 3.259040380655231942e-15
9.030028236866008228e+03 3.193479682503040699e-15
9.035546165466319508e+03 3.379851811767468058e-15
9.041064094066630787e+03 3.468816776325347082e-15
9.046582022666942066e+03 2.991955059999522256e-15
9.052099951267253346e+03 3.183365789361597219e-15
9.057617879867564625e+03 2.896072063825332632e-15
9.063135808467875904e+03 3.096875246556864735e-15
9.068653737068187183e+03 3.060441032720113787e-15
9.074171665668498463e+03 2.774655293186111838e-15
9.079689594268809742e+03 2.547250477172122230e-15
9.085207522869121021e+03 2.376261159947226261e-15
9.090725451469432301e+03 2.456607610045966464e-15
9.096243380069743580e+03 2.810420942727124738e-15
9.101761308670054859e+03 2.854667555221459630e-15
9.107279237270366139e+03 2.693192436679655500e-15
9.112797165870677418e+03 2.628241217771450650e-15
9.118315094470988697e+03 2.594369676927561555e-15
9.123833023071299976e+03 2.542031423047002612e-15
9.129350951671611256e+03 2.782953544084502605e-15
9.134868880271922535e+03 2.952756456050565244e-15
9.140386808872233814e+03 2.657430738686688724e-15
9.145904737472545094e+03 2.498048811595987739e-15
9.151422666072856373e+03 2.619159619515013260e-15
9.156940594673167652e+03 2.839976640428033822e-15
9.162458523273478932e+03 3.170927445123835091e-15
9.167976451873790211e+03 2.913431402564112536e-15
9.173494380474101490e+03 2.513145983162419279e-15
9.179012309074412769e+03 2.664101704465591041e-15
9.184530237674724049e+03 2.824923124059071550e-15
9.190048166275035328e+03 3.159920878461710703e-15
9.195566094875346607e+03 3.211480301039133159e-15
9.201084023475657887e+03 2.626473182273917275e-15
9.206601952075969166e+03 2.797353549674092509e-15
9.212119880676280445e+03 3.149052615981232610e-15
9.217637809276591724e+03 3.479410312132095995e-15
9.223155737876903004e+03 3.574772456639917042e-15
9.228673666477214283e+03 3.944303542099818328e-15
9.234191595077525562e+03 3.502164831137507462e-15
9.239709523677836842e+03 3.752415804437803593e-15
9.245227452278148121e+03 3.931434102787039384e-15
