3.650047851562500000e+03 2.523420093631564441e-16
3.655565780162811279e+03 5.045531803653799632e-16
3.661083708763122559e+03 3.867680891031061422e-16
3.666601637363433838e+03 4.075259250143340283e-16
3.672119565963745117e+03 4.258483584841204540e-16
3.677637494564056396e+03 3.533210689132927235e-16
3.683155423164367676e+03 4.851196720311247852e-16
3.688673351764678955e+03 4.724520266969833263e-16
3.694191280364990234e+03 4.779898523574188440e-16
3.699709208965301514e+03 4.760441391051068063e-16
3.705227137565612793e+03 5.627286078653124423e-16
3.710745066165924072e+03 5.303307745450144541e-16
3.716262994766235352e+03 3.982331748370336478e-16
3.721780923366546631e+03 4.065581313273103752e-16
3.727298851966857910e+03 3.646552905425284410e-16
3.732816780567169189e+03 2.924567487651914564e-16
3.738334709167480469e+03 3.170431620857806689e-16
3.743852637767791748e+03 3.188420071969914794e-16
3.749370566368103027e+03 2.010787037354924459e-16
3.754888494968414307e+03 2.339620471748224980e-16
3.760406423568725586e+03 2.453216693122476984e-16
3.765924352169036865e+03 2.668126359723421712e-16
3.771442280769348145e+03 1.846331704520824297e-16
3.776960209369659879e+03 2.093941865227147835e-16
3.782478137969971158e+03 1.890859567689432425e-16
3.787996066570282437e+03 2.239829769824973354e-16
3.793513995170593716e+03 1.479746936456217553e-16
3.799031923770904996e+03 2.520660534366863318e-16
3.804549852371216275e+03 1.997052055801665650e-16
3.810067780971527554e+03 3.283709649379468926e-16
3.815585709571838834e+03 2.547943855225703990e-16
3.821103638172150113e+03 1.842260929833376417e-16
3.826621566772461392e+03 3.828262820634887281e-16
3.832139495372772672e+03 3.699688194181490055e-16
3.837657423973083951e+03 3.745426185615250960e-16
3.843175352573395230e+03 4.365869381963168908e-16
3.848693281173706509e+03 4.968156621144974284e-16
3.854211209774017789e+03 4.996013942001377571e-16
3.859729138374329068e+03 5.501197870188865451e-16
3.865247066974640347e+03 6.625770358759246749e-16
3.870764995574951627e+03 6.889541592801020286e-16
3.876282924175262906e+03 7.179030583946884020e-16
3.881800852775574185e+03 6.729113785140426028e-16
3.887318781375885465e+03 8.056286047405449228e-16
3.892836709976196744e+03 9.009463286591753348e-16
3.898354638576508023e+03 1.042760197693502227e-15
3.903872567176819302e+03 9.790648192826470656e-16
3.909390495777130582e+03 1.051553922278663559e-15
3.914908424377441861e+03 1.173456453080929781e-15
3.920426352977753140e+03 1.082746432835356746e-15
3.925944281578064420e+03 1.196260274183047153e-15
3.931462210178375699e+03 1.246383371593100393e-15
3.936980138778686978e+03 1.208050486421798215e-15
3.942498067378998257e+03 1.343083020457273452e-15
3.948015995979309537e+03 1.292476026203709027e-15
3.953533924579620816e+03 1.397292682059864112e-15
3.959051853179932095e+03 1.341924894583885366e-15
3.964569781780243375e+03 1.445532880987856509e-15
3.970087710380554654e+03 1.571145001548620942e-15
3.975605638980865933e+03 1.667007549205406533e-15
3.981123567581177213e+03 1.617496724180255143e-15
3.986641496181488492e+03 1.674088112488232264e-15
3.992159424781800226e+03 1.723156745558317858e-15
3.997677353382111505e+03 1.782212755473406197e-15
4.003195281982422784e+03 1.905831536829004545e-15
4.008713210582734064e+03 1.735637748644783654e-15
4.014231139183045343e+03 1.872666711136422290e-15
4.019749067783356622e+03 1.815485533325793656e-15
4.025266996383667902e+03 1.826627603543078333e-15
4.030784924983979181e+03 1.712318451688972762e-15
4.036302853584290460e+03 1.496140733366697768e-15
4.041820782184601740e+03 1.510011041276085921e-15
4.047338710784913019e+03 1.415195921331998882e-15
4.052856639385224298e+03 1.412129324843306049e-15
4.058374567985535577e+03 1.256453471714774265e-15
4.063892496585846857e+03 1.241480816074981013e-15
4.069410425186158136e+03 1.177985981541282917e-15
4.074928353786469415e+03 1.098770978439286943e-15
4.080446282386780695e+03 1.188749103636391608e-15
4.085964210987091974e+03 1.008889306523279993e-15
4.091482139587403253e+03 1.090129914340844237e-15
4.097000068187714533e+03 9.819221190163614504e-16
4.102517996788025812e+03 1.032222161858462855e-15
4.108035925388337091e+03 1.004285464413967287e-15
4.113553853988648370e+03 9.047388133194000793e-16
4.119071782588959650e+03 9.323533705350350864e-16
4.124589711189270929e+03 8.515419111683306893e-16
4.130107639789582208e+03 8.322031999333888902e-16
4.135625568389893488e+03 8.878173551762981664e-16
4.141143496990204767e+03 7.564844823898712700e-16
4.146661425590516046e+03 8.210338413323057535e-16
4.152179354190827326e+03 7.645621615004238435e-16
4.157697282791138605e+03 7.797288392652714823e-16
4.163215211391449884e+03 7.642660224674464897e-16
4.168733139991761163e+03 7.482610163760657598e-16
4.174251068592072443e+03 7.891905285657894557e-16
4.179768997192383722e+03 7.398948956162672946e-16
4.185286925792695001e+03 6.733058587037254641e-16
4.190804854393006281e+03 7.423626322181337040e-16
4.196322782993317560e+03 7.018889561753746881e-16
4.201840711593628839e+03 7.255603934197192512e-16
4.207358640193940118e+03 6.992855156422567151e-16
4.212876568794251398e+03 5.955068481207563847e-16
4.218394497394562677e+03 6.740130912317427181e-16
4.223912425994873956e+03 7.569287081018430780e-16
4.229430354595185236e+03 7.434305691249445322e-16
4.234948283195496515e+03 8.005519356037899054e-16
4.240466211795807794e+03 7.782673661065819358e-16
4.245984140396119074e+03 8.144999038507166718e-16
4.251502068996430353e+03 8.341357838689678680e-16
4.257019997596741632e+03 7.739366652728320983e-16
4.262537926197052911e+03 7.746841782013358363e-16
4.268055854797364191e+03 7.724251634105130130e-16
4.273573783397675470e+03 8.228910818685937086e-16
4.279091711997986749e+03 7.613009421989831951e-16
4.284609640598298029e+03 8.183365819626896060e-16
4.290127569198609308e+03 7.385484369884092330e-16
4.295645497798920587e+03 8.024154404545975281e-16
4.301163426399231867e+03 7.632843271509407441e-16
4.306681354999543146e+03 8.284781639199100284e-16
4.312199283599854425e+03 7.466522031073724215e-16
4.317717212200165704e+03 7.350569569314805796e-16
4.323235140800476984e+03 7.387606771130871691e-16
4.328753069400789173e+03 8.429029065705520702e-16
4.334270998001100452e+03 7.482136306982883540e-16
4.339788926601411731e+03 7.328227677049113915e-16
4.345306855201723010e+03 7.871847465441105549e-16
4.350824783802034290e+03 7.785284078157435909e-16
4.356342712402345569e+03 7.372508657575624949e-16
4.361860641002656848e+03 7.840515595339480822e-16
4.367378569602968128e+03 7.166662081084185976e-16
4.372896498203279407e+03 7.374684520027140299e-16
4.378414426803590686e+03 6.789769512196274721e-16
4.383932355403901965e+03 6.772679947311472545e-16
4.389450284004213245e+03 8.103740375205072821e-16
4.394968212604524524e+03 7.249054893710731522e-16
4.400486141204835803e+03 6.592592317937406491e-16
4.406004069805147083e+03 6.642821994506818529e-16
4.411521998405458362e+03 6.811534143588347719e-16
4.417039927005769641e+03 6.552793926418613310e-16
4.422557855606080921e+03 6.832560272367325711e-16
4.428075784206392200e+03 6.545175146962261205e-16
4.433593712806703479e+03 6.473588448507187653e-16
4.439111641407014758e+03 6.153101483804852324e-16
4.444629570007326038e+03 6.491304101593846956e-16
4.450147498607637317e+03 7.263136043000598949e-16
4.455665427207948596e+03 7.337119571165925841e-16
4.461183355808259876e+03 7.245069931550950061e-16
4.466701284408571155e+03 8.230635650492035780e-16
4.472219213008882434e+03 8.457411559231245401e-16
4.477737141609193714e+03 8.424886894995055701e-16
4.483255070209504993e+03 9.567213823914600770e-16
4.488772998809816272e+03 9.859809657624633746e-16
4.494290927410127551e+03 9.859640606945131510e-16
4.499808856010438831e+03 1.058036114806069433e-15
4.505326784610750110e+03 1.101601075601731262e-15
4.510844713211061389e+03 1.122534183600717891e-15
4.516362641811372669e+03 1.172235684062344625e-15
4.521880570411683948e+03 1.174132312548831267e-15
4.527398499011995227e+03 1.193480978036982589e-15
4.532916427612306506e+03 1.234432604115085762e-15
4.538434356212617786e+03 1.262023219635501451e-15
4.543952284812929065e+03 1.356673922776579463e-15
4.549470213413240344e+03 1.357057590587776757e-15
4.554988142013551624e+03 1.556943457282439046e-15
4.560506070613862903e+03 1.511528550015342156e-15
4.566023999214174182e+03 1.597568824130354668e-15
4.571541927814485462e+03 1.649778968025786193e-15
4.577059856414796741e+03 1.762361056948074565e-15
4.582577785015108020e+03 1.741068823520802305e-15
4.588095713615419299e+03 1.913908812620676973e-15
4.593613642215730579e+03 2.126019102944083671e-15
4.599131570816041858e+03 2.141132062066612212e-15
4.604649499416353137e+03 2.147481588426245814e-15
4.610167428016664417e+03 2.236053074669840369e-15
4.615685356616975696e+03 2.274428780292447683e-15
4.621203285217286975e+03 2.253483830164642161e-15
4.626721213817598255e+03 2.246108672474337536e-15
4.632239142417909534e+03 2.293307364754040926e-15
4.637757071018220813e+03 2.211427453605359581e-15
4.643274999618532092e+03 2.174120457202311338e-15
4.648792928218843372e+03 2.196675078724085849e-15
4.654310856819154651e+03 2.156997425431721303e-15
4.659828785419465930e+03 2.179203733903697625e-15
4.665346714019777210e+03 2.228096193854482804e-15
4.670864642620088489e+03 2.290192455812271730e-15
4.676382571220399768e+03 2.225137892775705396e-15
4.681900499820711048e+03 2.078424900724365869e-15
4.687418428421022327e+03 2.172653921104490067e-15
4.692936357021333606e+03 2.170058177955102471e-15
4.698454285621644885e+03 2.056935727546099288e-15
4.703972214221956165e+03 1.936184629240062475e-15
4.709490142822267444e+03 1.834173099100800939e-15
4.715008071422578723e+03 1.714233529868907889e-15
4.720526000022890003e+03 1.666675197285754227e-15
4.726043928623201282e+03 1.542349749764822373e-15
4.731561857223512561e+03 1.476416037382311775e-15
4.737079785823823840e+03 1.417585113727291967e-15
4.742597714424135120e+03 1.387357736669265509e-15
4.748115643024446399e+03 1.348883432452368690e-15
4.753633571624757678e+03 1.367590820921267710e-15
4.759151500225068958e+03 1.266584927793729463e-15
4.764669428825380237e+03 1.191056688317873707e-15
4.770187357425691516e+03 1.243404904570321225e-15
4.775705286026002796e+03 1.217261002453836254e-15
4.781223214626314075e+03 1.127256790248320284e-15
4.786741143226625354e+03 1.059269069203582915e-15
4.792259071826936633e+03 1.049473054295276351e-15
4.797777000427247913e+03 1.118774822576172363e-15
4.803294929027559192e+03 1.028424957509216410e-15
4.808812857627870471e+03 9.868217569085406981e-16
4.814330786228181751e+03 9.768124120564548211e-16
4.819848714828493030e+03 9.752265965451762635e-16
4.825366643428804309e+03 9.458024247461085323e-16
4.830884572029115589e+03 1.074618956714999077e-15
4.836402500629426868e+03 1.054708390795686749e-15
4.841920429229738147e+03 1.108929465464457392e-15
4.847438357830049426e+03 1.189660089430100132e-15
4.852956286430360706e+03 1.295490706113164133e-15
4.858474215030671985e+03 1.315418606163064411e-15
4.863992143630983264e+03 1.330616862938092807e-15
4.869510072231294544e+03 1.349809178000836239e-15
4.875028000831605823e+03 1.232417382715364051e-15
4.880545929431917102e+03 1.208823914733657162e-15
4.886063858032228381e+03 1.220403972092152350e-15
4.891581786632540570e+03 1.173930395671232332e-15
4.897099715232851850e+03 1.186529305170712953e-15
4.902617643833163129e+03 1.105037438272139592e-15
4.908135572433474408e+03 1.133160091464088409e-15
4.913653501033785687e+03 1.182557214890081442e-15
4.919171429634096967e+03 1.265898084322286510e-15
4.924689358234408246e+03 1.312284475215097993e-15
4.930207286834719525e+03 1.462610775368893817e-15
4.935725215435030805e+03 1.595875742959493321e-15
4.941243144035342084e+03 1.716974296190050700e-15
4.946761072635653363e+03 1.829068884142664551e-15
4.952279001235964643e+03 1.881381316571074055e-15
4.957796929836275922e+03 1.955237670570403056e-15
4.963314858436587201e+03 1.941301287014710496e-15
4.968832787036898480e+03 1.911736211045214737e-15
4.974350715637209760e+03 1.874837510648804140e-15
4.979868644237521039e+03 1.884719166459722555e-15
4.985386572837832318e+03 1.846512254079034170e-15
4.990904501438143598e+03 1.876502702748173599e-15
4.996422430038454877e+03 1.823564010492853139e-15
5.001940358638766156e+03 1.796669162946758178e-15
5.007458287239077436e+03 1.635233572961245094e-15
5.012976215839388715e+03 1.633121211780204240e-15
5.018494144439699994e+03 1.553354949000478901e-15
5.024012073040011273e+03 1.494928030725713553e-15
5.029530001640322553e+03 1.435500109315718124e-15
5.035047930240633832e+03 1.300783966069749507e-15
5.040565858840945111e+03 1.309657324680584652e-15
5.046083787441256391e+03 1.250898912611443831e-15
5.051601716041567670e+03 1.263955631946025910e-15
5.057119644641878949e+03 1.194852948729315615e-15
5.062637573242190228e+03 1.199361624745446154e-15
5.068155501842501508e+03 1.241957418853640784e-15
5.073673430442812787e+03 1.216326074964908412e-15
5.079191359043124066e+03 1.404797330854417768e-15
5.084709287643435346e+03 1.478825996409300148e-15
5.090227216243746625e+03 1.531798069737883328e-15
5.095745144844057904e+03 1.486097835816294553e-15
5.101263073444369184e+03 1.296911589946267050e-15
5.106781002044680463e+03 1.423901173201135737e-15
5.112298930644991742e+03 1.378622107165334952e-15
5.117816859245303021e+03 1.396600346586650327e-15
5.123334787845614301e+03 1.470304640786952258e-15
5.128852716445925580e+03 1.422736783013228082e-15
5.134370645046236859e+03 1.451114127787291183e-15
5.139888573646548139e+03 1.396116449743138155e-15
5.145406502246859418e+03 1.440056840347340931e-15
5.150924430847170697e+03 1.450669361456395082e-15
5.156442359447481977e+03 1.373691576763195587e-15
5.161960288047793256e+03 1.432413432695550643e-15
5.167478216648104535e+03 1.482667994897988508e-15
5.172996145248415814e+03 1.445196152629292722e-15
5.178514073848727094e+03 1.449459233191240975e-15
5.184032002449038373e+03 1.510635584852443406e-15
5.189549931049349652e+03 1.531876588200697987e-15
5.195067859649660932e+03 1.551771879490085464e-15
5.200585788249972211e+03 1.525846370256511728e-15
5.206103716850283490e+03 1.544721608029526126e-15
5.211621645450594769e+03 1.630410908906382637e-15
5.217139574050906049e+03 1.679343357495061313e-15
5.222657502651217328e+03 1.673567144632767911e-15
5.228175431251528607e+03 1.751488352255135099e-15
5.233693359851839887e+03 1.770965736534785532e-15
5.239211288452152075e+03 1.842172971992518258e-15
5.244729217052463355e+03 1.906203362511383537e-15
5.250247145652774634e+03 1.901710647625399867e-15
5.255765074253085913e+03 1.964477191236792336e-15
5.261283002853397193e+03 2.053573764337177444e-15
5.266800931453708472e+03 2.143044050995551802e-15
5.272318860054019751e+03 2.184969906700254097e-15
5.277836788654331031e+03 2.173492309499791702e-15
5.283354717254642310e+03 2.299181318085346801e-15
5.288872645854953589e+03 2.424199530142131351e-15
5.294390574455264868e+03 2.422939630610930518e-15
5.299908503055576148e+03 2.419674635558271819e-15
5.305426431655887427e+03 2.465828989376273577e-15
5.310944360256198706e+03 2.478519375030245327e-15
5.316462288856509986e+03 2.513429799160621563e-15
5.321980217456821265e+03 2.553232138055686131e-15
5.327498146057132544e+03 2.563210247147702261e-15
5.333016074657443824e+03 2.648544541597601314e-15
5.338534003257755103e+03 2.820257383146575125e-15
5.344051931858066382e+03 2.847664874732949403e-15
5.349569860458377661e+03 2.852102755413755017e-15
5.355087789058688941e+03 2.949086958619670632e-15
5.360605717659000220e+03 3.011454731414995969e-15
5.366123646259311499e+03 2.978645169586954478e-15
5.371641574859622779e+03 2.955316004190461076e-15
5.377159503459934058e+03 2.871366123249405892e-15
5.382677432060245337e+03 2.782349355799749609e-15
5.388195360660556616e+03 2.715779171899537495e-15
5.393713289260867896e+03 2.614851024922065367e-15
5.399231217861179175e+03 2.634264135618494144e-15
5.404749146461490454e+03 2.593284620468899082e-15
5.410267075061801734e+03 2.440201936113923799e-15
5.415785003662113013e+03 2.430436642090522341e-15
5.421302932262424292e+03 2.363472664500845934e-15
5.426820860862735572e+03 2.458779490228463370e-15
5.432338789463046851e+03 2.548424405380636528e-15
5.437856718063358130e+03 2.578660449503959821e-15
5.443374646663669409e+03 2.612207741632351131e-15
5.448892575263980689e+03 2.769046697760875615e-15
5.454410503864291968e+03 2.931039296863472202e-15
5.459928432464603247e+03 3.113812429290864890e-15
5.465446361064914527e+03 3.059318985659280214e-15
5.470964289665225806e+03 3.119229345099819030e-15
5.476482218265537085e+03 3.088576938592257941e-15
5.482000146865848365e+03 3.056034682787897575e-15
5.487518075466159644e+03 3.069915202388078064e-15
5.493036004066470923e+03 3.043876334805456587e-15
5.498553932666782202e+03 3.152224519425202563e-15
5.504071861267093482e+03 3.060602312010535132e-15
5.509589789867404761e+03 3.041981165131940504e-15
5.515107718467716040e+03 3.088238579795670161e-15
5.520625647068027320e+03 3.116463864770706390e-15
5.526143575668338599e+03 3.107038817419502575e-15
5.531661504268649878e+03 3.067917143493890672e-15
5.537179432868961158e+03 2.968530532763421209e-15
5.542697361469272437e+03 3.065021828810420160e-15
5.548215290069583716e+03 2.954277500980639708e-15
5.553733218669894995e+03 2.942853279172386190e-15
5.559251147270206275e+03 3.016358402495976279e-15
5.564769075870517554e+03 2.988257116623414896e-15
5.570287004470828833e+03 3.020803748866687531e-15
5.575804933071140113e+03 2.896505761354608457e-15
5.581322861671451392e+03 2.993337304073805841e-15
5.586840790271762671e+03 3.061113926300482405e-15
5.592358718872073950e+03 2.969844579999579655e-15
5.597876647472385230e+03 3.018068731984897873e-15
5.603394576072696509e+03 2.877919368549719603e-15
5.608912504673007788e+03 2.758730830559965430e-15
5.614430433273319068e+03 2.710621324111607739e-15
5.619948361873630347e+03 2.614590154837959019e-15
5.625466290473941626e+03 2.578997092049995904e-15
5.630984219074252906e+03 2.557919475754418109e-15
5.636502147674564185e+03 2.433662849880674994e-15
5.642020076274875464e+03 2.402030635932217431e-15
5.647538004875186743e+03 2.370839584188493817e-15
5.653055933475498023e+03 2.382648503558276277e-15
5.658573862075809302e+03 2.327239955131655693e-15
5.664091790676120581e+03 2.364786111049310655e-15
5.669609719276431861e+03 2.310981913639945014e-15
5.675127647876743140e+03 2.402655179508575112e-15
5.680645576477054419e+03 2.385196020067114818e-15
5.686163505077365699e+03 2.358394279113536952e-15
5.691681433677676978e+03 2.236859369179795620e-15
5.697199362277988257e+03 2.259682412288111594e-15
5.702717290878299536e+03 2.093789118927901555e-15
5.708235219478610816e+03 2.074929413222394327e-15
5.713753148078922095e+03 1.995071331038066455e-15
5.719271076679233374e+03 1.847589201301249195e-15
5.724789005279544654e+03 1.699165021635710845e-15
5.730306933879855933e+03 1.678055654704896493e-15
5.735824862480167212e+03 1.641278550660189983e-15
5.741342791080478491e+03 1.497991795400993364e-15
5.746860719680789771e+03 1.530352900959450675e-15
5.752378648281101050e+03 1.476086174025961086e-15
5.757896576881412329e+03 1.487063140940015900e-15
5.763414505481723609e+03 1.538910984343638947e-15
5.768932434082034888e+03 1.479752085207878115e-15
5.774450362682346167e+03 1.587888312884286649e-15
5.779968291282657447e+03 1.499698949826392901e-15
5.785486219882968726e+03 1.598134500312732838e-15
5.791004148483280005e+03 1.613027521926852079e-15
5.796522077083591284e+03 1.669212845353909864e-15
5.802040005683902564e+03 1.715163308606174923e-15
5.807557934284213843e+03 1.754604462572291153e-15
5.813075862884525122e+03 1.860922494412501184e-15
5.818593791484836402e+03 1.927465647366499230e-15
5.824111720085147681e+03 1.989041799594100441e-15
5.829629648685458960e+03 2.011800912369304587e-15
5.835147577285770240e+03 2.111404972044880748e-15
5.840665505886081519e+03 2.148253643737661511e-15
5.846183434486392798e+03 2.116658500801157115e-15
5.851701363086704077e+03 2.110134946635416466e-15
5.857219291687015357e+03 2.126746621553641352e-15
5.862737220287326636e+03 2.178134767246554457e-15
5.868255148887637915e+03 2.161792028790036465e-15
5.873773077487949195e+03 2.244250316375190524e-15
5.879291006088260474e+03 2.199169906340937139e-15
5.884808934688571753e+03 2.235919207126680252e-15
5.890326863288883942e+03 2.357123567203851833e-15
5.895844791889195221e+03 2.440304567897012591e-15
5.901362720489506501e+03 2.457076626429446625e-15
5.906880649089817780e+03 2.506380300012810174e-15
5.912398577690129059e+03 2.472851200140284831e-15
5.917916506290440338e+03 2.389095255511756331e-15
5.923434434890751618e+03 2.372897111164356418e-15
5.928952363491062897e+03 2.428519590222450435e-15
5.934470292091374176e+03 2.440266724572311082e-15
5.939988220691685456e+03 2.457471364056713878e-15
5.945506149291996735e+03 2.512802852833488194e-15
5.951024077892308014e+03 2.510831824885514869e-15
5.956542006492619294e+03 2.519811419405602339e-15
5.962059935092930573e+03 2.459437329065554886e-15
5.967577863693241852e+03 2.482135514946115828e-15
5.973095792293553131e+03 2.522374296356892052e-15
5.978613720893864411e+03 2.551642375168135595e-15
5.984131649494175690e+03 2.578012050044911313e-15
5.989649578094486969e+03 2.465562541477868300e-15
5.995167506694798249e+03 2.530341131425458054e-15
6.000685435295109528e+03 2.547104608705125718e-15
6.006203363895420807e+03 2.459893079399992454e-15
6.011721292495732087e+03 2.374595684336988006e-15
6.017239221096043366e+03 2.311142726316792087e-15
6.022757149696354645e+03 2.159753723820372270e-15
6.028275078296665924e+03 2.175402839615760535e-15
6.033793006896977204e+03 2.075640284201585090e-15
6.039310935497288483e+03 2.051301963479732570e-15
6.044828864097599762e+03 1.978563575090844527e-15
6.050346792697911042e+03 2.034266546299889783e-15
6.055864721298222321e+03 2.132192799434528263e-15
6.061382649898533600e+03 2.044364792930637470e-15
6.066900578498844880e+03 2.077858108979128150e-15
6.072418507099156159e+03 1.994292496536964379e-15
6.077936435699467438e+03 2.075496204967632440e-15
6.083454364299778717e+03 2.105540801341729877e-15
6.088972292900089997e+03 2.041002057408967678e-15
6.094490221500401276e+03 1.929527722406328323e-15
6.100008150100712555e+03 1.922164492657369111e-15
6.105526078701023835e+03 1.811270765216920780e-15
6.111044007301335114e+03 1.807405254095652209e-15
6.116561935901646393e+03 1.759245633131138953e-15
6.122079864501957672e+03 1.753487183462072609e-15
6.127597793102269861e+03 1.686369344010290520e-15
6.133115721702581141e+03 1.745531418209576171e-15
6.138633650302892420e+03 1.760021206756188900e-15
6.144151578903203699e+03 1.860058791321536388e-15
6.149669507503514978e+03 1.960544660531415412e-15
6.155187436103826258e+03 2.126175453369492152e-15
6.160705364704137537e+03 2.138177536739052560e-15
6.166223293304448816e+03 2.200688444830524037e-15
6.171741221904760096e+03 2.385343360177118216e-15
6.177259150505071375e+03 2.334654071709521376e-15
6.182777079105382654e+03 2.384898508033694411e-15
6.188295007705693934e+03 2.335088797974679364e-15
6.193812936306005213e+03 2.219906332026511964e-15
6.199330864906316492e+03 2.274075575928571794e-15
6.204848793506627771e+03 2.219940657037577841e-15
6.210366722106939051e+03 2.145758387058172692e-15
6.215884650707250330e+03 2.160005326151489833e-15
6.221402579307561609e+03 2.083413354582679026e-15
6.226920507907872889e+03 1.978313174135114020e-15
6.232438436508184168e+03 1.889439799419187973e-15
6.237956365108495447e+03 1.912422282203909348e-15
6.243474293708806726e+03 1.854291331337065749e-15
6.248992222309118006e+03 1.829207042312207852e-15
6.254510150909429285e+03 1.844149491942261823e-15
6.260028079509740564e+03 1.768729547876322477e-15
6.265546008110051844e+03 1.725963244275653868e-15
6.271063936710363123e+03 1.670356812160233439e-15
6.276581865310674402e+03 1.598742310446195702e-15
6.282099793910985682e+03 1.599499691815380668e-15
6.287617722511296961e+03 1.576089347767714599e-15
6.293135651111608240e+03 1.551851427703232363e-15
6.298653579711919519e+03 1.560247668660241717e-15
6.304171508312230799e+03 1.525537874219550643e-15
6.309689436912542078e+03 1.472851814045679789e-15
6.315207365512853357e+03 1.489032710075018665e-15
6.320725294113164637e+03 1.546590604882104976e-15
6.326243222713475916e+03 1.553872999230001741e-15
6.331761151313787195e+03 1.647657167466702332e-15
6.337279079914098475e+03 1.668860756552894314e-15
6.342797008514409754e+03 1.731816945850429294e-15
6.348314937114721033e+03 1.741332525418322068e-15
6.353832865715032312e+03 1.763266808177594577e-15
6.359350794315343592e+03 1.897831578124758932e-15
6.364868722915654871e+03 1.866768987734953883e-15
6.370386651515966150e+03 1.906521383738916122e-15
6.375904580116277430e+03 1.915276235249044690e-15
6.381422508716588709e+03 2.030735618223992025e-15
6.386940437316899988e+03 2.105900613270235161e-15
6.392458365917211268e+03 2.057870912472609845e-15
6.397976294517522547e+03 2.155048880365996737e-15
6.403494223117833826e+03 2.154956803523810109e-15
6.409012151718145105e+03 2.208520382605599457e-15
6.414530080318456385e+03 2.274275433305507826e-15
6.420048008918767664e+03 2.399772650891726257e-15
6.425565937519078943e+03 2.434586364303422261e-15
6.431083866119390223e+03 2.549500065414938569e-15
6.436601794719701502e+03 2.666911254331663583e-15
6.442119723320012781e+03 2.666401871167434620e-15
6.447637651920324060e+03 2.690374458896371325e-15
6.453155580520635340e+03 2.655885288464310978e-15
6.458673509120946619e+03 2.641573303475021671e-15
6.464191437721257898e+03 2.751262652089670033e-15
6.469709366321569178e+03 2.735187219656832772e-15
6.475227294921880457e+03 2.668303047717887951e-15
6.480745223522191736e+03 2.686139267405916143e-15
6.486263152122503016e+03 2.675330321421031522e-15
6.491781080722814295e+03 2.723003642791258497e-15
6.497299009323125574e+03 2.732389302192263329e-15
6.502816937923436853e+03 2.772232573663025536e-15
6.508334866523748133e+03 2.862525030148971748e-15
6.513852795124059412e+03 2.874775454973599364e-15
6.519370723724370691e+03 2.923314367310399026e-15
6.524888652324681971e+03 2.909183275129430651e-15
6.530406580924993250e+03 2.897297982610026703e-15
6.535924509525304529e+03 2.953555560185379774e-15
6.541442438125615809e+03 2.952386536120977727e-15
6.546960366725927088e+03 2.897066975285548035e-15
6.552478295326238367e+03 2.882569635236500387e-15
6.557996223926549646e+03 2.900401650110670533e-15
6.563514152526860926e+03 2.898553505702316055e-15
6.569032081127172205e+03 2.901424535440456238e-15
6.574550009727483484e+03 2.967414197591007202e-15
6.580067938327794764e+03 2.982287653948817816e-15
6.585585866928106043e+03 2.910405674586042364e-15
6.591103795528417322e+03 2.866553241822697255e-15
6.596621724128728601e+03 2.897970924451988450e-15
6.602139652729039881e+03 2.968961397464834330e-15
6.607657581329351160e+03 3.075908006070202907e-15
6.613175509929662439e+03 2.949126861445035439e-15
6.618693438529973719e+03 2.963972514543883249e-15
6.624211367130284998e+03 3.012818807354783461e-15
6.629729295730596277e+03 2.907568884046439763e-15
6.635247224330907557e+03 2.891153891441625301e-15
6.640765152931218836e+03 2.824986168296170173e-15
6.646283081531530115e+03 2.720043282211817396e-15
6.651801010131841394e+03 2.672609978481473384e-15
6.657318938732152674e+03 2.603741477652766181e-15
6.662836867332463953e+03 2.563283702671384208e-15
6.668354795932775232e+03 2.482081195616102808e-15
6.673872724533086512e+03 2.497671100767401143e-15
6.679390653133397791e+03 2.408408995301147064e-15
6.684908581733709070e+03 2.384457689079070091e-15
6.690426510334020350e+03 2.393120549559539931e-15
6.695944438934331629e+03 2.352603907184178841e-15
6.701462367534642908e+03 2.388727634643233018e-15
6.706980296134954187e+03 2.304957530947639612e-15
6.712498224735265467e+03 2.257646081006583586e-15
6.718016153335576746e+03 2.307117518081535598e-15
6.723534081935888025e+03 2.236754334645931140e-15
6.729052010536199305e+03 2.212462009438908576e-15
6.734569939136510584e+03 2.196411462639094185e-15
6.740087867736821863e+03 2.277366743802167925e-15
6.745605796337133143e+03 2.334643945831257138e-15
6.751123724937444422e+03 2.238881369769201344e-15
6.756641653537755701e+03 2.229363473263063346e-15
6.762159582138066980e+03 2.182297790401243041e-15
6.767677510738378260e+03 2.223991780656190820e-15
6.773195439338689539e+03 2.159299603923961259e-15
6.778713367939000818e+03 2.108765893569023769e-15
6.784231296539312098e+03 2.150574357735876275e-15
6.789749225139623377e+03 2.056592219997850108e-15
6.795267153739934656e+03 2.093681338393152546e-15
6.800785082340245935e+03 2.039901511741643556e-15
6.806303010940557215e+03 2.040862011363816090e-15
6.811820939540868494e+03 2.013981408697312358e-15
6.817338868141179773e+03 1.965474246995749057e-15
6.822856796741491053e+03 2.119635337385911304e-15
6.828374725341803241e+03 2.038532115425140441e-15
6.833892653942114521e+03 1.930317626723497992e-15
6.839410582542425800e+03 1.955278774771155313e-15
6.844928511142737079e+03 1.975685165475324634e-15
6.850446439743048359e+03 1.884253290247020748e-15
6.855964368343359638e+03 1.874155558491437308e-15
6.861482296943670917e+03 1.777342808715800801e-15
6.867000225543982197e+03 1.544370806416425137e-15
6.872518154144293476e+03 1.396942910197094969e-15
6.878036082744604755e+03 1.390304624681864117e-15
6.883554011344916034e+03 1.502849299342088509e-15
6.889071939945227314e+03 1.504927936199756027e-15
6.894589868545538593e+03 1.453187444268243867e-15
6.900107797145849872e+03 1.536092386059901919e-15
6.905625725746161152e+03 1.619936975029510303e-15
6.911143654346472431e+03 1.595103001147855408e-15
6.916661582946783710e+03 1.655646056354879169e-15
6.922179511547094990e+03 1.646949728988619103e-15
6.927697440147406269e+03 1.642097545424240370e-15
6.933215368747717548e+03 1.702602499868979315e-15
6.938733297348028827e+03 1.758742600093957064e-15
6.944251225948340107e+03 1.701207960481868841e-15
6.949769154548651386e+03 1.805308510794646821e-15
6.955287083148962665e+03 1.832949584081330860e-15
6.960805011749273945e+03 1.789465973561897302e-15
6.966322940349585224e+03 1.877620668358614952e-15
6.971840868949896503e+03 1.896338011080722409e-15
6.977358797550207782e+03 1.761601015390530999e-15
6.982876726150519062e+03 1.831642401847384722e-15
6.988394654750830341e+03 1.862845553157509155e-15
6.993912583351141620e+03 1.779066181708927752e-15
6.999430511951452900e+03 1.823169015428004157e-15
7.004948440551764179e+03 1.872796802928365440e-15
7.010466369152075458e+03 1.859020802986882422e-15
7.015984297752386738e+03 1.895097247743191294e-15
7.021502226352698017e+03 1.763557541021328801e-15
7.027020154953009296e+03 1.758174263723221872e-15
7.032538083553320575e+03 1.890471437626797033e-15
7.038056012153631855e+03 1.881530801994269834e-15
7.043573940753943134e+03 1.854343505353886782e-15
7.049091869354254413e+03 1.858433330422476724e-15
7.054609797954565693e+03 1.857379380957676284e-15
7.060127726554876972e+03 1.851995331346818843e-15
7.065645655155189161e+03 1.819989747090484814e-15
7.071163583755500440e+03 1.843810360832924912e-15
7.076681512355811719e+03 1.857897688624781641e-15
7.082199440956122999e+03 1.783889789701594352e-15
7.087717369556434278e+03 1.830203926446110350e-15
7.093235298156745557e+03 1.792450275836557523e-15
7.098753226757056837e+03 1.825353544944812595e-15
7.104271155357368116e+03 1.799891680798221765e-15
7.109789083957679395e+03 1.841316305528822360e-15
7.115307012557990674e+03 1.872266395694858474e-15
7.120824941158301954e+03 1.895657088673687621e-15
7.126342869758613233e+03 1.849220754889774796e-15
7.131860798358924512e+03 1.874701411979924925e-15
7.137378726959235792e+03 1.826712643757996065e-15
7.142896655559547071e+03 1.816500438090505927e-15
7.148414584159858350e+03 1.799881983982595056e-15
7.153932512760169629e+03 1.716553128304263696e-15
7.159450441360480909e+03 1.644825268241177627e-15
7.164968369960792188e+03 1.548820443413521153e-15
7.170486298561103467e+03 1.609212039509212751e-15
7.176004227161414747e+03 1.605269897800737019e-15
7.181522155761726026e+03 1.470716969982390768e-15
7.187040084362037305e+03 1.530163512710890483e-15
7.192558012962348585e+03 1.596408724568829804e-15
7.198075941562659864e+03 1.653391332190439137e-15
7.203593870162971143e+03 1.681320392319971689e-15
7.209111798763282422e+03 1.704117949107570675e-15
7.214629727363593702e+03 1.838247392101882331e-15
7.220147655963904981e+03 1.930998978193172282e-15
7.225665584564216260e+03 1.909261206122254790e-15
7.231183513164527540e+03 1.856481352855645216e-15
7.236701441764838819e+03 1.864508599943687810e-15
7.242219370365150098e+03 1.885196541551131062e-15
7.247737298965461378e+03 1.949333425416831183e-15
7.253255227565772657e+03 1.973717570028457463e-15
7.258773156166083936e+03 1.977821639976639818e-15
7.264291084766395215e+03 1.951047187406860114e-15
7.269809013366706495e+03 1.978991178916207295e-15
7.275326941967017774e+03 1.995463236851919701e-15
7.280844870567329053e+03 2.043850518452331991e-15
7.286362799167640333e+03 1.966815153553068925e-15
7.291880727767951612e+03 2.045580241572507003e-15
7.297398656368262891e+03 1.920568465455298415e-15
7.302916584968574170e+03 2.034713372131448985e-15
7.308434513568885450e+03 2.093197269924584771e-15
7.313952442169196729e+03 2.063663858777797867e-15
7.319470370769508008e+03 2.028735671454194769e-15
7.324988299369819288e+03 2.080654739255782243e-15
7.330506227970130567e+03 2.132034132070873178e-15
7.336024156570441846e+03 2.120978217631365386e-15
7.341542085170753126e+03 2.115366850634719922e-15
7.347060013771064405e+03 2.146312221111733743e-15
7.352577942371375684e+03 2.202233241953578632e-15
7.358095870971686963e+03 2.182482888023420047e-15
7.363613799571998243e+03 2.238508256898908580e-15
7.369131728172309522e+03 2.294212172045757584e-15
7.374649656772620801e+03 2.233350151673398278e-15
7.380167585372932081e+03 2.145544628051756638e-15
7.385685513973243360e+03 2.209415149831577804e-15
7.391203442573554639e+03 2.151907197915595203e-15
7.396721371173865919e+03 2.237951676844462605e-15
7.402239299774177198e+03 2.124945073347808976e-15
7.407757228374488477e+03 2.046383361018939012e-15
7.413275156974799756e+03 2.129671627371683742e-15
7.418793085575111036e+03 2.323269152038939335e-15
7.424311014175422315e+03 2.264503188467364582e-15
7.429828942775733594e+03 2.203140022933431082e-15
7.435346871376044874e+03 2.181342525343259413e-15
7.440864799976356153e+03 2.096538466501811919e-15
7.446382728576667432e+03 2.219682790391940512e-15
7.451900657176978712e+03 2.364116515895928738e-15
7.457418585777289991e+03 2.271498282472633868e-15
7.462936514377601270e+03 2.229686214179617435e-15
7.468454442977912549e+03 2.239707572785576626e-15
7.473972371578223829e+03 2.284293788472997998e-15
7.479490300178535108e+03 2.259162388370451385e-15
7.485008228778846387e+03 2.332838192811568295e-15
7.490526157379157667e+03 2.446767023543055024e-15
7.496044085979468946e+03 2.328278372528949160e-15
7.501562014579780225e+03 2.219572092231250780e-15
7.507079943180091504e+03 2.158734099366636523e-15
7.512597871780402784e+03 2.237136114581520147e-15
7.518115800380714063e+03 2.192737313454521203e-15
7.523633728981025342e+03 2.228973112074707574e-15
7.529151657581336622e+03 2.078303132747605783e-15
7.534669586181647901e+03 2.066728653203410117e-15
7.540187514781959180e+03 1.913565905760121913e-15
7.545705443382270460e+03 1.904711854968011101e-15
7.551223371982581739e+03 1.902777297344294852e-15
7.556741300582893018e+03 1.812186470699651202e-15
7.562259229183204297e+03 1.736682516169124591e-15
7.567777157783515577e+03 1.657427009554071071e-15
7.573295086383826856e+03 1.442973951412838971e-15
7.578813014984138135e+03 1.418995356806965018e-15
7.584330943584449415e+03 1.378644847485166229e-15
7.589848872184760694e+03 1.188699589807927992e-15
7.595366800785071973e+03 8.804656243060464433e-16
7.600884729385383253e+03 5.913023775152045345e-16
7.606402657985694532e+03 3.993636090077437703e-16
7.611920586586005811e+03 4.350192291283760065e-16
7.617438515186317090e+03 5.955564477617479007e-16
7.622956443786628370e+03 7.643867606938737434e-16
7.628474372386939649e+03 8.007951283071970953e-16
7.633992300987250928e+03 6.639587033838845085e-16
7.639510229587562208e+03 6.347806676579227653e-16
7.645028158187873487e+03 7.371485428995731586e-16
7.650546086788184766e+03 9.000706118143380147e-16
7.656064015388496045e+03 1.109872888393624296e-15
7.661581943988807325e+03 1.230309483785761197e-15
7.667099872589118604e+03 1.256901927984360024e-15
7.672617801189429883e+03 1.255645375141738431e-15
7.678135729789741163e+03 1.416472039430929102e-15
7.683653658390052442e+03 1.462328881215509269e-15
7.689171586990363721e+03 1.492570760590712235e-15
7.694689515590675001e+03 1.664864810389572372e-15
7.700207444190986280e+03 1.684189105119865859e-15
7.705725372791297559e+03 1.635454368594931425e-15
7.711243301391608838e+03 1.579639326224753778e-15
7.716761229991920118e+03 1.618939146957802874e-15
7.722279158592231397e+03 1.684305810157493234e-15
7.727797087192542676e+03 1.814741452898396170e-15
7.733315015792853956e+03 1.879682400148331654e-15
7.738832944393165235e+03 1.834138774089733879e-15
7.744350872993476514e+03 1.843780927135933973e-15
7.749868801593788703e+03 1.826753061458525513e-15
7.755386730194099982e+03 1.997392988974085362e-15
7.760904658794411262e+03 2.094720442290667245e-15
7.766422587394722541e+03 2.054286265754393186e-15
7.771940515995033820e+03 2.087374718297351981e-15
7.777458444595345100e+03 2.045483187603715958e-15
7.782976373195656379e+03 2.190479757476669925e-15
7.788494301795967658e+03 2.466629019571708667e-15
7.794012230396278937e+03 2.589149743823284116e-15
7.799530158996590217e+03 2.590076519122082525e-15
7.805048087596901496e+03 2.547736532158861926e-15
7.810566016197212775e+03 2.525407168522212535e-15
7.816083944797524055e+03 2.434260705760927054e-15
7.821601873397835334e+03 2.539170639834656020e-15
7.827119801998146613e+03 2.770712147297828775e-15
7.832637730598457892e+03 2.745271307220516341e-15
7.838155659198769172e+03 2.803840845916263584e-15
7.843673587799080451e+03 2.562127464673604605e-15
7.849191516399391730e+03 2.483519671017378363e-15
7.854709444999703010e+03 2.536507962913689550e-15
7.860227373600014289e+03 2.774972481858891315e-15
7.865745302200325568e+03 2.854355248452475556e-15
7.871263230800636848e+03 2.730882434206438538e-15
7.876781159400948127e+03 2.763523546042671912e-15
7.882299088001259406e+03 2.671160347451601547e-15
7.887817016601570685e+03 2.677673518301496229e-15
7.893334945201881965e+03 2.853278816105425962e-15
7.898852873802193244e+03 2.987234488731212891e-15
7.904370802402504523e+03 3.059804427128290451e-15
7.909888731002815803e+03 2.975616158985378467e-15
7.915406659603127082e+03 2.855541864085049058e-15
7.920924588203438361e+03 2.861497425130164144e-15
7.926442516803749641e+03 2.895567315552047547e-15
7.931960445404060920e+03 3.023839281220365431e-15
7.937478374004372199e+03 3.146050308059592936e-15
7.942996302604683478e+03 3.101768040345166355e-15
7.948514231204994758e+03 2.886805513227178377e-15
7.954032159805306037e+03 2.812349672909571153e-15
7.959550088405617316e+03 2.837945318786794199e-15
7.965068017005928596e+03 2.874780432100203386e-15
7.970585945606239875e+03 2.912990948607054514e-15
7.976103874206551154e+03 2.846772252820162253e-15
7.981621802806862433e+03 2.644828773337109462e-15
7.987139731407173713e+03 2.377197520175839567e-15
7.992657660007484992e+03 2.438641435298307219e-15
7.998175588607796271e+03 2.388091592188167453e-15
8.003693517208107551e+03 2.505379468502635303e-15
8.009211445808418830e+03 2.602265587989428619e-15
8.014729374408730109e+03 2.412676366489478897e-15
8.020247303009041389e+03 2.281006825413257153e-15
8.025765231609352668e+03 2.119111451904507016e-15
8.031283160209663947e+03 2.098797910355271483e-15
8.036801088809975226e+03 2.162413311490342610e-15
8.042319017410286506e+03 2.154910636383924746e-15
8.047836946010597785e+03 2.182453368513903180e-15
8.053354874610909064e+03 2.110641154736120610e-15
8.058872803211220344e+03 1.990187740088560794e-15
8.064390731811531623e+03 1.910488153642831418e-15
8.069908660411842902e+03 1.947695092638620780e-15
8.075426589012154182e+03 2.029774517914126161e-15
8.080944517612465461e+03 2.043495426212847422e-15
8.086462446212776740e+03 1.985207095170263693e-15
8.091980374813088019e+03 1.817761624809621715e-15
8.097498303413399299e+03 1.674566946392611724e-15
8.103016232013710578e+03 1.691630081018890599e-15
8.108534160614021857e+03 1.876584482087039794e-15
8.114052089214333137e+03 1.809517272026582842e-15
8.119570017814644416e+03 1.728944972174484179e-15
8.125087946414956605e+03 1.627445142137698013e-15
8.130605875015267884e+03 1.523167560580344165e-15
8.136123803615579163e+03 1.405719558089250277e-15
8.141641732215890443e+03 1.425116965093115688e-15
8.147159660816201722e+03 1.429371636027353765e-15
8.152677589416513001e+03 1.345723471933574470e-15
8.158195518016824280e+03 1.199782449381122542e-15
8.163713446617135560e+03 1.134522107903212800e-15
8.169231375217446839e+03 1.010004268695251933e-15
8.174749303817758118e+03 1.037375461582424147e-15
8.180267232418069398e+03 9.889641524742646384e-16
8.185785161018380677e+03 9.937626173963248648e-16
8.191303089618691956e+03 1.023068196282157329e-15
8.196821018219003236e+03 9.471678736863388800e-16
8.202338946819314515e+03 9.321558300963464481e-16
8.207856875419625794e+03 8.450895814005523964e-16
8.213374804019937073e+03 8.448257936905051279e-16
8.218892732620248353e+03 9.062650749364780913e-16
8.224410661220559632e+03 9.168502218492063764e-16
8.229928589820870911e+03 7.434536012073699800e-16
8.235446518421182191e+03 7.433664242605133472e-16
8.240964447021493470e+03 7.088705432887894347e-16
8.246482375621804749e+03 6.967360597702936409e-16
8.252000304222116029e+03 7.295594889028066563e-16
8.257518232822427308e+03 6.494304107561069162e-16
8.263036161422738587e+03 6.496322847274425914e-16
8.268554090023049866e+03 5.363875943727772506e-16
8.274072018623361146e+03 5.608247110577323608e-16
8.279589947223672425e+03 4.731136412852927943e-16
8.285107875823983704e+03 4.814699794169371432e-16
8.290625804424294984e+03 4.155010838980836370e-16
8.296143733024606263e+03 4.314762272298363910e-16
8.301661661624917542e+03 4.103454672358753466e-16
8.307179590225228822e+03 4.129331440076609660e-16
8.312697518825540101e+03 4.060240770613773073e-16
8.318215447425851380e+03 3.949110543847075242e-16
8.323733376026162659e+03 4.261438968294040830e-16
8.329251304626473939e+03 4.473053777082700362e-16
8.334769233226785218e+03 4.774331006779180550e-16
8.340287161827096497e+03 4.570999938723759662e-16
8.345805090427407777e+03 4.059745203266498893e-16
8.351323019027719056e+03 4.863905298221087147e-16
8.356840947628030335e+03 5.087413465906748216e-16
8.362358876228341614e+03 4.668646872080842914e-16
8.367876804828652894e+03 5.125676671305588765e-16
8.373394733428964173e+03 6.394771872971147407e-16
8.378912662029275452e+03 7.063605611795530463e-16
8.384430590629586732e+03 6.288261363631384407e-16
8.389948519229898011e+03 5.770585019291247592e-16
8.395466447830209290e+03 5.944481789669339469e-16
8.400984376430520570e+03 6.638268352726191458e-16
8.406502305030831849e+03 7.352176837957998506e-16
8.412020233631143128e+03 7.627573524185405237e-16
8.417538162231454407e+03 7.101663725253243314e-16
8.423056090831765687e+03 7.218887499609544520e-16
8.428574019432076966e+03 7.069793467353039961e-16
8.434091948032388245e+03 7.631342410400518320e-16
8.439609876632699525e+03 7.358205682901744472e-16
8.445127805233010804e+03 8.149509344961324406e-16
8.450645733833322083e+03 8.925512032650257280e-16
8.456163662433633363e+03 8.838075931960218352e-16
8.461681591033944642e+03 8.431145202637778128e-16
8.467199519634255921e+03 8.109174024456919017e-16
8.472717448234567200e+03 8.572124029965384794e-16
8.478235376834878480e+03 9.406756410931960758e-16
8.483753305435189759e+03 1.083241485307465396e-15
8.489271234035501038e+03 1.112632790908436823e-15
8.494789162635812318e+03 1.126232102855453996e-15
8.500307091236123597e+03 1.212788968387019380e-15
8.505825019836434876e+03 1.253926979275214910e-15
8.511342948436746155e+03 1.389245269027819364e-15
8.516860877037057435e+03 1.439245139648141959e-15
8.522378805637368714e+03 1.652253972948745549e-15
8.527896734237679993e+03 1.619397128417959146e-15
8.533414662837991273e+03 1.734103506462633390e-15
8.538932591438302552e+03 1.780533404306971043e-15
8.544450520038613831e+03 1.824433377210642792e-15
8.549968448638925111e+03 2.035696440448397784e-15
8.555486377239236390e+03 2.294210713232786433e-15
8.561004305839547669e+03 2.471418817428474031e-15
8.566522234439858948e+03 2.453651676825217884e-15
8.572040163040170228e+03 2.288186244727953525e-15
8.577558091640481507e+03 2.177331905237706149e-15
8.583076020240792786e+03 2.209111373483637631e-15
8.588593948841104066e+03 2.358632666315395329e-15
8.594111877441415345e+03 2.590332154642001544e-15
8.599629806041728443e+03 2.652153044198509193e-15
8.605147734642039723e+03 2.750192398244612699e-15
8.610665663242351002e+03 2.577086218683916258e-15
8.616183591842662281e+03 2.399231860342372140e-15
8.621701520442973560e+03 2.503212444741471997e-15
8.627219449043284840e+03 2.664601266899406783e-15
8.632737377643596119e+03 2.927819095950255615e-15
8.638255306243907398e+03 3.137104008800240090e-15
8.643773234844218678e+03 3.085907225044024151e-15
8.649291163444529957e+03 2.876812386942820309e-15
8.654809092044841236e+03 2.812680222766143270e-15
8.660327020645152515e+03 2.931943417654967630e-15
8.665844949245463795e+03 2.995711307651701582e-15
8.671362877845775074e+03 3.385297694694697051e-15
8.676880806446086353e+03 3.608456605392758942e-15
8.682398735046397633e+03 3.393306663714346564e-15
8.687916663646708912e+03 3.308190161459666993e-15
8.693434592247020191e+03 3.183905389076847105e-15
8.698952520847331471e+03 3.192700057599812580e-15
8.704470449447642750e+03 3.445145925865204030e-15
8.709988378047954029e+03 3.772098607089637470e-15
8.715506306648265308e+03 3.863747416387881834e-15
8.721024235248576588e+03 3.880317214792605726e-15
8.726542163848887867e+03 3.524529893834175325e-15
8.732060092449199146e+03 3.244932083689799139e-15
8.737578021049510426e+03 3.357460625594823030e-15
8.743095949649821705e+03 3.640150604361137530e-15
8.748613878250132984e+03 3.727046601002040613e-15
8.754131806850444264e+03 3.723526571117157014e-15
8.759649735450755543e+03 3.488529822227487548e-15
8.765167664051066822e+03 3.152094770883371409e-15
8.770685592651378101e+03 2.927925932547200874e-15
8.776203521251689381e+03 3.015277164647376491e-15
8.781721449852000660e+03 3.052775522987120323e-15
8.787239378452311939e+03 3.205032690825943527e-15
8.792757307052623219e+03 3.308239932725711943e-15
8.798275235652934498e+03 3.100422070848716142e-15
8.803793164253245777e+03 2.991309983107681338e-15
8.809311092853557057e+03 2.854312942876336244e-15
8.814829021453868336e+03 2.865550951499551628e-15
8.820346950054179615e+03 3.033264156946513445e-15
8.825864878654490894e+03 3.085796012008168200e-15
8.831382807254802174e+03 2.994582272225191058e-15
8.836900735855113453e+03 2.867701070192765894e-15
8.842418664455424732e+03 2.616007262919845364e-15
8.847936593055736012e+03 2.297307258293635438e-15
8.853454521656047291e+03 2.545023998159321422e-15
8.858972450256358570e+03 2.594462139973540389e-15
8.864490378856669849e+03 2.513552425262657103e-15
8.870008307456981129e+03 2.292052270724389893e-15
8.875526236057292408e+03 1.883775486092973133e-15
8.881044164657603687e+03 1.889296578310513538e-15
8.886562093257914967e+03 1.974560420675198479e-15
8.892080021858226246e+03 2.004291715510784834e-15
8.897597950458537525e+03 1.827191992537541547e-15
8.903115879058848805e+03 1.913334898435642851e-15
8.908633807659160084e+03 1.821863034569446258e-15
8.914151736259471363e+03 1.614950923921970468e-15
8.919669664859782642e+03 1.809068472506885482e-15
8.925187593460093922e+03 1.826516562132277394e-15
8.930705522060405201e+03 1.897374197352296384e-15
8.936223450660716480e+03 1.990393003654739954e-15
8.941741379261027760e+03 1.970173083573188524e-15
8.947259307861339039e+03 1.733494752391366580e-15
8.952777236461650318e+03 1.823179312931323802e-15
8.958295165061961598e+03 1.825150083441714609e-15
8.963813093662272877e+03 1.896722537017196340e-15
8.969331022262584156e+03 2.089466398659224264e-15
8.974848950862895435e+03 1.949558769114484203e-15
8.980366879463206715e+03 1.636971534084076256e-15
8.985884808063517994e+03 1.634292896032963508e-15
8.991402736663829273e+03 1.657491540574875441e-15
8.996920665264140553e+03 1.656681041251065299e-15
9.002438593864451832e+03 1.759621749439900735e-15
9.007956522464763111e+03 1.753196107368227769e-15
9.013474451065074390e+03 1.521296761664684733e-15
9.018992379665385670e+03 1.558009935376279611e-15
9.024510308265696949e+03 1.486252040928511047e-15
9.030028236866008228e+03 1.456353754914085754e-15
9.035546165466319508e+03 1.541346858753982627e-15
9.041064094066630787e+03 1.581918421147050659e-15
9.046582022666942066e+03 1.364450511471308045e-15
9.052099951267253346e+03 1.451741417364533591e-15
9.057617879867564625e+03 1.320724051498578702e-15
9.063135808467875904e+03 1.412298289710281766e-15
9.068653737068187183e+03 1.395682839040839322e-15
9.074171665668498463e+03 1.265353174771603431e-15
9.079689594268809742e+03 1.161647533711147913e-15
9.085207522869121021e+03 1.083669604007993792e-15
9.090725451469432301e+03 1.120310781008876887e-15
9.096243380069743580e+03 1.281663733530246744e-15
9.101761308670054859e+03 1.301841948723350812e-15
9.107279237270366139e+03 1.228202872044074482e-15
9.112797165870677418e+03 1.198582532806760969e-15
9.118315094470988697e+03 1.183135762951609760e-15
9.123833023071299976e+03 1.159267437443787812e-15
9.129350951671611256e+03 1.269137507241700123e-15
9.134868880271922535e+03 1.346574388957916427e-15
9.140386808872233814e+03 1.211894115348512541e-15
9.145904737472545094e+03 1.139209617226999396e-15
9.151422666072856373e+03 1.194440962783989101e-15
9.156940594673167652e+03 1.295142307250837649e-15
9.162458523273478932e+03 1.446069037660717613e-15
9.167976451873790211e+03 1.328640600425932154e-15
9.173494380474101490e+03 1.146094527946744775e-15
9.179012309074412769e+03 1.214936341079348526e-15
9.184530237674724049e+03 1.288277305037510330e-15
9.190048166275035328e+03 1.441049605479915452e-15
9.195566094875346607e+03 1.464562752935726508e-15
9.201084023475657887e+03 1.197776238296805323e-15
9.206601952075969166e+03 1.275704482546440817e-15
9.212119880676280445e+03 1.436093245506949469e-15
9.217637809276591724e+03 1.586749494829624277e-15
9.223155737876903004e+03 1.630238425725773261e-15
9.228673666477214283e+03 1.798759298683132988e-15
9.234191595077525562e+03 1.597126460550233466e-15
9.239709523677836842e+03 1.711250858032272647e-15
9.245227452278148121e+03 1.792890322478432318e-15
