3.776699999999999818e+03 1.679830064928392642e-15 1.958999999999999989e-32
3.802300000000000182e+03 1.237110623697264832e-15 1.146000000000000038e-32
3.827900000000000091e+03 7.192768299693389524e-16 1.484000000000000047e-32
3.853400000000000091e+03 7.733364018420343081e-16 8.826999999999999960e-33
3.879000000000000000e+03 9.692027664586854080e-16 7.932000000000000036e-33
3.904599999999999909e+03 1.759496802424997746e-15 4.936000000000000544e-32
3.930099999999999909e+03 2.839550143628956725e-15 5.257000000000000109e-32
3.955699999999999818e+03 3.454122118602757949e-15 4.159000000000000249e-32
3.981300000000000182e+03 3.798965282338058632e-15 4.939000000000000060e-32
4.006800000000000182e+03 4.242822819819137140e-15 4.627999999999999791e-32
4.032400000000000091e+03 4.413537257311859461e-15 3.663999999999999800e-32
4.058000000000000000e+03 3.515579316100139058e-15 3.404000000000000045e-32
4.083599999999999909e+03 3.089931318618283165e-15 2.659000000000000233e-32
4.109100000000000364e+03 2.696150016135070102e-15 2.521999999999999754e-32
4.134699999999999818e+03 2.747364347382885851e-15 1.768999999999999957e-32
4.160300000000000182e+03 2.669973802386184314e-15 2.176000000000000034e-32
4.185800000000000182e+03 2.619897567388320051e-15 1.962999999999999981e-32
4.211399999999999636e+03 2.586892776139726128e-15 1.644000000000000002e-32
4.237000000000000000e+03 2.666559513636330640e-15 1.287999999999999891e-32
4.262600000000000364e+03 2.748502443632837733e-15 1.344000000000000053e-32
4.288100000000000364e+03 2.796302486130800599e-15 1.290000000000000024e-32
4.313699999999999818e+03 2.768988176131964901e-15 1.097000000000000068e-32
4.339300000000000182e+03 3.014816966121485391e-15 9.225000000000000397e-33
4.364800000000000182e+03 2.936288324874833154e-15 1.059000000000000007e-32
4.390399999999999636e+03 2.624449952388126395e-15 9.420000000000000349e-33
4.416000000000000000e+03 2.155554297408113587e-15 8.443999999999999835e-33
4.441600000000000364e+03 1.981425571165536409e-15 7.661999999999999891e-33
4.467100000000000364e+03 2.084992329911120579e-15 8.791000000000000305e-33
4.492699999999999818e+03 2.484464113644092656e-15 7.438999999999999447e-33
4.518300000000000182e+03 2.928321651125173137e-15 8.204000000000000314e-33
4.543800000000000182e+03 3.374455381106154620e-15 7.384999999999999965e-33
4.569399999999999636e+03 3.887736789834274649e-15 7.247999999999999760e-33
4.595000000000000000e+03 4.505723053557931913e-15 8.009999999999999744e-33
4.620500000000000000e+03 4.839185254793717327e-15 7.921999999999999372e-33
4.646100000000000364e+03 4.927956762289930977e-15 8.202000000000000181e-33
4.671699999999999818e+03 5.082737852283334053e-15 7.546999999999999779e-33
4.697300000000000182e+03 4.758380421047159749e-15 6.753000000000000406e-33
4.722800000000000182e+03 3.935536832332238697e-15 6.000999999999999718e-33
4.748399999999999636e+03 3.246988601111588426e-15 5.447999999999999933e-33
4.774000000000000000e+03 2.846378721128664861e-15 5.055999999999999894e-33
4.799500000000000000e+03 2.517468904892686580e-15 5.114000000000000326e-33
4.825100000000000364e+03 2.349030659899866839e-15 5.050000000000000180e-33
4.850699999999999818e+03 2.624449952388126395e-15 4.327000000000000050e-33
4.876300000000000182e+03 2.857759683628179340e-15 4.540999999999999896e-33
4.901800000000000182e+03 2.716635748634196875e-15 4.121000000000000051e-33
4.927399999999999636e+03 3.050097949869981500e-15 3.736999999999999860e-33
4.953000000000000000e+03 3.743198566090434566e-15 5.143000000000000200e-33
4.978500000000000000e+03 4.172260852322147288e-15 5.151000000000000047e-33
5.004100000000000364e+03 4.050484553577334586e-15 3.929000000000000297e-33
5.029699999999999818e+03 3.652150866094317940e-15 2.957000000000000048e-33
5.055300000000000182e+03 2.972707404873279962e-15 2.897000000000000168e-33
5.080800000000000182e+03 2.783783427381333843e-15 3.015999999999999862e-33
5.106399999999999636e+03 2.846378721128664861e-15 2.804999999999999873e-33
5.132000000000000000e+03 2.963602634873669246e-15 3.105000000000000300e-33
5.157500000000000000e+03 2.974983597373182937e-15 2.579999999999999980e-33
5.183100000000000364e+03 3.242436216111782476e-15 2.197999999999999922e-33
5.208699999999999818e+03 3.350555359857173779e-15 2.259999999999999935e-33
5.234199999999999818e+03 3.678327079843204123e-15 2.757999999999999830e-33
5.259800000000000182e+03 4.162017986072583507e-15 3.015999999999999862e-33
5.285399999999999636e+03 4.555799288555796570e-15 2.555000000000000030e-33
5.311000000000000000e+03 4.879018623542018991e-15 3.582999999999999893e-33
5.336500000000000000e+03 5.104361681032411919e-15 2.949999999999999926e-33
5.362100000000000364e+03 5.312633294773534508e-15 4.221999999999999917e-33
5.387699999999999818e+03 5.222723691027368186e-15 3.626000000000000013e-33
5.413199999999999818e+03 4.992828248537167731e-15 2.707999999999999930e-33
5.438800000000000182e+03 4.859670987292844100e-15 3.363999999999999715e-33
5.464399999999999636e+03 4.943890109789251801e-15 3.211999999999999881e-33
5.490000000000000000e+03 4.931371051039785045e-15 3.321999999999999662e-33
5.515500000000000000e+03 4.905194837290902807e-15 2.581000000000000047e-33
5.541100000000000364e+03 4.891537682291483381e-15 2.700000000000000083e-33
5.566699999999999818e+03 4.902918644790999044e-15 3.083000000000000207e-33
5.592199999999999818e+03 4.728789918548423443e-15 4.164000000000000170e-33
5.617800000000000182e+03 4.200713258570934078e-15 5.971999999999999844e-33
5.643399999999999636e+03 3.732955699840872362e-15 1.940999999999999956e-33
5.668899999999999636e+03 3.425669712353970764e-15 1.522000000000000006e-33
5.694500000000000000e+03 3.104726569867652895e-15 1.517000000000000016e-33
5.720100000000000364e+03 2.646073781137204262e-15 1.654000000000000050e-33
5.745699999999999818e+03 2.185144799906852653e-15 1.070999999999999983e-33
5.771199999999999818e+03 1.959801742416457754e-15 1.242999999999999947e-33
5.796800000000000182e+03 2.080439944911316207e-15 1.059000000000000041e-33
5.822399999999999636e+03 2.277330596152922344e-15 1.481999999999999915e-33
5.847899999999999636e+03 2.588030872389676827e-15 1.386000000000000038e-33
5.873500000000000000e+03 2.857759683628179340e-15 1.427000000000000024e-33
5.899100000000000364e+03 3.118383724867070350e-15 1.463000000000000021e-33
5.924699999999999818e+03 3.301617221109260610e-15 1.320999999999999997e-33
5.950199999999999818e+03 3.416564942354360048e-15 1.640000000000000147e-33
5.975800000000000182e+03 3.448431637353000907e-15 1.427000000000000024e-33
6.001399999999999636e+03 3.450707829852904276e-15 1.448000000000000051e-33
6.026899999999999636e+03 3.198050462363674862e-15 1.219000000000000063e-33
6.052500000000000000e+03 3.043269372370272576e-15 1.327999999999999948e-33
6.078100000000000364e+03 2.988640752372601180e-15 8.608000000000000123e-34
6.103699999999999818e+03 2.965878827373571827e-15 8.813999999999999438e-34
6.129199999999999818e+03 3.001159811122067542e-15 1.095999999999999933e-33
6.154800000000000182e+03 3.251540986111394770e-15 9.920000000000000377e-34
6.180399999999999636e+03 3.507612642350477857e-15 1.283999999999999934e-33
6.205899999999999636e+03 3.544031722348924665e-15 2.291999999999999922e-34
6.231500000000000000e+03 3.384698247355717612e-15 1.916000000000000006e-34
6.257100000000000364e+03 3.237883831111975343e-15 1.193999999999999942e-33
6.282600000000000364e+03 3.093345607368137232e-15 1.129000000000000072e-33
6.308199999999999818e+03 2.994331233622358617e-15 1.276999999999999982e-33
6.333800000000000182e+03 3.034164602370659493e-15 1.123000000000000016e-33
6.359399999999999636e+03 3.289098162359792671e-15 9.554000000000000698e-34
6.384899999999999636e+03 3.655565154844172797e-15 1.118000000000000026e-33
6.410500000000000000e+03 4.063003612326802920e-15 1.087000000000000019e-33
6.436100000000000364e+03 4.420365834811569175e-15 1.353999999999999965e-33
6.461600000000000364e+03 4.644570796052012587e-15 1.304000000000000065e-33
6.487199999999999818e+03 4.731066111048325629e-15 1.435000000000000043e-33
6.512800000000000182e+03 4.773175672296529480e-15 1.769999999999999887e-33
6.538399999999999636e+03 4.813009041044832722e-15 1.702000000000000160e-33
6.563899999999999636e+03 4.860809083542795193e-15 2.280999999999999961e-33
6.589500000000000000e+03 4.729928014798372959e-15 2.844000000000000069e-33
6.615100000000000364e+03 4.487513513558708115e-15 9.125999999999999978e-34
6.640600000000000364e+03 4.202989451070837053e-15 5.335000000000000295e-34
6.666199999999999818e+03 3.792136704838351285e-15 2.682999999999999980e-34
6.691800000000000182e+03 3.371041092356300947e-15 7.592000000000000031e-34
6.717399999999999636e+03 3.059202719869593005e-15 7.564999999999999606e-34
6.742899999999999636e+03 2.895316859876578819e-15 8.287999999999999394e-34
6.768500000000000000e+03 2.743950058633031784e-15 9.029000000000000035e-34
6.794100000000000364e+03 2.584616583639823942e-15 1.521000000000000068e-34
6.819600000000000364e+03 2.557302273640987850e-15 1.293000000000000018e-34
6.845199999999999818e+03 2.544783214891522277e-15 1.446000000000000004e-34
6.870800000000000182e+03 2.565268947390647473e-15 1.821999999999999920e-34
6.896300000000000182e+03 2.569821332390454606e-15 1.535999999999999995e-34
6.921899999999999636e+03 2.523159386142444806e-15 9.156999999999999643e-34
6.947500000000000000e+03 2.474221247394529664e-15 7.518000000000000418e-34
6.973100000000000364e+03 2.427559301146517892e-15 7.083999999999999985e-34
6.998600000000000364e+03 2.403659279897537051e-15 9.694999999999999544e-35
7.024199999999999818e+03 2.432111686146324630e-15 1.092999999999999990e-34
7.049800000000000182e+03 2.482187921144189682e-15 1.270999999999999925e-34
7.075300000000000182e+03 2.540230829891714750e-15 1.205000000000000074e-34
7.100899999999999636e+03 2.591445161139533261e-15 1.002999999999999999e-34
7.126500000000000000e+03 2.565268947390647473e-15 1.125000000000000106e-34
7.152100000000000364e+03 2.461702188645063697e-15 1.130000000000000010e-34
7.177600000000000364e+03 2.413902146147100832e-15 1.136999999999999962e-34
7.203199999999999818e+03 2.496983172393559412e-15 1.549000000000000089e-34
7.228800000000000182e+03 2.700702401134875657e-15 8.073000000000000507e-34
7.254300000000000182e+03 2.896454956126530701e-15 8.171999999999999215e-34
7.279899999999999636e+03 3.142283746116051585e-15 9.613999999999999551e-34
7.305500000000000000e+03 3.479160236101691461e-15 1.031000000000000062e-33
7.331100000000000364e+03 3.767098587339419351e-15 8.469999999999999851e-34
7.356600000000000364e+03 3.967403527330876400e-15 1.967999999999999953e-34
7.382199999999999818e+03 3.982198778580247709e-15 1.649000000000000103e-34
7.407800000000000182e+03 3.834246266086554347e-15 2.071999999999999848e-34
7.433300000000000182e+03 3.651012769844366059e-15 1.592000000000000037e-34
7.458899999999999636e+03 3.550860299848633590e-15 1.830999999999999919e-34
7.484500000000000000e+03 3.501922161100721998e-15 1.754000000000000022e-34
7.510000000000000000e+03 3.437050674853487216e-15 1.746000000000000046e-34
7.535600000000000364e+03 3.311860087358823602e-15 1.429000000000000029e-34
7.561199999999999818e+03 3.023921736121096501e-15 1.737000000000000047e-34
7.586800000000000182e+03 2.881659704877161759e-15 1.493000000000000047e-34
7.612300000000000182e+03 2.567545139890550448e-15 1.488999999999999952e-34
7.637899999999999636e+03 2.339925889900254151e-15 9.912000000000000188e-34
7.663500000000000000e+03 2.317163964901224403e-15 1.100000000000000027e-33
7.689000000000000000e+03 2.333097312400545621e-15 1.144000000000000042e-33
7.714600000000000364e+03 2.412764049897149345e-15 2.041999999999999994e-34
7.740199999999999818e+03 2.617621374888417077e-15 1.031000000000000062e-33
7.765800000000000182e+03 2.940840709874638710e-15 9.377999999999999954e-34
7.791300000000000182e+03 3.326655338608192938e-15 1.013999999999999960e-33
7.816899999999999636e+03 3.753441432339998347e-15 1.956000000000000097e-34
7.842500000000000000e+03 4.059589323576950430e-15 2.471999999999999905e-34
7.868000000000000000e+03 4.249651397318846065e-15 2.147000000000000126e-34
7.893600000000000364e+03 4.393051524812736632e-15 2.107999999999999845e-34
7.919199999999999818e+03 4.526208786057057897e-15 2.570999999999999896e-34
7.944699999999999818e+03 4.562627866055506283e-15 2.478000000000000047e-34
7.970300000000000182e+03 4.362322926064042923e-15 2.410000000000000149e-34
7.995899999999999636e+03 3.903670137333594684e-15 1.805999999999999969e-34
8.021500000000000000e+03 3.407460172354747360e-15 1.566000000000000063e-34
8.047000000000000000e+03 3.001159811122067542e-15 1.100999999999999965e-34
8.072600000000000364e+03 2.731430999883565422e-15 1.304000000000000065e-34
8.098199999999999818e+03 2.547059407391424463e-15 1.196000000000000075e-34
8.123699999999999818e+03 2.411625953647197463e-15 1.395000000000000080e-34
8.149300000000000182e+03 2.316025868651273704e-15 1.375000000000000034e-34
8.174899999999999636e+03 2.218149591155445788e-15 1.240000000000000047e-34
8.200500000000000000e+03 2.130516179909180864e-15 1.345999999999999989e-34
8.226000000000000000e+03 2.100925677410442586e-15 1.306999999999999922e-34
8.251600000000000364e+03 2.069058982411800150e-15 1.847999999999999894e-34
8.277200000000000728e+03 1.945006491167087234e-15 2.170000000000000029e-34
8.302700000000000728e+03 1.711696759927034289e-15 2.480000000000000094e-34
8.328299999999999272e+03 1.452210814938095754e-15 2.224999999999999834e-34
8.353899999999999636e+03 1.274667799945663916e-15 2.327000000000000109e-34
8.379500000000000000e+03 1.256458259946439921e-15 9.593999999999999933e-34
8.405000000000000000e+03 1.370267884941588661e-15 2.098999999999999846e-34
8.430600000000000364e+03 1.519358493685232919e-15 1.566000000000000063e-34
8.456200000000000728e+03 1.690072931177956620e-15 1.541999999999999923e-34
8.481700000000000728e+03 1.905173122418786753e-15 1.268000000000000068e-34
8.507299999999999272e+03 2.179454318657094033e-15 1.116000000000000107e-34
8.532899999999999636e+03 2.549335599891327833e-15 1.505999999999999927e-34
8.558399999999999636e+03 2.972707404873279962e-15 2.224999999999999834e-34
8.584000000000000000e+03 3.299341028609357635e-15 2.756000000000000210e-34
8.609600000000000364e+03 3.468917369852128074e-15 3.618999999999999890e-34
8.635200000000000728e+03 3.569069839847858177e-15 3.123000000000000128e-34
8.660700000000000728e+03 3.697674716092377436e-15 2.221999999999999977e-34
8.686299999999999272e+03 3.834246266086554347e-15 1.796999999999999970e-34
8.711899999999999636e+03 3.912774907333205794e-15 2.293000000000000160e-34
8.737399999999999636e+03 3.853593902335729238e-15 4.864999999999999865e-34
8.763000000000000000e+03 3.735231892340772971e-15 7.471999999999999757e-34
8.788600000000000364e+03 3.602074631096453284e-15 8.237999999999999494e-34
8.814200000000000728e+03 3.427945904853875317e-15 7.280999999999999728e-34
8.839700000000000728e+03 3.200326654863577048e-15 5.735000000000000352e-34
8.865299999999999272e+03 2.970431212373377382e-15 4.701999999999999643e-34
8.890899999999999636e+03 2.721188133634002430e-15 3.051999999999999944e-34
8.916399999999999636e+03 2.531126059892104429e-15 2.579999999999999895e-34
8.942000000000000000e+03 2.379759258648556210e-15 2.433999999999999861e-34
8.967600000000000364e+03 2.300092521151952092e-15 1.920999999999999910e-34
8.993200000000000728e+03 2.092959003660781779e-15 1.450999999999999908e-34
9.018700000000000728e+03 1.899482641169029316e-15 1.430000000000000053e-34
9.044299999999999272e+03 1.774292053674366293e-15 1.397999999999999937e-34
9.069899999999999636e+03 1.704868182427325562e-15 1.911000000000000101e-34
9.095399999999999636e+03 1.687796738678052265e-15 1.603999999999999893e-34
9.121000000000000000e+03 1.762911091174851419e-15 1.983999999999999904e-34
9.146600000000000364e+03 1.883549293669709676e-15 2.476000000000000000e-34
9.172100000000000364e+03 2.004187496164567340e-15 2.059000000000000182e-34
9.197700000000000728e+03 2.146449527408501293e-15 1.931000000000000147e-34
9.223299999999999272e+03 2.292125847402291680e-15 2.806000000000000111e-34
