3.776699999999999818e+03 1.077643567688924538e-15 3.843000000000000058e-32
3.802300000000000182e+03 1.205058934092483466e-15 3.283999999999999738e-32
3.827900000000000091e+03 1.373696919038371042e-15 1.561000000000000044e-31
3.853400000000000091e+03 1.012179238810625687e-15 4.641999999999999900e-32
3.879000000000000000e+03 1.159503256214740099e-15 9.560000000000000070e-32
3.904599999999999909e+03 1.441620551863796936e-15 3.914999999999999915e-32
3.930099999999999909e+03 1.823398212227401555e-15 9.084999999999999855e-32
3.955699999999999818e+03 2.157160890766137342e-15 9.359999999999999922e-32
3.981300000000000182e+03 2.916031823022628871e-15 1.007999999999999958e-31
4.006800000000000182e+03 3.400866029742053434e-15 9.923000000000000508e-32
4.032400000000000091e+03 3.313033745916070478e-15 8.205000000000000517e-32
4.058000000000000000e+03 3.030799340555247227e-15 8.205000000000000517e-32
4.083599999999999909e+03 2.747393838076742084e-15 6.837999999999999620e-32
4.109100000000000364e+03 2.064644218469435494e-15 5.087999999999999694e-32
4.134699999999999818e+03 2.316430098770586347e-15 4.864999999999999797e-32
4.160300000000000182e+03 2.151305405177737742e-15 3.695000000000000080e-32
4.185800000000000182e+03 2.254361951533558869e-15 3.323000000000000002e-32
4.211399999999999636e+03 2.216886843767806162e-15 3.566000000000000133e-32
4.237000000000000000e+03 1.972127546172734435e-15 2.731999999999999745e-32
4.262600000000000364e+03 2.211031358179405379e-15 2.973000000000000017e-32
4.288100000000000364e+03 2.318772293005944609e-15 2.675999999999999857e-32
4.313699999999999818e+03 2.291837059299311577e-15 1.916000000000000006e-32
4.339300000000000182e+03 2.583440241601573793e-15 2.624999999999999890e-32
4.364800000000000182e+03 2.812975276666808138e-15 1.767000000000000098e-32
4.390399999999999636e+03 2.646679485956281191e-15 1.728000000000000108e-32
4.416000000000000000e+03 2.307061321829146592e-15 2.087999999999999936e-32
4.441600000000000364e+03 1.856188931522436160e-15 1.336999999999999999e-32
4.467100000000000364e+03 1.809345046815245276e-15 1.336999999999999999e-32
4.492699999999999818e+03 1.846820154580997588e-15 1.051999999999999952e-32
4.518300000000000182e+03 2.141936628236300748e-15 9.270999999999999347e-33
4.543800000000000182e+03 2.613888766661247375e-15 1.555999999999999904e-32
4.569399999999999636e+03 2.938282668258543013e-15 1.262000000000000080e-32
4.595000000000000000e+03 3.282585220856396108e-15 1.286999999999999962e-32
4.620500000000000000e+03 3.704180183221113273e-15 1.644999999999999931e-32
4.646100000000000364e+03 3.736970902516147878e-15 1.380999999999999911e-32
4.671699999999999818e+03 3.711206765927192005e-15 1.570000000000000013e-32
4.697300000000000182e+03 3.753366262163665969e-15 1.423999999999999894e-32
4.722800000000000182e+03 3.234570239031526093e-15 1.150000000000000030e-32
4.748399999999999636e+03 2.569387076189416725e-15 9.599000000000000608e-33
4.774000000000000000e+03 2.201662581237969174e-15 1.136999999999999988e-32
4.799500000000000000e+03 1.890150747935148712e-15 8.315000000000000161e-33
4.825100000000000364e+03 1.720341665871583188e-15 8.756999999999999415e-33
4.850699999999999818e+03 1.719170568753903268e-15 7.506000000000000476e-33
4.876300000000000182e+03 2.159503085001495998e-15 1.078999999999999967e-32
4.901800000000000182e+03 2.312916807417545404e-15 7.646999999999999579e-33
4.927399999999999636e+03 2.204004775473327831e-15 7.666999999999999539e-33
4.953000000000000000e+03 2.356247400771698500e-15 7.996000000000000182e-33
4.978500000000000000e+03 2.901978657610471409e-15 6.873000000000000166e-33
5.004100000000000364e+03 3.116289430145869949e-15 7.232000000000000065e-33
5.029699999999999818e+03 3.131513692675704570e-15 7.692000000000000515e-33
5.055300000000000182e+03 2.921887308611028077e-15 6.217999999999999764e-33
5.080800000000000182e+03 2.339852041124181986e-15 5.362999999999999760e-33
5.106399999999999636e+03 2.105632617588227961e-15 4.553000000000000009e-33
5.132000000000000000e+03 2.110317006058945275e-15 4.526000000000000268e-33
5.157500000000000000e+03 2.189951610061171158e-15 4.513000000000000089e-33
5.183100000000000364e+03 2.440566393244642485e-15 5.389000000000000119e-33
5.208699999999999818e+03 2.707576536075628748e-15 4.505000000000000242e-33
5.234199999999999818e+03 2.842252704608802588e-15 5.063999999999999742e-33
5.259800000000000182e+03 3.054221282908842077e-15 4.536000000000000248e-33
5.285399999999999636e+03 3.250965598679042212e-15 6.170000000000000681e-33
5.311000000000000000e+03 3.575359500276339428e-15 4.258000000000000256e-33
5.336500000000000000e+03 3.718233348633269947e-15 4.197999999999999692e-33
5.362100000000000364e+03 3.852909517166447732e-15 6.543000000000000141e-33
5.387699999999999818e+03 3.810750020929969822e-15 4.969000000000000273e-33
5.413199999999999818e+03 3.638598744631047219e-15 5.368000000000000092e-33
5.438800000000000182e+03 3.383299572976858579e-15 4.652999999999999810e-33
5.464399999999999636e+03 3.297809483386232701e-15 4.135000000000000296e-33
5.490000000000000000e+03 3.209977199560251717e-15 4.867000000000000340e-33
5.515500000000000000e+03 2.940624862493902458e-15 3.751000000000000105e-33
5.541100000000000364e+03 2.992153135671811444e-15 2.835999999999999880e-33
5.566699999999999818e+03 2.989810941436453971e-15 3.136999999999999689e-33
5.592199999999999818e+03 2.986297650083415394e-15 2.846999999999999926e-33
5.617800000000000182e+03 2.678299108133634692e-15 5.363999999999999827e-33
5.643399999999999636e+03 2.267244019828035623e-15 4.152000000000000057e-33
5.668899999999999636e+03 2.062302024234074471e-15 2.084999999999999942e-33
5.694500000000000000e+03 1.783580910226290585e-15 2.210000000000000035e-33
5.720100000000000364e+03 1.634851576280959085e-15 1.847999999999999936e-33
5.745699999999999818e+03 1.357301559390853542e-15 1.609999999999999864e-33
5.771199999999999818e+03 1.105398569377935684e-15 1.744999999999999937e-33
5.796800000000000182e+03 9.412107534792316061e-16 1.373000000000000030e-33
5.822399999999999636e+03 1.081039749330195911e-15 1.180000000000000039e-33
5.847899999999999636e+03 1.249560624564314509e-15 1.862999999999999907e-33
5.873500000000000000e+03 1.432251774922359548e-15 1.737000000000000090e-33
5.899100000000000364e+03 1.559901360749454066e-15 1.903000000000000169e-33
5.924699999999999818e+03 1.781238715990930745e-15 1.830999999999999834e-33
5.950199999999999818e+03 1.945192312466097853e-15 1.733999999999999890e-33
5.975800000000000182e+03 1.973298643290413172e-15 1.692999999999999904e-33
6.001399999999999636e+03 1.977983031761132852e-15 1.691000000000000113e-33
6.026899999999999636e+03 1.939336826877700225e-15 1.819000000000000063e-33
6.052500000000000000e+03 1.847991251698678692e-15 1.594999999999999894e-33
6.078100000000000364e+03 1.748447996695896732e-15 1.412999999999999950e-33
6.103699999999999818e+03 1.767185550578773086e-15 1.425999999999999958e-33
6.129199999999999818e+03 1.751961288048936295e-15 1.083999999999999991e-33
6.154800000000000182e+03 1.903032816229627438e-15 1.486000000000000009e-33
6.180399999999999636e+03 2.098606034882148836e-15 1.609999999999999864e-33
6.205899999999999636e+03 2.294179253534670233e-15 1.615999999999999921e-33
6.231500000000000000e+03 2.314087904535226112e-15 1.397999999999999980e-33
6.257100000000000364e+03 2.222742329356203790e-15 1.451999999999999975e-33
6.282600000000000364e+03 2.170042959060614884e-15 1.512000000000000026e-33
6.308199999999999818e+03 2.070499704057835489e-15 1.337000000000000033e-33
6.333800000000000182e+03 2.011944848173844221e-15 1.244000000000000014e-33
6.359399999999999636e+03 2.096263840646789390e-15 1.164000000000000002e-33
6.384899999999999636e+03 2.234453300533001807e-15 1.557999999999999831e-33
6.410500000000000000e+03 2.493265763540230602e-15 1.758000000000000116e-33
6.436100000000000364e+03 2.752078226547461764e-15 1.402999999999999970e-33
6.461600000000000364e+03 2.980442164495014611e-15 1.603000000000000084e-33
6.487199999999999818e+03 3.088183099321555813e-15 1.348999999999999975e-33
6.512800000000000182e+03 3.109262847439791218e-15 1.611999999999999997e-33
6.538399999999999636e+03 3.133855886911066383e-15 1.782000000000000000e-33
6.563899999999999636e+03 3.180699771618256872e-15 1.630999999999999891e-33
6.589500000000000000e+03 3.177186480265217901e-15 2.285999999999999951e-33
6.615100000000000364e+03 3.026114952084527153e-15 3.126999999999999709e-33
6.640600000000000364e+03 2.812975276666808138e-15 2.974999999999999876e-33
6.666199999999999818e+03 2.496779054893270757e-15 1.748000000000000136e-33
6.691800000000000182e+03 2.111488103176625589e-15 1.222999999999999987e-33
6.717399999999999636e+03 1.811687241050604327e-15 1.000999999999999951e-33
6.742899999999999636e+03 1.582152205985370179e-15 9.139999999999999882e-34
6.768500000000000000e+03 1.425225192216281014e-15 8.915000000000000331e-34
6.794100000000000364e+03 1.367841433449972231e-15 8.131000000000000597e-34
6.819600000000000364e+03 1.290549023683107371e-15 5.813000000000000059e-34
6.845199999999999818e+03 1.248389527446635378e-15 7.601999999999999840e-34
6.870800000000000182e+03 1.235507459152158625e-15 9.054999999999999368e-34
6.896300000000000182e+03 1.131396925390426358e-15 9.012999999999999657e-34
6.921899999999999636e+03 1.048717468882234261e-15 7.849000000000000339e-34
6.947500000000000000e+03 1.075535592877101076e-15 5.854000000000000388e-34
6.973100000000000364e+03 1.150017369561534522e-15 8.616999999999999695e-34
6.998600000000000364e+03 1.180465894621207906e-15 6.498000000000000231e-34
7.024199999999999818e+03 1.267127081329511535e-15 6.256000000000000064e-34
7.049800000000000182e+03 1.342077296861016949e-15 6.510999999999999897e-34
7.075300000000000182e+03 1.378381307509089341e-15 6.700999999999999689e-34
7.100899999999999636e+03 1.443962746099157170e-15 7.126999999999999933e-34
7.126500000000000000e+03 1.525939544336740921e-15 7.263999999999999967e-34
7.152100000000000364e+03 1.557559166514094423e-15 9.424999999999999997e-34
7.177600000000000364e+03 1.524768447219060607e-15 1.126999999999999939e-33
7.203199999999999818e+03 1.493148825041707697e-15 8.217999999999999876e-34
7.228800000000000182e+03 1.556388069396415095e-15 9.248999999999999254e-34
7.254300000000000182e+03 1.689893140811909015e-15 8.616000000000000313e-34
7.279899999999999636e+03 1.879610873876031799e-15 9.250000000000000347e-34
7.305500000000000000e+03 2.098606034882148836e-15 1.049999999999999956e-33
7.331100000000000364e+03 2.358589595007057551e-15 9.466999999999999708e-34
7.356600000000000364e+03 2.589295727189973393e-15 1.031999999999999958e-33
7.382199999999999818e+03 2.723971895723146445e-15 1.026999999999999968e-33
7.407800000000000182e+03 2.677128011015953194e-15 1.028000000000000034e-33
7.433300000000000182e+03 2.503805637599348305e-15 9.164000000000000450e-34
7.458899999999999636e+03 2.278954991004833640e-15 8.594999999999999602e-34
7.484500000000000000e+03 2.147792113824697982e-15 7.746000000000000681e-34
7.510000000000000000e+03 2.091579452176070104e-15 8.874999999999999385e-34
7.535600000000000364e+03 2.079868480999270904e-15 1.141000000000000014e-33
7.561199999999999818e+03 2.061130927116397706e-15 1.095999999999999933e-33
7.586800000000000182e+03 1.966272060584336807e-15 1.322999999999999958e-33
7.612300000000000182e+03 1.667642295575993493e-15 1.090999999999999943e-33
7.637899999999999636e+03 1.297575606389185313e-15 7.424999999999999714e-34
7.663500000000000000e+03 1.089940087424562317e-15 5.945999999999999999e-34
7.689000000000000000e+03 1.104110362548487969e-15 6.891999999999999718e-34
7.714600000000000364e+03 1.237849653387517282e-15 7.596000000000000125e-34
7.740199999999999818e+03 1.406487638333404069e-15 1.062999999999999964e-33
7.765800000000000182e+03 1.616114022398082732e-15 9.203000000000000304e-34
7.791300000000000182e+03 1.880781970993710535e-15 8.992000000000000657e-34
7.816899999999999636e+03 2.166529667707575519e-15 9.017000000000000607e-34
7.842500000000000000e+03 2.432368713420883439e-15 1.051000000000000023e-33
7.868000000000000000e+03 2.601006698366770621e-15 9.303999999999999486e-34
7.893600000000000364e+03 2.677128011015953194e-15 1.275000000000000020e-33
7.919199999999999818e+03 2.659561554250757944e-15 1.267000000000000002e-33
7.944699999999999818e+03 2.616230960896606820e-15 1.425000000000000063e-33
7.970300000000000182e+03 2.513174414540786481e-15 1.183000000000000067e-33
7.995899999999999636e+03 2.250848660180519109e-15 1.016999999999999988e-33
8.021500000000000000e+03 1.919428175877143557e-15 8.040999999999999750e-34
8.047000000000000000e+03 1.610258536809684710e-15 8.577999999999999841e-34
8.072600000000000364e+03 1.412343123921803472e-15 7.844999999999999389e-34
8.098199999999999818e+03 1.329195228566539406e-15 9.006000000000000560e-34
8.123699999999999818e+03 1.312799868919022104e-15 6.076000000000000081e-34
8.149300000000000182e+03 1.277666955388629829e-15 6.794999999999999775e-34
8.174899999999999636e+03 1.213256613916242511e-15 7.561999999999999749e-34
8.200500000000000000e+03 1.161845450450099939e-15 8.029999999999999704e-34
8.226000000000000000e+03 1.166998277767890799e-15 7.626999999999999790e-34
8.251600000000000364e+03 1.215598808151601957e-15 7.816999999999999582e-34
8.277200000000000728e+03 1.244876236093596210e-15 7.413999999999999668e-34
8.302700000000000728e+03 1.227309779328400368e-15 1.098000000000000066e-33
8.328299999999999272e+03 1.135378655590537889e-15 1.386999999999999933e-33
8.353899999999999636e+03 9.850097856804548952e-16 1.252999999999999927e-33
8.379500000000000000e+03 8.331184895173886959e-16 1.142000000000000080e-33
8.405000000000000000e+03 7.540694340740038575e-16 8.314999999999999819e-34
8.430600000000000364e+03 7.829955328806946276e-16 7.023000000000000038e-34
8.456200000000000728e+03 8.965919532956317814e-16 7.932999999999999760e-34
8.481700000000000728e+03 1.054338735047097088e-15 8.896999999999999478e-34
8.507299999999999272e+03 1.219112099504640928e-15 7.733999999999999542e-34
8.532899999999999636e+03 1.400632152745005258e-15 6.541000000000000179e-34
8.558399999999999636e+03 1.631338284927919720e-15 6.959999999999999616e-34
8.584000000000000000e+03 1.884295262346750690e-15 9.480999999999999612e-34
8.609600000000000364e+03 2.083381772352311059e-15 1.057999999999999974e-33
8.635200000000000728e+03 2.192293804296530209e-15 1.154000000000000022e-33
8.660700000000000728e+03 2.209860261061727431e-15 1.572000000000000077e-33
8.686299999999999272e+03 2.218057940885484505e-15 1.288000000000000028e-33
8.711899999999999636e+03 2.249677563062836823e-15 1.015999999999999921e-33
8.737399999999999636e+03 2.302376933358427701e-15 1.137999999999999986e-33
8.763000000000000000e+03 2.288323767946272605e-15 1.747000000000000070e-33
8.788600000000000364e+03 2.199320387002609729e-15 2.279000000000000171e-33
8.814200000000000728e+03 2.068157509822473676e-15 2.972000000000000019e-33
8.839700000000000728e+03 1.918257078759465215e-15 2.236000000000000051e-33
8.865299999999999272e+03 1.770698841931813043e-15 1.914999999999999940e-33
8.890899999999999636e+03 1.633680479163279363e-15 1.389999999999999961e-33
8.916399999999999636e+03 1.541163806866578304e-15 9.820000000000000577e-34
8.942000000000000000e+03 1.477924562511870906e-15 8.187999999999999593e-34
8.967600000000000364e+03 1.381894598862129890e-15 1.384000000000000076e-33
8.993200000000000728e+03 1.244876236093596210e-15 1.405999999999999998e-33
9.018700000000000728e+03 1.065698377088591129e-15 9.328000000000000054e-34
9.044299999999999272e+03 9.750554601801773500e-16 9.072000000000000839e-34
9.069899999999999636e+03 9.405080952086238513e-16 9.699999999999999448e-34
9.095399999999999636e+03 9.900455032864783540e-16 1.345000000000000051e-33
9.121000000000000000e+03 1.035366961740684947e-15 1.334000000000000005e-33
9.146600000000000364e+03 1.056329600147153543e-15 1.355999999999999927e-33
9.172100000000000364e+03 1.078931774518373041e-15 1.552999999999999841e-33
9.197700000000000728e+03 1.124721671819651603e-15 1.624000000000000110e-33
9.223299999999999272e+03 1.226138682210719068e-15 1.733999999999999890e-33
