3.776699999999999818e+03 1.487554948377390209e-15 1.233999999999999905e-34
3.802300000000000182e+03 1.698564945459998433e-15 7.422999999999999752e-33
3.827900000000000091e+03 1.009833557466765914e-15 5.760000000000000131e-33
3.853400000000000091e+03 8.430570225055132308e-16 4.997000000000000081e-33
3.879000000000000000e+03 7.752323805861028881e-16 4.442000000000000162e-33
3.904599999999999909e+03 1.063569022562338178e-15 2.431000000000000004e-35
3.930099999999999909e+03 1.814554912800439820e-15 8.268000000000000631e-36
3.955699999999999818e+03 2.300140030310415518e-15 4.356999999999999585e-37
3.981300000000000182e+03 2.523600927841997685e-15 3.264999999999999981e-33
4.006800000000000182e+03 2.890902491086721021e-15 2.829000000000000099e-33
4.032400000000000091e+03 3.138282223691329240e-15 2.067000000000000115e-33
4.058000000000000000e+03 2.912527739234937874e-15 1.107999999999999977e-32
4.083599999999999909e+03 2.425304345350099421e-15 9.941000000000000062e-33
4.109100000000000364e+03 1.894502799893849898e-15 1.628000000000000034e-33
4.134699999999999818e+03 2.013441664709045153e-15 1.417000000000000044e-33
4.160300000000000182e+03 2.011803388334181214e-15 1.199999999999999999e-33
4.185800000000000182e+03 1.920387566616714886e-15 6.392999999999999756e-33
4.211399999999999636e+03 2.100925623126837160e-15 1.026000000000000072e-33
4.237000000000000000e+03 1.983297379411530059e-15 4.244000000000000010e-33
4.262600000000000364e+03 2.009509801409370832e-15 9.211999999999999875e-34
4.288100000000000364e+03 2.075696166953918222e-15 3.527999999999999661e-33
4.313699999999999818e+03 2.121240250175161521e-15 3.582999999999999893e-33
4.339300000000000182e+03 2.235591941140735617e-15 3.674999999999999846e-33
4.364800000000000182e+03 2.436116969424205283e-15 6.016000000000000372e-34
4.390399999999999636e+03 2.340769284407063845e-15 2.614999999999999910e-33
4.416000000000000000e+03 1.901383560668281045e-15 5.453000000000000094e-34
4.441600000000000364e+03 1.701186187659782431e-15 7.103999999999999603e-34
4.467100000000000364e+03 1.445287417905875773e-15 4.838999999999999678e-34
4.492699999999999818e+03 1.699547911284917900e-15 5.775999999999999825e-34
4.518300000000000182e+03 2.096666104552187842e-15 2.435999999999999994e-33
4.543800000000000182e+03 2.384347435978473731e-15 2.677999999999999990e-33
4.569399999999999636e+03 2.858464618864396728e-15 2.264999999999999925e-33
4.595000000000000000e+03 3.168754164263822487e-15 2.744999999999999993e-33
4.620500000000000000e+03 3.538676969708328441e-15 4.791000000000000252e-34
4.646100000000000364e+03 3.725440476442942519e-15 2.531000000000000146e-33
4.671699999999999818e+03 3.607484577452660026e-15 4.795000000000000347e-34
4.697300000000000182e+03 3.751652898440781320e-15 2.811999999999999996e-33
4.722800000000000182e+03 3.038347364824570587e-15 1.841999999999999880e-33
4.748399999999999636e+03 2.573732184912864510e-15 4.149000000000000029e-34
4.774000000000000000e+03 2.150073914372783729e-15 1.705000000000000017e-33
4.799500000000000000e+03 1.980020826661800209e-15 1.433000000000000081e-33
4.825100000000000364e+03 1.660884588838104368e-15 3.141999999999999936e-34
4.850699999999999818e+03 1.788342490802598258e-15 1.381999999999999943e-33
4.876300000000000182e+03 2.119929629075267846e-15 1.700000000000000027e-33
4.901800000000000182e+03 2.170716196696080719e-15 2.545999999999999945e-34
4.927399999999999636e+03 2.060951679580131332e-15 1.213000000000000007e-33
4.953000000000000000e+03 2.401057855002099556e-15 2.361000000000000058e-34
4.978500000000000000e+03 3.013117908651650860e-15 1.242999999999999947e-33
5.004100000000000364e+03 3.140903465891120536e-15 1.227999999999999977e-33
5.029699999999999818e+03 2.973471620379916478e-15 2.502999999999999997e-34
5.055300000000000182e+03 2.621897510333894766e-15 1.708000000000000002e-34
5.080800000000000182e+03 2.179235233845380144e-15 2.242999999999999832e-34
5.106399999999999636e+03 1.969208202587689219e-15 1.646000000000000032e-34
5.132000000000000000e+03 2.077662098603750846e-15 9.181000000000000211e-34
5.157500000000000000e+03 2.170388541421111639e-15 6.646000000000000312e-34
5.183100000000000364e+03 2.313573896584307943e-15 8.782000000000000392e-34
5.208699999999999818e+03 2.522945617292049270e-15 7.162999999999999929e-34
5.234199999999999818e+03 2.718883471725900538e-15 7.225000000000000114e-34
5.259800000000000182e+03 2.846341373690397190e-15 7.194999999999999831e-34
5.285399999999999636e+03 3.222489629359391003e-15 8.885999999999999431e-34
5.311000000000000000e+03 3.374849332221835541e-15 1.606999999999999964e-34
5.336500000000000000e+03 3.686121843446176429e-15 7.352000000000000339e-34
5.362100000000000364e+03 3.745099792941319253e-15 1.141000000000000014e-33
5.387699999999999818e+03 3.695951501695366374e-15 1.394000000000000056e-34
5.413199999999999818e+03 3.643526657699690350e-15 9.067999999999999889e-34
5.438800000000000182e+03 3.325701040975882662e-15 1.480999999999999976e-34
5.464399999999999636e+03 3.401061754219673948e-15 7.430000000000000046e-34
5.490000000000000000e+03 3.213642936935120920e-15 2.125999999999999843e-34
5.515500000000000000e+03 3.096670003769762629e-15 9.557999999999999937e-34
5.541100000000000364e+03 3.130746152366952833e-15 1.591000000000000013e-34
5.566699999999999818e+03 3.119933528292842632e-15 1.747000000000000070e-34
5.592199999999999818e+03 3.071440547596842113e-15 1.922999999999999958e-34
5.617800000000000182e+03 2.731334372174875467e-15 2.502999999999999997e-34
5.643399999999999636e+03 2.434478693049341739e-15 1.383000000000000010e-34
5.668899999999999636e+03 2.170716196696080719e-15 4.734000000000000400e-34
5.694500000000000000e+03 1.931200190690823115e-15 4.550000000000000323e-34
5.720100000000000364e+03 1.663178175762916919e-15 1.143000000000000104e-34
5.745699999999999818e+03 1.413504856233494965e-15 5.011000000000000326e-34
5.771199999999999818e+03 1.182507887377532841e-15 5.029000000000000325e-34
5.796800000000000182e+03 1.104853587208934329e-15 4.553000000000000180e-34
5.822399999999999636e+03 1.242468802697591977e-15 4.690999999999999597e-34
5.847899999999999636e+03 1.415143132608359693e-15 1.065999999999999993e-34
5.873500000000000000e+03 1.634672166840264975e-15 4.652999999999999981e-34
5.899100000000000364e+03 1.808329462575949989e-15 4.323000000000000297e-34
5.924699999999999818e+03 2.031135049557583741e-15 6.138999999999999648e-34
5.950199999999999818e+03 2.057675126830399116e-15 5.612999999999999603e-34
5.975800000000000182e+03 2.139261290298675105e-15 1.916000000000000006e-34
6.001399999999999636e+03 2.167111988671381395e-15 3.920000000000000384e-34
6.026899999999999636e+03 2.090440654327700772e-15 4.420999999999999623e-34
6.052500000000000000e+03 1.939719227840123723e-15 1.136999999999999962e-34
6.078100000000000364e+03 1.891226247144119654e-15 3.541000000000000182e-34
6.103699999999999818e+03 1.883034865269794831e-15 3.706000000000000024e-34
6.129199999999999818e+03 1.919732256066770415e-15 3.623999999999999794e-34
6.154800000000000182e+03 2.034083947032345299e-15 7.912999999999999715e-35
6.180399999999999636e+03 2.281136024361980888e-15 4.453999999999999762e-34
6.205899999999999636e+03 2.412525789626151467e-15 7.691999999999999617e-35
6.231500000000000000e+03 2.400730199727122192e-15 7.239000000000000017e-35
6.257100000000000364e+03 2.303416583060145368e-15 3.721000000000000165e-34
6.282600000000000364e+03 2.231987733116030376e-15 8.021999999999999942e-35
6.308199999999999818e+03 2.114687144675700243e-15 2.882000000000000198e-34
6.333800000000000182e+03 2.136312392823918674e-15 3.168999999999999933e-34
6.359399999999999636e+03 2.175958681095651477e-15 2.784999999999999827e-34
6.384899999999999636e+03 2.391883507302854082e-15 3.011000000000000043e-34
6.410500000000000000e+03 2.684479667853736520e-15 3.692999999999999930e-34
6.436100000000000364e+03 2.908595875935263947e-15 6.327000000000000461e-35
6.461600000000000364e+03 3.092082829920140681e-15 2.442000000000000050e-34
6.487199999999999818e+03 3.221179008259501272e-15 6.660999999999999598e-35
6.512800000000000182e+03 3.302765171727774894e-15 2.433000000000000051e-34
6.538399999999999636e+03 3.348636910223995163e-15 2.440999999999999813e-34
6.563899999999999636e+03 3.450210045465620121e-15 4.723999999999999843e-35
6.589500000000000000e+03 3.456763150965083372e-15 6.101000000000000245e-35
6.615100000000000364e+03 3.137299257866414900e-15 9.726000000000000491e-35
6.640600000000000364e+03 3.002632939852512105e-15 5.994999999999999662e-35
6.666199999999999818e+03 2.639590895182437692e-15 4.565999999999999739e-35
6.691800000000000182e+03 2.262132018413548231e-15 4.419999999999999813e-35
6.717399999999999636e+03 1.965276339288012925e-15 3.136999999999999817e-35
6.742899999999999636e+03 1.772942692878867687e-15 4.039000000000000206e-35
6.768500000000000000e+03 1.722811435808000270e-15 3.384000000000000209e-35
6.794100000000000364e+03 1.621238300566372156e-15 3.472999999999999963e-35
6.819600000000000364e+03 1.510490817625500343e-15 3.436999999999999967e-35
6.845199999999999818e+03 1.478380600678146313e-15 3.760999999999999936e-35
6.870800000000000182e+03 1.416453753708251396e-15 4.813000000000000131e-35
6.896300000000000182e+03 1.330280416390353065e-15 3.796999999999999932e-35
6.921899999999999636e+03 1.289323507018729938e-15 1.592000000000000037e-34
6.947500000000000000e+03 1.288012885918838038e-15 2.857999999999999844e-35
6.973100000000000364e+03 1.346663180139002907e-15 1.542999999999999947e-34
6.998600000000000364e+03 1.389913676435439571e-15 1.909000000000000054e-35
7.024199999999999818e+03 1.503937712126040051e-15 1.577999999999999920e-34
7.049800000000000182e+03 1.564553937996044447e-15 1.524999999999999949e-34
7.075300000000000182e+03 1.615012850341886072e-15 1.777999999999999948e-34
7.100899999999999636e+03 1.686114045011026462e-15 3.105000000000000236e-35
7.126500000000000000e+03 1.724122056907892959e-15 4.169999999999999778e-35
7.152100000000000364e+03 1.704135085134541229e-15 4.361999999999999937e-35
7.177600000000000364e+03 1.670714247087294707e-15 4.082999999999999964e-35
7.203199999999999818e+03 1.692011839960538930e-15 1.974000000000000095e-34
7.228800000000000182e+03 1.827661123799358037e-15 1.889000000000000009e-34
7.254300000000000182e+03 2.025237254608074034e-15 1.782000000000000043e-34
7.279899999999999636e+03 2.103219210051647937e-15 3.782999999999999815e-35
7.305500000000000000e+03 2.378449641028962051e-15 2.289999999999999875e-34
7.331100000000000364e+03 2.696602913027736453e-15 2.775999999999999828e-34
7.356600000000000364e+03 2.884021730312291846e-15 1.775000000000000091e-34
7.382199999999999818e+03 2.857153997764506208e-15 5.125999999999999626e-35
7.407800000000000182e+03 2.733955614374658874e-15 4.055999999999999967e-35
7.433300000000000182e+03 2.567506734688378229e-15 3.798000000000000170e-35
7.458899999999999636e+03 2.412853444901124492e-15 3.366000000000000211e-35
7.484500000000000000e+03 2.331922591982795340e-15 2.681999999999999742e-35
7.510000000000000000e+03 2.350271287381281554e-15 3.598999999999999951e-35
7.535600000000000364e+03 2.374517777729285364e-15 4.921000000000000121e-35
7.561199999999999818e+03 2.325041831208363404e-15 4.853000000000000009e-35
7.586800000000000182e+03 2.170716196696080719e-15 5.561000000000000297e-35
7.612300000000000182e+03 1.852235269422334082e-15 3.890999999999999804e-35
7.637899999999999636e+03 1.474448737378470808e-15 3.397999999999999792e-35
7.663500000000000000e+03 1.337488832439759603e-15 1.784000000000000090e-34
7.689000000000000000e+03 1.442010865156145923e-15 2.320000000000000157e-34
7.714600000000000364e+03 1.606166157917613622e-15 5.144999999999999862e-35
7.740199999999999818e+03 1.735917646806919670e-15 2.140000000000000175e-34
7.765800000000000182e+03 1.935787364540447035e-15 1.956999999999999907e-34
7.791300000000000182e+03 2.235591941140735617e-15 1.917000000000000030e-34
7.816899999999999636e+03 2.550141005114807144e-15 2.017999999999999854e-34
7.842500000000000000e+03 2.767048797146930400e-15 2.087999999999999799e-34
7.868000000000000000e+03 2.904008702085643972e-15 2.035999999999999852e-34
7.893600000000000364e+03 2.983628933904077870e-15 2.431000000000000004e-34
7.919199999999999818e+03 2.992803281603326104e-15 1.755000000000000045e-34
7.944699999999999818e+03 2.933497676833211045e-15 2.224999999999999834e-34
7.970300000000000182e+03 2.785069837270445956e-15 5.053000000000000465e-35
7.995899999999999636e+03 2.502303334968749518e-15 4.109000000000000259e-35
8.021500000000000000e+03 2.157609985697163291e-15 2.853000000000000260e-35
8.047000000000000000e+03 1.869273343720928987e-15 3.390999999999999734e-35
8.072600000000000364e+03 1.698237290185026394e-15 2.821999999999999848e-35
8.098199999999999818e+03 1.608459744842425188e-15 3.204000000000000227e-35
8.123699999999999818e+03 1.520975786424635942e-15 3.314999999999999860e-35
8.149300000000000182e+03 1.484278395627661542e-15 1.605999999999999941e-34
8.174899999999999636e+03 1.389586021160464969e-15 4.534000000000000158e-35
8.200500000000000000e+03 1.369926704662085474e-15 2.631000000000000032e-34
8.226000000000000000e+03 1.413504856233494965e-15 2.570999999999999896e-34
8.251600000000000364e+03 1.433164172731874460e-15 1.878999999999999986e-34
8.277200000000000728e+03 1.461670181654526010e-15 4.828000000000000486e-35
8.302700000000000728e+03 1.390241331710411215e-15 5.552000000000000298e-35
8.328299999999999272e+03 1.203805480250779628e-15 2.829999999999999823e-34
8.353899999999999636e+03 1.028509908140227520e-15 3.045999999999999802e-34
8.379500000000000000e+03 9.062944905753002451e-16 2.739999999999999832e-34
8.405000000000000000e+03 8.954818665011914242e-16 1.070999999999999897e-34
8.430600000000000364e+03 9.878806540435750510e-16 4.793000000000000193e-35
8.456200000000000728e+03 1.127789456457045646e-15 2.219000000000000119e-34
8.481700000000000728e+03 1.276217296019810144e-15 1.936999999999999861e-34
8.507299999999999272e+03 1.436768380756577532e-15 1.795999999999999946e-34
8.532899999999999636e+03 1.683165147536270425e-15 1.847000000000000084e-34
8.558399999999999636e+03 2.045224226381426948e-15 3.489000000000000021e-35
8.584000000000000000e+03 2.291293337886143069e-15 2.078999999999999800e-34
8.609600000000000364e+03 2.488214158144914199e-15 3.364000000000000057e-34
8.635200000000000728e+03 2.580285290412324605e-15 2.982999999999999808e-34
8.660700000000000728e+03 2.675632975429463677e-15 2.873000000000000199e-34
8.686299999999999272e+03 2.758857415272605183e-15 1.960000000000000192e-34
8.711899999999999636e+03 2.814558812018015001e-15 2.318000000000000110e-34
8.737399999999999636e+03 2.838805302366014472e-15 2.813999999999999872e-34
8.763000000000000000e+03 2.793261219144769989e-15 5.825999999999999725e-34
8.788600000000000364e+03 2.667769248830114640e-15 9.192000000000000257e-34
8.814200000000000728e+03 2.529826378066482783e-15 1.838000000000000085e-34
8.839700000000000728e+03 2.369275293329715000e-15 1.526999999999999996e-34
8.865299999999999272e+03 2.152695156572568713e-15 2.302999999999999969e-34
8.890899999999999636e+03 1.988212208536125426e-15 1.044999999999999923e-34
8.916399999999999636e+03 1.911540874192445987e-15 8.032000000000000179e-35
8.942000000000000000e+03 1.843060921723088214e-15 8.682999999999999760e-35
8.967600000000000364e+03 1.703479774584592813e-15 8.361000000000000266e-35
8.993200000000000728e+03 1.545877587322582842e-15 8.660999999999999881e-35
9.018700000000000728e+03 1.421040927557874330e-15 1.520000000000000044e-34
9.044299999999999272e+03 1.342076006289381353e-15 3.553000000000000039e-34
9.069899999999999636e+03 1.372220291586899012e-15 3.863999999999999914e-34
9.095399999999999636e+03 1.408262371833926179e-15 4.705999999999999738e-34
9.121000000000000000e+03 1.397449747759817950e-15 1.049000000000000018e-34
9.146600000000000364e+03 1.452495833955281128e-15 5.822999999999999868e-34
9.172100000000000364e+03 1.556034900846747586e-15 4.780999999999999588e-34
9.197700000000000728e+03 1.684803423911133378e-15 1.217999999999999954e-34
9.223299999999999272e+03 1.891553902419093467e-15 5.926999999999999763e-34
