3.650047851562500000e+03 5.365250098688396220e-16
3.655565780162811279e+03 1.072771833584418432e-15
3.661083708763122559e+03 8.223393058757744385e-16
3.666601637363433838e+03 8.664742406226060853e-16
3.672119565963745117e+03 9.054310668086529597e-16
3.677637494564056396e+03 7.512248573433571920e-16
3.683155423164367676e+03 1.031452660145416787e-15
3.688673351764678955e+03 1.004518942073393286e-15
3.694191280364990234e+03 1.016293366691060197e-15
3.699709208965301514e+03 1.012156426414911684e-15
3.705227137565612793e+03 1.196463373856675988e-15
3.710745066165924072e+03 1.127579687443264069e-15
3.716262994766235352e+03 8.467161635066808644e-16
3.721780923366546631e+03 8.644165352140147936e-16
3.727298851966857910e+03 7.753234740850894857e-16
3.732816780567169189e+03 6.218162422240067580e-16
3.738334709167480469e+03 6.740914289151153059e-16
3.743852637767791748e+03 6.779161008097421435e-16
3.749370566368103027e+03 4.275298979284828030e-16
3.754888494968414307e+03 4.974458671633815954e-16
3.760406423568725586e+03 5.215984900055701577e-16
3.765924352169036865e+03 5.672921940721180324e-16
3.771442280769348145e+03 3.925637029241397796e-16
3.776960209369659879e+03 4.452101268199710032e-16
3.782478137969971158e+03 4.020311365418195079e-16
3.787996066570282437e+03 4.762285488621951651e-16
3.793513995170593716e+03 3.146211134995720817e-16
3.799031923770904996e+03 5.359382773761150176e-16
3.804549852371216275e+03 4.246095910275398301e-16
3.810067780971527554e+03 6.981763981693000567e-16
3.815585709571838834e+03 5.417392076413481443e-16
3.821103638172150113e+03 3.916981821831150838e-16
3.826621566772461392e+03 8.139583071424714016e-16
3.832139495372772672e+03 7.866210029413644890e-16
3.837657423973083951e+03 7.963457318389869142e-16
3.843175352573395230e+03 9.282632404946915469e-16
3.848693281173706509e+03 1.056320462421955319e-15
3.854211209774017789e+03 1.062243435527036446e-15
3.859729138374329068e+03 1.169654727344999404e-15
3.865247066974640347e+03 1.408759293029948639e-15
3.870764995574951627e+03 1.464841855067294781e-15
3.876282924175262906e+03 1.526392480039901064e-15
3.881800852775574185e+03 1.430731985170655578e-15
3.887318781375885465e+03 1.712912947788194084e-15
3.892836709976196744e+03 1.915575765981577881e-15
3.898354638576508023e+03 2.217097845777973904e-15
3.903872567176819302e+03 2.081669885856714561e-15
3.909390495777130582e+03 2.235794903718284334e-15
3.914908424377441861e+03 2.494981856801459159e-15
3.920426352977753140e+03 2.302115854702623875e-15
3.925944281578064420e+03 2.543466928204110474e-15
3.931462210178375699e+03 2.650037750083726123e-15
3.936980138778686978e+03 2.568535063920853885e-15
3.942498067378998257e+03 2.855638792066785412e-15
3.948015995979309537e+03 2.748039117482873575e-15
3.953533924579620816e+03 2.970898392716390966e-15
3.959051853179932095e+03 2.853176405810857311e-15
3.964569781780243375e+03 3.073465829946660959e-15
3.970087710380554654e+03 3.340540045585962366e-15
3.975605638980865933e+03 3.544361258143518846e-15
3.981123567581177213e+03 3.439092238719153004e-15
3.986641496181488492e+03 3.559415823551721316e-15
3.992159424781800226e+03 3.663744662450244372e-15
3.997677353382111505e+03 3.789308481104425299e-15
4.003195281982422784e+03 4.052144495029224525e-15
4.008713210582734064e+03 3.690281545155739485e-15
4.014231139183045343e+03 3.981630043325689238e-15
4.019749067783356622e+03 3.860052458734897879e-15
4.025266996383667902e+03 3.883742526624802424e-15
4.030784924983979181e+03 3.640700478329307073e-15
4.036302853584290460e+03 3.181067329060993942e-15
4.041820782184601740e+03 3.210558126517784743e-15
4.047338710784913019e+03 3.008963935791870380e-15
4.052856639385224298e+03 3.002443793880057367e-15
4.058374567985535577e+03 2.671448614571952935e-15
4.063892496585846857e+03 2.639614025336587204e-15
4.069410425186158136e+03 2.504612458174671552e-15
4.074928353786469415e+03 2.336186953327821128e-15
4.080446282386780695e+03 2.527496813430744966e-15
4.085964210987091974e+03 2.145082170444196279e-15
4.091482139587403253e+03 2.317814479349372050e-15
4.097000068187714533e+03 2.087745024798891510e-15
4.102517996788025812e+03 2.194692064851279401e-15
4.108035925388337091e+03 2.135293564736540753e-15
4.113553853988648370e+03 1.923639278176354714e-15
4.119071782588959650e+03 1.982352849571120225e-15
4.124589711189270929e+03 1.810532988329391506e-15
4.130107639789582208e+03 1.769415370765977541e-15
4.135625568389893488e+03 1.887661180355325212e-15
4.141143496990204767e+03 1.608423604948553011e-15
4.146661425590516046e+03 1.745667282808691252e-15
4.152179354190827326e+03 1.625598219969825827e-15
4.157697282791138605e+03 1.657845335533337184e-15
4.163215211391449884e+03 1.624968574521603504e-15
4.168733139991761163e+03 1.590939020454088405e-15
4.174251068592072443e+03 1.677962607953207965e-15
4.179768997192383722e+03 1.573151126022468581e-15
4.185286925792695001e+03 1.431570721805102661e-15
4.190804854393006281e+03 1.578397982889509280e-15
4.196322782993317560e+03 1.492343585949925055e-15
4.201840711593628839e+03 1.542673367079843476e-15
4.207358640193940118e+03 1.486808197842136788e-15
4.212876568794251398e+03 1.266155874605634039e-15
4.218394497394562677e+03 1.433074426796719089e-15
4.223912425994873956e+03 1.609368109611494587e-15
4.229430354595185236e+03 1.580668610998209758e-15
4.234948283195496515e+03 1.702119025818671678e-15
4.240466211795807794e+03 1.654737977773652607e-15
4.245984140396119074e+03 1.731774943278546582e-15
4.251502068996430353e+03 1.773524395726687297e-15
4.257019997596741632e+03 1.645530120098941613e-15
4.262537926197052911e+03 1.647119468548511048e-15
4.268055854797364191e+03 1.642316392215724004e-15
4.273573783397675470e+03 1.749616113998454236e-15
4.279091711997986749e+03 1.618664274558572939e-15
4.284609640598298029e+03 1.739932418789995654e-15
4.290127569198609308e+03 1.570288310075085192e-15
4.295645497798920587e+03 1.706081176080506619e-15
4.301163426399231867e+03 1.622881311720195036e-15
4.306681354999543146e+03 1.761495266662275661e-15
4.312199283599854425e+03 1.587518390821150661e-15
4.317717212200165704e+03 1.562864788416015663e-15
4.323235140800476984e+03 1.570739571184064874e-15
4.328753069400789173e+03 1.792164893223952861e-15
4.334270998001100452e+03 1.590838269884251373e-15
4.339788926601411731e+03 1.558114495748302775e-15
4.345306855201723010e+03 1.673697950547602327e-15
4.350824783802034290e+03 1.655292999927663600e-15
4.356342712402345569e+03 1.567529437625775545e-15
4.361860641002656848e+03 1.667036225075134323e-15
4.367378569602968128e+03 1.523762711363167854e-15
4.372896498203279407e+03 1.567992065559276633e-15
4.378414426803590686e+03 1.443628495997121788e-15
4.383932355403901965e+03 1.439994943664074956e-15
4.389450284004213245e+03 1.723002601015283232e-15
4.394968212604524524e+03 1.541280921953288333e-15
4.400486141204835803e+03 1.401705038082747484e-15
4.406004069805147083e+03 1.412384780938535442e-15
4.411521998405458362e+03 1.448256052503426329e-15
4.417039927005769641e+03 1.393243176161193742e-15
4.422557855606080921e+03 1.452726589921716268e-15
4.428075784206392200e+03 1.391623285072380276e-15
4.433593712806703479e+03 1.376402650905275828e-15
4.439111641407014758e+03 1.308261292938875711e-15
4.444629570007326038e+03 1.380169320977824869e-15
4.450147498607637317e+03 1.544274830411406605e-15
4.455665427207948596e+03 1.560005074170347867e-15
4.461183355808259876e+03 1.540433646516471495e-15
4.466701284408571155e+03 1.749982844613037072e-15
4.472219213008882434e+03 1.798199527590788422e-15
4.477737141609193714e+03 1.791284192389827513e-15
4.483255070209504993e+03 2.034163675024827852e-15
4.488772998809816272e+03 2.096374871236289099e-15
4.494290927410127551e+03 2.096338927986999589e-15
4.499808856010438831e+03 2.249577224064054667e-15
4.505326784610750110e+03 2.342204254655658763e-15
4.510844713211061389e+03 2.386711849740940590e-15
4.516362641811372669e+03 2.492386279824811877e-15
4.521880570411683948e+03 2.496418856960889947e-15
4.527398499011995227e+03 2.537557639077185574e-15
4.532916427612306506e+03 2.624628244725249739e-15
4.538434356212617786e+03 2.683290911721273686e-15
4.543952284812929065e+03 2.884535522418560512e-15
4.549470213413240344e+03 2.885351269969704591e-15
4.554988142013551624e+03 3.310344979386737518e-15
4.560506070613862903e+03 3.213784626113948006e-15
4.566023999214174182e+03 3.396721898568809256e-15
4.571541927814485462e+03 3.507730160884881327e-15
4.577059856414796741e+03 3.747100159255450653e-15
4.582577785015108020e+03 3.701828998189058391e-15
4.588095713615419299e+03 4.069318252521198610e-15
4.593613642215730579e+03 4.520303310047907429e-15
4.599131570816041858e+03 4.552436210007075458e-15
4.604649499416353137e+03 4.565936457949787627e-15
4.610167428016664417e+03 4.754255547786917863e-15
4.615685356616975696e+03 4.835849278017788982e-15
4.621203285217286975e+03 4.791316504412698343e-15
4.626721213817598255e+03 4.775635577711032165e-15
4.632239142417909534e+03 4.875988582369563067e-15
4.637757071018220813e+03 4.701896998300881854e-15
4.643274999618532092e+03 4.622575538256089140e-15
4.648792928218843372e+03 4.670530766024538275e-15
4.654310856819154651e+03 4.586168858239210731e-15
4.659828785419465930e+03 4.633383509109853026e-15
4.665346714019777210e+03 4.737337771912981570e-15
4.670864642620088489e+03 4.869365719395059314e-15
4.676382571220399768e+03 4.731047885740275572e-15
4.681900499820711048e+03 4.419109379318424423e-15
4.687418428421022327e+03 4.619457415766922683e-15
4.692936357021333606e+03 4.613938393697008152e-15
4.698454285621644885e+03 4.373419488520454365e-15
4.703972214221956165e+03 4.116680690355924913e-15
4.709490142822267444e+03 3.899785622614999955e-15
4.715008071422578723e+03 3.644772282869432479e-15
4.720526000022890003e+03 3.543654617511538927e-15
4.726043928623201282e+03 3.279316102785202917e-15
4.731561857223512561e+03 3.139129037714298765e-15
4.737079785823823840e+03 3.014043793389494384e-15
4.742597714424135120e+03 2.949774891769442338e-15
4.748115643024446399e+03 2.867971522993219958e-15
4.753633571624757678e+03 2.907746833526043123e-15
4.759151500225068958e+03 2.692989932985266618e-15
4.764669428825380237e+03 2.532403158185350240e-15
4.770187357425691516e+03 2.643704987446130892e-15
4.775705286026002796e+03 2.588118296286553495e-15
4.781223214626314075e+03 2.396752970458835821e-15
4.786741143226625354e+03 2.252198709372676932e-15
4.792259071826936633e+03 2.231370599900858031e-15
4.797777000427247913e+03 2.378718764420406491e-15
4.803294929027559192e+03 2.186618517739187253e-15
4.808812857627870471e+03 2.098162546142600822e-15
4.814330786228181751e+03 2.076880858408168012e-15
4.819848714828493030e+03 2.073509126190507663e-15
4.825366643428804309e+03 2.010947985044335202e-15
4.830884572029115589e+03 2.284835362181031897e-15
4.836402500629426868e+03 2.242501877545188429e-15
4.841920429229738147e+03 2.357785744449391237e-15
4.847438357830049426e+03 2.529433734925478955e-15
4.852956286430360706e+03 2.754448875304227980e-15
4.858474215030671985e+03 2.796819215454571728e-15
4.863992143630983264e+03 2.829133473737568192e-15
4.869510072231294544e+03 2.869939826411192762e-15
4.875028000831605823e+03 2.620343517485015246e-15
4.880545929431917102e+03 2.570179513189131507e-15
4.886063858032228381e+03 2.594800821405818497e-15
4.891581786632540570e+03 2.495989544952873292e-15
4.897099715232851850e+03 2.522777118138189725e-15
4.902617643833163129e+03 2.349510586725798974e-15
4.908135572433474408e+03 2.409304462582726963e-15
4.913653501033785687e+03 2.514331731726335769e-15
4.919171429634096967e+03 2.691529578836449346e-15
4.924689358234408246e+03 2.790155482998640543e-15
4.930207286834719525e+03 3.109776539663404144e-15
4.935725215435030805e+03 3.393122100048547505e-15
4.941243144035342084e+03 3.650599650580462650e-15
4.946761072635653363e+03 3.888933133218969895e-15
4.952279001235964643e+03 4.000158879561201748e-15
4.957796929836275922e+03 4.157190921742250431e-15
4.963314858436587201e+03 4.127559635443058627e-15
4.968832787036898480e+03 4.064698906401787055e-15
4.974350715637209760e+03 3.986245557931217452e-15
4.979868644237521039e+03 4.007255755539033719e-15
4.985386572837832318e+03 3.926020910441936128e-15
4.990904501438143598e+03 3.989786059212803998e-15
4.996422430038454877e+03 3.877228770569461647e-15
5.001940358638766156e+03 3.820045432838631810e-15
5.007458287239077436e+03 3.476804005346038256e-15
5.012976215839388715e+03 3.472312741262166910e-15
5.018494144439699994e+03 3.302715158072987380e-15
5.024012073040011273e+03 3.178488902670302353e-15
5.029530001640322553e+03 3.052134332531740377e-15
5.035047930240633832e+03 2.765703308751963032e-15
5.040565858840945111e+03 2.784569683115324781e-15
5.046083787441256391e+03 2.659638611611080192e-15
5.051601716041567670e+03 2.687399571775899766e-15
5.057119644641878949e+03 2.540474698313979010e-15
5.062637573242190228e+03 2.550060963597966674e-15
5.068155501842501508e+03 2.640627369532305823e-15
5.073673430442812787e+03 2.586130470393078732e-15
5.079191359043124066e+03 2.986854641058558212e-15
5.084709287643435346e+03 3.144253048948106054e-15
5.090227216243746625e+03 3.256881311824817444e-15
5.095745144844057904e+03 3.159714302187107233e-15
5.101263073444369184e+03 2.757469932775007394e-15
5.106781002044680463e+03 3.027472884645795281e-15
5.112298930644991742e+03 2.931201354538621422e-15
5.117816859245303021e+03 2.969426361572880255e-15
5.123334787845614301e+03 3.126135096963360849e-15
5.128852716445925580e+03 3.024997179317796406e-15
5.134370645046236859e+03 3.085332575803621197e-15
5.139888573646548139e+03 2.968397508868584067e-15
5.145406502246859418e+03 3.061822771519292872e-15
5.150924430847170697e+03 3.084386921686513791e-15
5.156442359447481977e+03 2.920718150099762699e-15
5.161960288047793256e+03 3.045571496608080365e-15
5.167478216648104535e+03 3.152421836548164101e-15
5.172996145248415814e+03 3.072749884209535051e-15
5.178514073848727094e+03 3.081813968887085244e-15
5.184032002449038373e+03 3.211886019758050977e-15
5.189549931049349652e+03 3.257048256358320523e-15
5.195067859649660932e+03 3.299349264352673751e-15
5.200585788249972211e+03 3.244226916185193327e-15
5.206103716850283490e+03 3.284359104868326246e-15
5.211621645450594769e+03 3.466550144381075381e-15
5.217139574050906049e+03 3.570589430301815430e-15
5.222657502651217328e+03 3.558308151133246385e-15
5.228175431251528607e+03 3.723982811464639098e-15
5.233693359851839887e+03 3.765395273144056486e-15
5.239211288452152075e+03 3.916794807463018016e-15
5.244729217052463355e+03 4.052935064060560580e-15
5.250247145652774634e+03 4.043382735042402203e-15
5.255765074253085913e+03 4.176835823236174274e-15
5.261283002853397193e+03 4.366271343237798731e-15
5.266800931453708472e+03 4.556501446237685212e-15
5.272318860054019751e+03 4.645643441272498572e-15
5.277836788654331031e+03 4.621239981988055040e-15
5.283354717254642310e+03 4.888477675553062229e-15
5.288872645854953589e+03 5.154289133688120903e-15
5.294390574455264868e+03 5.151610358124284445e-15
5.299908503055576148e+03 5.144668384779179226e-15
5.305426431655887427e+03 5.242800935915584058e-15
5.310944360256198706e+03 5.269783004043757467e-15
5.316462288856509986e+03 5.344008915529307558e-15
5.321980217456821265e+03 5.428635927584776650e-15
5.327498146057132544e+03 5.449851202411892300e-15
5.333016074657443824e+03 5.631287433689551868e-15
5.338534003257755103e+03 5.996380167313955236e-15
5.344051931858066382e+03 6.054653479518178006e-15
5.349569860458377661e+03 6.064089221042447774e-15
5.355087789058688941e+03 6.270295277313046877e-15
5.360605717659000220e+03 6.402900506220269883e-15
5.366123646259311499e+03 6.333141410110952439e-15
5.371641574859622779e+03 6.283539361184677838e-15
5.377159503459934058e+03 6.105046644834914966e-15
5.382677432060245337e+03 5.915780806162427476e-15
5.388195360660556616e+03 5.774240486878406834e-15
5.393713289260867896e+03 5.559648888793756467e-15
5.399231217861179175e+03 5.600924693144654615e-15
5.404749146461490454e+03 5.513794790257914062e-15
5.410267075061801734e+03 5.188313159428460329e-15
5.415785003662113013e+03 5.167550368145705979e-15
5.421302932262424292e+03 5.025172771851575526e-15
5.426820860862735572e+03 5.227812418508614677e-15
5.432338789463046851e+03 5.418413813449134689e-15
5.437856718063358130e+03 5.482701142826440030e-15
5.443374646663669409e+03 5.554028787738528530e-15
5.448892575263980689e+03 5.887496935579002683e-15
5.454410503864291968e+03 6.231922665767745481e-15
5.459928432464603247e+03 6.620531589532949409e-15
5.465446361064914527e+03 6.504668616673181376e-15
5.470964289665225806e+03 6.632048937814324736e-15
5.476482218265537085e+03 6.566876346276842958e-15
5.482000146865848365e+03 6.497685591393608859e-15
5.487518075466159644e+03 6.527198100762406837e-15
5.493036004066470923e+03 6.471834732126336731e-15
5.498553932666782202e+03 6.702202679853662589e-15
5.504071861267093482e+03 6.507397201917506000e-15
5.509589789867404761e+03 6.467805256691973070e-15
5.515107718467716040e+03 6.566156933931917780e-15
5.520625647068027320e+03 6.626169023627173300e-15
5.526143575668338599e+03 6.606129658656272463e-15
5.531661504268649878e+03 6.522949864130590130e-15
5.537179432868961158e+03 6.311635852493886034e-15
5.542697361469272437e+03 6.516793898490771849e-15
5.548215290069583716e+03 6.281331314469411771e-15
5.553733218669894995e+03 6.257041340977144806e-15
5.559251147270206275e+03 6.413326602856956253e-15
5.564769075870517554e+03 6.353578157807505207e-15
5.570287004470828833e+03 6.422778217795888056e-15
5.575804933071140113e+03 6.158498088043015692e-15
5.581322861671451392e+03 6.364379560351753442e-15
5.586840790271762671e+03 6.508484986954393716e-15
5.592358718872073950e+03 6.314429755927274026e-15
5.597876647472385230e+03 6.416963074438675261e-15
5.603394576072696509e+03 6.118980036299528315e-15
5.608912504673007788e+03 5.865563525578256301e-15
5.614430433273319068e+03 5.763273964331074692e-15
5.619948361873630347e+03 5.559094231545829151e-15
5.625466290473941626e+03 5.483416906110525283e-15
5.630984219074252906e+03 5.438602060102376875e-15
5.636502147674564185e+03 5.174409872715789770e-15
5.642020076274875464e+03 5.107154032343825887e-15
5.647538004875186743e+03 5.040836183061200756e-15
5.653055933475498023e+03 5.065944093541118200e-15
5.658573862075809302e+03 4.948135441440596494e-15
5.664091790676120581e+03 5.027965398113669071e-15
5.669609719276431861e+03 4.913567888087897676e-15
5.675127647876743140e+03 5.108481925584092515e-15
5.680645576477054419e+03 5.071360577001383828e-15
5.686163505077365699e+03 5.014375200821210631e-15
5.691681433677676978e+03 4.755969876570311915e-15
5.697199362277988257e+03 4.804495817454391451e-15
5.702717290878299536e+03 4.451776501784805461e-15
5.708235219478610816e+03 4.411677337102287903e-15
5.713753148078922095e+03 4.241884529158082071e-15
5.719271076679233374e+03 3.928310696120054691e-15
5.724789005279544654e+03 3.612733893586062205e-15
5.730306933879855933e+03 3.567851539952344422e-15
5.735824862480167212e+03 3.489656727442403872e-15
5.741342791080478491e+03 3.185003023631726413e-15
5.746860719680789771e+03 3.253808620143127930e-15
5.752378648281101050e+03 3.138427688220538078e-15
5.757896576881412329e+03 3.161766716457478799e-15
5.763414505481723609e+03 3.272004662029882946e-15
5.768932434082034888e+03 3.146222082178245817e-15
5.774450362682346167e+03 3.376139370891631126e-15
5.779968291282657447e+03 3.188632744450889904e-15
5.785486219882968726e+03 3.397924629022208245e-15
5.791004148483280005e+03 3.429589901834523448e-15
5.796522077083591284e+03 3.549050118871963549e-15
5.802040005683902564e+03 3.646749161580381551e-15
5.807557934284213843e+03 3.730608228781732535e-15
5.813075862884525122e+03 3.956659702439502592e-15
5.818593791484836402e+03 4.098142549015266808e-15
5.824111720085147681e+03 4.229064648609288795e-15
5.829629648685458960e+03 4.277454661977017234e-15
5.835147577285770240e+03 4.489231009622355319e-15
5.840665505886081519e+03 4.567577987969392678e-15
5.846183434486392798e+03 4.500400967311607142e-15
5.851701363086704077e+03 4.486530704599555100e-15
5.857219291687015357e+03 4.521850146938670520e-15
5.862737220287326636e+03 4.631110691564647529e-15
5.868255148887637915e+03 4.596363057059414329e-15
5.873773077487949195e+03 4.771684374631721336e-15
5.879291006088260474e+03 4.675835223316965200e-15
5.884808934688571753e+03 4.753970921041271200e-15
5.890326863288883942e+03 5.011673436174072549e-15
5.895844791889195221e+03 5.188531373266787859e-15
5.901362720489506501e+03 5.224191820341554548e-15
5.906880649089817780e+03 5.329020398122337389e-15
5.912398577690129059e+03 5.257731433255169131e-15
5.917916506290440338e+03 5.079651060780510244e-15
5.923434434890751618e+03 5.045210859651182704e-15
5.928952363491062897e+03 5.163474367185613556e-15
5.934470292091374176e+03 5.188450911475230599e-15
5.939988220691685456e+03 5.225031104335128527e-15
5.945506149291996735e+03 5.342675913603859986e-15
5.951024077892308014e+03 5.338485149680298916e-15
5.956542006492619294e+03 5.357577400909757244e-15
5.962059935092930573e+03 5.229211103529208506e-15
5.967577863693241852e+03 5.277471575237058872e-15
5.973095792293553131e+03 5.363026543464552978e-15
5.978613720893864411e+03 5.425255802527181477e-15
5.984131649494175690e+03 5.481322527640473676e-15
5.989649578094486969e+03 5.242234419219920675e-15
5.995167506694798249e+03 5.379965483891370933e-15
6.000685435295109528e+03 5.415607685661928531e-15
6.006203363895420807e+03 5.230180111635702396e-15
6.011721292495732087e+03 5.048822335166135921e-15
6.017239221096043366e+03 4.913909805088758137e-15
6.022757149696354645e+03 4.592029249950859419e-15
6.028275078296665924e+03 4.625302116516950385e-15
6.033793006896977204e+03 4.413188778102889366e-15
6.039310935497288483e+03 4.361441081401741073e-15
6.044828864097599762e+03 4.206786037452924915e-15
6.050346792697911042e+03 4.325220685940827442e-15
6.055864721298222321e+03 4.533429711707394017e-15
6.061382649898533600e+03 4.346691395026856158e-15
6.066900578498844880e+03 4.417904276975477589e-15
6.072418507099156159e+03 4.240228585348152849e-15
6.077936435699467438e+03 4.412882439445234737e-15
6.083454364299778717e+03 4.476762716085654142e-15
6.088972292900089997e+03 4.339541607666821612e-15
6.094490221500401276e+03 4.102526895616478028e-15
6.100008150100712555e+03 4.086871329887661318e-15
6.105526078701023835e+03 3.851091095120038427e-15
6.111044007301335114e+03 3.842872315386449982e-15
6.116561935901646393e+03 3.740476201562693502e-15
6.122079864501957672e+03 3.728232690173836296e-15
6.127597793102269861e+03 3.585527955575253229e-15
6.133115721702581141e+03 3.711317286189448636e-15
6.138633650302892420e+03 3.742125212157022607e-15
6.144151578903203699e+03 3.954823312570955311e-15
6.149669507503514978e+03 4.168474547676719870e-15
6.155187436103826258e+03 4.520635739490578091e-15
6.160705364704137537e+03 4.546154351768220607e-15
6.166223293304448816e+03 4.679063912349631707e-15
6.171741221904760096e+03 5.071673848874635418e-15
6.177259150505071375e+03 4.963899201823367777e-15
6.182777079105382654e+03 5.070728012304486568e-15
6.188295007705693934e+03 4.964823508934552078e-15
6.193812936306005213e+03 4.719924636029797505e-15
6.199330864906316492e+03 4.835098301296581573e-15
6.204848793506627771e+03 4.719997617246628344e-15
6.210366722106939051e+03 4.562272618411755772e-15
6.215884650707250330e+03 4.592564202270240570e-15
6.221402579307561609e+03 4.429715739560686224e-15
6.226920507907872889e+03 4.206253639476132658e-15
6.232438436508184168e+03 4.017292679836960355e-15
6.237956365108495447e+03 4.066157618473226992e-15
6.243474293708806726e+03 3.942560643612679822e-15
6.248992222309118006e+03 3.889226882616719525e-15
6.254510150909429285e+03 3.920997248381272525e-15
6.260028079509740564e+03 3.760640729320464343e-15
6.265546008110051844e+03 3.669711789191508981e-15
6.271063936710363123e+03 3.551482400375947676e-15
6.276581865310674402e+03 3.399216943919269830e-15
6.282099793910985682e+03 3.400827274468677904e-15
6.287617722511296961e+03 3.351052624964595343e-15
6.293135651111608240e+03 3.299518398322683230e-15
6.298653579711919519e+03 3.317370333772074146e-15
6.304171508312230799e+03 3.243570997498910372e-15
6.309689436912542078e+03 3.131550850611455967e-15
6.315207365512853357e+03 3.165954378679325066e-15
6.320725294113164637e+03 3.288332932124854627e-15
6.326243222713475916e+03 3.303816627088031520e-15
6.331761151313787195e+03 3.503218826966382112e-15
6.337279079914098475e+03 3.548301514040304773e-15
6.342797008514409754e+03 3.682157823457075888e-15
6.348314937114721033e+03 3.702389676387373477e-15
6.353832865715032312e+03 3.749025951114617901e-15
6.359350794315343592e+03 4.035135127728163048e-15
6.364868722915654871e+03 3.969090410649534557e-15
6.370386651515966150e+03 4.053611235034514821e-15
6.375904580116277430e+03 4.072225641746762380e-15
6.381422508716588709e+03 4.317713290618313027e-15
6.386940437316899988e+03 4.477527741691100468e-15
6.392458365917211268e+03 4.375407861773055038e-15
6.397976294517522547e+03 4.582025897012675237e-15
6.403494223117833826e+03 4.581830124898521448e-15
6.409012151718145105e+03 4.695716036594298570e-15
6.414530080318456385e+03 4.835523234431588978e-15
6.420048008918767664e+03 5.102353145447543665e-15
6.425565937519078943e+03 5.176373432354668857e-15
6.431083866119390223e+03 5.420700862331624098e-15
6.436601794719701502e+03 5.670338405645311933e-15
6.442119723320012781e+03 5.669255364387518328e-15
6.447637651920324060e+03 5.720225446223316086e-15
6.453155580520635340e+03 5.646895196721343791e-15
6.458673509120946619e+03 5.616465313456959262e-15
6.464191437721257898e+03 5.849684819778972956e-15
6.469709366321569178e+03 5.815505526499821524e-15
6.475227294921880457e+03 5.673297611534826459e-15
6.480745223522191736e+03 5.711220658784441491e-15
6.486263152122503016e+03 5.688238873603896568e-15
6.491781080722814295e+03 5.789601026038177888e-15
6.497299009323125574e+03 5.809556645062764427e-15
6.502816937923436853e+03 5.894270687219308009e-15
6.508334866523748133e+03 6.086248872815374412e-15
6.513852795124059412e+03 6.112295504196800329e-15
6.519370723724370691e+03 6.215498060466555688e-15
6.524888652324681971e+03 6.185452788214878620e-15
6.530406580924993250e+03 6.160182494527509580e-15
6.535924509525304529e+03 6.279796337026382381e-15
6.541442438125615809e+03 6.277310779234110817e-15
6.546960366725927088e+03 6.159691330938228037e-15
6.552478295326238367e+03 6.128867349102949403e-15
6.557996223926549646e+03 6.166781456153500940e-15
6.563514152526860926e+03 6.162851964986199655e-15
6.569032081127172205e+03 6.168956296415108230e-15
6.574550009727483484e+03 6.309262320869451595e-15
6.580067938327794764e+03 6.340885994388170829e-15
6.585585866928106043e+03 6.188051831799325172e-15
6.591103795528417322e+03 6.094813583516749287e-15
6.596621724128728601e+03 6.161613291283510367e-15
6.602139652729039881e+03 6.312551949218174193e-15
6.607657581329351160e+03 6.539939891409188331e-15
6.613175509929662439e+03 6.270380117977614572e-15
6.618693438529973719e+03 6.301944676710702411e-15
6.624211367130284998e+03 6.405800779777190909e-15
6.629729295730596277e+03 6.182020299134205598e-15
6.635247224330907557e+03 6.147119039167538516e-15
6.640765152931218836e+03 6.006434424650880192e-15
6.646283081531530115e+03 5.783306760992463033e-15
6.651801010131841394e+03 5.682454929716880750e-15
6.657318938732152674e+03 5.536027970606800998e-15
6.662836867332463953e+03 5.450007382215914288e-15
6.668354795932775232e+03 5.277356082461421294e-15
6.673872724533086512e+03 5.310503056428476479e-15
6.679390653133397791e+03 5.120715584508677823e-15
6.684908581733709070e+03 5.069790751027315170e-15
6.690426510334020350e+03 5.088209568078453144e-15
6.695944438934331629e+03 5.002063816900698796e-15
6.701462367534642908e+03 5.078869431948232951e-15
6.706980296134954187e+03 4.900758954721629696e-15
6.712498224735265467e+03 4.800166206765804347e-15
6.718016153335576746e+03 4.905351480243855497e-15
6.723534081935888025e+03 4.755746554046805019e-15
6.729052010536199305e+03 4.704096652176212307e-15
6.734569939136510584e+03 4.669970270279264239e-15
6.740087867736821863e+03 4.842095922819520888e-15
6.745605796337133143e+03 4.963877672364404016e-15
6.751123724937444422e+03 4.760269017600870185e-15
6.756641653537755701e+03 4.740032238438438225e-15
6.762159582138066980e+03 4.639962035995130868e-15
6.767677510738378260e+03 4.728611042910240355e-15
6.773195439338689539e+03 4.591063708452166770e-15
6.778713367939000818e+03 4.483619848766192455e-15
6.784231296539312098e+03 4.572512248039435524e-15
6.789749225139623377e+03 4.372689128993004679e-15
6.795267153739934656e+03 4.451547340763951056e-15
6.800785082340245935e+03 4.337201647402130417e-15
6.806303010940557215e+03 4.339243844302146013e-15
6.811820939540868494e+03 4.282090793776299227e-15
6.817338868141179773e+03 4.178955745132115609e-15
6.822856796741491053e+03 4.506730263341403893e-15
6.828374725341803241e+03 4.334290061756598840e-15
6.833892653942114521e+03 4.104206375868835967e-15
6.839410582542425800e+03 4.157278316749408597e-15
6.844928511142737079e+03 4.200666015062396933e-15
6.850446439743048359e+03 4.006265217973576068e-15
6.855964368343359638e+03 3.984795603605798383e-15
6.861482296943670917e+03 3.778954088513276900e-15
6.867000225543982197e+03 3.283613236832298203e-15
6.872518154144293476e+03 2.970154714116868140e-15
6.878036082744604755e+03 2.956040511687553055e-15
6.883554011344916034e+03 3.195330960531773919e-15
6.889071939945227314e+03 3.199750520570106111e-15
6.894589868545538593e+03 3.089740823753344810e-15
6.900107797145849872e+03 3.266011809409685586e-15
6.905625725746161152e+03 3.444280655876814863e-15
6.911143654346472431e+03 3.391479110404606958e-15
6.916661582946783710e+03 3.520204657825014083e-15
6.922179511547094990e+03 3.501714684087465232e-15
6.927697440147406269e+03 3.491398059276027488e-15
6.933215368747717548e+03 3.620042597545750260e-15
6.938733297348028827e+03 3.739406661830013298e-15
6.944251225948340107e+03 3.617077553158888226e-15
6.949769154548651386e+03 3.838414257756237414e-15
6.955287083148962665e+03 3.897184207141006347e-15
6.960805011749273945e+03 3.804730142033295860e-15
6.966322940349585224e+03 3.992163057445037311e-15
6.971840868949896503e+03 4.031959532530740954e-15
6.977358797550207782e+03 3.745484172661738486e-15
6.982876726150519062e+03 3.894404899950983576e-15
6.988394654750830341e+03 3.960748475112541063e-15
6.993912583351141620e+03 3.782618292957393221e-15
6.999430511951452900e+03 3.876388939216762152e-15
7.004948440551764179e+03 3.981906642137485542e-15
7.010466369152075458e+03 3.952616360573941852e-15
7.015984297752386738e+03 4.029321443995288906e-15
7.021502226352698017e+03 3.749644102021187834e-15
7.027020154953009296e+03 3.738198275332310216e-15
7.032538083553320575e+03 4.019486130308861989e-15
7.038056012153631855e+03 4.000476712760507978e-15
7.043573940753943134e+03 3.942671575062264339e-15
7.049091869354254413e+03 3.951367287047853572e-15
7.054609797954565693e+03 3.949126398785013193e-15
7.060127726554876972e+03 3.937678930018755874e-15
7.065645655155189161e+03 3.869629236460695743e-15
7.071163583755500440e+03 3.920276193958968434e-15
7.076681512355811719e+03 3.950228415159182454e-15
7.082199440956122999e+03 3.792874160905818686e-15
7.087717369556434278e+03 3.891346439606577184e-15
7.093235298156745557e+03 3.811075311477752279e-15
7.098753226757056837e+03 3.881033646309023175e-15
7.104271155357368116e+03 3.826897091927907080e-15
7.109789083957679395e+03 3.914973378743920422e-15
7.115307012557990674e+03 3.980778899884382348e-15
7.120824941158301954e+03 4.030511767641827102e-15
7.126342869758613233e+03 3.931779675809144316e-15
7.131860798358924512e+03 3.985956187406477467e-15
7.137378726959235792e+03 3.883923337589504159e-15
7.142896655559547071e+03 3.862210330863591314e-15
7.148414584159858350e+03 3.826876474734150934e-15
7.153932512760169629e+03 3.649704171049929059e-15
7.159450441360480909e+03 3.497197694124661136e-15
7.164968369960792188e+03 3.293073974423334157e-15
7.170486298561103467e+03 3.421477492224468035e-15
7.176004227161414747e+03 3.413095781924300113e-15
7.181522155761726026e+03 3.127011783830561017e-15
7.187040084362037305e+03 3.253405946279254400e-15
7.192558012962348585e+03 3.394255315892913742e-15
7.198075941562659864e+03 3.515410704144330401e-15
7.203593870162971143e+03 3.574792965938322548e-15
7.209111798763282422e+03 3.623264718268903483e-15
7.214629727363593702e+03 3.908448310599972249e-15
7.220147655963904981e+03 4.105655053022960589e-15
7.225665584564216260e+03 4.059436595762082403e-15
7.231183513164527540e+03 3.947217027699633495e-15
7.236701441764838819e+03 3.964284415068075336e-15
7.242219370365150098e+03 4.008270741812130857e-15
7.247737298965461378e+03 4.144637422634898671e-15
7.253255227565772657e+03 4.196482549260518079e-15
7.258773156166083936e+03 4.205208548451091941e-15
7.264291084766395215e+03 4.148281192338301474e-15
7.269809013366706495e+03 4.207695200961616113e-15
7.275326941967017774e+03 4.242717792201266704e-15
7.280844870567329053e+03 4.345597953945663560e-15
7.286362799167640333e+03 4.181806756367676351e-15
7.291880727767951612e+03 4.349275659914894072e-15
7.297398656368262891e+03 4.083477885757993793e-15
7.302916584968574170e+03 4.326170718930944099e-15
7.308434513568885450e+03 4.450518123153570797e-15
7.313952442169196729e+03 4.387724719284829916e-15
7.319470370769508008e+03 4.313461040019569563e-15
7.324988299369819288e+03 4.423850421616903953e-15
7.330506227970130567e+03 4.533092356032587406e-15
7.336024156570441846e+03 4.509585470996931652e-15
7.341542085170753126e+03 4.497654684122201309e-15
7.347060013771064405e+03 4.563450170345347921e-15
7.352577942371375684e+03 4.682348432013177306e-15
7.358095870971686963e+03 4.640355587206901035e-15
7.363613799571998243e+03 4.759475711773901820e-15
7.369131728172309522e+03 4.877912367245266148e-15
7.374649656772620801e+03 4.748508641867444953e-15
7.380167585372932081e+03 4.561818127883932670e-15
7.385685513973243360e+03 4.697618474464077363e-15
7.391203442573554639e+03 4.575346108689041362e-15
7.396721371173865919e+03 4.758292321342962952e-15
7.402239299774177198e+03 4.518019727773218473e-15
7.407757228374488477e+03 4.350983237935732212e-15
7.413275156974799756e+03 4.528069241331048530e-15
7.418793085575111036e+03 4.939692791824374848e-15
7.424311014175422315e+03 4.814745664452427568e-15
7.429828942775733594e+03 4.684276413308850560e-15
7.435346871376044874e+03 4.637930968730683984e-15
7.440864799976356153e+03 4.457622114800043934e-15
7.446382728576667432e+03 4.719449345855175630e-15
7.451900657176978712e+03 5.026541717026310241e-15
7.457418585777289991e+03 4.829618506630715955e-15
7.462936514377601270e+03 4.740718444329703837e-15
7.468454442977912549e+03 4.762025675490029138e-15
7.473972371578223829e+03 4.856824079735440465e-15
7.479490300178535108e+03 4.803390152019378321e-15
7.485008228778846387e+03 4.960038312999887685e-15
7.490526157379157667e+03 5.202271729412879729e-15
7.496044085979468946e+03 4.950343305702820722e-15
7.501562014579780225e+03 4.719213981430890040e-15
7.507079943180091504e+03 4.589861342904849880e-15
7.512597871780402784e+03 4.756558287631025102e-15
7.518115800380714063e+03 4.662158360829515158e-15
7.523633728981025342e+03 4.739202259550009052e-15
7.529151657581336622e+03 4.418850478451710116e-15
7.534669586181647901e+03 4.394241029682758798e-15
7.540187514781959180e+03 4.068589170165042583e-15
7.545705443382270460e+03 4.049763847736148132e-15
7.551223371982581739e+03 4.045650626355470962e-15
7.556741300582893018e+03 3.853038051532087337e-15
7.562259229183204297e+03 3.692502910943078693e-15
7.567777157783515577e+03 3.523991288260366127e-15
7.573295086383826856e+03 3.068025080231800444e-15
7.578813014984138135e+03 3.017042226683057033e-15
7.584330943584449415e+03 2.931249704594772120e-15
7.589848872184760694e+03 2.527391538025464542e-15
7.595366800785071973e+03 1.872030063334146806e-15
7.600884729385383253e+03 1.257216405355824391e-15
7.606402657985694532e+03 8.491196721659286876e-16
7.611920586586005811e+03 9.249300058689103909e-16
7.617438515186317090e+03 1.266261332463956893e-15
7.622956443786628370e+03 1.625225285951812199e-15
7.628474372386939649e+03 1.702636097739929782e-15
7.633992300987250928e+03 1.411696969460497826e-15
7.639510229587562208e+03 1.349659158374926496e-15
7.645028158187873487e+03 1.567311880618398001e-15
7.650546086788184766e+03 1.913713832687139293e-15
7.656064015388496045e+03 2.359791633194031674e-15
7.661581943988807325e+03 2.615861740959332122e-15
7.667099872589118604e+03 2.672402114169868862e-15
7.672617801189429883e+03 2.669730454274674359e-15
7.678135729789741163e+03 3.011677194980659668e-15
7.683653658390052442e+03 3.109177181420168028e-15
7.689171586990363721e+03 3.173476917604331795e-15
7.694689515590675001e+03 3.539805405682752275e-15
7.700207444190986280e+03 3.580892371135095962e-15
7.705725372791297559e+03 3.477273457023313017e-15
7.711243301391608838e+03 3.358600524862452329e-15
7.716761229991920118e+03 3.442159091903495009e-15
7.722279158592231397e+03 3.581140507272327600e-15
7.727797087192542676e+03 3.858470408407011844e-15
7.733315015792853956e+03 3.996546674234078810e-15
7.738832944393165235e+03 3.899712641398166749e-15
7.744350872993476514e+03 3.920213612565534220e-15
7.749868801593788703e+03 3.884009272972323674e-15
7.755386730194099982e+03 4.246820796211588297e-15
7.760904658794411262e+03 4.453756664650512359e-15
7.766422587394722541e+03 4.367786250846198281e-15
7.771940515995033820e+03 4.438138319342278817e-15
7.777458444595345100e+03 4.349069305524299452e-15
7.782976373195656379e+03 4.657358386198446073e-15
7.788494301795967658e+03 5.244501945626904969e-15
7.794012230396278937e+03 5.505003290425231837e-15
7.799530158996590217e+03 5.506973783279707886e-15
7.805048087596901496e+03 5.416951269863814567e-15
7.810566016197212775e+03 5.369474981330828809e-15
7.816083944797524055e+03 5.175681023059969693e-15
7.821601873397835334e+03 5.398738624750227795e-15
7.827119801998146613e+03 5.891037984219713166e-15
7.832637730598457892e+03 5.836946130833906660e-15
7.838155659198769172e+03 5.961475623192531117e-15
7.843673587799080451e+03 5.447549009926912155e-15
7.849191516399391730e+03 5.280414542805827686e-15
7.854709444999703010e+03 5.393077289307492300e-15
7.860227373600014289e+03 5.900096230399917429e-15
7.865745302200325568e+03 6.068878430944036557e-15
7.871263230800636848e+03 5.806352769643819506e-15
7.876781159400948127e+03 5.875753710431531565e-15
7.882299088001259406e+03 5.679372750477003014e-15
7.887817016601570685e+03 5.693220936370964991e-15
7.893334945201881965e+03 6.066589739984169813e-15
7.898852873802193244e+03 6.351403864905023433e-15
7.904370802402504523e+03 6.505700753532234206e-15
7.909888731002815803e+03 6.326701182631569595e-15
7.915406659603127082e+03 6.071401391609935493e-15
7.920924588203438361e+03 6.084063997636452596e-15
7.926442516803749641e+03 6.156502781574816479e-15
7.931960445404060920e+03 6.429232311706467190e-15
7.937478374004372199e+03 6.689075183475921026e-15
7.942996302604683478e+03 6.594923027905562199e-15
7.948514231204994758e+03 6.137873596166160283e-15
7.954032159805306037e+03 5.979566937033132013e-15
7.959550088405617316e+03 6.033987935706852933e-15
7.965068017005928596e+03 6.112306086473240371e-15
7.970585945606239875e+03 6.193548594598106222e-15
7.976103874206551154e+03 6.052755602974449120e-15
7.981621802806862433e+03 5.623387034514393590e-15
7.987139731407173713e+03 5.054354311402036760e-15
7.992657660007484992e+03 5.184995250858214114e-15
7.998175588607796271e+03 5.077517090000327625e-15
8.003693517208107551e+03 5.326892448292544116e-15
8.009211445808418830e+03 5.532889960736045749e-15
8.014729374408730109e+03 5.129788791838333350e-15
8.020247303009041389e+03 4.849835398411563068e-15
8.025765231609352668e+03 4.505616387519498566e-15
8.031283160209663947e+03 4.462426103398040565e-15
8.036801088809975226e+03 4.597684017084081630e-15
8.042319017410286506e+03 4.581731965161881402e-15
8.047836946010597785e+03 4.640292823360424983e-15
8.053354874610909064e+03 4.487606995094791216e-15
8.058872803211220344e+03 4.231501126533241913e-15
8.064390731811531623e+03 4.062045309357759015e-15
8.069908660411842902e+03 4.141154029155484086e-15
8.075426589012154182e+03 4.315669816547004562e-15
8.080944517612465461e+03 4.344842963257531761e-15
8.086462446212776740e+03 4.220911369517807923e-15
8.091980374813088019e+03 3.864891843223058505e-15
8.097498303413399299e+03 3.560433911526534440e-15
8.103016232013710578e+03 3.596713239320039205e-15
8.108534160614021857e+03 3.989959936961905616e-15
8.114052089214333137e+03 3.847362849658152396e-15
8.119570017814644416e+03 3.676051485044703146e-15
8.125087946414956605e+03 3.460244384793708136e-15
8.130605875015267884e+03 3.238531279570544474e-15
8.136123803615579163e+03 2.988815463901804200e-15
8.141641732215890443e+03 3.030057879346001732e-15
8.147159660816201722e+03 3.039104083625429274e-15
8.152677589416513001e+03 2.861252872171623608e-15
8.158195518016824280e+03 2.550955713316332516e-15
8.163713446617135560e+03 2.412200357266639527e-15
8.169231375217446839e+03 2.147452782819956963e-15
8.174749303817758118e+03 2.205648917387379904e-15
8.180267232418069398e+03 2.102717668791199251e-15
8.185785161018380677e+03 2.112920077998294652e-15
8.191303089618691956e+03 2.175229069040311085e-15
8.196821018219003236e+03 2.013851177849930376e-15
8.202338946819314515e+03 1.981932842668249164e-15
8.207856875419625794e+03 1.796814161642266157e-15
8.213374804019937073e+03 1.796253300990908444e-15
8.218892732620248353e+03 1.926884387982811138e-15
8.224410661220559632e+03 1.949390335629607883e-15
8.229928589820870911e+03 1.580717581394704323e-15
8.235446518421182191e+03 1.580532227349254066e-15
8.240964447021493470e+03 1.507187710019390951e-15
8.246482375621804749e+03 1.481387590943122298e-15
8.252000304222116029e+03 1.551176171464039650e-15
8.257518232822427308e+03 1.380807176812940770e-15
8.263036161422738587e+03 1.381236397594436703e-15
8.268554090023049866e+03 1.140457588059437512e-15
8.274072018623361146e+03 1.192415342947933768e-15
8.279589947223672425e+03 1.005925655027839248e-15
8.285107875823983704e+03 1.023692749812662469e-15
8.290625804424294984e+03 8.834308789945046563e-16
8.296143733024606263e+03 9.173969394033752641e-16
8.301661661624917542e+03 8.724691002262675136e-16
8.307179590225228822e+03 8.779709717102252668e-16
8.312697518825540101e+03 8.632810387066224204e-16
8.318215447425851380e+03 8.396527311714626331e-16
8.323733376026162659e+03 9.060594350855804410e-16
8.329251304626473939e+03 9.510525924517537293e-16
8.334769233226785218e+03 1.015109611354037651e-15
8.340287161827096497e+03 9.718777279389866402e-16
8.345805090427407777e+03 8.631756720748206824e-16
8.351323019027719056e+03 1.034154734962726704e-15
8.356840947628030335e+03 1.081676636756232032e-15
8.362358876228341614e+03 9.926392420504461481e-16
8.367876804828652894e+03 1.089812090185502290e-15
8.373394733428964173e+03 1.359644813368029075e-15
8.378912662029275452e+03 1.501851031519733385e-15
8.384430590629586732e+03 1.336998741784913428e-15
8.389948519229898011e+03 1.226931335070941035e-15
8.395466447830209290e+03 1.263904951425478542e-15
8.400984376430520570e+03 1.411416593870731600e-15
8.406502305030831849e+03 1.563206522963833694e-15
8.412020233631143128e+03 1.621760867588774452e-15
8.417538162231454407e+03 1.509942878671945874e-15
8.423056090831765687e+03 1.534866785258924283e-15
8.428574019432076966e+03 1.503166682160876521e-15
8.434091948032388245e+03 1.622562201349594754e-15
8.439609876632699525e+03 1.564488365056279315e-15
8.445127805233010804e+03 1.732733916467725157e-15
8.450645733833322083e+03 1.897726202421733626e-15
8.456163662433633363e+03 1.879135697057998462e-15
8.461681591033944642e+03 1.792614822425725268e-15
8.467199519634255921e+03 1.724157893677741308e-15
8.472717448234567200e+03 1.822589485350115791e-15
8.478235376834878480e+03 2.000047510498237333e-15
8.483753305435189759e+03 2.303168426302391013e-15
8.489271234035501038e+03 2.365659687933446255e-15
8.494789162635812318e+03 2.394574298683344796e-15
8.500307091236123597e+03 2.578609938451534987e-15
8.505825019836434876e+03 2.666076832106998869e-15
8.511342948436746155e+03 2.953788128883059499e-15
8.516860877037057435e+03 3.060096948194246826e-15
8.522378805637368714e+03 3.512992471524585979e-15
8.527896734237679993e+03 3.443132843789082222e-15
8.533414662837991273e+03 3.687019467216370784e-15
8.538932591438302552e+03 3.785737875070896752e-15
8.544450520038613831e+03 3.879077202338786044e-15
8.549968448638925111e+03 4.328260900981027110e-15
8.555486377239236390e+03 4.877909265543550950e-15
8.561004305839547669e+03 5.254685927076750625e-15
8.566522234439858948e+03 5.216909754526010408e-15
8.572040163040170228e+03 4.865100149724241920e-15
8.577558091640481507e+03 4.629403660902936482e-15
8.583076020240792786e+03 4.696972590695110117e-15
8.588593948841104066e+03 5.014882055372113160e-15
8.594111877441415345e+03 5.507517310892069645e-15
8.599629806041728443e+03 5.638959766562106772e-15
8.605147734642039723e+03 5.847409265438137514e-15
8.610665663242351002e+03 5.479354041769461006e-15
8.616183591842662281e+03 5.101203326376348828e-15
8.621701520442973560e+03 5.322284961620869417e-15
8.627219449043284840e+03 5.665426952205528872e-15
8.632737377643596119e+03 6.225075932910606160e-15
8.638255306243907398e+03 6.670053724026791476e-15
8.643773234844218678e+03 6.561200049684657775e-15
8.649291163444529957e+03 6.116626392056681091e-15
8.654809092044841236e+03 5.980269746151227803e-15
8.660327020645152515e+03 6.233844991019111488e-15
8.665844949245463795e+03 6.369427123760930228e-15
8.671362877845775074e+03 7.197758643671254408e-15
8.676880806446086353e+03 7.672235077725039045e-15
8.682398735046397633e+03 7.214787168541733379e-15
8.687916663646708912e+03 7.033814003084878309e-15
8.693434592247020191e+03 6.769561971100486935e-15
8.698952520847331471e+03 6.788261036024260349e-15
8.704470449447642750e+03 7.325006868809930801e-15
8.709988378047954029e+03 8.020167737835627512e-15
8.715506306648265308e+03 8.215029776214829757e-15
8.721024235248576588e+03 8.250260181469409675e-15
8.726542163848887867e+03 7.493791623696640401e-15
8.732060092449199146e+03 6.899315823866063944e-15
8.737578021049510426e+03 7.138571971538375000e-15
8.743095949649821705e+03 7.739622284287304907e-15
8.748613878250132984e+03 7.924378978477796428e-15
8.754131806850444264e+03 7.916894754691628630e-15
8.759649735450755543e+03 7.417248923482743366e-15
8.765167664051066822e+03 6.701926810854036795e-15
8.770685592651378101e+03 6.225303086947998764e-15
8.776203521251689381e+03 6.411027694526733933e-15
8.781721449852000660e+03 6.490756024855365222e-15
8.787239378452311939e+03 6.814482457419999444e-15
8.792757307052623219e+03 7.033919825849283460e-15
8.798275235652934498e+03 6.592061251940519577e-15
8.803793164253245777e+03 6.360069107232586199e-15
8.809311092853557057e+03 6.068788481594290286e-15
8.814829021453868336e+03 6.092682531985240817e-15
8.820346950054179615e+03 6.449271311771284350e-15
8.825864878654490894e+03 6.560963590542118788e-15
8.831382807254802174e+03 6.367026589086267409e-15
8.836900735855113453e+03 6.097254075407628373e-15
8.842418664455424732e+03 5.562107261082757811e-15
8.847936593055736012e+03 4.884493083567051573e-15
8.853454521656047291e+03 5.411183929203627348e-15
8.858972450256358570e+03 5.516298410901352877e-15
8.864490378856669849e+03 5.344269640926441039e-15
8.870008307456981129e+03 4.873320024176082974e-15
8.875526236057292408e+03 4.005249319435266583e-15
8.881044164657603687e+03 4.016988165709728055e-15
8.886562093257914967e+03 4.198274603039839448e-15
8.892080021858226246e+03 4.261488743623619138e-15
8.897597950458537525e+03 3.884942520282569892e-15
8.903115879058848805e+03 4.068098006575759461e-15
8.908633807659160084e+03 3.873612186369329064e-15
8.914151736259471363e+03 3.433679404319730456e-15
8.919669664859782642e+03 3.846408620248066354e-15
8.925187593460093922e+03 3.883506432388349480e-15
8.930705522060405201e+03 4.034162653013871860e-15
8.936223450660716480e+03 4.231937554209900918e-15
8.941741379261027760e+03 4.188946326357353743e-15
8.947259307861339039e+03 3.685725145335848187e-15
8.952777236461650318e+03 3.876410833581811956e-15
8.958295165061961598e+03 3.880601050146248300e-15
8.963813093662272877e+03 4.032777104612306968e-15
8.969331022262584156e+03 4.442585612243008716e-15
8.974848950862895435e+03 4.145116544323403099e-15
8.980366879463206715e+03 3.480499226807308137e-15
8.985884808063517994e+03 3.474803955098743355e-15
8.991402736663829273e+03 3.524128492948011276e-15
8.996920665264140553e+03 3.522405223965554518e-15
9.002438593864451832e+03 3.741275893246134891e-15
9.007956522464763111e+03 3.727613809455097431e-15
9.013474451065074390e+03 3.234553620800133146e-15
9.018992379665385670e+03 3.312612505793722206e-15
9.024510308265696949e+03 3.160042170303727200e-15
9.030028236866008228e+03 3.096472976100055351e-15
9.035546165466319508e+03 3.277183774082400394e-15
9.041064094066630787e+03 3.363446295207085979e-15
9.046582022666942066e+03 2.901069964451082213e-15
9.052099951267253346e+03 3.086666307541233756e-15
9.057617879867564625e+03 2.808099557234281764e-15
9.063135808467875904e+03 3.002803043919916149e-15
9.068653737068187183e+03 2.967475573646948004e-15
9.074171665668498463e+03 2.690371002019233641e-15
9.079689594268809742e+03 2.469873946321541715e-15
9.085207522869121021e+03 2.304078684529333636e-15
9.090725451469432301e+03 2.381984491420617483e-15
9.096243380069743580e+03 2.725050216633687090e-15
9.101761308670054859e+03 2.767952772307781652e-15
9.107279237270366139e+03 2.611382701229282098e-15
9.112797165870677418e+03 2.548404472428911541e-15
9.118315094470988697e+03 2.515561830136046817e-15
9.123833023071299976e+03 2.464813428746378621e-15
9.129350951671611256e+03 2.698417181175013732e-15
9.134868880271922535e+03 2.863062076536900275e-15
9.140386808872233814e+03 2.576707318128712384e-15
9.145904737472545094e+03 2.422166854690323429e-15
9.151422666072856373e+03 2.539598741258947773e-15
9.156940594673167652e+03 2.753708115953378119e-15
9.162458523273478932e+03 3.074605796553584686e-15
9.167976451873790211e+03 2.824931580178438803e-15
9.173494380474101490e+03 2.436805427162580806e-15
9.179012309074412769e+03 2.583175643376574640e-15
9.184530237674724049e+03 2.739111872586884065e-15
9.190048166275035328e+03 3.063933570763129268e-15
9.195566094875346607e+03 3.113926799011625010e-15
9.201084023475657887e+03 2.546690143645516701e-15
9.206601952075969166e+03 2.712379765126360284e-15
9.212119880676280445e+03 3.053395447958605774e-15
9.217637809276591724e+03 3.373718036570172689e-15
9.223155737876903004e+03 3.466183413766492545e-15
9.228673666477214283e+03 3.824489441584603095e-15
9.234191595077525562e+03 3.395781353136880426e-15
9.239709523677836842e+03 3.638430580032774935e-15
9.245227452278148121e+03 3.812010930677544764e-15
