3.776699999999999818e+03 8.325136974780636692e-16 6.083000000000000512e-32
3.802300000000000182e+03 9.082066051962171596e-16 5.125999999999999755e-32
3.827900000000000091e+03 8.792938636214719086e-16 4.705000000000000116e-32
3.853400000000000091e+03 6.863256782799125021e-16 3.618999999999999958e-32
3.879000000000000000e+03 5.990460164475350788e-16 3.566000000000000133e-32
3.904599999999999909e+03 6.988870191887910075e-16 2.344999999999999902e-32
3.930099999999999909e+03 1.303780556404251648e-15 2.712000000000000059e-32
3.955699999999999818e+03 1.762919224108075601e-15 2.609999999999999797e-31
3.981300000000000182e+03 1.993571432176268354e-15 2.535000000000000207e-32
4.006800000000000182e+03 2.151671067753528378e-15 2.400000000000000134e-32
4.032400000000000091e+03 2.272952979977180070e-15 1.989000000000000065e-32
4.058000000000000000e+03 2.229638011325876824e-15 1.877000000000000015e-32
4.083599999999999909e+03 1.662211921993793178e-15 1.456999999999999965e-33
4.109100000000000364e+03 1.442388456088424954e-15 1.239000000000000058e-32
4.134699999999999818e+03 1.297283311106555944e-15 8.111000000000000295e-33
4.160300000000000182e+03 1.551758751932967593e-15 1.289000000000000095e-32
4.185800000000000182e+03 1.349261273488121180e-15 8.756000000000000033e-33
4.211399999999999636e+03 1.461880191981511277e-15 8.705000000000000066e-33
4.237000000000000000e+03 1.261548461969230362e-15 1.384999999999999971e-33
4.262600000000000364e+03 1.635140066586727811e-15 8.747000000000000119e-33
4.288100000000000364e+03 1.613482582261075596e-15 8.025999999999999438e-33
4.313699999999999818e+03 1.615648330693640699e-15 6.328999999999999610e-33
4.339300000000000182e+03 1.568001865177206458e-15 2.004000000000000036e-33
4.364800000000000182e+03 1.696863896914836011e-15 5.165999999999999675e-33
4.390399999999999636e+03 1.578830607340032368e-15 1.775999999999999943e-33
4.416000000000000000e+03 1.301614807971685756e-15 1.886000000000000066e-33
4.441600000000000364e+03 1.173835650450339938e-15 4.366999999999999970e-33
4.467100000000000364e+03 1.199824631641122358e-15 3.703000000000000338e-33
4.492699999999999818e+03 1.312443550134512455e-15 3.173000000000000165e-32
4.518300000000000182e+03 1.561504619879511149e-15 5.223000000000000040e-33
4.543800000000000182e+03 1.588576475286576318e-15 3.741000000000000125e-33
4.569399999999999636e+03 1.870123771520052742e-15 1.784999999999999857e-33
4.595000000000000000e+03 2.177660048944311587e-15 2.092000000000000065e-33
4.620500000000000000e+03 2.366080162577483449e-15 2.076000000000000029e-33
4.646100000000000364e+03 2.440798483500983254e-15 3.448999999999999887e-32
4.671699999999999818e+03 2.379074653172874068e-15 2.659999999999999889e-32
4.697300000000000182e+03 2.135427954509289512e-15 1.712000000000000140e-33
4.722800000000000182e+03 1.729350123403314136e-15 3.229999999999999709e-33
4.748399999999999636e+03 1.388244745274294615e-15 2.727999999999999890e-33
4.774000000000000000e+03 1.255051216671534658e-15 2.335999999999999852e-33
4.799500000000000000e+03 1.096951581094274635e-15 2.285999999999999951e-33
4.825100000000000364e+03 9.987348896774433222e-16 1.826999999999999910e-33
4.850699999999999818e+03 1.122940562285057844e-15 1.794000000000000113e-33
4.876300000000000182e+03 1.340598279757860176e-15 2.158000000000000002e-33
4.901800000000000182e+03 1.350344147704404126e-15 1.732000000000000100e-33
4.927399999999999636e+03 1.305946304836817343e-15 1.782000000000000000e-33
4.953000000000000000e+03 1.575581984691185108e-15 1.666999999999999887e-33
4.978500000000000000e+03 1.802985570110531390e-15 1.991999999999999923e-33
5.004100000000000364e+03 1.922101733901616795e-15 1.887999999999999857e-33
5.029699999999999818e+03 1.865792274654922536e-15 2.036000000000000108e-33
5.055300000000000182e+03 1.552841626149250539e-15 1.595999999999999961e-33
5.080800000000000182e+03 1.297283311106555944e-15 1.201000000000000065e-33
5.106399999999999636e+03 1.232310858129600286e-15 1.876000000000000086e-33
5.132000000000000000e+03 1.251802594022686609e-15 9.457000000000000754e-34
5.157500000000000000e+03 1.419648097546490188e-15 1.147000000000000070e-33
5.183100000000000364e+03 1.608068211179662838e-15 1.010000000000000036e-32
5.208699999999999818e+03 1.749924733512683799e-15 1.229999999999999939e-33
5.234199999999999818e+03 1.938344847145855661e-15 9.540999999999999492e-33
5.259800000000000182e+03 1.975162570499464386e-15 1.108000000000000046e-33
5.285399999999999636e+03 2.145173822455833068e-15 1.183000000000000033e-32
5.311000000000000000e+03 2.289196093221417752e-15 1.571000000000000011e-33
5.336500000000000000e+03 2.372577407875179547e-15 1.420999999999999968e-33
5.362100000000000364e+03 2.403980760147374923e-15 1.743000000000000146e-33
5.387699999999999818e+03 2.333593936089006113e-15 1.710000000000000007e-33
5.413199999999999818e+03 2.146256696672115817e-15 1.131000000000000034e-33
5.438800000000000182e+03 2.036886400827572784e-15 1.319000000000000035e-33
5.464399999999999636e+03 1.938344847145855661e-15 8.524000000000000701e-34
5.490000000000000000e+03 1.800819821677965103e-15 1.103000000000000056e-33
5.515500000000000000e+03 1.712024135942791733e-15 1.113999999999999931e-33
5.541100000000000364e+03 1.761836349891792063e-15 1.041999999999999938e-33
5.566699999999999818e+03 1.773747966270900328e-15 1.018999999999999950e-33
5.592199999999999818e+03 1.656797550912379631e-15 1.172999999999999916e-33
5.617800000000000182e+03 1.401239235869685825e-15 1.693999999999999970e-33
5.643399999999999636e+03 1.150012417692122423e-15 5.821000000000000248e-34
5.668899999999999636e+03 1.026673044457533508e-15 6.858000000000000196e-34
5.694500000000000000e+03 9.337624367004870726e-16 7.436999999999999998e-34
5.720100000000000364e+03 8.254750150722267882e-16 4.754000000000000018e-34
5.745699999999999818e+03 6.530814398400369462e-16 4.209999999999999976e-34
5.771199999999999818e+03 5.208624980319311676e-16 3.786000000000000206e-34
5.796800000000000182e+03 5.556227603746026704e-16 3.337999999999999869e-34
5.822399999999999636e+03 6.274173209141390541e-16 4.010999999999999757e-34
5.847899999999999636e+03 7.175124557088516242e-16 4.003999999999999805e-34
5.873500000000000000e+03 8.332717094294614947e-16 5.051999999999999800e-34
5.899100000000000364e+03 9.945116802339413908e-16 4.996000000000000185e-34
5.924699999999999818e+03 1.132686430231600809e-15 6.491999999999999661e-34
5.950199999999999818e+03 1.181415769964317799e-15 5.460000000000000046e-34
5.975800000000000182e+03 1.174918524666622884e-15 4.197000000000000309e-34
6.001399999999999636e+03 1.102365952175687984e-15 4.664000000000000027e-34
6.026899999999999636e+03 1.021366960797749616e-15 4.783000000000000063e-34
6.052500000000000000e+03 9.729624833299172538e-16 3.422999999999999956e-34
6.078100000000000364e+03 9.833580758062294728e-16 3.750000000000000210e-34
6.103699999999999818e+03 1.014653140656797363e-15 4.407999999999999957e-34
6.129199999999999818e+03 1.075510671611879364e-15 3.683000000000000121e-34
6.154800000000000182e+03 1.199824631641122358e-15 4.579999999999999750e-34
6.180399999999999636e+03 1.329769537595034660e-15 4.214000000000000070e-34
6.205899999999999636e+03 1.368753009381208095e-15 4.144999999999999934e-34
6.231500000000000000e+03 1.408819355383663686e-15 3.992000000000000377e-34
6.257100000000000364e+03 1.501946537983967460e-15 6.055999999999999608e-34
6.282600000000000364e+03 1.522521148093337320e-15 5.317999999999999679e-34
6.308199999999999818e+03 1.426145342844185694e-15 6.222999999999999925e-34
6.333800000000000182e+03 1.346012650839273723e-15 4.911999999999999908e-34
6.359399999999999636e+03 1.352509896136969032e-15 5.346000000000000342e-34
6.384899999999999636e+03 1.449968575602402618e-15 4.383000000000000007e-34
6.410500000000000000e+03 1.580996355772597471e-15 4.827999999999999631e-34
6.436100000000000364e+03 1.720687129673053329e-15 4.315000000000000108e-34
6.461600000000000364e+03 1.820311557571052609e-15 4.544999999999999991e-34
6.487199999999999818e+03 1.862543652006074684e-15 5.137000000000000314e-34
6.512800000000000182e+03 1.882035387899161007e-15 5.223999999999999593e-34
6.538399999999999636e+03 1.897195626927117123e-15 4.395000000000000290e-34
6.563899999999999636e+03 1.913438740171356383e-15 5.522999999999999612e-34
6.589500000000000000e+03 1.904775746441095970e-15 8.007999999999999611e-34
6.615100000000000364e+03 1.786742456866291341e-15 8.679000000000000734e-34
6.640600000000000364e+03 1.539847135553859131e-15 4.987999999999999996e-34
6.666199999999999818e+03 1.261548461969230362e-15 3.047000000000000040e-34
6.691800000000000182e+03 1.028080780938701476e-15 3.168000000000000123e-34
6.717399999999999636e+03 8.669490975558508404e-16 3.289000000000000207e-34
6.742899999999999636e+03 7.769622501827660521e-16 2.613999999999999844e-34
6.768500000000000000e+03 7.061422764378841424e-16 2.168999999999999792e-34
6.794100000000000364e+03 6.464759071207128689e-16 2.181999999999999885e-34
6.819600000000000364e+03 6.242769856869195756e-16 1.987000000000000189e-34
6.845199999999999818e+03 6.257930095897151281e-16 2.096999999999999799e-34
6.870800000000000182e+03 6.308825184062437516e-16 2.745999999999999974e-34
6.896300000000000182e+03 6.554637631158585005e-16 3.006000000000000139e-34
6.921899999999999636e+03 6.651013436407734855e-16 2.858000000000000058e-34
6.947500000000000000e+03 6.512405536723561746e-16 2.311999999999999968e-34
6.973100000000000364e+03 6.576295115484238008e-16 1.996999999999999998e-34
6.998600000000000364e+03 6.896825883503888261e-16 1.838000000000000085e-34
7.024199999999999818e+03 7.261754494391121353e-16 1.976999999999999953e-34
7.049800000000000182e+03 7.564959274950250584e-16 1.715999999999999978e-34
7.075300000000000182e+03 7.920142017890941895e-16 1.566000000000000063e-34
7.100899999999999636e+03 7.994860338814444658e-16 1.809000000000000040e-34
7.126500000000000000e+03 7.907147527295553840e-16 1.979999999999999810e-34
7.152100000000000364e+03 8.123722370552072042e-16 1.981000000000000047e-34
7.177600000000000364e+03 8.585026786688464846e-16 2.003999999999999950e-34
7.203199999999999818e+03 9.358198977114246898e-16 2.966999999999999857e-34
7.228800000000000182e+03 1.024832158289854412e-15 3.026999999999999994e-34
7.254300000000000182e+03 1.142432298178144562e-15 3.613999999999999985e-34
7.279899999999999636e+03 1.304863430620534397e-15 3.981000000000000330e-34
7.305500000000000000e+03 1.481371927874598585e-15 3.847000000000000153e-34
7.331100000000000364e+03 1.627559947072749161e-15 3.674999999999999932e-34
7.356600000000000364e+03 1.707692639077662118e-15 3.157999999999999887e-34
7.382199999999999818e+03 1.654631802479813936e-15 2.963000000000000190e-34
7.407800000000000182e+03 1.518189651228206325e-15 3.368000000000000152e-34
7.433300000000000182e+03 1.365504386732360243e-15 2.770999999999999924e-34
7.458899999999999636e+03 1.250719719806404254e-15 2.721999999999999833e-34
7.484500000000000000e+03 1.190078763694578803e-15 2.736999999999999975e-34
7.510000000000000000e+03 1.155426788773535575e-15 2.368000000000000010e-34
7.535600000000000364e+03 1.082116204331203343e-15 2.235999999999999880e-34
7.561199999999999818e+03 9.752365191841112235e-16 2.277000000000000209e-34
7.586800000000000182e+03 8.691148459884153519e-16 2.840000000000000060e-34
7.612300000000000182e+03 7.688406935606469154e-16 2.350000000000000012e-34
7.637899999999999636e+03 7.313732456772690337e-16 2.210999999999999930e-34
7.663500000000000000e+03 7.554130532787425068e-16 3.519999999999999899e-34
7.689000000000000000e+03 7.998108961463290933e-16 4.586000000000000320e-34
7.714600000000000364e+03 8.720386063723786750e-16 3.945999999999999716e-34
7.740199999999999818e+03 9.805426028438953120e-16 2.860999999999999915e-34
7.765800000000000182e+03 1.143515172394426521e-15 2.565999999999999991e-34
7.791300000000000182e+03 1.344929776622990580e-15 3.517999999999999852e-34
7.816899999999999636e+03 1.525769770742185172e-15 3.784999999999999969e-34
7.842500000000000000e+03 1.600488091665684188e-15 3.879000000000000055e-34
7.868000000000000000e+03 1.556090248798097799e-15 4.391000000000000196e-34
7.893600000000000364e+03 1.467294563062924232e-15 4.850999999999999962e-34
7.919199999999999818e+03 1.402322110085968377e-15 4.539999999999999659e-34
7.944699999999999818e+03 1.327603789162468768e-15 3.732000000000000212e-34
7.970300000000000182e+03 1.196576008992274112e-15 3.294000000000000111e-34
7.995899999999999636e+03 1.022882984700545267e-15 2.903999999999999864e-34
8.021500000000000000e+03 8.487568107223030274e-16 2.565000000000000181e-34
8.047000000000000000e+03 7.252008626444578586e-16 2.204999999999999788e-34
8.072600000000000364e+03 6.714903015168411117e-16 2.017000000000000044e-34
8.098199999999999818e+03 6.459344700125714945e-16 1.632999999999999938e-34
8.123699999999999818e+03 6.110659202482719140e-16 1.505999999999999927e-34
8.149300000000000182e+03 5.835609151546938420e-16 1.803999999999999922e-34
8.174899999999999636e+03 5.924404837282107057e-16 1.443999999999999956e-34
8.200500000000000000e+03 6.222195246759823529e-16 1.460999999999999931e-34
8.226000000000000000e+03 6.512405536723561746e-16 2.799000000000000159e-34
8.251600000000000364e+03 6.832936304743215943e-16 3.035999999999999993e-34
8.277200000000000728e+03 6.992118814536756349e-16 2.957000000000000048e-34
8.302700000000000728e+03 6.432272844718648197e-16 5.252999999999999638e-34
8.328299999999999272e+03 5.264934439566006725e-16 5.807999999999999727e-34
8.353899999999999636e+03 4.371563211132864209e-16 4.928000000000000287e-34
8.379500000000000000e+03 4.048866694680644515e-16 3.880999999999999675e-34
8.405000000000000000e+03 4.231872437232405393e-16 2.730000000000000023e-34
8.430600000000000364e+03 5.025619237767549812e-16 2.332000000000000014e-34
8.456200000000000728e+03 6.129068064159522911e-16 2.422999999999999815e-34
8.481700000000000728e+03 7.371124790235667147e-16 2.856999999999999821e-34
8.507299999999999272e+03 9.177358982995043628e-16 2.381999999999999914e-34
8.532899999999999636e+03 1.113194694338513697e-15 2.747000000000000211e-34
8.558399999999999636e+03 1.335183908676448010e-15 2.889000000000000150e-34
8.584000000000000000e+03 1.486786298956011540e-15 4.290000000000000158e-34
8.609600000000000364e+03 1.576664858907467068e-15 4.410999999999999814e-34
8.635200000000000728e+03 1.612399708044793439e-15 4.654999999999999600e-34
8.660700000000000728e+03 1.615648330693640699e-15 3.866999999999999771e-34
8.686299999999999272e+03 1.604819588530814789e-15 3.398999999999999816e-34
8.711899999999999636e+03 1.612399708044793439e-15 4.020000000000000184e-34
8.737399999999999636e+03 1.603736714314532435e-15 9.504000000000000797e-34
8.763000000000000000e+03 1.501946537983967460e-15 1.456999999999999965e-33
8.788600000000000364e+03 1.369835883597490449e-15 1.640999999999999871e-33
8.814200000000000728e+03 1.247471097157556600e-15 1.448000000000000051e-33
8.839700000000000728e+03 1.108863197473383491e-15 1.270000000000000030e-33
8.865299999999999272e+03 9.885558720443862725e-16 1.033999999999999920e-33
8.890899999999999636e+03 9.086397548827306535e-16 6.069000000000000130e-34
8.916399999999999636e+03 8.257998773371117114e-16 4.348000000000000247e-34
8.942000000000000000e+03 7.449091733808013227e-16 4.424999999999999717e-34
8.967600000000000364e+03 6.922814864694668315e-16 4.011999999999999995e-34
8.993200000000000728e+03 6.477753561802518716e-16 3.193000000000000073e-34
9.018700000000000728e+03 5.941730824742630051e-16 2.959999999999999906e-34
9.044299999999999272e+03 5.632028798885807286e-16 2.332999999999999823e-34
9.069899999999999636e+03 5.543233113150633719e-16 2.313000000000000205e-34
9.095399999999999636e+03 5.673178019104545824e-16 1.919000000000000077e-34
9.121000000000000000e+03 6.177797403892238718e-16 2.806999999999999920e-34
9.146600000000000364e+03 6.723566008898670149e-16 2.975999999999999857e-34
9.172100000000000364e+03 6.953135342750584295e-16 2.720000000000000214e-34
9.197700000000000728e+03 7.348384431693731395e-16 3.281999999999999827e-34
9.223299999999999272e+03 8.229844043747769590e-16 4.344000000000000153e-34
