3.776699999999999818e+03 1.387656930870707109e-15 4.573999999999999762e-32
3.802300000000000182e+03 1.399755073249700854e-15 3.410000000000000170e-32
3.827900000000000091e+03 8.930848704173985517e-16 1.231999999999999949e-31
3.853400000000000091e+03 6.623732952499680821e-16 2.024999999999999994e-32
3.879000000000000000e+03 8.483217436151178299e-16 1.691999999999999906e-32
3.904599999999999909e+03 1.461455599382576605e-15 1.650000000000000127e-32
3.930099999999999909e+03 2.013130891864738471e-15 2.213999999999999958e-33
3.955699999999999818e+03 2.428097175464264628e-15 1.359000000000000092e-32
3.981300000000000182e+03 2.908393427910358823e-15 1.539999999999999936e-32
4.006800000000000182e+03 3.304002683703487732e-15 1.325999999999999952e-32
4.032400000000000091e+03 3.447970578013525761e-15 9.343000000000000024e-33
4.058000000000000000e+03 3.075347792740487571e-15 9.965000000000000287e-33
4.083599999999999909e+03 2.610779125387084535e-15 9.588000000000000561e-33
4.109100000000000364e+03 2.170406742791674510e-15 6.999000000000000325e-33
4.134699999999999818e+03 2.217589498069752325e-15 5.661999999999999779e-33
4.160300000000000182e+03 2.086929560376606389e-15 5.841000000000000037e-33
4.185800000000000182e+03 2.193393213311763257e-15 5.086999999999999901e-33
4.211399999999999636e+03 2.178875442456969264e-15 3.125000000000000260e-32
4.237000000000000000e+03 2.122014173275692036e-15 3.786999999999999760e-33
4.262600000000000364e+03 2.353088692714497967e-15 1.329999999999999944e-32
4.288100000000000364e+03 2.338570921859702396e-15 4.250999999999999791e-33
4.313699999999999818e+03 2.348249435762900232e-15 3.311000000000000300e-33
4.339300000000000182e+03 2.539400085351015681e-15 4.391000000000000196e-33
4.364800000000000182e+03 2.684577793898956792e-15 3.765999999999999733e-33
4.390399999999999636e+03 2.477699559218145452e-15 3.061999999999999839e-33
4.416000000000000000e+03 2.137741758368387139e-15 3.072000000000000161e-33
4.441600000000000364e+03 1.807462471421829424e-15 2.107000000000000035e-33
4.467100000000000364e+03 1.805042842946032331e-15 2.494000000000000083e-33
4.492699999999999818e+03 2.040956619336426530e-15 3.041999999999999879e-33
4.518300000000000182e+03 2.536980456875218588e-15 2.836999999999999946e-33
4.543800000000000182e+03 2.997919681514922634e-15 2.676999999999999923e-33
4.569399999999999636e+03 3.401997636973347873e-15 2.506999999999999921e-33
4.595000000000000000e+03 4.084332867148656857e-15 2.855999999999999840e-33
4.620500000000000000e+03 4.604552989445432856e-15 2.553999999999999964e-33
4.646100000000000364e+03 4.744891441041769133e-15 2.677999999999999990e-33
4.671699999999999818e+03 4.835627508884232475e-15 2.888999999999999979e-33
4.697300000000000182e+03 4.870712121783322066e-15 2.629999999999999880e-33
4.722800000000000182e+03 4.217412433317596729e-15 1.193000000000000013e-32
4.748399999999999636e+03 3.339087296602574562e-15 1.150999999999999960e-32
4.774000000000000000e+03 2.920491570289356118e-15 2.474000000000000123e-33
4.799500000000000000e+03 2.580533769439597017e-15 2.306999999999999978e-33
4.825100000000000364e+03 2.295017609295320023e-15 2.891000000000000112e-33
4.850699999999999818e+03 2.286548909630022903e-15 1.887000000000000132e-33
4.876300000000000182e+03 2.771684419027715227e-15 2.236000000000000051e-33
4.901800000000000182e+03 2.780153118693010375e-15 1.037000000000000051e-32
4.927399999999999636e+03 2.695466122040050216e-15 1.996999999999999913e-33
4.953000000000000000e+03 3.278596584707597159e-15 2.182999999999999952e-33
4.978500000000000000e+03 3.922217759270128211e-15 8.547999999999999901e-33
5.004100000000000364e+03 4.073444539007561067e-15 8.031000000000000454e-33
5.029699999999999818e+03 3.895601846036336134e-15 6.800000000000000107e-33
5.055300000000000182e+03 3.351185438981568701e-15 7.460000000000000158e-33
5.080800000000000182e+03 2.737809620366531479e-15 5.266000000000000159e-33
5.106399999999999636e+03 2.718452592560140540e-15 1.386000000000000038e-33
5.132000000000000000e+03 2.826126059733194968e-15 1.337999999999999928e-33
5.157500000000000000e+03 2.916862127575656338e-15 5.281999999999999854e-33
5.183100000000000364e+03 3.022115966272904996e-15 4.366999999999999970e-33
5.208699999999999818e+03 3.281016213183402140e-15 1.258999999999999984e-33
5.234199999999999818e+03 3.512090732622196238e-15 4.159999999999999904e-33
5.259800000000000182e+03 3.871405561278346278e-15 4.129999999999999964e-33
5.285399999999999636e+03 4.327505528966457321e-15 4.970000000000000340e-33
5.311000000000000000e+03 4.734003112900671765e-15 5.542000000000000019e-33
5.336500000000000000e+03 4.967497260815281493e-15 5.779000000000000024e-33
5.362100000000000364e+03 5.171955867020289035e-15 5.804999999999999699e-33
5.387699999999999818e+03 5.260272306386950158e-15 6.121000000000000163e-33
5.413199999999999818e+03 5.036456672375548521e-15 5.714999999999999879e-33
5.438800000000000182e+03 4.815060666839939638e-15 5.343999999999999867e-33
5.464399999999999636e+03 4.767877911561867346e-15 4.653999999999999876e-33
5.490000000000000000e+03 4.690449800336298858e-15 4.762000000000000208e-33
5.515500000000000000e+03 4.696498871525800464e-15 4.828999999999999869e-33
5.541100000000000364e+03 4.673512401005701462e-15 3.087999999999999855e-33
5.566699999999999818e+03 4.703757756953189769e-15 4.447999999999999877e-33
5.592199999999999818e+03 4.658994630150903131e-15 3.420000000000000014e-33
5.617800000000000182e+03 4.205314290938610084e-15 6.859999999999999987e-33
5.643399999999999636e+03 3.691143239831325436e-15 3.400000000000000053e-33
5.668899999999999636e+03 3.255610114187509596e-15 2.047000000000000155e-33
5.694500000000000000e+03 2.948317297761040233e-15 2.542999999999999917e-33
5.720100000000000364e+03 2.590212283342793275e-15 5.403999999999999576e-34
5.745699999999999818e+03 2.158308600412678793e-15 4.351000000000000105e-34
5.771199999999999818e+03 1.780846558188041686e-15 1.240999999999999985e-33
5.796800000000000182e+03 1.717936217817265811e-15 1.696000000000000103e-33
5.822399999999999636e+03 1.892149468074790372e-15 1.231000000000000005e-33
5.847899999999999636e+03 2.198232470263361386e-15 1.530999999999999919e-33
5.873500000000000000e+03 2.390592934089379128e-15 1.286000000000000067e-33
5.899100000000000364e+03 2.610779125387084535e-15 1.391999999999999923e-33
5.924699999999999818e+03 2.926540641478849441e-15 1.614999999999999854e-33
5.950199999999999818e+03 3.055990764934095844e-15 1.803000000000000026e-33
5.975800000000000182e+03 3.089865563595281170e-15 1.479999999999999953e-33
6.001399999999999636e+03 3.116481476829068907e-15 1.538999999999999938e-33
6.026899999999999636e+03 3.013647266607611425e-15 1.814000000000000073e-33
6.052500000000000000e+03 2.849112530253282925e-15 4.511999999999999852e-34
6.078100000000000364e+03 2.723291849511740641e-15 3.934999999999999669e-34
6.103699999999999818e+03 2.697885750515850464e-15 1.146000000000000004e-33
6.129199999999999818e+03 2.730550734939135074e-15 1.345999999999999947e-33
6.154800000000000182e+03 2.921701384527250917e-15 1.510000000000000064e-33
6.180399999999999636e+03 3.176972188724043549e-15 1.542999999999999861e-33
6.205899999999999636e+03 3.360863952884766537e-15 1.453999999999999936e-33
6.231500000000000000e+03 3.325779339985681285e-15 2.853000000000000154e-34
6.257100000000000364e+03 3.140677761587060736e-15 3.474000000000000094e-34
6.282600000000000364e+03 2.957995811664240041e-15 1.477999999999999991e-33
6.308199999999999818e+03 2.807978846164703167e-15 1.276999999999999982e-33
6.333800000000000182e+03 2.770474604789818061e-15 1.317999999999999968e-33
6.359399999999999636e+03 2.863630301108076524e-15 1.173999999999999982e-33
6.384899999999999636e+03 3.153985718203953224e-15 1.242000000000000052e-33
6.410500000000000000e+03 3.588309029609867560e-15 1.167000000000000030e-33
6.436100000000000364e+03 3.983918285402995679e-15 1.289999999999999990e-33
6.461600000000000364e+03 4.264595188595676121e-15 1.257999999999999917e-33
6.487199999999999818e+03 4.433969181901605117e-15 1.312999999999999978e-33
6.512800000000000182e+03 4.500508964986078603e-15 1.453000000000000041e-33
6.538399999999999636e+03 4.556160419929453143e-15 1.146000000000000004e-33
6.563899999999999636e+03 4.608182432159136186e-15 1.291000000000000057e-33
6.589500000000000000e+03 4.565838933832650979e-15 4.853999999999999819e-34
6.615100000000000364e+03 4.410982711381515581e-15 5.746000000000000398e-34
6.640600000000000364e+03 4.137564693616240221e-15 5.541999999999999848e-34
6.666199999999999818e+03 3.779459679197985769e-15 3.555999999999999896e-34
6.691800000000000182e+03 3.293114355562394702e-15 2.172999999999999886e-34
6.717399999999999636e+03 2.882987328914471801e-15 2.210999999999999930e-34
6.742899999999999636e+03 2.616828196576582985e-15 2.413999999999999816e-34
6.768500000000000000e+03 2.503105658214034051e-15 2.338999999999999965e-34
6.794100000000000364e+03 2.297437237771119482e-15 3.413000000000000147e-34
6.819600000000000364e+03 2.211540426880255452e-15 2.012000000000000139e-34
6.845199999999999818e+03 2.101447331231403143e-15 1.853000000000000012e-34
6.870800000000000182e+03 2.031278105433233427e-15 2.271000000000000067e-34
6.896300000000000182e+03 1.916345752832781806e-15 1.620000000000000058e-34
6.921899999999999636e+03 1.819560613800822774e-15 7.169999999999999881e-34
6.947500000000000000e+03 1.813511542611326296e-15 8.408999999999999905e-34
6.973100000000000364e+03 1.880051325695798599e-15 4.942000000000000190e-34
6.998600000000000364e+03 1.973207022014057061e-15 6.002999999999999851e-34
7.024199999999999818e+03 2.050635133239620027e-15 7.370999999999999719e-34
7.049800000000000182e+03 2.112335659372497750e-15 6.848999999999999770e-34
7.075300000000000182e+03 2.154679157698980985e-15 7.827000000000000246e-34
7.100899999999999636e+03 2.203071727214956754e-15 7.646000000000000026e-34
7.126500000000000000e+03 2.242995597065642897e-15 2.195999999999999789e-34
7.152100000000000364e+03 2.246625039779343860e-15 2.050999999999999993e-34
7.177600000000000364e+03 2.233317083162447033e-15 2.565999999999999991e-34
7.203199999999999818e+03 2.246625039779343860e-15 8.093999999999999507e-34
7.228800000000000182e+03 2.349459250000794637e-15 6.682000000000000308e-34
7.254300000000000182e+03 2.540609899588915213e-15 6.640999999999999980e-34
7.279899999999999636e+03 2.757166648172923601e-15 6.643999999999999837e-34
7.305500000000000000e+03 3.010017823893914012e-15 8.223999999999999590e-34
7.331100000000000364e+03 3.277386770469703938e-15 7.749000000000000538e-34
7.356600000000000364e+03 3.473376677009415544e-15 9.073000000000000221e-34
7.382199999999999818e+03 3.547175345521286223e-15 6.782000000000000109e-34
7.407800000000000182e+03 3.509671104146403484e-15 1.858999999999999940e-34
7.433300000000000182e+03 3.352395253219466261e-15 2.102999999999999940e-34
7.458899999999999636e+03 3.195119402292535744e-15 8.967000000000000706e-34
7.484500000000000000e+03 3.145517018538655315e-15 7.874999999999999671e-34
7.510000000000000000e+03 3.115271662591170164e-15 2.304000000000000206e-34
7.535600000000000364e+03 3.155195532441851968e-15 2.928999999999999814e-34
7.561199999999999818e+03 3.170923117534545493e-15 3.238000000000000069e-34
7.586800000000000182e+03 3.070508535788888259e-15 4.193999999999999597e-34
7.612300000000000182e+03 2.673689465757859029e-15 3.171999999999999790e-34
7.637899999999999636e+03 2.159518414650575565e-15 2.131999999999999985e-34
7.663500000000000000e+03 1.840127455845113639e-15 7.579999999999999747e-34
7.689000000000000000e+03 1.823190056514518215e-15 2.168999999999999792e-34
7.714600000000000364e+03 1.967157950824559400e-15 8.586000000000000030e-34
7.740199999999999818e+03 2.159518414650575565e-15 2.527999999999999947e-34
7.765800000000000182e+03 2.397851819516775927e-15 9.610000000000000312e-34
7.791300000000000182e+03 2.749907762745526407e-15 8.211000000000000779e-34
7.816899999999999636e+03 3.133418876159658809e-15 9.338000000000000718e-34
7.842500000000000000e+03 3.439501878348232585e-15 1.041000000000000043e-33
7.868000000000000000e+03 3.602826800464660369e-15 1.026999999999999968e-33
7.893600000000000364e+03 3.705661010686115090e-15 1.093000000000000076e-33
7.919199999999999818e+03 3.764941908343192171e-15 1.242000000000000052e-33
7.944699999999999818e+03 3.778249864960088604e-15 1.368000000000000040e-33
7.970300000000000182e+03 3.734696552395710964e-15 2.831000000000000061e-34
7.995899999999999636e+03 3.403207451211243067e-15 2.941000000000000098e-34
8.021500000000000000e+03 3.051151507982494165e-15 2.608000000000000130e-34
8.047000000000000000e+03 2.654332437951466513e-15 2.118999999999999891e-34
8.072600000000000364e+03 2.371235906282989767e-15 1.411000000000000031e-34
8.098199999999999818e+03 2.195812841787563110e-15 1.863000000000000035e-34
8.123699999999999818e+03 2.096608074279805803e-15 1.873000000000000058e-34
8.149300000000000182e+03 2.003452377961544974e-15 1.838000000000000085e-34
8.174899999999999636e+03 1.894569096550591014e-15 1.496999999999999927e-34
8.200500000000000000e+03 1.802623214470228928e-15 1.956999999999999907e-34
8.226000000000000000e+03 1.744552131051054534e-15 7.725999999999999353e-34
8.251600000000000364e+03 1.731244174434159088e-15 8.306999999999999629e-34
8.277200000000000728e+03 1.702208632724573469e-15 9.339999999999999483e-34
8.302700000000000728e+03 1.583646837410422462e-15 2.379999999999999866e-34
8.328299999999999272e+03 1.394915816298104697e-15 2.374000000000000152e-34
8.353899999999999636e+03 1.180173789070945411e-15 2.084000000000000132e-34
8.379500000000000000e+03 1.042375947374194957e-15 6.721000000000000162e-34
8.405000000000000000e+03 1.044311650154833972e-15 2.023000000000000186e-34
8.430600000000000364e+03 1.130571405317067940e-15 1.444999999999999980e-34
8.456200000000000728e+03 1.267885321318658542e-15 6.689000000000000260e-34
8.481700000000000728e+03 1.415482658342394971e-15 8.121999999999999315e-34
8.507299999999999272e+03 1.632039406926403358e-15 7.813000000000000342e-34
8.532899999999999636e+03 1.918765381308580870e-15 7.750999999999999303e-34
8.558399999999999636e+03 2.251464296730939623e-15 9.427999999999999854e-34
8.584000000000000000e+03 2.591422097580692413e-15 9.017000000000000607e-34
8.609600000000000364e+03 2.844273273301685980e-15 1.146000000000000004e-33
8.635200000000000728e+03 2.938638783857848313e-15 1.415000000000000083e-33
8.660700000000000728e+03 3.034214108651905446e-15 1.479999999999999953e-33
8.686299999999999272e+03 3.109222591401675264e-15 1.371000000000000068e-33
8.711899999999999636e+03 3.175762374486144016e-15 1.126999999999999939e-33
8.737399999999999636e+03 3.181811445675642467e-15 2.887999999999999913e-34
8.763000000000000000e+03 3.121320733780668220e-15 3.006000000000000139e-34
8.788600000000000364e+03 2.997919681514922634e-15 3.690000000000000073e-34
8.814200000000000728e+03 2.835804573636388465e-15 3.537000000000000088e-34
8.839700000000000728e+03 2.642234295572471190e-15 3.478999999999999998e-34
8.865299999999999272e+03 2.447454203270653989e-15 3.164999999999999838e-34
8.890899999999999636e+03 2.292597980819520564e-15 2.790999999999999969e-34
8.916399999999999636e+03 2.178875442456969264e-15 2.467000000000000001e-34
8.942000000000000000e+03 2.061523461380718973e-15 3.231000000000000117e-34
8.967600000000000364e+03 1.935702780639173139e-15 3.067999999999999895e-34
8.993200000000000728e+03 1.791734886329135504e-15 3.159000000000000124e-34
9.018700000000000728e+03 1.611472564882112493e-15 3.809999999999999919e-34
9.044299999999999272e+03 1.489281326854263678e-15 3.721999999999999975e-34
9.069899999999999636e+03 1.459035970906777541e-15 3.852999999999999867e-34
9.095399999999999636e+03 1.457826156668877417e-15 3.659999999999999791e-34
9.121000000000000000e+03 1.454196713955179412e-15 4.288999999999999921e-34
9.146600000000000364e+03 1.501379469233258804e-15 1.479999999999999953e-33
9.172100000000000364e+03 1.582437023172524507e-15 1.820999999999999854e-33
9.197700000000000728e+03 1.639298292353798580e-15 1.945999999999999946e-33
9.223299999999999272e+03 1.736083431385758597e-15 2.079999999999999952e-33
