3.650047851562500000e+03 2.835828723731850289e-16
3.655565780162811279e+03 5.670187081181701682e-16
3.661083708763122559e+03 4.346513920807389358e-16
3.666601637363433838e+03 4.579791239427993397e-16
3.672119565963745117e+03 4.785699416403430832e-16
3.677637494564056396e+03 3.970635085504111863e-16
3.683155423164367676e+03 5.451792604272184218e-16
3.688673351764678955e+03 5.309433143034371026e-16
3.694191280364990234e+03 5.371667430200887025e-16
3.699709208965301514e+03 5.349801433560148018e-16
3.705227137565612793e+03 6.323964661601395984e-16
3.710745066165924072e+03 5.959876626683052234e-16
3.716262994766235352e+03 4.475358973307264439e-16
3.721780923366546631e+03 4.568915138602631697e-16
3.727298851966857910e+03 4.098009482412684831e-16
3.732816780567169189e+03 3.286639631231575920e-16
3.738334709167480469e+03 3.562942642704108871e-16
3.743852637767791748e+03 3.583158129807466635e-16
3.749370566368103027e+03 2.259729821534554822e-16
3.754888494968414307e+03 2.629274036914836675e-16
3.760406423568725586e+03 2.756933885662771847e-16
3.765924352169036865e+03 2.998450154433348405e-16
3.771442280769348145e+03 2.074914317449916146e-16
3.776960209369659879e+03 2.353179521008754992e-16
3.782478137969971158e+03 2.124954892817696082e-16
3.787996066570282437e+03 2.517128881381872148e-16
3.793513995170593716e+03 1.662945015317548260e-16
3.799031923770904996e+03 2.832727520944637302e-16
3.804549852371216275e+03 2.244294399066865631e-16
3.810067780971527554e+03 3.690244905161383380e-16
3.815585709571838834e+03 2.863388616639942449e-16
3.821103638172150113e+03 2.070339565978435434e-16
3.826621566772461392e+03 4.302215749232365172e-16
3.832139495372772672e+03 4.157723114113928824e-16
3.837657423973083951e+03 4.209123636048822212e-16
3.843175352573395230e+03 4.906379967679000891e-16
3.848693281173706509e+03 5.583232568290136235e-16
3.854211209774017789e+03 5.614538727280537466e-16
3.859729138374329068e+03 6.182266272106427685e-16
3.865247066974640347e+03 7.446064944810554702e-16
3.870764995574951627e+03 7.742492021648705432e-16
3.876282924175262906e+03 8.067820807912804274e-16
3.881800852775574185e+03 7.562202665073713342e-16
3.887318781375885465e+03 9.053683703910541822e-16
3.892836709976196744e+03 1.012486776894739961e-15
3.898354638576508023e+03 1.171857721211952342e-15
3.903872567176819302e+03 1.100276622162161857e-15
3.909390495777130582e+03 1.181740141039757844e-15
3.914908424377441861e+03 1.318734650680508478e-15
3.920426352977753140e+03 1.216794398404681063e-15
3.925944281578064420e+03 1.344361668177686652e-15
3.931462210178375699e+03 1.400690188235271664e-15
3.936980138778686978e+03 1.357611551782056016e-15
3.942498067378998257e+03 1.509361607043369682e-15
3.948015995979309537e+03 1.452489281944517472e-15
3.953533924579620816e+03 1.570282622875962104e-15
3.959051853179932095e+03 1.508060100954177630e-15
3.964569781780243375e+03 1.624495134737854577e-15
3.970087710380554654e+03 1.765658494906886265e-15
3.975605638980865933e+03 1.873389176318713539e-15
3.981123567581177213e+03 1.817748730204993628e-15
3.986641496181488492e+03 1.881346339213751763e-15
3.992159424781800226e+03 1.936489848392260912e-15
3.997677353382111505e+03 2.002857208170705002e-15
4.003195281982422784e+03 2.141780446455783424e-15
4.008713210582734064e+03 1.950516045275970674e-15
4.014231139183045343e+03 2.104509694132798905e-15
4.019749067783356622e+03 2.040249277525418383e-15
4.025266996383667902e+03 2.052770776757256971e-15
4.030784924983979181e+03 1.924309734130468554e-15
4.036302853584290460e+03 1.681368424201029283e-15
4.041820782184601740e+03 1.696955926922322495e-15
4.047338710784913019e+03 1.590402348602128358e-15
4.052856639385224298e+03 1.586956096260444290e-15
4.058374567985535577e+03 1.412007003555863096e-15
4.063892496585846857e+03 1.395180678426318339e-15
4.069410425186158136e+03 1.323824951318617665e-15
4.074928353786469415e+03 1.234802841320334197e-15
4.080446282386780695e+03 1.335920587265788100e-15
4.085964210987091974e+03 1.133793489924692175e-15
4.091482139587403253e+03 1.225091981905441444e-15
4.097000068187714533e+03 1.103487666045670566e-15
4.102517996788025812e+03 1.160015038026485344e-15
4.108035925388337091e+03 1.128619675336283166e-15
4.113553853988648370e+03 1.016748785016542637e-15
4.119071782588959650e+03 1.047782125340204203e-15
4.124589711189270929e+03 9.569659119569680657e-16
4.130107639789582208e+03 9.352329975926858968e-16
4.135625568389893488e+03 9.977323885113631738e-16
4.141143496990204767e+03 8.501400260831243054e-16
4.146661425590516046e+03 9.226808315754022489e-16
4.152179354190827326e+03 8.592177513895861737e-16
4.157697282791138605e+03 8.762621192923726151e-16
4.163215211391449884e+03 8.588849492620075690e-16
4.168733139991761163e+03 8.408984649219698209e-16
4.174251068592072443e+03 8.868952003085503720e-16
4.179768997192383722e+03 8.314965878358987732e-16
4.185286925792695001e+03 7.566635847862694759e-16
4.190804854393006281e+03 8.342698392480748196e-16
4.196322782993317560e+03 7.887853741894274622e-16
4.201840711593628839e+03 8.153874218781739753e-16
4.207358640193940118e+03 7.858596182033448173e-16
4.212876568794251398e+03 6.692327723559891266e-16
4.218394497394562677e+03 7.574583752860243811e-16
4.223912425994873956e+03 8.506392485617790607e-16
4.229430354595185236e+03 8.354699906470077867e-16
4.234948283195496515e+03 8.996631910611336108e-16
4.240466211795807794e+03 8.746197104152955806e-16
4.245984140396119074e+03 9.153379687535831744e-16
4.251502068996430353e+03 9.374048424826305875e-16
4.257019997596741632e+03 8.697528529906316077e-16
4.262537926197052911e+03 8.705929107516685600e-16
4.268055854797364191e+03 8.680542216735725558e-16
4.273573783397675470e+03 9.247680052778612668e-16
4.279091711997986749e+03 8.555527812196354230e-16
4.284609640598298029e+03 9.196496416379771072e-16
4.290127569198609308e+03 8.299834327089213328e-16
4.295645497798920587e+03 9.017574046231445378e-16
4.301163426399231867e+03 8.577817164774521601e-16
4.306681354999543146e+03 9.310467885066052497e-16
4.312199283599854425e+03 8.390904746907769839e-16
4.317717212200165704e+03 8.260596946604040698e-16
4.323235140800476984e+03 8.302219489367222455e-16
4.328753069400789173e+03 9.472573670164485924e-16
4.334270998001100452e+03 8.408452127241000204e-16
4.339788926601411731e+03 8.235489046421478847e-16
4.345306855201723010e+03 8.846410951419246694e-16
4.350824783802034290e+03 8.749130700420977505e-16
4.356342712402345569e+03 8.285252174173772217e-16
4.361860641002656848e+03 8.811200081288402797e-16
4.367378569602968128e+03 8.053921039191726744e-16
4.372896498203279407e+03 8.287697416349051567e-16
4.378414426803590686e+03 7.630367792821534952e-16
4.383932355403901965e+03 7.611162477345641570e-16
4.389450284004213245e+03 9.107013050926199114e-16
4.394968212604524524e+03 8.146514383147848191e-16
4.400486141204835803e+03 7.408779341277011761e-16
4.406004069805147083e+03 7.465227635383405778e-16
4.411521998405458362e+03 7.654826965124570543e-16
4.417039927005769641e+03 7.364053763434403902e-16
4.422557855606080921e+03 7.678456205491955383e-16
4.428075784206392200e+03 7.355491751236502408e-16
4.433593712806703479e+03 7.275042357880095420e-16
4.439111641407014758e+03 6.914877935642909251e-16
4.444629570007326038e+03 7.294951273565440774e-16
4.450147498607637317e+03 8.162338830183099581e-16
4.455665427207948596e+03 8.245481789527740235e-16
4.461183355808259876e+03 8.142036068108583494e-16
4.466701284408571155e+03 9.249618425066161861e-16
4.472219213008882434e+03 9.504470020120053582e-16
4.477737141609193714e+03 9.467918683581402545e-16
4.483255070209504993e+03 1.075166986123823696e-15
4.488772998809816272e+03 1.108049012853072950e-15
4.494290927410127551e+03 1.108030014875926358e-15
4.499808856010438831e+03 1.189024852692950107e-15
4.505326784610750110e+03 1.237983314854830707e-15
4.510844713211061389e+03 1.261508018129692661e-15
4.516362641811372669e+03 1.317362745995797926e-15
4.521880570411683948e+03 1.319494184020644081e-15
4.527398499011995227e+03 1.341238285011063568e-15
4.532916427612306506e+03 1.387259872066226103e-15
4.538434356212617786e+03 1.418266306625298943e-15
4.543952284812929065e+03 1.524635112741366738e-15
4.549470213413240344e+03 1.525066280029806151e-15
4.554988142013551624e+03 1.749698747557237027e-15
4.560506070613862903e+03 1.698661308789637339e-15
4.566023999214174182e+03 1.795353683297113576e-15
4.571541927814485462e+03 1.854027633822632106e-15
4.577059856414796741e+03 1.980547796814634302e-15
4.582577785015108020e+03 1.956619507070945575e-15
4.588095713615419299e+03 2.150857718511014021e-15
4.593613642215730579e+03 2.389228037989829307e-15
4.599131570816041858e+03 2.406212036686048716e-15
4.604649499416353137e+03 2.413347657615034544e-15
4.610167428016664417e+03 2.512884617563598240e-15
4.615685356616975696e+03 2.556011375796489627e-15
4.621203285217286975e+03 2.532473364293980628e-15
4.626721213817598255e+03 2.524185135127144449e-15
4.632239142417909534e+03 2.577227198011227210e-15
4.637757071018220813e+03 2.485210254610464785e-15
4.643274999618532092e+03 2.443284515704395704e-15
4.648792928218843372e+03 2.468631481802418359e-15
4.654310856819154651e+03 2.424041590019940778e-15
4.659828785419465930e+03 2.448997120639598051e-15
4.665346714019777210e+03 2.503942645822766280e-15
4.670864642620088489e+03 2.573726651958205129e-15
4.676382571220399768e+03 2.500618096258539166e-15
4.681900499820711048e+03 2.335741499589662258e-15
4.687418428421022327e+03 2.441636417077818432e-15
4.692936357021333606e+03 2.438719311439704325e-15
4.698454285621644885e+03 2.311591888234037650e-15
4.703972214221956165e+03 2.175891362640765221e-15
4.709490142822267444e+03 2.061250432242042521e-15
4.715008071422578723e+03 1.926461905988241359e-15
4.720526000022890003e+03 1.873015678016739986e-15
4.726043928623201282e+03 1.733298285712360622e-15
4.731561857223512561e+03 1.659201738764638008e-15
4.737079785823823840e+03 1.593087331747896567e-15
4.742597714424135120e+03 1.559117694936111734e-15
4.748115643024446399e+03 1.515880131242603313e-15
4.753633571624757678e+03 1.536903562775070015e-15
4.759151500225068958e+03 1.423392770925489184e-15
4.764669428825380237e+03 1.338513859364518530e-15
4.770187357425691516e+03 1.397342976109473895e-15
4.775705286026002796e+03 1.367962363361136553e-15
4.781223214626314075e+03 1.266815300740288177e-15
4.786741143226625354e+03 1.190410451351035005e-15
4.792259071826936633e+03 1.179401653994942783e-15
4.797777000427247913e+03 1.257283234470725411e-15
4.803294929027559192e+03 1.155747725900910620e-15
4.808812857627870471e+03 1.108993897015929103e-15
4.814330786228181751e+03 1.097745358689346839e-15
4.819848714828493030e+03 1.095963213421988063e-15
4.825366643428804309e+03 1.062896221615747929e-15
4.830884572029115589e+03 1.207660711036603910e-15
4.836402500629426868e+03 1.185285144288031206e-15
4.841920429229738147e+03 1.246218986166108734e-15
4.847438357830049426e+03 1.336944356430197319e-15
4.852956286430360706e+03 1.455877190244711177e-15
4.858474215030671985e+03 1.478272237152590637e-15
4.863992143630983264e+03 1.495352093662432051e-15
4.869510072231294544e+03 1.516920487473354168e-15
4.875028000831605823e+03 1.384995158892057191e-15
4.880545929431917102e+03 1.358480733345622213e-15
4.886063858032228381e+03 1.371494444127493131e-15
4.891581786632540570e+03 1.319267269095639540e-15
4.897099715232851850e+03 1.333425969637215680e-15
4.902617643833163129e+03 1.241845111782935245e-15
4.908135572433474408e+03 1.273449452221749939e-15
4.913653501033785687e+03 1.328962120062783484e-15
4.919171429634096967e+03 1.422620893722029820e-15
4.924689358234408246e+03 1.474750089338752271e-15
4.930207286834719525e+03 1.643687334858963482e-15
4.935725215435030805e+03 1.793450992489485078e-15
4.941243144035342084e+03 1.929541989196799802e-15
4.946761072635653363e+03 2.055514296817379885e-15
4.952279001235964643e+03 2.114303199570099873e-15
4.957796929836275922e+03 2.197303240122200310e-15
4.963314858436587201e+03 2.181641481348099208e-15
4.968832787036898480e+03 2.148416140920160311e-15
4.974350715637209760e+03 2.106949246558576736e-15
4.979868644237521039e+03 2.118054287474021420e-15
4.985386572837832318e+03 2.075117219703298952e-15
4.990904501438143598e+03 2.108820595525734881e-15
4.996422430038454877e+03 2.049327899690699567e-15
5.001940358638766156e+03 2.019103371724037164e-15
5.007458287239077436e+03 1.837681465689092924e-15
5.012976215839388715e+03 1.835307586473654371e-15
5.018494144439699994e+03 1.745665968834813947e-15
5.024012073040011273e+03 1.680005584540947506e-15
5.029530001640322553e+03 1.613220269265277793e-15
5.035047930240633832e+03 1.461825775129545656e-15
5.040565858840945111e+03 1.471797687966447138e-15
5.046083787441256391e+03 1.405764769734929442e-15
5.051601716041567670e+03 1.420437958642380081e-15
5.057119644641878949e+03 1.342780110689338686e-15
5.062637573242190228e+03 1.347846977274419656e-15
5.068155501842501508e+03 1.395716286370847580e-15
5.073673430442812787e+03 1.366911688432138803e-15
5.079191359043124066e+03 1.578716374619012926e-15
5.084709287643435346e+03 1.661910059527002560e-15
5.090227216243746625e+03 1.721440269134170305e-15
5.095745144844057904e+03 1.670082179229450642e-15
5.101263073444369184e+03 1.457473984689349403e-15
5.106781002044680463e+03 1.600185342468318484e-15
5.112298930644991742e+03 1.549300562572917222e-15
5.117816859245303021e+03 1.569504573740840663e-15
5.123334787845614301e+03 1.652333728935051474e-15
5.128852716445925580e+03 1.598876796519574720e-15
5.134370645046236859e+03 1.630767360289207603e-15
5.139888573646548139e+03 1.568960768699572085e-15
5.145406502246859418e+03 1.618341140252398784e-15
5.150924430847170697e+03 1.630267530261029946e-15
5.156442359447481977e+03 1.543759614487060486e-15
5.161960288047793256e+03 1.609751450798454353e-15
5.167478216648104535e+03 1.666227711470194032e-15
5.172996145248415814e+03 1.624116718177837460e-15
5.178514073848727094e+03 1.628907583693914669e-15
5.184032002449038373e+03 1.697657791275993423e-15
5.189549931049349652e+03 1.721528508469648166e-15
5.195067859649660932e+03 1.743886909533286013e-15
5.200585788249972211e+03 1.714751727504939050e-15
5.206103716850283490e+03 1.735963788698820498e-15
5.211621645450594769e+03 1.832261738198532387e-15
5.217139574050906049e+03 1.887252202759114427e-15
5.222657502651217328e+03 1.880760873633765543e-15
5.228175431251528607e+03 1.968329011543523072e-15
5.233693359851839887e+03 1.990217767182266383e-15
5.239211288452152075e+03 2.070240718635413575e-15
5.244729217052463355e+03 2.142198305516576778e-15
5.250247145652774634e+03 2.137149376107889017e-15
5.255765074253085913e+03 2.207686647215369912e-15
5.261283002853397193e+03 2.307813701692664020e-15
5.266800931453708472e+03 2.408360736832262195e-15
5.272318860054019751e+03 2.455477166702377545e-15
5.277836788654331031e+03 2.442578601020571637e-15
5.283354717254642310e+03 2.583828368232870633e-15
5.288872645854953589e+03 2.724324291854533179e-15
5.294390574455264868e+03 2.722908412156732496e-15
5.299908503055576148e+03 2.719239198783763180e-15
5.305426431655887427e+03 2.771107630287773511e-15
5.310944360256198706e+03 2.785369132066090901e-15
5.316462288856509986e+03 2.824601594293221152e-15
5.321980217456821265e+03 2.869331608211709650e-15
5.327498146057132544e+03 2.880545043676966609e-15
5.333016074657443824e+03 2.976444035656598087e-15
5.338534003257755103e+03 3.169415554559504161e-15
5.344051931858066382e+03 3.200216193772226017e-15
5.349569860458377661e+03 3.205203500300728626e-15
5.355087789058688941e+03 3.314194702318056590e-15
5.360605717659000220e+03 3.384283833325027359e-15
5.366123646259311499e+03 3.347412327831419863e-15
5.371641574859622779e+03 3.321194926496211708e-15
5.377159503459934058e+03 3.226851743477525320e-15
5.382677432060245337e+03 3.126814374882191139e-15
5.388195360660556616e+03 3.052002558916721439e-15
5.393713289260867896e+03 2.938579138474728637e-15
5.399231217861179175e+03 2.960395663225742700e-15
5.404749146461490454e+03 2.914342734330109418e-15
5.410267075061801734e+03 2.742307854170675042e-15
5.415785003662113013e+03 2.731333581057316481e-15
5.421302932262424292e+03 2.656079218304403145e-15
5.426820860862735572e+03 2.763185377381198222e-15
5.432338789463046851e+03 2.863928660660353709e-15
5.437856718063358130e+03 2.897908037551795174e-15
5.443374646663669409e+03 2.935608607053167335e-15
5.448892575263980689e+03 3.111864799160008649e-15
5.454410503864291968e+03 3.293912674076469322e-15
5.459928432464603247e+03 3.499313788291311666e-15
5.465446361064914527e+03 3.438073857177379131e-15
5.470964289665225806e+03 3.505401338074971408e-15
5.476482218265537085e+03 3.470954051614416255e-15
5.482000146865848365e+03 3.434382945607162444e-15
5.487518075466159644e+03 3.449981924263889585e-15
5.493036004066470923e+03 3.420719349708584739e-15
5.498553932666782202e+03 3.542481435571462343e-15
5.504071861267093482e+03 3.439516064021176109e-15
5.509589789867404761e+03 3.418589551103086570e-15
5.515107718467716040e+03 3.470573802762188980e-15
5.520625647068027320e+03 3.502293481173932434e-15
5.526143575668338599e+03 3.491701578514311860e-15
5.531661504268649878e+03 3.447736498376165059e-15
5.537179432868961158e+03 3.336045462002507505e-15
5.542697361469272437e+03 3.444482733153184535e-15
5.548215290069583716e+03 3.320027852793528856e-15
5.553733218669894995e+03 3.307189270572561692e-15
5.559251147270206275e+03 3.389794596807601170e-15
5.564769075870517554e+03 3.358214269040406534e-15
5.570287004470828833e+03 3.394790293305704697e-15
5.575804933071140113e+03 3.255103760659634143e-15
5.581322861671451392e+03 3.363923402264049554e-15
5.586840790271762671e+03 3.440091018030049121e-15
5.592358718872073950e+03 3.337522193089036764e-15
5.597876647472385230e+03 3.391716671338104154e-15
5.603394576072696509e+03 3.234216304496592554e-15
5.608912504673007788e+03 3.100271789897550496e-15
5.614430433273319068e+03 3.046206150721921871e-15
5.619948361873630347e+03 2.938285971720791006e-15
5.625466290473941626e+03 2.898286357675380219e-15
5.630984219074252906e+03 2.874599255448664981e-15
5.636502147674564185e+03 2.734959205162922967e-15
5.642020076274875464e+03 2.699410807519322428e-15
5.647538004875186743e+03 2.664358189573745814e-15
5.653055933475498023e+03 2.677629096320338439e-15
5.658573862075809302e+03 2.615360767093251309e-15
5.664091790676120581e+03 2.657555274335907111e-15
5.669609719276431861e+03 2.597089920645537676e-15
5.675127647876743140e+03 2.700112671872993553e-15
5.680645576477054419e+03 2.680492004683546802e-15
5.686163505077365699e+03 2.650372110245837977e-15
5.691681433677676978e+03 2.513790734280703646e-15
5.697199362277988257e+03 2.539439353538699683e-15
5.702717290878299536e+03 2.353007864159410269e-15
5.708235219478610816e+03 2.331813257959759697e-15
5.713753148078922095e+03 2.242068453338448354e-15
5.719271076679233374e+03 2.076327496927613585e-15
5.724789005279544654e+03 1.909527861363910607e-15
5.730306933879855933e+03 1.885805077657275464e-15
5.735824862480167212e+03 1.844474833720143084e-15
5.741342791080478491e+03 1.683448654480368266e-15
5.746860719680789771e+03 1.719816183179214866e-15
5.752378648281101050e+03 1.658831037119197897e-15
5.757896576881412329e+03 1.671166992655452581e-15
5.763414505481723609e+03 1.729433788564153531e-15
5.768932434082034888e+03 1.662950801503481901e-15
5.774450362682346167e+03 1.784474689378783799e-15
5.779968291282657447e+03 1.685367160862881429e-15
5.785486219882968726e+03 1.795989392258284275e-15
5.791004148483280005e+03 1.812726224378733051e-15
5.796522077083591284e+03 1.875867496190241920e-15
5.802040005683902564e+03 1.927506794731305123e-15
5.807557934284213843e+03 1.971830907706595344e-15
5.813075862884525122e+03 2.091311500456098256e-15
5.818593791484836402e+03 2.166092938945420690e-15
5.824111720085147681e+03 2.235292443865196012e-15
5.829629648685458960e+03 2.260869217981190299e-15
5.835147577285770240e+03 2.372804624274083664e-15
5.840665505886081519e+03 2.414215296195684827e-15
5.846183434486392798e+03 2.378708559090802915e-15
5.851701363086704077e+03 2.371377365077282702e-15
5.857219291687015357e+03 2.390045626062160439e-15
5.862737220287326636e+03 2.447795812003477951e-15
5.868255148887637915e+03 2.429429782797166423e-15
5.873773077487949195e+03 2.522096707751067114e-15
5.879291006088260474e+03 2.471435178196245739e-15
5.884808934688571753e+03 2.512734176729340626e-15
5.890326863288883942e+03 2.648944079557579650e-15
5.895844791889195221e+03 2.742423192143605183e-15
5.901362720489506501e+03 2.761271692820295367e-15
5.906880649089817780e+03 2.816679341386644679e-15
5.912398577690129059e+03 2.778999216408903346e-15
5.917916506290440338e+03 2.684873979727025979e-15
5.923434434890751618e+03 2.666670445908998820e-15
5.928952363491062897e+03 2.729179191161602469e-15
5.934470292091374176e+03 2.742380663676997118e-15
5.939988220691685456e+03 2.761715300408491796e-15
5.945506149291996735e+03 2.823897029719446882e-15
5.951024077892308014e+03 2.821681981307869621e-15
5.956542006492619294e+03 2.831773282447856356e-15
5.962059935092930573e+03 2.763924659070568522e-15
5.967577863693241852e+03 2.789432963319689498e-15
5.973095792293553131e+03 2.834653452932429677e-15
5.978613720893864411e+03 2.867545026868469841e-15
5.984131649494175690e+03 2.897179363869968576e-15
5.989649578094486969e+03 2.770808195165741336e-15
5.995167506694798249e+03 2.843606611299398166e-15
6.000685435295109528e+03 2.862445468332867341e-15
6.006203363895420807e+03 2.764436832962069940e-15
6.011721292495732087e+03 2.668579308648289001e-15
6.017239221096043366e+03 2.597270642519510878e-15
6.022757149696354645e+03 2.427139128222731082e-15
6.028275078296665924e+03 2.444725661747436735e-15
6.033793006896977204e+03 2.332612137364240847e-15
6.039310935497288483e+03 2.305260643586168178e-15
6.044828864097599762e+03 2.223516976872983416e-15
6.050346792697911042e+03 2.286116179499005935e-15
6.055864721298222321e+03 2.396166060669204080e-15
6.061382649898533600e+03 2.297464625969363343e-15
6.066900578498844880e+03 2.335104536954873440e-15
6.072418507099156159e+03 2.241193196279652152e-15
6.077936435699467438e+03 2.332450220594548910e-15
6.083454364299778717e+03 2.366214447805714203e-15
6.088972292900089997e+03 2.293685571500101065e-15
6.094490221500401276e+03 2.168410306411581404e-15
6.100008150100712555e+03 2.160135481908822961e-15
6.105526078701023835e+03 2.035512705720678201e-15
6.111044007301335114e+03 2.031168630195059742e-15
6.116561935901646393e+03 1.977046672143018606e-15
6.122079864501957672e+03 1.970575305359138612e-15
6.127597793102269861e+03 1.895148032083262138e-15
6.133115721702581141e+03 1.961634587291926744e-15
6.138633650302892420e+03 1.977918264617389364e-15
6.144151578903203699e+03 2.090340867765839621e-15
6.149669507503514978e+03 2.203267254836189588e-15
6.155187436103826258e+03 2.389403745169327663e-15
6.160705364704137537e+03 2.402891730324839872e-15
6.166223293304448816e+03 2.473141717300745841e-15
6.171741221904760096e+03 2.680657586037662210e-15
6.177259150505071375e+03 2.623692778400314067e-15
6.182777079105382654e+03 2.680157659573052087e-15
6.188295007705693934e+03 2.624181325365921151e-15
6.193812936306005213e+03 2.494738849168467830e-15
6.199330864906316492e+03 2.555614443441486672e-15
6.204848793506627771e+03 2.494777423741353841e-15
6.210366722106939051e+03 2.411411117619697087e-15
6.215884650707250330e+03 2.427421879841988366e-15
6.221402579307561609e+03 2.341347542267263670e-15
6.226920507907872889e+03 2.223235575363776718e-15
6.232438436508184168e+03 2.123359352046675137e-15
6.237956365108495447e+03 2.149187150195730435e-15
6.243474293708806726e+03 2.083859375156577863e-15
6.248992222309118006e+03 2.055669559473248596e-15
6.254510150909429285e+03 2.072461938978652518e-15
6.260028079509740564e+03 1.987704730195140395e-15
6.265546008110051844e+03 1.939643801907898167e-15
6.271063936710363123e+03 1.877153090268118813e-15
6.276581865310674402e+03 1.796672451507673346e-15
6.282099793910985682e+03 1.797523599458414460e-15
6.287617722511296961e+03 1.771214969258329675e-15
6.293135651111608240e+03 1.743976306105950513e-15
6.298653579711919519e+03 1.753412032379729337e-15
6.304171508312230799e+03 1.714405038531121560e-15
6.309689436912542078e+03 1.655196251552530366e-15
6.315207365512853357e+03 1.673380401647682052e-15
6.320725294113164637e+03 1.738064174192493700e-15
6.326243222713475916e+03 1.746248155576103801e-15
6.331761151313787195e+03 1.851643146599650245e-15
6.337279079914098475e+03 1.875471817508858663e-15
6.342797008514409754e+03 1.946222213131537088e-15
6.348314937114721033e+03 1.956915856227147106e-15
6.353832865715032312e+03 1.981565683356677266e-15
6.359350794315343592e+03 2.132790063625979115e-15
6.364868722915654871e+03 2.097881811019432476e-15
6.370386651515966150e+03 2.142555698934370634e-15
6.375904580116277430e+03 2.152394433058382418e-15
6.381422508716588709e+03 2.282148109622597664e-15
6.386940437316899988e+03 2.366618805765996566e-15
6.392458365917211268e+03 2.312642852472331813e-15
6.397976294517522547e+03 2.421851807953604259e-15
6.403494223117833826e+03 2.421748331661835547e-15
6.409012151718145105e+03 2.481943277596271458e-15
6.414530080318456385e+03 2.555839043892119315e-15
6.420048008918767664e+03 2.696873275678412669e-15
6.425565937519078943e+03 2.735997054046435216e-15
6.431083866119390223e+03 2.865137491338187262e-15
6.436601794719701502e+03 2.997084614553165259e-15
6.442119723320012781e+03 2.996512167891528881e-15
6.447637651920324060e+03 3.023452649595494383e-15
6.453155580520635340e+03 2.984693593814114999e-15
6.458673509120946619e+03 2.968609732776202668e-15
6.464191437721257898e+03 3.091879023638191629e-15
6.469709366321569178e+03 3.073813393918232996e-15
6.475227294921880457e+03 2.998648717047282743e-15
6.480745223522191736e+03 3.018693125919889104e-15
6.486263152122503016e+03 3.006545992917913112e-15
6.491781080722814295e+03 3.060121445708584301e-15
6.497299009323125574e+03 3.070669084045817541e-15
6.502816937923436853e+03 3.115445098142474220e-15
6.508334866523748133e+03 3.216916090739135584e-15
6.513852795124059412e+03 3.230683162929482000e-15
6.519370723724370691e+03 3.285231370011919381e-15
6.524888652324681971e+03 3.269350796973119032e-15
6.530406580924993250e+03 3.255994061801856067e-15
6.535924509525304529e+03 3.319216533089291479e-15
6.541442438125615809e+03 3.317902779573207345e-15
6.546960366725927088e+03 3.255734454926329206e-15
6.552478295326238367e+03 3.239442291194831229e-15
6.557996223926549646e+03 3.259481974682256199e-15
6.563514152526860926e+03 3.257405023241613187e-15
6.569032081127172205e+03 3.260631496954275512e-15
6.574550009727483484e+03 3.334790920455805144e-15
6.580067938327794764e+03 3.351505765069707966e-15
6.585585866928106043e+03 3.270724533950042699e-15
6.591103795528417322e+03 3.221443009740237168e-15
6.596621724128728601e+03 3.256750316303297079e-15
6.602139652729039881e+03 3.336529669328665036e-15
6.607657581329351160e+03 3.456716658944153559e-15
6.613175509929662439e+03 3.314239545259037145e-15
6.618693438529973719e+03 3.330923144468902870e-15
6.624211367130284998e+03 3.385816786851538240e-15
6.629729295730596277e+03 3.267536538373833130e-15
6.635247224330907557e+03 3.249089309691593876e-15
6.640765152931218836e+03 3.174729780593219711e-15
6.646283081531530115e+03 3.056794581669984696e-15
6.651801010131841394e+03 3.003488861580222133e-15
6.657318938732152674e+03 2.926094188650700181e-15
6.662836867332463953e+03 2.880627593262942950e-15
6.668354795932775232e+03 2.789371919058096384e-15
6.673872724533086512e+03 2.806891911444572928e-15
6.679390653133397791e+03 2.706578831089533372e-15
6.684908581733709070e+03 2.679662265620755266e-15
6.690426510334020350e+03 2.689397619889431197e-15
6.695944438934331629e+03 2.643864869109173540e-15
6.701462367534642908e+03 2.684460846051411649e-15
6.706980296134954187e+03 2.590319697358218728e-15
6.712498224735265467e+03 2.537150917002205154e-15
6.718016153335576746e+03 2.592747098793537337e-15
6.723534081935888025e+03 2.513672696087669966e-15
6.729052010536199305e+03 2.486372892237266012e-15
6.734569939136510584e+03 2.468335229082649689e-15
6.740087867736821863e+03 2.559313069926280562e-15
6.745605796337133143e+03 2.623681398901313000e-15
6.751123724937444422e+03 2.516063065933015716e-15
6.756641653537755701e+03 2.505366819053738175e-15
6.762159582138066980e+03 2.452474232639590336e-15
6.767677510738378260e+03 2.499330091269857711e-15
6.773195439338689539e+03 2.426628786623442583e-15
6.778713367939000818e+03 2.369838818237702570e-15
6.784231296539312098e+03 2.416823323068544171e-15
6.789749225139623377e+03 2.311205853195875797e-15
6.795267153739934656e+03 2.352886740000546734e-15
6.800785082340245935e+03 2.292448774256925992e-15
6.806303010940557215e+03 2.293528187242724403e-15
6.811820939540868494e+03 2.263319667723808443e-15
6.817338868141179773e+03 2.208807142121290573e-15
6.822856796741491053e+03 2.382053938924389146e-15
6.828374725341803241e+03 2.290909841671617572e-15
6.833892653942114521e+03 2.169298003770131860e-15
6.839410582542425800e+03 2.197349433173231846e-15
6.844928511142737079e+03 2.220282209627149879e-15
6.850446439743048359e+03 2.117530734083518935e-15
6.855964368343359638e+03 2.106182866231752776e-15
6.861482296943670917e+03 1.997384344205994670e-15
6.867000225543982197e+03 1.735569556563919899e-15
6.872518154144293476e+03 1.569889547978247948e-15
6.878036082744604755e+03 1.562429418454854728e-15
6.883554011344916034e+03 1.688907535162408825e-15
6.889071939945227314e+03 1.691243514859985871e-15
6.894589868545538593e+03 1.633097360927987702e-15
6.900107797145849872e+03 1.726266237511574001e-15
6.905625725746161152e+03 1.820491093027930888e-15
6.911143654346472431e+03 1.792582582417376247e-15
6.916661582946783710e+03 1.860621089129699116e-15
6.922179511547094990e+03 1.850848124652458682e-15
6.927697440147406269e+03 1.845395223029216846e-15
6.933215368747717548e+03 1.913390911965634251e-15
6.938733297348028827e+03 1.976481361777365815e-15
6.944251225948340107e+03 1.911823723505685333e-15
6.949769154548651386e+03 2.028812302410284729e-15
6.955287083148962665e+03 2.059875441591501523e-15
6.960805011749273945e+03 2.011008401167362486e-15
6.966322940349585224e+03 2.110076969364650950e-15
6.971840868949896503e+03 2.131111587523253788e-15
6.977358797550207782e+03 1.979693659334493433e-15
6.982876726150519062e+03 2.058406425419548284e-15
6.988394654750830341e+03 2.093472640902066778e-15
6.993912583351141620e+03 1.999321077074194693e-15
6.999430511951452900e+03 2.048884002793208105e-15
7.004948440551764179e+03 2.104655891764039433e-15
7.010466369152075458e+03 2.089174372681751567e-15
7.015984297752386738e+03 2.129717213149837120e-15
7.021502226352698017e+03 1.981892409989026062e-15
7.027020154953009296e+03 1.975842663286797333e-15
7.032538083553320575e+03 2.124518710834781971e-15
7.038056012153631855e+03 2.114471191835021421e-15
7.043573940753943134e+03 2.083918008507365232e-15
7.049091869354254413e+03 2.088514168866797887e-15
7.054609797954565693e+03 2.087329736606317217e-15
7.060127726554876972e+03 2.081279121976196684e-15
7.065645655155189161e+03 2.045311129416023520e-15
7.071163583755500440e+03 2.072080822198535018e-15
7.076681512355811719e+03 2.087912212656903287e-15
7.082199440956122999e+03 2.004741865365509600e-15
7.087717369556434278e+03 2.056789861506305902e-15
7.093235298156745557e+03 2.014362170970550424e-15
7.098753226757056837e+03 2.051338985048140340e-15
7.104271155357368116e+03 2.022724849063059031e-15
7.109789083957679395e+03 2.069277993732597075e-15
7.115307012557990674e+03 2.104059818176510299e-15
7.120824941158301954e+03 2.130346364433616270e-15
7.126342869758613233e+03 2.078161042813344268e-15
7.131860798358924512e+03 2.106796298377081699e-15
7.137378726959235792e+03 2.052866345261583549e-15
7.142896655559547071e+03 2.041389831209241190e-15
7.148414584159858350e+03 2.022713951746217929e-15
7.153932512760169629e+03 1.929068679187482584e-15
7.159450441360480909e+03 1.848460647900078249e-15
7.164968369960792188e+03 1.740570074883636298e-15
7.170486298561103467e+03 1.808438371293096215e-15
7.176004227161414747e+03 1.804008178033507650e-15
7.181522155761726026e+03 1.652797105991851860e-15
7.187040084362037305e+03 1.719603347973313157e-15
7.192558012962348585e+03 1.794049959169980318e-15
7.198075941562659864e+03 1.858087221873213222e-15
7.203593870162971143e+03 1.889474001720947380e-15
7.209111798763282422e+03 1.915093979358575026e-15
7.214629727363593702e+03 2.065829137607243315e-15
7.220147655963904981e+03 2.170063709041931711e-15
7.225665584564216260e+03 2.145634721342175101e-15
7.231183513164527540e+03 2.086320529343172570e-15
7.236701441764838819e+03 2.095341578958420361e-15
7.242219370365150098e+03 2.118590763346440492e-15
7.247737298965461378e+03 2.190668027839984572e-15
7.253255227565772657e+03 2.218071018672860628e-15
7.258773156166083936e+03 2.222683187480041303e-15
7.264291084766395215e+03 2.192593959827777538e-15
7.269809013366706495e+03 2.223997519614717870e-15
7.275326941967017774e+03 2.242508878524380488e-15
7.280844870567329053e+03 2.296886682431091365e-15
7.286362799167640333e+03 2.210314057811105320e-15
7.291880727767951612e+03 2.298830551595276158e-15
7.297398656368262891e+03 2.158341860706030849e-15
7.302916584968574170e+03 2.286618324001555688e-15
7.308434513568885450e+03 2.352342742086413815e-15
7.313952442169196729e+03 2.319152986701962356e-15
7.319470370769508008e+03 2.279900562133363215e-15
7.324988299369819288e+03 2.338247400280805054e-15
7.330506227970130567e+03 2.395987749706036229e-15
7.336024156570441846e+03 2.383563072652142733e-15
7.341542085170753126e+03 2.377256997913082326e-15
7.347060013771064405e+03 2.412033518353222910e-15
7.352577942371375684e+03 2.474877765953505744e-15
7.358095870971686963e+03 2.452682246023881343e-15
7.363613799571998243e+03 2.515643760325740492e-15
7.369131728172309522e+03 2.578244023752516592e-15
7.374649656772620801e+03 2.509847062821647075e-15
7.380167585372932081e+03 2.411170894467047868e-15
7.385685513973243360e+03 2.482948820274990267e-15
7.391203442573554639e+03 2.418321173733730340e-15
7.396721371173865919e+03 2.515018273626384813e-15
7.402239299774177198e+03 2.388021039604209462e-15
7.407757228374488477e+03 2.299733100164389770e-15
7.413275156974799756e+03 2.393332758290686800e-15
7.418793085575111036e+03 2.610898364065302560e-15
7.424311014175422315e+03 2.544856959427750296e-15
7.429828942775733594e+03 2.475896809732735545e-15
7.435346871376044874e+03 2.451400702276158576e-15
7.440864799976356153e+03 2.356097591011191299e-15
7.446382728576667432e+03 2.494487632262544254e-15
7.451900657176978712e+03 2.656802780855323219e-15
7.457418585777289991e+03 2.552718071636300399e-15
7.462936514377601270e+03 2.505729516475303883e-15
7.468454442977912549e+03 2.516991555902396547e-15
7.473972371578223829e+03 2.567097708044083540e-15
7.479490300178535108e+03 2.538854948759467439e-15
7.485008228778846387e+03 2.621652087058182999e-15
7.490526157379157667e+03 2.749685723417387546e-15
7.496044085979468946e+03 2.616527744359501695e-15
7.501562014579780225e+03 2.494363229264985536e-15
7.507079943180091504e+03 2.425993270535134451e-15
7.512597871780402784e+03 2.514101741774601033e-15
7.518115800380714063e+03 2.464206206800872963e-15
7.523633728981025342e+03 2.504928129723585310e-15
7.529151657581336622e+03 2.335604656292346130e-15
7.534669586181647901e+03 2.322597213878570347e-15
7.540187514781959180e+03 2.150472358527877856e-15
7.545705443382270460e+03 2.140522143888224336e-15
7.551223371982581739e+03 2.138348080960337649e-15
7.556741300582893018e+03 2.036541778888859271e-15
7.562259229183204297e+03 1.951690158838205435e-15
7.567777157783515577e+03 1.862622530843917302e-15
7.573295086383826856e+03 1.621619400329162488e-15
7.578813014984138135e+03 1.594672168074940899e-15
7.584330943584449415e+03 1.549326118227454180e-15
7.589848872184760694e+03 1.335864943444399303e-15
7.595366800785071973e+03 9.894704864905219096e-16
7.600884729385383253e+03 6.645077729231158323e-16
7.606402657985694532e+03 4.488062833832422637e-16
7.611920586586005811e+03 4.888761995877390841e-16
7.617438515186317090e+03 6.692885126138103893e-16
7.622956443786628370e+03 8.590206353221363675e-16
7.628474372386939649e+03 8.999364919100350152e-16
7.633992300987250928e+03 7.461592174761714927e-16
7.639510229587562208e+03 7.133688342884573304e-16
7.645028158187873487e+03 8.284102266156027574e-16
7.650546086788184766e+03 1.011502643103972110e-15
7.656064015388496045e+03 1.247279208301896014e-15
7.661581943988807325e+03 1.382626294371093090e-15
7.667099872589118604e+03 1.412510980350626162e-15
7.672617801189429883e+03 1.411098861673682008e-15
7.678135729789741163e+03 1.591836454785618465e-15
7.683653658390052442e+03 1.643370541179132897e-15
7.689171586990363721e+03 1.677356475747963347e-15
7.694689515590675001e+03 1.870981158606271389e-15
7.700207444190986280e+03 1.892697871649940999e-15
7.705725372791297559e+03 1.837929596629185856e-15
7.711243301391608838e+03 1.775204448022689100e-15
7.716761229991920118e+03 1.819369730194118423e-15
7.722279158592231397e+03 1.892829025197756199e-15
7.727797087192542676e+03 2.039413077221669736e-15
7.733315015792853956e+03 2.112393951085080615e-15
7.738832944393165235e+03 2.061211857669155327e-15
7.744350872993476514e+03 2.072047744502283424e-15
7.749868801593788703e+03 2.052911766821155748e-15
7.755386730194099982e+03 2.244677541012061674e-15
7.760904658794411262e+03 2.354054488758254879e-15
7.766422587394722541e+03 2.308614413389356905e-15
7.771940515995033820e+03 2.345799337287668717e-15
7.777458444595345100e+03 2.298721481990439378e-15
7.782976373195656379e+03 2.461669157142125931e-15
7.788494301795967658e+03 2.772006707145326219e-15
7.794012230396278937e+03 2.909695944843762813e-15
7.799530158996590217e+03 2.910737458311698927e-15
7.805048087596901496e+03 2.863155626219708100e-15
7.810566016197212775e+03 2.838061805756253618e-15
7.816083944797524055e+03 2.735631077786173537e-15
7.821601873397835334e+03 2.853529245119437665e-15
7.827119801998146613e+03 3.113736437436464193e-15
7.832637730598457892e+03 3.085145928377276034e-15
7.838155659198769172e+03 3.150966590021486032e-15
7.843673587799080451e+03 2.879328208775259639e-15
7.849191516399391730e+03 2.790988482971340343e-15
7.854709444999703010e+03 2.850536919064195737e-15
7.860227373600014289e+03 3.118524216986709969e-15
7.865745302200325568e+03 3.207734860209976702e-15
7.871263230800636848e+03 3.068975660296098564e-15
7.876781159400948127e+03 3.105657861073267007e-15
7.882299088001259406e+03 3.001859760930790664e-15
7.887817016601570685e+03 3.009179286136014382e-15
7.893334945201881965e+03 3.206525161604254502e-15
7.898852873802193244e+03 3.357065036077684621e-15
7.904370802402504523e+03 3.438619398074427569e-15
7.909888731002815803e+03 3.344008314647045080e-15
7.915406659603127082e+03 3.209068383194664794e-15
7.920924588203438361e+03 3.215761264463344025e-15
7.926442516803749641e+03 3.254049131836916509e-15
7.931960445404060920e+03 3.398201635658926817e-15
7.937478374004372199e+03 3.535542834273495532e-15
7.942996302604683478e+03 3.485778259974718518e-15
7.948514231204994758e+03 3.244202586361895845e-15
7.954032159805306037e+03 3.160528840894332314e-15
7.959550088405617316e+03 3.189293321277239165e-15
7.965068017005928596e+03 3.230688756242549673e-15
7.970585945606239875e+03 3.273629874343426661e-15
7.976103874206551154e+03 3.199213062004312164e-15
7.981621802806862433e+03 2.972268241705195815e-15
7.987139731407173713e+03 2.671503261273090085e-15
7.992657660007484992e+03 2.740554157650820317e-15
7.998175588607796271e+03 2.683746059215822754e-15
8.003693517208107551e+03 2.815554603277705748e-15
8.009211445808418830e+03 2.924435578453010883e-15
8.014729374408730109e+03 2.711374518427221678e-15
8.020247303009041389e+03 2.563403806944467492e-15
8.025765231609352668e+03 2.381465194505708532e-15
8.031283160209663947e+03 2.358636762271446677e-15
8.036801088809975226e+03 2.430127982566412894e-15
8.042319017410286506e+03 2.421696448861302293e-15
8.047836946010597785e+03 2.452649071891199255e-15
8.053354874610909064e+03 2.371946243590926103e-15
8.058872803211220344e+03 2.236580255981014111e-15
8.064390731811531623e+03 2.147013569450004503e-15
8.069908660411842902e+03 2.188826863476109549e-15
8.075426589012154182e+03 2.281068021581774355e-15
8.080944517612465461e+03 2.296487628474579670e-15
8.086462446212776740e+03 2.230982989018742694e-15
8.091980374813088019e+03 2.042807157453524926e-15
8.097498303413399299e+03 1.881884454505518821e-15
8.103016232013710578e+03 1.901060067560286879e-15
8.108534160614021857e+03 2.108912499445636804e-15
8.114052089214333137e+03 2.033542123664770007e-15
8.119570017814644416e+03 1.942994678618119604e-15
8.125087946414956605e+03 1.828928798664702383e-15
8.130605875015267884e+03 1.711741271400440756e-15
8.136123803615579163e+03 1.579752776956041924e-15
8.141641732215890443e+03 1.601551653839959784e-15
8.147159660816201722e+03 1.606333068585681114e-15
8.152677589416513001e+03 1.512328956062667676e-15
8.158195518016824280e+03 1.348319901538008191e-15
8.163713446617135560e+03 1.274980091273888725e-15
8.169231375217446839e+03 1.135046488488479412e-15
8.174749303817758118e+03 1.165806335090375035e-15
8.180267232418069398e+03 1.111401528982643162e-15
8.185785161018380677e+03 1.116794061399318361e-15
8.191303089618691956e+03 1.149727778056235541e-15
8.196821018219003236e+03 1.064430718125174330e-15
8.202338946819314515e+03 1.047560128673241845e-15
8.207856875419625794e+03 9.497147601821865731e-16
8.213374804019937073e+03 9.494183145895533645e-16
8.218892732620248353e+03 1.018464003399943226e-15
8.224410661220559632e+03 1.030359630186696861e-15
8.229928589820870911e+03 8.354958741854143616e-16
8.235446518421182191e+03 8.353979044139255614e-16
8.240964447021493470e+03 7.966313073035466662e-16
8.246482375621804749e+03 7.829945303767693377e-16
8.252000304222116029e+03 8.198816199978238551e-16
8.257518232822427308e+03 7.298322691235723338e-16
8.263036161422738587e+03 7.300591358303614303e-16
8.268554090023049866e+03 6.027943389270012445e-16
8.274072018623361146e+03 6.302568599694847729e-16
8.279589947223672425e+03 5.316868391958254750e-16
8.285107875823983704e+03 5.410777225286236446e-16
8.290625804424294984e+03 4.669416366436927216e-16
8.296143733024606263e+03 4.848945611053192059e-16
8.301661661624917542e+03 4.611477357961331405e-16
8.307179590225228822e+03 4.640557764096175854e-16
8.312697518825540101e+03 4.562913417243645648e-16
8.318215447425851380e+03 4.438024862248311752e-16
8.323733376026162659e+03 4.789020687128961975e-16
8.329251304626473939e+03 5.026834182648159235e-16
8.334769233226785218e+03 5.365410634478688798e-16
8.340287161827096497e+03 5.136906437070634383e-16
8.345805090427407777e+03 4.562356496847596339e-16
8.351323019027719056e+03 5.466074550574133816e-16
8.356840947628030335e+03 5.717253846289219661e-16
8.362358876228341614e+03 5.246642417653968050e-16
8.367876804828652894e+03 5.760254176359479013e-16
8.373394733428964173e+03 7.186468002236592606e-16
8.378912662029275452e+03 7.938105802357907900e-16
8.384430590629586732e+03 7.066771102569631617e-16
8.389948519229898011e+03 6.485004534814542979e-16
8.395466447830209290e+03 6.680430360917359150e-16
8.400984376430520570e+03 7.460110236107844706e-16
8.406502305030831849e+03 8.262403200979451012e-16
8.412020233631143128e+03 8.571895003472117265e-16
8.417538162231454407e+03 7.980875649355165001e-16
8.423056090831765687e+03 8.112612155402182299e-16
8.428574019432076966e+03 7.945059737048598030e-16
8.434091948032388245e+03 8.576130491575057134e-16
8.439609876632699525e+03 8.269178438961246777e-16
8.445127805233010804e+03 9.158448386413125435e-16
8.450645733833322083e+03 1.003052304294579849e-15
8.456163662433633363e+03 9.932262033431890286e-16
8.461681591033944642e+03 9.474951792582940381e-16
8.467199519634255921e+03 9.113119405814138148e-16
8.472717448234567200e+03 9.633384313978259044e-16
8.478235376834878480e+03 1.057134723409412874e-15
8.483753305435189759e+03 1.217350740182137546e-15
8.489271234035501038e+03 1.250380796834838866e-15
8.494789162635812318e+03 1.265663753303192788e-15
8.500307091236123597e+03 1.362936675132611879e-15
8.505825019836434876e+03 1.409167722118548868e-15
8.511342948436746155e+03 1.561238910699142672e-15
8.516860877037057435e+03 1.617428948040063373e-15
8.522378805637368714e+03 1.856809053400616527e-15
8.527896734237679993e+03 1.819884411432856869e-15
8.533414662837991273e+03 1.948791858304374960e-15
8.538932591438302552e+03 2.000969947192230514e-15
8.544450520038613831e+03 2.050304897185483240e-15
8.549968448638925111e+03 2.287723099769026912e-15
8.555486377239236390e+03 2.578242384333168212e-15
8.561004305839547669e+03 2.777389499482347152e-15
8.566522234439858948e+03 2.757422721937675541e-15
8.572040163040170228e+03 2.571472064609417193e-15
8.577558091640481507e+03 2.446893552743661738e-15
8.583076020240792786e+03 2.482607435304943642e-15
8.588593948841104066e+03 2.650640010654535656e-15
8.594111877441415345e+03 2.911024742443271881e-15
8.599629806041728443e+03 2.980499284067729256e-15
8.605147734642039723e+03 3.090676268455589265e-15
8.610665663242351002e+03 2.896138911202785649e-15
8.616183591842662281e+03 2.696265533282585857e-15
8.621701520442973560e+03 2.813119294054946582e-15
8.627219449043284840e+03 2.994488642234333064e-15
8.632737377643596119e+03 3.290293800521117345e-15
8.638255306243907398e+03 3.525488950469208761e-15
8.643773234844218678e+03 3.467953817771734164e-15
8.649291163444529957e+03 3.232972274521001034e-15
8.654809092044841236e+03 3.160900314031230383e-15
8.660327020645152515e+03 3.294928728326301339e-15
8.665844949245463795e+03 3.366591316161315175e-15
8.671362877845775074e+03 3.804409921767120057e-15
8.676880806446086353e+03 4.055196721203089305e-15
8.682398735046397633e+03 3.813410430422305342e-15
8.687916663646708912e+03 3.717756194107641119e-15
8.693434592247020191e+03 3.578084512672129775e-15
8.698952520847331471e+03 3.587967993300689648e-15
8.704470449447642750e+03 3.871667582687786070e-15
8.709988378047954029e+03 4.239098200783183596e-15
8.715506306648265308e+03 4.342093467627457129e-15
8.721024235248576588e+03 4.360714667633413104e-15
8.726542163848887867e+03 3.960879576021102996e-15
8.732060092449199146e+03 3.646666535116422837e-15
8.737578021049510426e+03 3.773126521774721356e-15
8.743095949649821705e+03 4.090814553077887426e-15
8.748613878250132984e+03 4.188468591687425005e-15
8.754131806850444264e+03 4.184512769237908423e-15
8.759649735450755543e+03 3.920422563977687783e-15
8.765167664051066822e+03 3.542335623685951682e-15
8.770685592651378101e+03 3.290413863879226905e-15
8.776203521251689381e+03 3.388579497761673863e-15
8.781721449852000660e+03 3.430720289911584282e-15
8.787239378452311939e+03 3.601827451593097559e-15
8.792757307052623219e+03 3.717812127238324159e-15
8.798275235652934498e+03 3.484265654535404815e-15
8.803793164253245777e+03 3.361645091552936000e-15
8.809311092853557057e+03 3.207687317048894580e-15
8.814829021453868336e+03 3.220316632211949856e-15
8.820346950054179615e+03 3.408793345445682852e-15
8.825864878654490894e+03 3.467828836155581830e-15
8.831382807254802174e+03 3.365322502022642879e-15
8.836900735855113453e+03 3.222732943457564008e-15
8.842418664455424732e+03 2.939878522962412738e-15
8.847936593055736012e+03 2.581722292989696503e-15
8.853454521656047291e+03 2.860107270597348693e-15
8.858972450256358570e+03 2.915666035052982885e-15
8.864490378856669849e+03 2.824739401954858395e-15
8.870008307456981129e+03 2.575816718753630844e-15
8.875526236057292408e+03 2.116993776028938319e-15
8.881044164657603687e+03 2.123198399641307471e-15
8.886562093257914967e+03 2.219018217310089863e-15
8.892080021858226246e+03 2.252430355107232362e-15
8.897597950458537525e+03 2.053405039171944223e-15
8.903115879058848805e+03 2.150212751652350601e-15
8.908633807659160084e+03 2.047416336731306635e-15
8.914151736259471363e+03 1.814887750570430255e-15
8.919669664859782642e+03 2.033037761124277075e-15
8.925187593460093922e+03 2.052645988013968387e-15
8.930705522060405201e+03 2.132276057442266356e-15
8.936223450660716480e+03 2.236810931926876365e-15
8.941741379261027760e+03 2.214087711840162492e-15
8.947259307861339039e+03 1.948107738254231913e-15
8.952777236461650318e+03 2.048895575165073711e-15
8.958295165061961598e+03 2.051110334267354755e-15
8.963813093662272877e+03 2.131543719176015104e-15
8.969331022262584156e+03 2.348149975322942013e-15
8.974848950862895435e+03 2.190921269910985606e-15
8.980366879463206715e+03 1.839634592750770834e-15
8.985884808063517994e+03 1.836624329519136684e-15
8.991402736663829273e+03 1.862695051040942767e-15
8.996920665264140553e+03 1.861784208938659915e-15
9.002438593864451832e+03 1.977469353025421873e-15
9.007956522464763111e+03 1.970248192981061133e-15
9.013474451065074390e+03 1.709638860741691280e-15
9.018992379665385670e+03 1.750897259536822304e-15
9.024510308265696949e+03 1.670255475498143055e-15
9.030028236866008228e+03 1.636655672403907714e-15
9.035546165466319508e+03 1.732171233129047425e-15
9.041064094066630787e+03 1.777765703225923687e-15
9.046582022666942066e+03 1.533374471538110827e-15
9.052099951267253346e+03 1.631472310608708978e-15
9.057617879867564625e+03 1.484234516010800251e-15
9.063135808467875904e+03 1.587145979595478536e-15
9.068653737068187183e+03 1.568473475407583318e-15
9.074171665668498463e+03 1.422008522377455464e-15
9.079689594268809742e+03 1.305463743933916444e-15
9.085207522869121021e+03 1.217831861542464827e-15
9.090725451469432301e+03 1.259009350170966708e-15
9.096243380069743580e+03 1.440338387921686332e-15
9.101761308670054859e+03 1.463014739902341403e-15
9.107279237270366139e+03 1.380258876396613817e-15
9.112797165870677418e+03 1.346971430906326843e-15
9.118315094470988697e+03 1.329612294488786486e-15
9.123833023071299976e+03 1.302788983049963452e-15
9.129350951671611256e+03 1.426261369038197885e-15
9.134868880271922535e+03 1.513285219724525488e-15
9.140386808872233814e+03 1.361931036017460012e-15
9.145904737472545094e+03 1.280247931383707412e-15
9.151422666072856373e+03 1.342317119378268560e-15
9.156940594673167652e+03 1.455485658329912540e-15
9.162458523273478932e+03 1.625097669566342793e-15
9.167976451873790211e+03 1.493131162628489915e-15
9.173494380474101490e+03 1.287985219213291426e-15
9.179012309074412769e+03 1.365349900412394992e-15
9.184530237674724049e+03 1.447770743752601979e-15
9.190048166275035328e+03 1.619456813336709730e-15
9.195566094875346607e+03 1.645880974382590376e-15
9.201084023475657887e+03 1.346065314189221438e-15
9.206601952075969166e+03 1.433641359886420312e-15
9.212119880676280445e+03 1.613886837884757301e-15
9.217637809276591724e+03 1.783194881486841484e-15
9.223155737876903004e+03 1.832067900969778060e-15
9.228673666477214283e+03 2.021452273903531192e-15
9.234191595077525562e+03 1.794856553489038275e-15
9.239709523677836842e+03 1.923109968477264368e-15
9.245227452278148121e+03 2.014856696994956624e-15
