3.650047851562500000e+03 5.433415752730914003e-16
3.655565780162811279e+03 1.086401430029987563e-15
3.661083708763122559e+03 8.327871499834695082e-16
3.666601637363433838e+03 8.774828203228278132e-16
3.672119565963745117e+03 9.169345940858836152e-16
3.677637494564056396e+03 7.607691903738575346e-16
3.683155423164367676e+03 1.044557295325404976e-15
3.688673351764678955e+03 1.017281383604547640e-15
3.694191280364990234e+03 1.029205402619544429e-15
3.699709208965301514e+03 1.025015902400341809e-15
3.705227137565612793e+03 1.211664474815007023e-15
3.710745066165924072e+03 1.141905619220129004e-15
3.716262994766235352e+03 8.574737162790881903e-16
3.721780923366546631e+03 8.753989717089015630e-16
3.727298851966857910e+03 7.851739807219463410e-16
3.732816780567169189e+03 6.297164351443371461e-16
3.738334709167480469e+03 6.826557795588414741e-16
3.743852637767791748e+03 6.865290440179154155e-16
3.749370566368103027e+03 4.329616773570224441e-16
3.754888494968414307e+03 5.037659309557906201e-16
3.760406423568725586e+03 5.282254135533672922e-16
3.765924352169036865e+03 5.744996574206754306e-16
3.771442280769348145e+03 3.975512358575473651e-16
3.776960209369659879e+03 4.508665340559457991e-16
3.782478137969971158e+03 4.071389534867424098e-16
3.787996066570282437e+03 4.822790460263155257e-16
3.793513995170593716e+03 3.186183836328928429e-16
3.799031923770904996e+03 5.427473883274747303e-16
3.804549852371216275e+03 4.300042678744204107e-16
3.810067780971527554e+03 7.070467490276680093e-16
3.815585709571838834e+03 5.486220195755718885e-16
3.821103638172150113e+03 3.966747186510617388e-16
3.826621566772461392e+03 8.242996704245429139e-16
3.832139495372772672e+03 7.966150450014330842e-16
3.837657423973083951e+03 8.064633268543696959e-16
3.843175352573395230e+03 9.400568511834861179e-16
3.848693281173706509e+03 1.069741043732245022e-15
3.854211209774017789e+03 1.075739268377917520e-15
3.859729138374329068e+03 1.184515223692203356e-15
3.865247066974640347e+03 1.426657619637563210e-15
3.870764995574951627e+03 1.483452712209616534e-15
3.876282924175262906e+03 1.545785339610964833e-15
3.881800852775574185e+03 1.448909475452524937e-15
3.887318781375885465e+03 1.734675555170172906e-15
3.892836709976196744e+03 1.939913210192808862e-15
3.898354638576508023e+03 2.245266136529351427e-15
3.903872567176819302e+03 2.108117560552200733e-15
3.909390495777130582e+03 2.264200741118882301e-15
3.914908424377441861e+03 2.526680671761578610e-15
3.920426352977753140e+03 2.331364301658678362e-15
3.925944281578064420e+03 2.575781747365835959e-15
3.931462210178375699e+03 2.683706554547469357e-15
3.936980138778686978e+03 2.601168374454897034e-15
3.942498067378998257e+03 2.891919763576017227e-15
3.948015995979309537e+03 2.782953032087420457e-15
3.953533924579620816e+03 3.008643740707323090e-15
3.959051853179932095e+03 2.889426092633158942e-15
3.964569781780243375e+03 3.112514300124567230e-15
3.970087710380554654e+03 3.382981701216937547e-15
3.975605638980865933e+03 3.589392468036861344e-15
3.981123567581177213e+03 3.482786002747440687e-15
3.986641496181488492e+03 3.604638302123783602e-15
3.992159424781800226e+03 3.710292641867225189e-15
3.997677353382111505e+03 3.837451752383892441e-15
4.003195281982422784e+03 4.103627105289271856e-15
4.008713210582734064e+03 3.737166676417014031e-15
4.014231139183045343e+03 4.032216765485198824e-15
4.019749067783356622e+03 3.909094534248286313e-15
4.025266996383667902e+03 3.933085585119846297e-15
4.030784924983979181e+03 3.686955680736160510e-15
4.036302853584290460e+03 3.221482879324295978e-15
4.041820782184601740e+03 3.251348358195727364e-15
4.047338710784913019e+03 3.047192907582717972e-15
4.052856639385224298e+03 3.040589927083757528e-15
4.058374567985535577e+03 2.705389444673757963e-15
4.063892496585846857e+03 2.673150396083005431e-15
4.069410425186158136e+03 2.536433630197248966e-15
4.074928353786469415e+03 2.365868274554229138e-15
4.080446282386780695e+03 2.559608731833207456e-15
4.085964210987091974e+03 2.172335500006413178e-15
4.091482139587403253e+03 2.347262377774962764e-15
4.097000068187714533e+03 2.114269884306227165e-15
4.102517996788025812e+03 2.222575689523143744e-15
4.108035925388337091e+03 2.162422529786767821e-15
4.113553853988648370e+03 1.948079169537770153e-15
4.119071782588959650e+03 2.007538698515440409e-15
4.124589711189270929e+03 1.833535861083673378e-15
4.130107639789582208e+03 1.791895843027770574e-15
4.135625568389893488e+03 1.911643968967741696e-15
4.141143496990204767e+03 1.628858672278507429e-15
4.146661425590516046e+03 1.767846034942234522e-15
4.152179354190827326e+03 1.646251491268713561e-15
4.157697282791138605e+03 1.678908307346262260e-15
4.163215211391449884e+03 1.645613846157287573e-15
4.168733139991761163e+03 1.611151945644197822e-15
4.174251068592072443e+03 1.699281170280429265e-15
4.179768997192383722e+03 1.593138055511414427e-15
4.185286925792695001e+03 1.449758868259602371e-15
4.190804854393006281e+03 1.598451573843145622e-15
4.196322782993317560e+03 1.511303853359882468e-15
4.201840711593628839e+03 1.562273075780594906e-15
4.207358640193940118e+03 1.505698137989840746e-15
4.212876568794251398e+03 1.282242420754408652e-15
4.218394497394562677e+03 1.451281677865608711e-15
4.223912425994873956e+03 1.629815176899868747e-15
4.229430354595185236e+03 1.600751050346099742e-15
4.234948283195496515e+03 1.723744496117159038e-15
4.240466211795807794e+03 1.675761470518475251e-15
4.245984140396119074e+03 1.753777192845977615e-15
4.251502068996430353e+03 1.796057073266663518e-15
4.257019997596741632e+03 1.666436626751935759e-15
4.262537926197052911e+03 1.668046167918447379e-15
4.268055854797364191e+03 1.663182068365191838e-15
4.273573783397675470e+03 1.771845036143796144e-15
4.279091711997986749e+03 1.639229449885165040e-15
4.284609640598298029e+03 1.762038309314203221e-15
4.290127569198609308e+03 1.590238867406560794e-15
4.295645497798920587e+03 1.727756985609979443e-15
4.301163426399231867e+03 1.643500064623033519e-15
4.306681354999543146e+03 1.783875113777732011e-15
4.312199283599854425e+03 1.607687856815159566e-15
4.317717212200165704e+03 1.582721029695139202e-15
4.323235140800476984e+03 1.590695861800675743e-15
4.328753069400789173e+03 1.814934398811122803e-15
4.334270998001100452e+03 1.611049915035525201e-15
4.339788926601411731e+03 1.577910384424913661e-15
4.345306855201723010e+03 1.694962330282032377e-15
4.350824783802034290e+03 1.676323544244629144e-15
4.356342712402345569e+03 1.587444943404859660e-15
4.361860641002656848e+03 1.688215967399279802e-15
4.367378569602968128e+03 1.543122159648917378e-15
4.372896498203279407e+03 1.587913449039322597e-15
4.378414426803590686e+03 1.461969836813296581e-15
4.383932355403901965e+03 1.458290120095230751e-15
4.389450284004213245e+03 1.744893397726489282e-15
4.394968212604524524e+03 1.560862939599377924e-15
4.400486141204835803e+03 1.419513740182014057e-15
4.406004069805147083e+03 1.430329169472428625e-15
4.411521998405458362e+03 1.466656186555716683e-15
4.417039927005769641e+03 1.410944370065746240e-15
4.422557855606080921e+03 1.471183522278174021e-15
4.428075784206392200e+03 1.409303898214896254e-15
4.433593712806703479e+03 1.393889885460799960e-15
4.439111641407014758e+03 1.324882789616819725e-15
4.444629570007326038e+03 1.397704411183008361e-15
4.450147498607637317e+03 1.563894885749018070e-15
4.455665427207948596e+03 1.579824982699209064e-15
4.461183355808259876e+03 1.560004899504205469e-15
4.466701284408571155e+03 1.772216426081195485e-15
4.472219213008882434e+03 1.821045703378034002e-15
4.477737141609193714e+03 1.814042508648025066e-15
4.483255070209504993e+03 2.060007781969906895e-15
4.488772998809816272e+03 2.123009373186357377e-15
4.494290927410127551e+03 2.122972973277070313e-15
4.499808856010438831e+03 2.278158166233919919e-15
4.505326784610750110e+03 2.371962025865392267e-15
4.510844713211061389e+03 2.417035091203326475e-15
4.516362641811372669e+03 2.524052117906132491e-15
4.521880570411683948e+03 2.528135929048622349e-15
4.527398499011995227e+03 2.569797380553648759e-15
4.532916427612306506e+03 2.657974220705735582e-15
4.538434356212617786e+03 2.717382198542840186e-15
4.543952284812929065e+03 2.921183627703084753e-15
4.549470213413240344e+03 2.922009739349906406e-15
4.554988142013551624e+03 3.352403005848807683e-15
4.560506070613862903e+03 3.254615850560390594e-15
4.566023999214174182e+03 3.439877346228758423e-15
4.571541927814485462e+03 3.552295971652926774e-15
4.577059856414796741e+03 3.794707172613674662e-15
4.582577785015108020e+03 3.748860840167273012e-15
4.588095713615419299e+03 4.121019055855245355e-15
4.593613642215730579e+03 4.577733891275667391e-15
4.599131570816041858e+03 4.610275040636393567e-15
4.604649499416353137e+03 4.623946809610525477e-15
4.610167428016664417e+03 4.814658498803011155e-15
4.615685356616975696e+03 4.897288879681037259e-15
4.621203285217286975e+03 4.852190315929489173e-15
4.626721213817598255e+03 4.836310162611178369e-15
4.632239142417909534e+03 4.937938155028314056e-15
4.637757071018220813e+03 4.761634732466914744e-15
4.643274999618532092e+03 4.681305491031859607e-15
4.648792928218843372e+03 4.729869991323577335e-15
4.654310856819154651e+03 4.644436263117079810e-15
4.659828785419465930e+03 4.692250777460586074e-15
4.665346714019777210e+03 4.797525782108762116e-15
4.670864642620088489e+03 4.931231148392660459e-15
4.676382571220399768e+03 4.791155982754577908e-15
4.681900499820711048e+03 4.475254288798097356e-15
4.687418428421022327e+03 4.678147752708398622e-15
4.692936357021333606e+03 4.672558611307203850e-15
4.698454285621644885e+03 4.428983906647051367e-15
4.703972214221956165e+03 4.168983234800388570e-15
4.709490142822267444e+03 3.949332509097727880e-15
4.715008071422578723e+03 3.691079217667974282e-15
4.720526000022890003e+03 3.588676849515693386e-15
4.726043928623201282e+03 3.320979906493656252e-15
4.731561857223512561e+03 3.179011760801515850e-15
4.737079785823823840e+03 3.052337304914597827e-15
4.742597714424135120e+03 2.987251865084221389e-15
4.748115643024446399e+03 2.904409182197203575e-15
4.753633571624757678e+03 2.944689839173779195e-15
4.759151500225068958e+03 2.727204446145935845e-15
4.764669428825380237e+03 2.564577411836497007e-15
4.770187357425691516e+03 2.677293333981698068e-15
4.775705286026002796e+03 2.621000412340921185e-15
4.781223214626314075e+03 2.427203784643548650e-15
4.786741143226625354e+03 2.280812957587430972e-15
4.792259071826936633e+03 2.259720226396493565e-15
4.797777000427247913e+03 2.408940453508034440e-15
4.803294929027559192e+03 2.214399567766959533e-15
4.808812857627870471e+03 2.124819760552845680e-15
4.814330786228181751e+03 2.103267688374657003e-15
4.819848714828493030e+03 2.099853118203938277e-15
4.825366643428804309e+03 2.036497135992497047e-15
4.830884572029115589e+03 2.313864259991521043e-15
4.836402500629426868e+03 2.270992927237692029e-15
4.841920429229738147e+03 2.387741478927045190e-15
4.847438357830049426e+03 2.561570261970239554e-15
4.852956286430360706e+03 2.789444226062935492e-15
4.858474215030671985e+03 2.832352882581617361e-15
4.863992143630983264e+03 2.865077694428798466e-15
4.869510072231294544e+03 2.906402492965695751e-15
4.875028000831605823e+03 2.653635055884894039e-15
4.880545929431917102e+03 2.602833716497574977e-15
4.886063858032228381e+03 2.627767839130570852e-15
4.891581786632540570e+03 2.527701162619417982e-15
4.897099715232851850e+03 2.554829072678655214e-15
4.902617643833163129e+03 2.379361185090847447e-15
4.908135572433474408e+03 2.439914743829384231e-15
4.913653501033785687e+03 2.546276387393902834e-15
4.919171429634096967e+03 2.725725538156410995e-15
4.924689358234408246e+03 2.825604487216619847e-15
4.930207286834719525e+03 3.149286338433838760e-15
4.935725215435030805e+03 3.436231812166622546e-15
4.941243144035342084e+03 3.696980622250364040e-15
4.946761072635653363e+03 3.938342138517397878e-15
4.952279001235964643e+03 4.050981011108421381e-15
4.957796929836275922e+03 4.210008149820667745e-15
4.963314858436587201e+03 4.180000397192124558e-15
4.968832787036898480e+03 4.116341020812915603e-15
4.974350715637209760e+03 4.036890920334153434e-15
4.979868644237521039e+03 4.058168053095998798e-15
4.985386572837832318e+03 3.975901116997507411e-15
4.990904501438143598e+03 4.040476403784521925e-15
4.996422430038454877e+03 3.926489071609844029e-15
5.001940358638766156e+03 3.868579217958030770e-15
5.007458287239077436e+03 3.520976898434469285e-15
5.012976215839388715e+03 3.516428572713559329e-15
5.018494144439699994e+03 3.344676247439766164e-15
5.024012073040011273e+03 3.218871693953484375e-15
5.029530001640322553e+03 3.090911785432493428e-15
5.035047930240633832e+03 2.800841647405499265e-15
5.040565858840945111e+03 2.819947719588018591e-15
5.046083787441256391e+03 2.693429395291699638e-15
5.051601716041567670e+03 2.721543059239507208e-15
5.057119644641878949e+03 2.572751501110436476e-15
5.062637573242190228e+03 2.582459560165616456e-15
5.068155501842501508e+03 2.674176614845351922e-15
5.073673430442812787e+03 2.618987331063324617e-15
5.079191359043124066e+03 3.024802713635353533e-15
5.084709287643435346e+03 3.184200872742773711e-15
5.090227216243746625e+03 3.298260080880460338e-15
5.095745144844057904e+03 3.199858561640871464e-15
5.101263073444369184e+03 2.792503666154209259e-15
5.106781002044680463e+03 3.065937013154607453e-15
5.112298930644991742e+03 2.968442350538282930e-15
5.117816859245303021e+03 3.007153007366557290e-15
5.123334787845614301e+03 3.165852731666330475e-15
5.128852716445925580e+03 3.063429853920491370e-15
5.134370645046236859e+03 3.124531813322810303e-15
5.139888573646548139e+03 3.006111083059593919e-15
5.145406502246859418e+03 3.100723316311027481e-15
5.150924430847170697e+03 3.123574144643435693e-15
5.156442359447481977e+03 2.957825956690936092e-15
5.161960288047793256e+03 3.084265568493059456e-15
5.167478216648104535e+03 3.192473445020013556e-15
5.172996145248415814e+03 3.111789258276629775e-15
5.178514073848727094e+03 3.120968502406018446e-15
5.184032002449038373e+03 3.252693122357117013e-15
5.189549931049349652e+03 3.298429146448976548e-15
5.195067859649660932e+03 3.341267589944668111e-15
5.200585788249972211e+03 3.285444910786817657e-15
5.206103716850283490e+03 3.326086980060682462e-15
5.211621645450594769e+03 3.510592761876331708e-15
5.217139574050906049e+03 3.615953869863229673e-15
5.222657502651217328e+03 3.603516556695945691e-15
5.228175431251528607e+03 3.771296118266243351e-15
5.233693359851839887e+03 3.813234726440970975e-15
5.239211288452152075e+03 3.966557796119655438e-15
5.244729217052463355e+03 4.104427718522480026e-15
5.250247145652774634e+03 4.094754026894345129e-15
5.255765074253085913e+03 4.229902640342931918e-15
5.261283002853397193e+03 4.421744943976683952e-15
5.266800931453708472e+03 4.614391925808134428e-15
5.272318860054019751e+03 4.704666472407634081e-15
5.277836788654331031e+03 4.679952966483718097e-15
5.283354717254642310e+03 4.950585922493458164e-15
5.288872645854953589e+03 5.219774522711827679e-15
5.294390574455264868e+03 5.217061713228792009e-15
5.299908503055576148e+03 5.210031541916265112e-15
5.305426431655887427e+03 5.309410869886560488e-15
5.310944360256198706e+03 5.336735745952396500e-15
5.316462288856509986e+03 5.411904699739842532e-15
5.321980217456821265e+03 5.497606900373722434e-15
5.327498146057132544e+03 5.519091715866730944e-15
5.333016074657443824e+03 5.702833099587344348e-15
5.338534003257755103e+03 6.072564346704299492e-15
5.344051931858066382e+03 6.131578022985975487e-15
5.349569860458377661e+03 6.141133645872819169e-15
5.355087789058688941e+03 6.349959555912518427e-15
5.360605717659000220e+03 6.484249537998372429e-15
5.366123646259311499e+03 6.413604150602677081e-15
5.371641574859622779e+03 6.363371906243810746e-15
5.377159503459934058e+03 6.182611434891390650e-15
5.382677432060245337e+03 5.990940968392854568e-15
5.388195360660556616e+03 5.847602375354597876e-15
5.393713289260867896e+03 5.630284384955254677e-15
5.399231217861179175e+03 5.672084599566244458e-15
5.404749146461490454e+03 5.583847708802389854e-15
5.410267075061801734e+03 5.254230824660189522e-15
5.415785003662113013e+03 5.233204241527752938e-15
5.421302932262424292e+03 5.089017733851325064e-15
5.426820860862735572e+03 5.294231922942592870e-15
5.432338789463046851e+03 5.487254913989268885e-15
5.437856718063358130e+03 5.552359015702074708e-15
5.443374646663669409e+03 5.624592880357383599e-15
5.448892575263980689e+03 5.962297750434803843e-15
5.454410503864291968e+03 6.311099419253719090e-15
5.459928432464603247e+03 6.704645630371416020e-15
5.465446361064914527e+03 6.587310615168975616e-15
5.470964289665225806e+03 6.716309306888007426e-15
5.476482218265537085e+03 6.650308695734276485e-15
5.482000146865848365e+03 6.580238870355994010e-15
5.487518075466159644e+03 6.610126336989888083e-15
5.493036004066470923e+03 6.554059575191587418e-15
5.498553932666782202e+03 6.787354354201411002e-15
5.504071861267093482e+03 6.590073867165896806e-15
5.509589789867404761e+03 6.549978905158019280e-15
5.515107718467716040e+03 6.649580143235189810e-15
5.520625647068027320e+03 6.710354688225033590e-15
5.526143575668338599e+03 6.690060722556175531e-15
5.531661504268649878e+03 6.605824126391675051e-15
5.537179432868961158e+03 6.391825364268672710e-15
5.542697361469272437e+03 6.599589949034530916e-15
5.548215290069583716e+03 6.361135806232662046e-15
5.553733218669894995e+03 6.336537227941117924e-15
5.559251147270206275e+03 6.494808098487307808e-15
5.564769075870517554e+03 6.434300547755939560e-15
5.570287004470828833e+03 6.504379796460995082e-15
5.575804933071140113e+03 6.236741980195157964e-15
5.581322861671451392e+03 6.445239182424593117e-15
5.586840790271762671e+03 6.591175472542401642e-15
5.592358718872073950e+03 6.394654764324094329e-15
5.597876647472385230e+03 6.498490771543182594e-15
5.603394576072696509e+03 6.196721850488102858e-15
5.608912504673007788e+03 5.940085675840500372e-15
5.614430433273319068e+03 5.836496522828558510e-15
5.619948361873630347e+03 5.629722680771326706e-15
5.625466290473941626e+03 5.553083872778900583e-15
5.630984219074252906e+03 5.507699652886446790e-15
5.636502147674564185e+03 5.240150896297143312e-15
5.642020076274875464e+03 5.172040568573647405e-15
5.647538004875186743e+03 5.104880149142773457e-15
5.653055933475498023e+03 5.130307056334497922e-15
5.658573862075809302e+03 5.011001641981595792e-15
5.664091790676120581e+03 5.091845840508954969e-15
5.669609719276431861e+03 4.975994906887208242e-15
5.675127647876743140e+03 5.173385332735037053e-15
5.680645576477054419e+03 5.135792356370111910e-15
5.686163505077365699e+03 5.078082979376047438e-15
5.691681433677676978e+03 4.816394608182018090e-15
5.697199362277988257e+03 4.865537072515620145e-15
5.702717290878299536e+03 4.508336447978079347e-15
5.708235219478610816e+03 4.467727822275690283e-15
5.713753148078922095e+03 4.295777791910844523e-15
5.719271076679233374e+03 3.978219994467340000e-15
5.724789005279544654e+03 3.658633779743851501e-15
5.730306933879855933e+03 3.613181194539538591e-15
5.735824862480167212e+03 3.533992914728087860e-15
5.741342791080478491e+03 3.225468577005711382e-15
5.746860719680789771e+03 3.295148350564168284e-15
5.752378648281101050e+03 3.178301500642627906e-15
5.757896576881412329e+03 3.201937051892517404e-15
5.763414505481723609e+03 3.313575573677032244e-15
5.768932434082034888e+03 3.186194922595716943e-15
5.774450362682346167e+03 3.419033316956099001e-15
5.779968291282657447e+03 3.229144413530401676e-15
5.785486219882968726e+03 3.441095357406538415e-15
5.791004148483280005e+03 3.473162938404303285e-15
5.796522077083591284e+03 3.594140900873295349e-15
5.802040005683902564e+03 3.693081212678781744e-15
5.807557934284213843e+03 3.778005711697481954e-15
5.813075862884525122e+03 4.006929175712779178e-15
5.818593791484836402e+03 4.150209565850397700e-15
5.824111720085147681e+03 4.282795034417588137e-15
5.829629648685458960e+03 4.331799844271904194e-15
5.835147577285770240e+03 4.546266816395588221e-15
5.840665505886081519e+03 4.625609195315393675e-15
5.846183434486392798e+03 4.557578688712771124e-15
5.851701363086704077e+03 4.543532203921204600e-15
5.857219291687015357e+03 4.579300380772817853e-15
5.862737220287326636e+03 4.689949083704274449e-15
5.868255148887637915e+03 4.654759979521223684e-15
5.873773077487949195e+03 4.832308759385145295e-15
5.879291006088260474e+03 4.735241841895726305e-15
5.884808934688571753e+03 4.814370255866521231e-15
5.890326863288883942e+03 5.075346888732757762e-15
5.895844791889195221e+03 5.254451810911496124e-15
5.901362720489506501e+03 5.290565324973558520e-15
5.906880649089817780e+03 5.396725752795874124e-15
5.912398577690129059e+03 5.324531059616549279e-15
5.917916506290440338e+03 5.144188170979812586e-15
5.923434434890751618e+03 5.109310406122391410e-15
5.928952363491062897e+03 5.229076454860338496e-15
5.934470292091374176e+03 5.254370326850604737e-15
5.939988220691685456e+03 5.291415272093975627e-15
5.945506149291996735e+03 5.410554761987282872e-15
5.951024077892308014e+03 5.406310754289706432e-15
5.956542006492619294e+03 5.425645573110286193e-15
5.962059935092930573e+03 5.295648378295878486e-15
5.967577863693241852e+03 5.344522000659868691e-15
5.973095792293553131e+03 5.431163947175148817e-15
5.978613720893864411e+03 5.494183830731800792e-15
5.984131649494175690e+03 5.550962885171232564e-15
5.989649578094486969e+03 5.308837155580277620e-15
5.995167506694798249e+03 5.448318097318521067e-15
6.000685435295109528e+03 5.484413134269268419e-15
6.006203363895420807e+03 5.296629697677734207e-15
6.011721292495732087e+03 5.112967765535766265e-15
6.017239221096043366e+03 4.976341167953221995e-15
6.022757149696354645e+03 4.650371111270948465e-15
6.028275078296665924e+03 4.684066710546536449e-15
6.033793006896977204e+03 4.469258466176894339e-15
6.039310935497288483e+03 4.416853313527571566e-15
6.044828864097599762e+03 4.260233372877234852e-15
6.050346792697911042e+03 4.380172736919300790e-15
6.055864721298222321e+03 4.591027064238986390e-15
6.061382649898533600e+03 4.401916231970696257e-15
6.066900578498844880e+03 4.474033875595845516e-15
6.072418507099156159e+03 4.294100809288038788e-15
6.077936435699467438e+03 4.468948235477942123e-15
6.083454364299778717e+03 4.533640112837342585e-15
6.088972292900089997e+03 4.394675606360310812e-15
6.094490221500401276e+03 4.154649615699011072e-15
6.100008150100712555e+03 4.138795145565426515e-15
6.105526078701023835e+03 3.900019316255591190e-15
6.111044007301335114e+03 3.891696116693352667e-15
6.116561935901646393e+03 3.787999057351340537e-15
6.122079864501957672e+03 3.775599991804475992e-15
6.127597793102269861e+03 3.631082189522197430e-15
6.133115721702581141e+03 3.758469677134699984e-15
6.138633650302892420e+03 3.789669018671846255e-15
6.144151578903203699e+03 4.005069454459083911e-15
6.149669507503514978e+03 4.221435134541335275e-15
6.155187436103826258e+03 4.578070544243796910e-15
6.160705364704137537e+03 4.603913371211186747e-15
6.166223293304448816e+03 4.738511551513745463e-15
6.171741221904760096e+03 5.136109608371361776e-15
6.177259150505071375e+03 5.026965681385269436e-15
6.182777079105382654e+03 5.135151754920874402e-15
6.188295007705693934e+03 5.027901731844407281e-15
6.193812936306005213e+03 4.779891411842357227e-15
6.199330864906316492e+03 4.896528361779376165e-15
6.204848793506627771e+03 4.779965320287609516e-15
6.210366722106939051e+03 4.620236420887680096e-15
6.215884650707250330e+03 4.650912860174656914e-15
6.221402579307561609e+03 4.485995403146807925e-15
6.226920507907872889e+03 4.259694210769109832e-15
6.232438436508184168e+03 4.068332496800618332e-15
6.237956365108495447e+03 4.117818265862423606e-15
6.243474293708806726e+03 3.992650987945341291e-15
6.248992222309118006e+03 3.938639620009543353e-15
6.254510150909429285e+03 3.970813629168472434e-15
6.260028079509740564e+03 3.808419776003810225e-15
6.265546008110051844e+03 3.716335581122276087e-15
6.271063936710363123e+03 3.596604084582486059e-15
6.276581865310674402e+03 3.442404091200868106e-15
6.282099793910985682e+03 3.444034881045389384e-15
6.287617722511296961e+03 3.393627843213498537e-15
6.293135651111608240e+03 3.341438872766543404e-15
6.298653579711919519e+03 3.359517617560037683e-15
6.304171508312230799e+03 3.284780658635099432e-15
6.309689436912542078e+03 3.171337292617489463e-15
6.315207365512853357e+03 3.206177918481170547e-15
6.320725294113164637e+03 3.330111294904744014e-15
6.326243222713475916e+03 3.345791710649756692e-15
6.331761151313787195e+03 3.547727321109572556e-15
6.337279079914098475e+03 3.593382784996106496e-15
6.342797008514409754e+03 3.728939742604718772e-15
6.348314937114721033e+03 3.749428641797934025e-15
6.353832865715032312e+03 3.796657431712805679e-15
6.359350794315343592e+03 4.086401633496229167e-15
6.364868722915654871e+03 4.019517816421718930e-15
6.370386651515966150e+03 4.105112480267756459e-15
6.375904580116277430e+03 4.123963383543037257e-15
6.381422508716588709e+03 4.372569959927171553e-15
6.386940437316899988e+03 4.534414858114714110e-15
6.392458365917211268e+03 4.430997542237987410e-15
6.397976294517522547e+03 4.640240665451145331e-15
6.403494223117833826e+03 4.640042406046751288e-15
6.409012151718145105e+03 4.755375241467271466e-15
6.414530080318456385e+03 4.896958693701865521e-15
6.420048008918767664e+03 5.167178686273749171e-15
6.425565937519078943e+03 5.242139403016693765e-15
6.431083866119390223e+03 5.489571019892406860e-15
6.436601794719701502e+03 5.742380215244776439e-15
6.442119723320012781e+03 5.741283413917212931e-15
6.447637651920324060e+03 5.792901072082357438e-15
6.453155580520635340e+03 5.718639159689288521e-15
6.458673509120946619e+03 5.687822663898553464e-15
6.464191437721257898e+03 5.924005230635551178e-15
6.469709366321569178e+03 5.889391688469912498e-15
6.475227294921880457e+03 5.745377017928698998e-15
6.480745223522191736e+03 5.783781878564736942e-15
6.486263152122503016e+03 5.760508109154364524e-15
6.491781080722814295e+03 5.863158070598244455e-15
6.497299009323125574e+03 5.883367226326174278e-15
6.502816937923436853e+03 5.969157562781020844e-15
6.508334866523748133e+03 6.163574836647408209e-15
6.513852795124059412e+03 6.189952391216208844e-15
6.519370723724370691e+03 6.294466138878273525e-15
6.524888652324681971e+03 6.264039140594025748e-15
6.530406580924993250e+03 6.238447787111612455e-15
6.535924509525304529e+03 6.359581326857864115e-15
6.541442438125615809e+03 6.357064189983638271e-15
6.546960366725927088e+03 6.237950383275056484e-15
6.552478295326238367e+03 6.206734781879953858e-15
6.557996223926549646e+03 6.245130588731446649e-15
6.563514152526860926e+03 6.241151173267878233e-15
6.569032081127172205e+03 6.247333060400004477e-15
6.574550009727483484e+03 6.389421676857911095e-15
6.580067938327794764e+03 6.421447130041879809e-15
6.585585866928106043e+03 6.266671205100621876e-15
6.591103795528417322e+03 6.172248362240149968e-15
6.596621724128728601e+03 6.239896762180810782e-15
6.602139652729039881e+03 6.392753100027718037e-15
6.607657581329351160e+03 6.623030012446722168e-15
6.613175509929662439e+03 6.350045474480125613e-15
6.618693438529973719e+03 6.382011061823441282e-15
6.624211367130284998e+03 6.487186659612750762e-15
6.629729295730596277e+03 6.260563041642634369e-15
6.635247224330907557e+03 6.225218360182322431e-15
6.640765152931218836e+03 6.082746343664667096e-15
6.646283081531530115e+03 5.856783836737345236e-15
6.651801010131841394e+03 5.754650680096899350e-15
6.657318938732152674e+03 5.606363362335573418e-15
6.662836867332463953e+03 5.519249879939573967e-15
6.668354795932775232e+03 5.344405040545254849e-15
6.673872724533086512e+03 5.377973147752780149e-15
6.679390653133397791e+03 5.185774420641792626e-15
6.684908581733709070e+03 5.134202585712704287e-15
6.690426510334020350e+03 5.152855414354706962e-15
6.695944438934331629e+03 5.065615178975097459e-15
6.701462367534642908e+03 5.143396611531144836e-15
6.706980296134954187e+03 4.963023235660740568e-15
6.712498224735265467e+03 4.861152454000946384e-15
6.718016153335576746e+03 4.967674109349439594e-15
6.723534081935888025e+03 4.816168448339542266e-15
6.729052010536199305e+03 4.763862333006859738e-15
6.734569939136510584e+03 4.729302374464029086e-15
6.740087867736821863e+03 4.903614888281408859e-15
6.745605796337133143e+03 5.026943878393921485e-15
6.751123724937444422e+03 4.820748369920796381e-15
6.756641653537755701e+03 4.800254481907528614e-15
6.762159582138066980e+03 4.698912884715748902e-15
6.767677510738378260e+03 4.788688179767559423e-15
6.773195439338689539e+03 4.649393302540243936e-15
6.778713367939000818e+03 4.540584365582263084e-15
6.784231296539312098e+03 4.630606145298992113e-15
6.789749225139623377e+03 4.428244267881176770e-15
6.795267153739934656e+03 4.508104375459982456e-15
6.800785082340245935e+03 4.392305916834365597e-15
6.806303010940557215e+03 4.394374059903676643e-15
6.811820939540868494e+03 4.336494878256640567e-15
6.817338868141179773e+03 4.232049495906437370e-15
6.822856796741491053e+03 4.563988398627394378e-15
6.828374725341803241e+03 4.389357339410971447e-15
6.833892653942114521e+03 4.156350433795410682e-15
6.839410582542425800e+03 4.210096655183860726e-15
6.844928511142737079e+03 4.254035595429377781e-15
6.850446439743048359e+03 4.057164930722795127e-15
6.855964368343359638e+03 4.035422544298077032e-15
6.861482296943670917e+03 3.826965806942419216e-15
6.867000225543982197e+03 3.325331635750190195e-15
6.872518154144293476e+03 3.007890613650188724e-15
6.878036082744604755e+03 2.993597089880360667e-15
6.883554011344916034e+03 3.235927730635780988e-15
6.889071939945227314e+03 3.240403441309228396e-15
6.894589868545538593e+03 3.128996068187243867e-15
6.900107797145849872e+03 3.307506581695030360e-15
6.905625725746161152e+03 3.488040338891634762e-15
6.911143654346472431e+03 3.434567948292850264e-15
6.916661582946783710e+03 3.564928957429019793e-15
6.922179511547094990e+03 3.546204068052895228e-15
6.927697440147406269e+03 3.535756370231840651e-15
6.933215368747717548e+03 3.666035340993777740e-15
6.938733297348028827e+03 3.786915929086148379e-15
6.944251225948340107e+03 3.663032625634234904e-15
6.949769154548651386e+03 3.887181419315032795e-15
6.955287083148962665e+03 3.946698042566661088e-15
6.960805011749273945e+03 3.853069345950441146e-15
6.966322940349585224e+03 4.042883601846433154e-15
6.971840868949896503e+03 4.083185692272130801e-15
6.977358797550207782e+03 3.793070654864646263e-15
6.982876726150519062e+03 3.943883424200288981e-15
6.988394654750830341e+03 4.011069896358113914e-15
6.993912583351141620e+03 3.830676565207490913e-15
6.999430511951452900e+03 3.925638570176088631e-15
7.004948440551764179e+03 4.032496878492712149e-15
7.010466369152075458e+03 4.002834463074614950e-15
7.015984297752386738e+03 4.080514086747325101e-15
7.021502226352698017e+03 3.797283436244102495e-15
7.027020154953009296e+03 3.785692190003861267e-15
7.032538083553320575e+03 4.070553815122718310e-15
7.038056012153631855e+03 4.051302882387501389e-15
7.043573940753943134e+03 3.992763328782125781e-15
7.049091869354254413e+03 4.001569520034097868e-15
7.054609797954565693e+03 3.999300161222585402e-15
7.060127726554876972e+03 3.987707252042325354e-15
7.065645655155189161e+03 3.918792985205582061e-15
7.071163583755500440e+03 3.970083413729366940e-15
7.076681512355811719e+03 4.000416178745914221e-15
7.082199440956122999e+03 3.841062734247872837e-15
7.087717369556434278e+03 3.940786106030822488e-15
7.093235298156745557e+03 3.859495130951904836e-15
7.098753226757056837e+03 3.930342288403143841e-15
7.104271155357368116e+03 3.875517927569557308e-15
7.109789083957679395e+03 3.964713226097236789e-15
7.115307012557990674e+03 4.031354808242430765e-15
7.120824941158301954e+03 4.081719533489412298e-15
7.126342869758613233e+03 3.981733047641359101e-15
7.131860798358924512e+03 4.036597873348723760e-15
7.137378726959235792e+03 3.933268693292961357e-15
7.142896655559547071e+03 3.911279822203323177e-15
7.148414584159858350e+03 3.875497048433771599e-15
7.153932512760169629e+03 3.696073765627102844e-15
7.159450441360480909e+03 3.541629689605033892e-15
7.164968369960792188e+03 3.334912572279533808e-15
7.170486298561103467e+03 3.464947460401021476e-15
7.176004227161414747e+03 3.456459260234752677e-15
7.181522155761726026e+03 3.166740556864939912e-15
7.187040084362037305e+03 3.294740560717480695e-15
7.192558012962348585e+03 3.437379425550298285e-15
7.198075941562659864e+03 3.560074096431419998e-15
7.203593870162971143e+03 3.620210811538725618e-15
7.209111798763282422e+03 3.669298398851725564e-15
7.214629727363593702e+03 3.958105256778221859e-15
7.220147655963904981e+03 4.157817516433696159e-15
7.225665584564216260e+03 4.111011852367901869e-15
7.231183513164527540e+03 3.997366531523637057e-15
7.236701441764838819e+03 4.014650760530653841e-15
7.242219370365150098e+03 4.059195934798363320e-15
7.247737298965461378e+03 4.197295158152590184e-15
7.253255227565772657e+03 4.249798978576326886e-15
7.258773156166083936e+03 4.258635841833077735e-15
7.264291084766395215e+03 4.200985222052991303e-15
7.269809013366706495e+03 4.261154087333982529e-15
7.275326941967017774e+03 4.296621641584527798e-15
7.280844870567329053e+03 4.400808898689683118e-15
7.286362799167640333e+03 4.234936729320271631e-15
7.291880727767951612e+03 4.404533330017127743e-15
7.297398656368262891e+03 4.135358587632245498e-15
7.302916584968574170e+03 4.381134840105389622e-15
7.308434513568885450e+03 4.507062081610792373e-15
7.313952442169196729e+03 4.443470885772332139e-15
7.319470370769508008e+03 4.368263684364468248e-15
7.324988299369819288e+03 4.480055566172886756e-15
7.330506227970130567e+03 4.590685422450802779e-15
7.336024156570441846e+03 4.566879881776829308e-15
7.341542085170753126e+03 4.554797513917877126e-15
7.347060013771064405e+03 4.621428933651847789e-15
7.352577942371375684e+03 4.741837801092386338e-15
7.358095870971686963e+03 4.699311436006779757e-15
7.363613799571998243e+03 4.819944985120890442e-15
7.369131728172309522e+03 4.939886381645199937e-15
7.374649656772620801e+03 4.808838578281512784e-15
7.380167585372932081e+03 4.619776156044863824e-15
7.385685513973243360e+03 4.757301849863919006e-15
7.391203442573554639e+03 4.633476010228192645e-15
7.396721371173865919e+03 4.818746559681101683e-15
7.402239299774177198e+03 4.575421296023680607e-15
7.407757228374488477e+03 4.406262602864950581e-15
7.413275156974799756e+03 4.585598488935106094e-15
7.418793085575111036e+03 5.002451728263541575e-15
7.424311014175422315e+03 4.875917144109267450e-15
7.429828942775733594e+03 4.743790277444875255e-15
7.435346871376044874e+03 4.696856012684340909e-15
7.440864799976356153e+03 4.514256329671782571e-15
7.446382728576667432e+03 4.779410083092642481e-15
7.451900657176978712e+03 5.090404071513170211e-15
7.457418585777289991e+03 4.890978946167506884e-15
7.462936514377601270e+03 4.800949406064024417e-15
7.468454442977912549e+03 4.822527346198053683e-15
7.473972371578223829e+03 4.918530166846933851e-15
7.479490300178535108e+03 4.864417359570025792e-15
7.485008228778846387e+03 5.023055739860238298e-15
7.490526157379157667e+03 5.268366738670512847e-15
7.496044085979468946e+03 5.013237557221630939e-15
7.501562014579780225e+03 4.779171728356698996e-15
7.507079943180091504e+03 4.648175660904687499e-15
7.512597871780402784e+03 4.816990495021876803e-15
7.518115800380714063e+03 4.721391214484077638e-15
7.523633728981025342e+03 4.799413958113879822e-15
7.529151657581336622e+03 4.474992098588558418e-15
7.534669586181647901e+03 4.450069986077917046e-15
7.540187514781959180e+03 4.120280710487161683e-15
7.545705443382270460e+03 4.101216211805096671e-15
7.551223371982581739e+03 4.097050731830601874e-15
7.556741300582893018e+03 3.901991008803846208e-15
7.562259229183204297e+03 3.739416264719422895e-15
7.567777157783515577e+03 3.568763697111003771e-15
7.573295086383826856e+03 3.107004425530908311e-15
7.578813014984138135e+03 3.055373833387844299e-15
7.584330943584449415e+03 2.968491314883262789e-15
7.589848872184760694e+03 2.559502118900929691e-15
7.595366800785071973e+03 1.895814258163316806e-15
7.600884729385383253e+03 1.273189375295289570e-15
7.606402657985694532e+03 8.599077615837376768e-16
7.611920586586005811e+03 9.366812677176388706e-16
7.617438515186317090e+03 1.282349218457800166e-15
7.622956443786628370e+03 1.645873819113467823e-15
7.628474372386939649e+03 1.724268137451781126e-15
7.633992300987250928e+03 1.429632619330135649e-15
7.639510229587562208e+03 1.366806616102496653e-15
7.645028158187873487e+03 1.587224622329558653e-15
7.650546086788184766e+03 1.938027620983275373e-15
7.656064015388496045e+03 2.389772852544841672e-15
7.661581943988807325e+03 2.649096338261866344e-15
7.667099872589118604e+03 2.706355058510996409e-15
7.672617801189429883e+03 2.703649455101373914e-15
7.678135729789741163e+03 3.049940638806135439e-15
7.683653658390052442e+03 3.148679365327193702e-15
7.689171586990363721e+03 3.213796031475689954e-15
7.694689515590675001e+03 3.584778733341902804e-15
7.700207444190986280e+03 3.626387709850798559e-15
7.705725372791297559e+03 3.521452314508563358e-15
7.711243301391608838e+03 3.401271639392744191e-15
7.716761229991920118e+03 3.485891820388111279e-15
7.722279158592231397e+03 3.626638998564662338e-15
7.727797087192542676e+03 3.907492383926300632e-15
7.733315015792853956e+03 4.047322912610592315e-15
7.738832944393165235e+03 3.949258600652473223e-15
7.744350872993476514e+03 3.970020037237561125e-15
7.749868801593788703e+03 3.933355720487246705e-15
7.755386730194099982e+03 4.300776774376687307e-15
7.760904658794411262e+03 4.510341768868923659e-15
7.766422587394722541e+03 4.423279098529036044e-15
7.771940515995033820e+03 4.494524992042417091e-15
7.777458444595345100e+03 4.404324353888172095e-15
7.782976373195656379e+03 4.716530256039747958e-15
7.788494301795967658e+03 5.311133490974308048e-15
7.794012230396278937e+03 5.574944512716021868e-15
7.799530158996590217e+03 5.576940040737869183e-15
7.805048087596901496e+03 5.485773788746388107e-15
7.810566016197212775e+03 5.437694312626648291e-15
7.816083944797524055e+03 5.241438196642349002e-15
7.821601873397835334e+03 5.467329751462226739e-15
7.827119801998146613e+03 5.965883788198509837e-15
7.832637730598457892e+03 5.911104696287640390e-15
7.838155659198769172e+03 6.037216339363951493e-15
7.843673587799080451e+03 5.516760273961205165e-15
7.849191516399391730e+03 5.347502358714721341e-15
7.854709444999703010e+03 5.461596488592789766e-15
7.860227373600014289e+03 5.975057119652279019e-15
7.865745302200325568e+03 6.145983702821476058e-15
7.871263230800636848e+03 5.880122645579539920e-15
7.876781159400948127e+03 5.950405327280153185e-15
7.882299088001259406e+03 5.751529341682724641e-15
7.887817016601570685e+03 5.765553469169604134e-15
7.893334945201881965e+03 6.143665933978321630e-15
7.898852873802193244e+03 6.432098630400720024e-15
7.904370802402504523e+03 6.588355865355974654e-15
7.909888731002815803e+03 6.407082099851267760e-15
7.915406659603127082e+03 6.148538717773895022e-15
7.920924588203438361e+03 6.161362202567627856e-15
7.926442516803749641e+03 6.234721323301924271e-15
7.931960445404060920e+03 6.510915889817000492e-15
7.937478374004372199e+03 6.774060072611410687e-15
7.942996302604683478e+03 6.678711711245252141e-15
7.948514231204994758e+03 6.215855453566479620e-15
7.954032159805306037e+03 6.055537503857877162e-15
7.959550088405617316e+03 6.110649922856840067e-15
7.965068017005928596e+03 6.189963107940769660e-15
7.970585945606239875e+03 6.272237804426014487e-15
7.976103874206551154e+03 6.129656033867154145e-15
7.981621802806862433e+03 5.694832325617523335e-15
7.987139731407173713e+03 5.118570025685992518e-15
7.992657660007484992e+03 5.250870761967845011e-15
7.998175588607796271e+03 5.142027088040595126e-15
8.003693517208107551e+03 5.394570767303390495e-15
8.009211445808418830e+03 5.603185483960778570e-15
8.014729374408730109e+03 5.194962903326839214e-15
8.020247303009041389e+03 4.911452694129444731e-15
8.025765231609352668e+03 4.562860370981710661e-15
8.031283160209663947e+03 4.519121353080602524e-15
8.036801088809975226e+03 4.656097722380314105e-15
8.042319017410286506e+03 4.639942999187884727e-15
8.047836946010597785e+03 4.699247874743861968e-15
8.053354874610909064e+03 4.544622168717581645e-15
8.058872803211220344e+03 4.285262467862381883e-15
8.064390731811531623e+03 4.113653709743493417e-15
8.069908660411842902e+03 4.193767508060632758e-15
8.075426589012154182e+03 4.370500523460069582e-15
8.080944517612465461e+03 4.400044315823534907e-15
8.086462446212776740e+03 4.274538167684964384e-15
8.091980374813088019e+03 3.913995403253055039e-15
8.097498303413399299e+03 3.605669324935071421e-15
8.103016232013710578e+03 3.642409582612884056e-15
8.108534160614021857e+03 4.040652490655336968e-15
8.114052089214333137e+03 3.896243703329809990e-15
8.119570017814644416e+03 3.722755822990346604e-15
8.125087946414956605e+03 3.504206887435304302e-15
8.130605875015267884e+03 3.279676910948109677e-15
8.136123803615579163e+03 3.026788448788205428e-15
8.141641732215890443e+03 3.068554850285491967e-15
8.147159660816201722e+03 3.077715986845795066e-15
8.152677589416513001e+03 2.897605170727154080e-15
8.158195518016824280e+03 2.583365677704425807e-15
8.163713446617135560e+03 2.442847430937049131e-15
8.169231375217446839e+03 2.174736231079364654e-15
8.174749303817758118e+03 2.233671749180186112e-15
8.180267232418069398e+03 2.129432756163351586e-15
8.185785161018380677e+03 2.139764787267584824e-15
8.191303089618691956e+03 2.202865415800675158e-15
8.196821018219003236e+03 2.039437213944686308e-15
8.202338946819314515e+03 2.007113355413005145e-15
8.207856875419625794e+03 1.819642736316006972e-15
8.213374804019937073e+03 1.819074749914232406e-15
8.218892732620248353e+03 1.951365508555973955e-15
8.224410661220559632e+03 1.974157394903292153e-15
8.229928589820870911e+03 1.600800642912864931e-15
8.235446518421182191e+03 1.600612933939032031e-15
8.240964447021493470e+03 1.526336572444915513e-15
8.246482375621804749e+03 1.500208662127071943e-15
8.252000304222116029e+03 1.570883908534649537e-15
8.257518232822427308e+03 1.398350370994525291e-15
8.263036161422738587e+03 1.398785045038173276e-15
8.268554090023049866e+03 1.154947133927360471e-15
8.274072018623361146e+03 1.207565013559234626e-15
8.279589947223672425e+03 1.018705968886811631e-15
8.285107875823983704e+03 1.036698795112698329e-15
8.290625804424294984e+03 8.946548932641726744e-16
8.296143733024606263e+03 9.290524934298916085e-16
8.301661661624917542e+03 8.835538447870754251e-16
8.307179590225228822e+03 8.891256177036342999e-16
8.312697518825540101e+03 8.742490486863112461e-16
8.318215447425851380e+03 8.503205428365480610e-16
8.323733376026162659e+03 9.175709457995172978e-16
8.329251304626473939e+03 9.631357425008360789e-16
8.334769233226785218e+03 1.028006607637530537e-15
8.340287161827096497e+03 9.842254619226293995e-16
8.345805090427407777e+03 8.741423433684764092e-16
8.351323019027719056e+03 1.047293700079587416e-15
8.356840947628030335e+03 1.095419368977610505e-15
8.362358876228341614e+03 1.005250751657273087e-15
8.367876804828652894e+03 1.103658183572481253e-15
8.373394733428964173e+03 1.376919139124326190e-15
8.378912662029275452e+03 1.520932091294188106e-15
8.384430590629586732e+03 1.353985348562120536e-15
8.389948519229898011e+03 1.242519532337050928e-15
8.395466447830209290e+03 1.279962899531673265e-15
8.400984376430520570e+03 1.429348681560582313e-15
8.406502305030831849e+03 1.583067105990039402e-15
8.412020233631143128e+03 1.642365385217276891e-15
8.417538162231454407e+03 1.529126745593019534e-15
8.423056090831765687e+03 1.554367311117148076e-15
8.428574019432076966e+03 1.522264457313886803e-15
8.434091948032388245e+03 1.643176899946161600e-15
8.439609876632699525e+03 1.584365233922474593e-15
8.445127805233010804e+03 1.754748349816610416e-15
8.450645733833322083e+03 1.921836867423785246e-15
8.456163662433633363e+03 1.903010169164324640e-15
8.461681591033944642e+03 1.815390044376111696e-15
8.467199519634255921e+03 1.746063368414854418e-15
8.472717448234567200e+03 1.845745536239575480e-15
8.478235376834878480e+03 2.025458170609412715e-15
8.483753305435189759e+03 2.332430246210349950e-15
8.489271234035501038e+03 2.395715461085460610e-15
8.494789162635812318e+03 2.424997432781614892e-15
8.500307091236123597e+03 2.611371250551049952e-15
8.505825019836434876e+03 2.699949413560863428e-15
8.511342948436746155e+03 2.991316090488718831e-15
8.516860877037057435e+03 3.098975566351891571e-15
8.522378805637368714e+03 3.557625140097939719e-15
8.527896734237679993e+03 3.486877943818907934e-15
8.533414662837991273e+03 3.733863153685290448e-15
8.538932591438302552e+03 3.833835781699857953e-15
8.544450520038613831e+03 3.928360987757006168e-15
8.549968448638925111e+03 4.383251577977455393e-15
8.555486377239236390e+03 4.939883240536276640e-15
8.561004305839547669e+03 5.321446860196115056e-15
8.566522234439858948e+03 5.283190740306149454e-15
8.572040163040170228e+03 4.926911384538696202e-15
8.577558091640481507e+03 4.688220365169792269e-15
8.583076020240792786e+03 4.756647760123424490e-15
8.588593948841104066e+03 5.078596273528335025e-15
8.594111877441415345e+03 5.577490473883898045e-15
8.599629806041728443e+03 5.710602909665745842e-15
8.605147734642039723e+03 5.921700765312544149e-15
8.610665663242351002e+03 5.548969389631629597e-15
8.616183591842662281e+03 5.166014258718779179e-15
8.621701520442973560e+03 5.389904742383416429e-15
8.627219449043284840e+03 5.737406361650320033e-15
8.632737377643596119e+03 6.304165698462247433e-15
8.638255306243907398e+03 6.754796944982729260e-15
8.643773234844218678e+03 6.644560281633563684e-15
8.649291163444529957e+03 6.194338303128672740e-15
8.654809092044841236e+03 6.056249242185669190e-15
8.660327020645152515e+03 6.313046167701698916e-15
8.665844949245463795e+03 6.450350875269449074e-15
8.671362877845775074e+03 7.289206370536023722e-15
8.676880806446086353e+03 7.769711041085800377e-15
8.682398735046397633e+03 7.306451243295943697e-15
8.687916663646708912e+03 7.123178808660467769e-15
8.693434592247020191e+03 6.855569447146053880e-15
8.698952520847331471e+03 6.874506084217829101e-15
8.704470449447642750e+03 7.418071287969147042e-15
8.709988378047954029e+03 8.122064195470270869e-15
8.715506306648265308e+03 8.319401961550856261e-15
8.721024235248576588e+03 8.355079970099260079e-15
8.726542163848887867e+03 7.589000457933929876e-15
8.732060092449199146e+03 6.986971826275847305e-15
8.737578021049510426e+03 7.229267730062000170e-15
8.743095949649821705e+03 7.837954404010756874e-15
8.748613878250132984e+03 8.025058437219295061e-15
8.754131806850444264e+03 8.017479126158535749e-15
8.759649735450755543e+03 7.511485280551906188e-15
8.765167664051066822e+03 6.787074980278353467e-15
8.770685592651378101e+03 6.304395738498101554e-15
8.776203521251689381e+03 6.492479982461818879e-15
8.781721449852000660e+03 6.573221263479160303e-15
8.787239378452311939e+03 6.901060649513011754e-15
8.792757307052623219e+03 7.123285975906083825e-15
8.798275235652934498e+03 6.675813576335744300e-15
8.803793164253245777e+03 6.440873964876799798e-15
8.809311092853557057e+03 6.145892610662700438e-15
8.814829021453868336e+03 6.170090235638743040e-15
8.820346950054179615e+03 6.531209485943632234e-15
8.825864878654490894e+03 6.644320818270939671e-15
8.831382807254802174e+03 6.447919841733942392e-15
8.836900735855113453e+03 6.174719860649433197e-15
8.842418664455424732e+03 5.632773990933623479e-15
8.847936593055736012e+03 4.946550706153722242e-15
8.853454521656047291e+03 5.479933173860217580e-15
8.858972450256358570e+03 5.586383138016816400e-15
8.864490378856669849e+03 5.412168737660510687e-15
8.870008307456981129e+03 4.935235692727614464e-15
8.875526236057292408e+03 4.056136125164862841e-15
8.881044164657603687e+03 4.068024113812799277e-15
8.886562093257914967e+03 4.251613800449529805e-15
8.892080021858226246e+03 4.315631078474877148e-15
8.897597950458537525e+03 3.934300824730928915e-15
8.903115879058848805e+03 4.119783306650604135e-15
8.908633807659160084e+03 3.922826538605300741e-15
8.914151736259471363e+03 3.477304398134090654e-15
8.919669664859782642e+03 3.895277350408116544e-15
8.925187593460093922e+03 3.932846491299450179e-15
8.930705522060405201e+03 4.085416803463226198e-15
8.936223450660716480e+03 4.285704440364999820e-15
8.941741379261027760e+03 4.242167007748320999e-15
8.947259307861339039e+03 3.732552387408717988e-15
8.952777236461650318e+03 3.925660742709664476e-15
8.958295165061961598e+03 3.929904196093902624e-15
8.963813093662272877e+03 4.084013651630085616e-15
8.969331022262584156e+03 4.499028787925061805e-15
8.974848950862895435e+03 4.197780367095680071e-15
8.980366879463206715e+03 3.524719067788774349e-15
8.985884808063517994e+03 3.518951437492292292e-15
8.991402736663829273e+03 3.568902644988080695e-15
8.996920665264140553e+03 3.567157481824529395e-15
9.002438593864451832e+03 3.788808909140206623e-15
9.007956522464763111e+03 3.774973248188725754e-15
9.013474451065074390e+03 3.275648715910673378e-15
9.018992379665385670e+03 3.354699341242838111e-15
9.024510308265696949e+03 3.200190595331173602e-15
9.030028236866008228e+03 3.135813752719665501e-15
9.035546165466319508e+03 3.318820486494458005e-15
9.041064094066630787e+03 3.406178975386472669e-15
9.046582022666942066e+03 2.937928140288636253e-15
9.052099951267253346e+03 3.125882490159819835e-15
9.057617879867564625e+03 2.843776541422246068e-15
9.063135808467875904e+03 3.040953741405519350e-15
9.068653737068187183e+03 3.005177434624927131e-15
9.074171665668498463e+03 2.724552241588009009e-15
9.079689594268809742e+03 2.501253764569854146e-15
9.085207522869121021e+03 2.333352069293775788e-15
9.090725451469432301e+03 2.412247671662021978e-15
9.096243380069743580e+03 2.759672056603635653e-15
9.101761308670054859e+03 2.803119690459329780e-15
9.107279237270366139e+03 2.644560392205537996e-15
9.112797165870677418e+03 2.580782023229471641e-15
9.118315094470988697e+03 2.547522114238653027e-15
9.123833023071299976e+03 2.496128952975966708e-15
9.129350951671611256e+03 2.732700647677223414e-15
9.134868880271922535e+03 2.899437361084991911e-15
9.140386808872233814e+03 2.609444457383287677e-15
9.145904737472545094e+03 2.452940552991999409e-15
9.151422666072856373e+03 2.571864414996280066e-15
9.156940594673167652e+03 2.788694055343610475e-15
9.162458523273478932e+03 3.113668750039429828e-15
9.167976451873790211e+03 2.860822415693320156e-15
9.173494380474101490e+03 2.467765108940975491e-15
9.179012309074412769e+03 2.615994962886118253e-15
9.184530237674724049e+03 2.773912366292881998e-15
9.190048166275035328e+03 3.102860933318875411e-15
9.195566094875346607e+03 3.153489326944300755e-15
9.201084023475657887e+03 2.579045913850463523e-15
9.206601952075969166e+03 2.746840626652037800e-15
9.212119880676280445e+03 3.092188923366476593e-15
9.217637809276591724e+03 3.416581219513697397e-15
9.223155737876903004e+03 3.510221371938932760e-15
9.228673666477214283e+03 3.873079687960638634e-15
9.234191595077525562e+03 3.438924851140551852e-15
9.239709523677836842e+03 3.684656943317659417e-15
9.245227452278148121e+03 3.860442637220056921e-15
