3.776699999999999818e+03 8.315063317450878677e-16 1.047999999999999960e-32
3.802300000000000182e+03 6.827091946324591051e-16 9.532999999999999559e-35
3.827900000000000091e+03 6.579096717803541799e-16 5.995000000000000004e-33
3.853400000000000091e+03 5.626843194696018915e-16 4.372000000000000302e-33
3.879000000000000000e+03 4.350751242111985075e-16 4.485999999999999664e-33
3.904599999999999909e+03 6.201084573358836164e-16 3.889999999999999759e-33
3.930099999999999909e+03 8.837538701810760261e-16 2.272000000000000116e-32
3.955699999999999818e+03 1.080946192665288091e-15 2.520000000000000100e-33
3.981300000000000182e+03 1.276091952584035220e-15 3.191999999999999921e-33
4.006800000000000182e+03 1.521679460439830784e-15 3.445999999999999688e-33
4.032400000000000091e+03 1.450651700814869950e-15 2.352999999999999954e-33
4.058000000000000000e+03 1.426574494162341742e-15 3.177999999999999676e-33
4.083599999999999909e+03 1.289334416242926464e-15 1.810000000000000149e-33
4.109100000000000364e+03 9.839150498555957825e-16 2.105999999999999969e-33
4.134699999999999818e+03 9.411780080473578496e-16 1.257999999999999917e-33
4.160300000000000182e+03 9.347975482844371430e-16 7.229999999999999933e-33
4.185800000000000182e+03 1.006306852042447808e-15 1.051000000000000023e-33
4.211399999999999636e+03 1.058795162544960783e-15 5.832000000000000124e-33
4.237000000000000000e+03 9.059049003014023476e-16 5.611999999999999879e-33
4.262600000000000364e+03 1.050608912283101240e-15 1.085000000000000057e-33
4.288100000000000364e+03 1.108033050149382669e-15 1.144000000000000042e-33
4.313699999999999818e+03 1.175930772909515464e-15 1.136000000000000024e-33
4.339300000000000182e+03 1.221918237615845077e-15 8.849000000000000053e-34
4.364800000000000182e+03 1.256830187262011826e-15 8.560000000000000698e-34
4.390399999999999636e+03 1.235160701274735927e-15 1.044999999999999966e-33
4.416000000000000000e+03 1.172559963978160931e-15 9.787000000000000438e-34
4.441600000000000364e+03 9.565874203049758944e-16 4.385999999999999864e-33
4.467100000000000364e+03 8.530554316991015067e-16 4.219999999999999785e-33
4.492699999999999818e+03 9.139707645299994331e-16 4.385999999999999864e-33
4.518300000000000182e+03 1.098522553521634120e-15 6.096999999999999937e-34
4.543800000000000182e+03 1.244791583935747920e-15 6.278000000000000157e-34
4.569399999999999636e+03 1.391662544516174402e-15 3.733999999999999660e-33
4.595000000000000000e+03 1.608357404388935170e-15 9.020000000000000464e-34
4.620500000000000000e+03 1.643269354035102314e-15 6.128999999999999839e-34
4.646100000000000364e+03 1.622803728380452568e-15 7.622000000000000313e-34
4.671699999999999818e+03 1.486767510793663641e-15 2.488000000000000027e-33
4.697300000000000182e+03 1.324246365889093804e-15 3.353999999999999735e-33
4.722800000000000182e+03 1.012326153705580945e-15 2.519000000000000034e-33
4.748399999999999636e+03 8.954313154075525597e-16 5.615000000000000078e-34
4.774000000000000000e+03 7.743229659453315511e-16 2.074999999999999962e-33
4.799500000000000000e+03 7.235200599084956452e-16 3.868000000000000008e-34
4.825100000000000364e+03 6.794587717343675230e-16 1.981999999999999943e-33
4.850699999999999818e+03 7.292985895051027818e-16 4.867000000000000340e-34
4.876300000000000182e+03 8.792995869503581914e-16 1.360999999999999917e-33
4.901800000000000182e+03 8.975982640062801496e-16 1.680000000000000067e-33
4.927399999999999636e+03 9.032564075696243355e-16 3.170999999999999980e-34
4.953000000000000000e+03 1.080344262498975408e-15 1.722999999999999844e-33
4.978500000000000000e+03 1.212287354954833479e-15 2.905000000000000101e-34
5.004100000000000364e+03 1.278499673249288317e-15 3.701000000000000120e-34
5.029699999999999818e+03 1.315819343560708360e-15 1.808000000000000016e-33
5.055300000000000182e+03 1.132591800934962482e-15 1.314000000000000045e-33
5.080800000000000182e+03 9.414187801138827649e-16 3.348999999999999916e-34
5.106399999999999636e+03 8.194677284188236654e-16 2.795999999999999874e-34
5.132000000000000000e+03 9.037379517026749549e-16 1.363000000000000050e-33
5.157500000000000000e+03 1.045191540786282561e-15 2.520000000000000186e-34
5.183100000000000364e+03 1.239976142605241726e-15 1.255999999999999955e-33
5.208699999999999818e+03 1.371196918861524854e-15 1.149000000000000032e-33
5.234199999999999818e+03 1.428982214827593853e-15 1.131999999999999929e-33
5.259800000000000182e+03 1.493990672789422932e-15 1.244000000000000014e-33
5.285399999999999636e+03 1.531310343100842383e-15 3.475000000000000246e-33
5.311000000000000000e+03 1.626415309378332805e-15 2.588999999999999894e-34
5.336500000000000000e+03 1.611968985386814421e-15 6.085999999999999890e-34
5.362100000000000364e+03 1.563814572081757021e-15 1.173999999999999982e-33
5.387699999999999818e+03 1.465098024806388531e-15 2.361000000000000058e-34
5.413199999999999818e+03 1.292945997240805715e-15 1.350000000000000041e-33
5.438800000000000182e+03 1.211083494622207128e-15 8.527000000000000559e-34
5.464399999999999636e+03 1.073361872569741625e-15 1.898000000000000008e-34
5.490000000000000000e+03 9.673017772653513865e-16 1.051999999999999918e-33
5.515500000000000000e+03 8.901343299439961411e-16 1.034999999999999986e-33
5.541100000000000364e+03 9.156561689956762065e-16 1.067000000000000059e-33
5.566699999999999818e+03 9.639309683339972481e-16 8.707000000000000541e-34
5.592199999999999818e+03 9.090349371662311763e-16 2.595000000000000036e-34
5.617800000000000182e+03 6.965535884576630314e-16 1.250999999999999965e-33
5.643399999999999636e+03 6.189045970032569694e-16 6.279999999999999777e-34
5.668899999999999636e+03 5.369217083513962206e-16 7.106000000000000077e-34
5.694500000000000000e+03 4.652920185601225062e-16 1.309999999999999993e-34
5.720100000000000364e+03 4.022097371304964968e-16 6.603000000000000363e-34
5.745699999999999818e+03 3.079474730858455950e-16 7.515000000000000347e-35
5.771199999999999818e+03 2.629230966456162341e-16 1.115000000000000083e-34
5.796800000000000182e+03 2.577464972153226182e-16 1.193000000000000004e-34
5.822399999999999636e+03 3.056601384538553009e-16 9.986000000000000228e-35
5.847899999999999636e+03 3.794567768438565066e-16 1.314000000000000088e-34
5.873500000000000000e+03 4.494010621694530532e-16 6.343999999999999581e-34
5.899100000000000364e+03 5.709909557647243853e-16 6.031999999999999896e-34
5.924699999999999818e+03 6.483991751526052363e-16 6.150999999999999932e-34
5.950199999999999818e+03 6.657347639424263502e-16 5.274000000000000349e-34
5.975800000000000182e+03 6.232384942007121493e-16 9.993999999999999990e-35
6.001399999999999636e+03 5.904934931532728920e-16 8.699000000000000352e-35
6.026899999999999636e+03 5.219938402268280063e-16 7.236000000000000374e-35
6.052500000000000000e+03 4.908138576118029661e-16 3.560999999999999800e-34
6.078100000000000364e+03 5.169376268297970946e-16 4.651999999999999743e-34
6.103699999999999818e+03 5.268092815573339041e-16 6.898000000000000288e-35
6.129199999999999818e+03 5.833907171907766507e-16 4.947999999999999905e-34
6.154800000000000182e+03 6.752452605701748994e-16 1.014000000000000045e-34
6.180399999999999636e+03 7.324286263699314132e-16 9.999999999999999277e-35
6.205899999999999636e+03 7.670998039495728522e-16 1.229000000000000001e-34
6.231500000000000000e+03 8.135688127889537754e-16 7.647999999999999859e-35
6.257100000000000364e+03 8.494438507012220586e-16 1.185000000000000029e-34
6.282600000000000364e+03 9.477992398768030771e-16 5.136000000000000077e-34
6.308199999999999818e+03 9.617640197352694610e-16 4.745999999999999829e-34
6.333800000000000182e+03 9.236016471910116233e-16 5.169000000000000216e-34
6.359399999999999636e+03 8.965147897069158616e-16 4.165999999999999790e-34
6.384899999999999636e+03 9.067476025342407343e-16 4.137999999999999983e-34
6.410500000000000000e+03 9.601990013028547508e-16 5.123999999999999793e-34
6.436100000000000364e+03 1.025929775464259758e-15 2.979000000000000141e-34
6.461600000000000364e+03 1.051572000549202479e-15 3.213999999999999929e-34
6.487199999999999818e+03 1.059517478744537107e-15 3.941000000000000239e-34
6.512800000000000182e+03 1.069750291571862571e-15 4.560000000000000132e-34
6.538399999999999636e+03 1.121997830007849842e-15 4.331999999999999869e-34
6.563899999999999636e+03 1.134879135566952529e-15 1.223000000000000073e-34
6.589500000000000000e+03 1.130184080269709779e-15 2.179999999999999838e-34
6.615100000000000364e+03 9.580320527041277526e-16 1.903999999999999936e-34
6.640600000000000364e+03 7.465137922616605506e-16 9.747999999999999301e-35
6.666199999999999818e+03 6.504457377180703686e-16 3.679000000000000027e-34
6.691800000000000182e+03 5.398109731496994437e-16 3.215000000000000166e-34
6.717399999999999636e+03 4.459098672048366544e-16 2.415000000000000053e-34
6.742899999999999636e+03 3.786140746110179227e-16 4.840000000000000129e-35
6.768500000000000000e+03 3.373216652019307633e-16 4.412999999999999754e-35
6.794100000000000364e+03 3.161337233477054340e-16 3.881000000000000102e-35
6.819600000000000364e+03 3.155317931813922584e-16 3.045999999999999802e-34
6.845199999999999818e+03 3.050582082875419774e-16 2.806999999999999920e-34
6.870800000000000182e+03 3.039747339881783797e-16 2.797999999999999921e-34
6.896300000000000182e+03 2.977146602585206237e-16 5.941999999999999904e-35
6.921899999999999636e+03 3.151706350816041460e-16 2.433000000000000051e-34
6.947500000000000000e+03 3.264869222082928136e-16 2.224999999999999834e-34
6.973100000000000364e+03 3.281723266739699321e-16 1.893000000000000103e-34
6.998600000000000364e+03 3.449059852974774760e-16 1.809000000000000040e-34
7.024199999999999818e+03 3.784936885777552186e-16 4.437000000000000108e-35
7.049800000000000182e+03 4.143687264900236004e-16 4.381000000000000173e-35
7.075300000000000182e+03 4.413351979408560663e-16 2.120999999999999939e-34
7.100899999999999636e+03 4.633658420279200288e-16 2.183999999999999933e-34
7.126500000000000000e+03 4.632454559946574725e-16 3.852999999999999867e-35
7.152100000000000364e+03 4.838314676825695769e-16 1.918000000000000053e-34
7.177600000000000364e+03 5.107979391334024865e-16 1.643999999999999985e-34
7.203199999999999818e+03 5.489603116776603242e-16 2.147999999999999936e-34
7.228800000000000182e+03 6.239608104002882756e-16 7.321000000000000247e-35
7.254300000000000182e+03 6.990816951561786845e-16 4.976999999999999522e-35
7.279899999999999636e+03 7.938255033338799591e-16 2.577000000000000037e-34
7.305500000000000000e+03 9.276947723219414935e-16 2.925000000000000147e-34
7.331100000000000364e+03 1.050729298316363698e-15 2.745000000000000164e-34
7.356600000000000364e+03 1.110801928914424125e-15 2.170000000000000029e-34
7.382199999999999818e+03 1.067824115039660488e-15 2.217000000000000072e-34
7.407800000000000182e+03 9.601990013028547508e-16 2.954000000000000191e-34
7.433300000000000182e+03 8.218754490840764665e-16 2.898000000000000149e-34
7.458899999999999636e+03 7.152134236133731514e-16 2.449999999999999812e-34
7.484500000000000000e+03 6.393702226579070106e-16 2.269999999999999829e-34
7.510000000000000000e+03 5.931419858850512985e-16 1.923999999999999981e-34
7.535600000000000364e+03 5.360790061185575381e-16 2.296999999999999827e-34
7.561199999999999818e+03 4.737190408885074577e-16 5.149999999999999980e-35
7.586800000000000182e+03 4.359178264440370914e-16 2.224999999999999834e-34
7.612300000000000182e+03 3.977554538997785634e-16 2.709999999999999977e-34
7.637899999999999636e+03 3.624823461538237517e-16 3.517999999999999852e-34
7.663500000000000000e+03 4.119610058247707008e-16 3.728000000000000117e-34
7.689000000000000000e+03 4.750432872543965623e-16 8.984999999999999849e-35
7.714600000000000364e+03 5.299393184221624370e-16 5.575999999999999583e-35
7.740199999999999818e+03 6.179415087371559279e-16 5.381999999999999483e-35
7.765800000000000182e+03 7.385683140663260213e-16 2.464999999999999953e-34
7.791300000000000182e+03 8.790588148838327831e-16 2.714000000000000072e-34
7.816899999999999636e+03 9.627271080013712914e-16 3.006000000000000139e-34
7.842500000000000000e+03 9.608009314691684195e-16 2.932999999999999908e-34
7.868000000000000000e+03 8.806238333162470988e-16 3.044000000000000183e-34
7.893600000000000364e+03 7.935847312673548466e-16 3.631000000000000174e-34
7.919199999999999818e+03 6.957108862248245462e-16 3.528000000000000089e-34
7.944699999999999818e+03 6.121629791405490871e-16 2.934000000000000146e-34
7.970300000000000182e+03 5.316247228878398020e-16 5.220999999999999736e-35
7.995899999999999636e+03 4.892488391793885517e-16 2.658000000000000030e-34
8.021500000000000000e+03 4.391682493421284270e-16 2.590000000000000131e-34
8.047000000000000000e+03 3.598338534220454931e-16 4.484999999999999747e-35
8.072600000000000364e+03 3.215510948445243102e-16 4.520000000000000041e-35
8.098199999999999818e+03 3.007243110900869455e-16 3.436999999999999967e-35
8.123699999999999818e+03 2.930196049612778245e-16 3.444000000000000025e-35
8.149300000000000182e+03 2.947050094269546471e-16 3.319999999999999978e-35
8.174899999999999636e+03 2.980758183583087362e-16 3.978000000000000152e-35
8.200500000000000000e+03 3.096328775515224670e-16 1.658000000000000102e-34
8.226000000000000000e+03 3.327469959379504709e-16 1.961000000000000002e-34
8.251600000000000364e+03 3.628435042536114204e-16 5.341999999999999606e-35
8.277200000000000728e+03 3.793363908105939504e-16 8.342000000000000030e-35
8.302700000000000728e+03 3.567038165572166644e-16 4.460000000000000332e-34
8.328299999999999272e+03 3.125221423498260846e-16 4.514999999999999709e-34
8.353899999999999636e+03 2.531718279513420794e-16 4.824999999999999774e-34
8.379500000000000000e+03 2.461894380221087888e-16 8.321000000000000388e-35
8.405000000000000000e+03 2.998816088572483616e-16 2.624999999999999890e-34
8.430600000000000364e+03 3.741597913803001373e-16 7.070000000000000509e-35
8.456200000000000728e+03 4.763675336202858642e-16 6.159000000000000121e-35
8.481700000000000728e+03 6.089125562424573078e-16 5.178000000000000215e-35
8.507299999999999272e+03 7.778141609099483443e-16 6.759000000000000420e-35
8.532899999999999636e+03 9.721172185958565941e-16 6.522999999999999967e-35
8.558399999999999636e+03 1.175810386876252415e-15 8.146999999999999692e-35
8.584000000000000000e+03 1.304984600567070213e-15 4.910000000000000288e-34
8.609600000000000364e+03 1.344711991543743944e-15 5.097000000000000223e-34
8.635200000000000728e+03 1.331469527884852700e-15 4.384000000000000244e-34
8.660700000000000728e+03 1.323042505556467256e-15 3.294000000000000111e-34
8.686299999999999272e+03 1.320634784891214159e-15 2.721999999999999833e-34
8.711899999999999636e+03 1.311003902230202363e-15 4.871999999999999817e-34
8.737399999999999636e+03 1.265257209590397073e-15 8.965000000000000231e-34
8.763000000000000000e+03 1.174365754477100359e-15 1.355999999999999927e-33
8.788600000000000364e+03 1.067342570906609277e-15 1.412999999999999950e-33
8.814200000000000728e+03 9.438265007791354673e-16 1.026000000000000072e-33
8.839700000000000728e+03 8.015302094626894745e-16 8.259000000000000204e-34
8.865299999999999272e+03 6.958312722580872010e-16 7.463000000000000186e-34
8.890899999999999636e+03 5.924196696854751722e-16 1.144999999999999938e-34
8.916399999999999636e+03 5.045378654037445333e-16 9.785999999999999772e-35
8.942000000000000000e+03 4.561426800321612313e-16 4.121000000000000222e-34
8.967600000000000364e+03 4.283335063484904280e-16 1.071999999999999921e-34
8.993200000000000728e+03 3.990797002656676681e-16 1.022000000000000021e-34
9.018700000000000728e+03 3.452671433972653912e-16 7.123000000000000266e-35
9.044299999999999272e+03 3.315431356053238732e-16 6.040999999999999895e-35
9.069899999999999636e+03 3.451467573640028843e-16 7.592999999999999627e-35
9.095399999999999636e+03 3.617600299542478226e-16 7.799999999999999607e-35
9.121000000000000000e+03 3.747617215466133129e-16 4.593999999999999654e-34
9.146600000000000364e+03 4.011262628311327511e-16 3.398999999999999816e-34
9.172100000000000364e+03 4.167764471552765493e-16 3.434999999999999813e-34
9.197700000000000728e+03 4.701074598906281082e-16 9.574999999999999912e-35
9.223299999999999272e+03 5.560630876401565655e-16 1.591000000000000013e-34
