3.776699999999999818e+03 1.690461384274821477e-15 3.596999999999999865e-32
3.802300000000000182e+03 1.603882056014907190e-15 6.137000000000000541e-32
3.827900000000000091e+03 1.334403896805924714e-15 5.467000000000000100e-32
3.853400000000000091e+03 1.018930469458863396e-15 5.237000000000000422e-32
3.879000000000000000e+03 1.113626609743144061e-15 1.051999999999999952e-32
3.904599999999999909e+03 1.333321655202675364e-15 4.057999999999999971e-32
3.930099999999999909e+03 1.933965745005829805e-15 3.488999999999999807e-32
3.955699999999999818e+03 2.359286695082657563e-15 3.065000000000000107e-32
3.981300000000000182e+03 2.701275041709318099e-15 3.714999999999999767e-32
4.006800000000000182e+03 2.887420597468132958e-15 3.009999999999999874e-32
4.032400000000000091e+03 2.870104731816150061e-15 2.985000000000000266e-32
4.058000000000000000e+03 2.717508665758051646e-15 2.669000000000000076e-32
4.083599999999999909e+03 2.272707366822742685e-15 2.502000000000000068e-32
4.109100000000000364e+03 1.871195732017391557e-15 2.126999999999999927e-32
4.134699999999999818e+03 1.840892967126421586e-15 1.628000000000000034e-32
4.160300000000000182e+03 1.878771423240134247e-15 1.997999999999999979e-32
4.185800000000000182e+03 1.969679717913043765e-15 1.794000000000000113e-32
4.211399999999999636e+03 1.901498496908361923e-15 1.290000000000000024e-32
4.237000000000000000e+03 1.791109853376971596e-15 1.286000000000000032e-32
4.262600000000000364e+03 1.928554536989585421e-15 1.146000000000000038e-32
4.288100000000000364e+03 1.898251772098615055e-15 1.457999999999999963e-32
4.313699999999999818e+03 1.864702282397898217e-15 1.158999999999999944e-32
4.339300000000000182e+03 2.069245945411944929e-15 1.173999999999999982e-32
4.364800000000000182e+03 2.137427166416627166e-15 9.462000000000000402e-33
4.390399999999999636e+03 1.996735757994266869e-15 9.692000000000000627e-33
4.416000000000000000e+03 1.646089478541615871e-15 6.257000000000000302e-33
4.441600000000000364e+03 1.511891519738748716e-15 5.883000000000000090e-33
4.467100000000000364e+03 1.362542178490396971e-15 7.701000000000000429e-33
4.492699999999999818e+03 1.516220486151744736e-15 6.656000000000000121e-33
4.518300000000000182e+03 1.817083651854946139e-15 7.730000000000000303e-33
4.543800000000000182e+03 2.152578548862112546e-15 7.865999999999999757e-33
4.569399999999999636e+03 2.430714640897086273e-15 7.094999999999999860e-33
4.595000000000000000e+03 2.786772128365983233e-15 8.014000000000000009e-33
4.620500000000000000e+03 3.019454073064502398e-15 5.575000000000000158e-33
4.646100000000000364e+03 3.168803414312852369e-15 8.913000000000000198e-33
4.671699999999999818e+03 3.132007199802390242e-15 6.425000000000000514e-33
4.697300000000000182e+03 2.913394395946107501e-15 7.212000000000000105e-33
4.722800000000000182e+03 2.425303432880841495e-15 5.420000000000000125e-33
4.748399999999999636e+03 2.007558174026756426e-15 4.759000000000000008e-33
4.774000000000000000e+03 1.695872592291066255e-15 4.848999999999999829e-33
4.799500000000000000e+03 1.550852217455709938e-15 4.591999999999999863e-33
4.825100000000000364e+03 1.396091668191113611e-15 3.938000000000000211e-33
4.850699999999999818e+03 1.514056002945246628e-15 4.015999999999999918e-33
4.876300000000000182e+03 1.835481759110177202e-15 3.086999999999999789e-33
4.901800000000000182e+03 1.688296901068323565e-15 3.610000000000000318e-33
4.927399999999999636e+03 1.810590202235452010e-15 3.575000000000000046e-33
4.953000000000000000e+03 2.168812172910846093e-15 4.459999999999999990e-33
4.978500000000000000e+03 2.439372573723077919e-15 4.674999999999999902e-33
5.004100000000000364e+03 2.531363109999235604e-15 4.567000000000000255e-33
5.029699999999999818e+03 2.453441714565313160e-15 3.603999999999999920e-33
5.055300000000000182e+03 2.076821636634688013e-15 3.486999999999999674e-33
5.080800000000000182e+03 1.694790350687816905e-15 2.632000000000000013e-33
5.106399999999999636e+03 1.641760512128620048e-15 2.913999999999999929e-33
5.132000000000000000e+03 1.712106216339799999e-15 2.469000000000000133e-33
5.157500000000000000e+03 1.822494859871190523e-15 3.390000000000000073e-33
5.183100000000000364e+03 2.041107663727473264e-15 3.174000000000000094e-33
5.208699999999999818e+03 2.217513045057048310e-15 2.911000000000000072e-33
5.234199999999999818e+03 2.337641863017679632e-15 2.726000000000000099e-33
5.259800000000000182e+03 2.543267767634974511e-15 2.696999999999999883e-33
5.285399999999999636e+03 2.824650584479695499e-15 3.187000000000000273e-33
5.311000000000000000e+03 2.992398032983278506e-15 2.990999999999999912e-33
5.336500000000000000e+03 3.146076340644625877e-15 3.569000000000000332e-33
5.362100000000000364e+03 3.228326702491544538e-15 3.056000000000000125e-33
5.387699999999999818e+03 3.189366004774582922e-15 3.326999999999999994e-33
5.413199999999999818e+03 2.954519576869567028e-15 3.147999999999999736e-33
5.438800000000000182e+03 2.871186973419399017e-15 2.908999999999999939e-33
5.464399999999999636e+03 2.747811430649022011e-15 2.815999999999999919e-33
5.490000000000000000e+03 2.634176062307884029e-15 2.289000000000000151e-33
5.515500000000000000e+03 2.496731378695270993e-15 2.313000000000000034e-33
5.541100000000000364e+03 2.581146223748686777e-15 2.697999999999999950e-33
5.566699999999999818e+03 2.576817257335690954e-15 2.696000000000000159e-33
5.592199999999999818e+03 2.397165151196369041e-15 3.020000000000000128e-33
5.617800000000000182e+03 2.038943180520975747e-15 3.713000000000000318e-33
5.643399999999999636e+03 1.765136054898997645e-15 1.518999999999999978e-33
5.668899999999999636e+03 1.577908257536933239e-15 1.505000000000000074e-33
5.694500000000000000e+03 1.363624420093645926e-15 1.552999999999999841e-33
5.720100000000000364e+03 1.191548005177066505e-15 1.471999999999999935e-33
5.745699999999999818e+03 9.496670068509322028e-16 8.881000000000000810e-34
5.771199999999999818e+03 8.102742883524702778e-16 8.843000000000000338e-34
5.796800000000000182e+03 8.542132974443766566e-16 9.256000000000000061e-34
5.822399999999999636e+03 9.308360029544007285e-16 1.079000000000000001e-33
5.847899999999999636e+03 1.100639710504157382e-15 9.566999999999999508e-34
5.873500000000000000e+03 1.231590944497277078e-15 1.409000000000000026e-33
5.899100000000000364e+03 1.415572017049594222e-15 1.270000000000000030e-33
5.924699999999999818e+03 1.630938096096130688e-15 1.317000000000000073e-33
5.950199999999999818e+03 1.716435182752795428e-15 1.525999999999999929e-33
5.975800000000000182e+03 1.677474485035834206e-15 1.265999999999999935e-33
6.001399999999999636e+03 1.628773612889632579e-15 1.257999999999999917e-33
6.026899999999999636e+03 1.536783076613474106e-15 1.190000000000000019e-33
6.052500000000000000e+03 1.470766338815289386e-15 1.077999999999999934e-33
6.078100000000000364e+03 1.472930822021787494e-15 1.095999999999999933e-33
6.103699999999999818e+03 1.497822378896512884e-15 1.162999999999999936e-33
6.129199999999999818e+03 1.574661532727186372e-15 9.685999999999999544e-34
6.154800000000000182e+03 1.738080014817773950e-15 7.916000000000000000e-34
6.180399999999999636e+03 1.895005047288868583e-15 1.168999999999999992e-33
6.205899999999999636e+03 1.984831100358528751e-15 1.185999999999999924e-33
6.231500000000000000e+03 1.956692818674057480e-15 1.352000000000000003e-33
6.257100000000000364e+03 1.919896604163594564e-15 1.162000000000000040e-33
6.282600000000000364e+03 1.837646242316675114e-15 9.225000000000000397e-34
6.308199999999999818e+03 1.752149155660009783e-15 1.235999999999999995e-33
6.333800000000000182e+03 1.703448283513808551e-15 1.157999999999999946e-33
6.359399999999999636e+03 1.795438819789967419e-15 1.010000000000000036e-33
6.384899999999999636e+03 1.971844201119540888e-15 1.322999999999999958e-33
6.410500000000000000e+03 2.203443904214811886e-15 9.414999999999999333e-34
6.436100000000000364e+03 2.443701540136072953e-15 1.237000000000000062e-33
6.461600000000000364e+03 2.569241566112948659e-15 1.180999999999999934e-33
6.487199999999999818e+03 2.628764854291640039e-15 1.469999999999999973e-33
6.512800000000000182e+03 2.663396585595605044e-15 1.270000000000000030e-33
6.538399999999999636e+03 2.712097457741806867e-15 1.510000000000000064e-33
6.563899999999999636e+03 2.654738652769613793e-15 2.275999999999999971e-33
6.589500000000000000e+03 2.524869660379743053e-15 3.006999999999999949e-33
6.615100000000000364e+03 2.338724104620928194e-15 7.477000000000000089e-34
6.640600000000000364e+03 2.128769233590635520e-15 2.238999999999999908e-33
6.666199999999999818e+03 1.853879866365409055e-15 1.056000000000000013e-33
6.691800000000000182e+03 1.547605492645963466e-15 7.946000000000000282e-34
6.717399999999999636e+03 1.331157171996178241e-15 7.067999999999999606e-34
6.742899999999999636e+03 1.179643347541328782e-15 6.250000000000000350e-34
6.768500000000000000e+03 1.076722171072356092e-15 8.713999999999999638e-34
6.794100000000000364e+03 9.939306884238133472e-16 7.345000000000000387e-34
6.819600000000000364e+03 9.535630766226278122e-16 5.836999999999999772e-34
6.845199999999999818e+03 9.351649693673963541e-16 5.403000000000000194e-34
6.870800000000000182e+03 9.075678084845487725e-16 5.689999999999999928e-34
6.896300000000000182e+03 8.770485952729291881e-16 4.860999999999999771e-34
6.921899999999999636e+03 8.810528892049500481e-16 6.469000000000000186e-34
6.947500000000000000e+03 9.025894971096040102e-16 7.590999999999999793e-34
6.973100000000000364e+03 9.309442271147255847e-16 5.598000000000000317e-34
6.998600000000000364e+03 1.004644880295977259e-15 6.137000000000000028e-34
7.024199999999999818e+03 1.088735052868419066e-15 6.220000000000000068e-34
7.049800000000000182e+03 1.107133160123650722e-15 5.833999999999999915e-34
7.075300000000000182e+03 1.112544368139895106e-15 5.878000000000000100e-34
7.100899999999999636e+03 1.133106958601624672e-15 5.678999999999999882e-34
7.126500000000000000e+03 1.141764891427616318e-15 6.362999999999999816e-34
7.152100000000000364e+03 1.177478864334830673e-15 5.280000000000000063e-34
7.177600000000000364e+03 1.239166635720019965e-15 6.888999999999999861e-34
7.203199999999999818e+03 1.304101131914955138e-15 6.379999999999999577e-34
7.228800000000000182e+03 1.420983225065838804e-15 8.851000000000000528e-34
7.254300000000000182e+03 1.597388606395413653e-15 7.243000000000000112e-34
7.279899999999999636e+03 1.768382779708743921e-15 7.211000000000000210e-34
7.305500000000000000e+03 1.949117127451314790e-15 9.917000000000000520e-34
7.331100000000000364e+03 2.140673891226374822e-15 1.082000000000000029e-33
7.356600000000000364e+03 2.218595286660297266e-15 1.069000000000000021e-33
7.382199999999999818e+03 2.161236481688104192e-15 9.012999999999999657e-34
7.407800000000000182e+03 2.033531972504730574e-15 7.728999999999999210e-34
7.433300000000000182e+03 1.877689181636885291e-15 6.506999999999999802e-34
7.458899999999999636e+03 1.773793987724988897e-15 7.647000000000000263e-34
7.484500000000000000e+03 1.716435182752795428e-15 6.210999999999999641e-34
7.510000000000000000e+03 1.652582928161109211e-15 6.898999999999999670e-34
7.535600000000000364e+03 1.564921358297946165e-15 8.746999999999999777e-34
7.561199999999999818e+03 1.462108405989298332e-15 6.062000000000000178e-34
7.586800000000000182e+03 1.335486138409173867e-15 9.671000000000000259e-35
7.612300000000000182e+03 1.147176099443861097e-15 1.278000000000000091e-34
7.637899999999999636e+03 1.039384835760267712e-15 5.627999999999999744e-34
7.663500000000000000e+03 1.025640367399006448e-15 7.503000000000000277e-34
7.689000000000000000e+03 1.080510016683727042e-15 8.184000000000000354e-34
7.714600000000000364e+03 1.183972313954324013e-15 7.323999999999999676e-34
7.740199999999999818e+03 1.328992688789680527e-15 7.142000000000000074e-34
7.765800000000000182e+03 1.537865318216722667e-15 8.422000000000000426e-34
7.791300000000000182e+03 1.778122954137984128e-15 7.819000000000000056e-34
7.816899999999999636e+03 1.995653516391019097e-15 9.718999999999999684e-34
7.842500000000000000e+03 2.096301985493168822e-15 9.026000000000000178e-34
7.868000000000000000e+03 2.107124401525657195e-15 9.256000000000000061e-34
7.893600000000000364e+03 2.080068361444434486e-15 1.010000000000000036e-33
7.919199999999999818e+03 2.054094562966460338e-15 9.300000000000000247e-34
7.944699999999999818e+03 1.974008684326039588e-15 7.988999999999999375e-34
7.970300000000000182e+03 1.764053813295748493e-15 6.560000000000000415e-34
7.995899999999999636e+03 1.558427908678452628e-15 1.648000000000000079e-34
8.021500000000000000e+03 1.335486138409173867e-15 1.329000000000000015e-34
8.047000000000000000e+03 1.146093857840612338e-15 1.023000000000000044e-34
8.072600000000000364e+03 1.033540731102723509e-15 4.902000000000000099e-34
8.098199999999999818e+03 9.739092187637078639e-16 4.536000000000000419e-34
8.123699999999999818e+03 9.656841825790156428e-16 3.891000000000000339e-34
8.149300000000000182e+03 9.327840378402487305e-16 5.540000000000000228e-34
8.174899999999999636e+03 8.988016514982324680e-16 5.548999999999999799e-34
8.200500000000000000e+03 9.067020152019499235e-16 5.014000000000000183e-34
8.226000000000000000e+03 9.338662794434974889e-16 5.295999999999999586e-34
8.251600000000000364e+03 9.544288699052272529e-16 7.604000000000000315e-34
8.277200000000000728e+03 9.373294525738942655e-16 7.281999999999999966e-34
8.302700000000000728e+03 8.573517980937987662e-16 1.603000000000000084e-34
8.328299999999999272e+03 7.393874633396658486e-16 1.453999999999999979e-34
8.353899999999999636e+03 6.232629393110562740e-16 1.451999999999999932e-34
8.379500000000000000e+03 5.752114121268036860e-16 7.334000000000000341e-34
8.405000000000000000e+03 5.967480200314574509e-16 4.968999999999999760e-34
8.430600000000000364e+03 6.896043495902150695e-16 5.048999999999999943e-34
8.456200000000000728e+03 7.936077676624370108e-16 4.910999999999999671e-34
8.481700000000000728e+03 9.026977212699282747e-16 4.790000000000000015e-34
8.507299999999999272e+03 1.087652811265170111e-15 4.921999999999999717e-34
8.532899999999999636e+03 1.338732863218920734e-15 6.304999999999999727e-34
8.558399999999999636e+03 1.570332566314190549e-15 8.588999999999999887e-34
8.584000000000000000e+03 1.717517424356044778e-15 1.008999999999999970e-33
8.609600000000000364e+03 1.825741584680937390e-15 1.075000000000000077e-33
8.635200000000000728e+03 1.863620040794649656e-15 1.250999999999999965e-33
8.660700000000000728e+03 1.874442456827138424e-15 9.309999999999999200e-34
8.686299999999999272e+03 1.867949007207645479e-15 6.707999999999999641e-34
8.711899999999999636e+03 1.897169530495366100e-15 7.629999999999999647e-34
8.737399999999999636e+03 1.878771423240134247e-15 1.252999999999999927e-33
8.763000000000000000e+03 1.772711746121739744e-15 2.046000000000000089e-33
8.788600000000000364e+03 1.634184820905877555e-15 4.305000000000000299e-34
8.814200000000000728e+03 1.506480311722503938e-15 1.476000000000000029e-33
8.839700000000000728e+03 1.363624420093645926e-15 8.422999999999999808e-34
8.865299999999999272e+03 1.238084394116770812e-15 2.377000000000000009e-34
8.890899999999999636e+03 1.123366784172384663e-15 1.842999999999999989e-34
8.916399999999999636e+03 1.026722609002255798e-15 1.515999999999999949e-34
8.942000000000000000e+03 9.510739209351557269e-16 1.386000000000000081e-34
8.967600000000000364e+03 8.893861495499666323e-16 5.591999999999999748e-34
8.993200000000000728e+03 8.260750157599047944e-16 7.646000000000000026e-34
9.018700000000000728e+03 7.651448134969901857e-16 1.152999999999999913e-34
9.044299999999999272e+03 7.351667210869950791e-16 5.551000000000000274e-34
9.069899999999999636e+03 7.206646836034593291e-16 6.408000000000000240e-34
9.095399999999999636e+03 7.378723250951173698e-16 6.488999999999999804e-34
9.121000000000000000e+03 7.992354239993314029e-16 8.165999999999999500e-34
9.146600000000000364e+03 8.713127147757098412e-16 8.809000000000000817e-34
9.172100000000000364e+03 9.146023789056671818e-16 9.031000000000000510e-34
9.197700000000000728e+03 9.591907329595226974e-16 8.945999999999999996e-34
9.223299999999999272e+03 1.046094733700411553e-15 8.652000000000000309e-34
