3.776699999999999818e+03 5.686308463730073549e-16 3.618999999999999958e-32
3.802300000000000182e+03 4.939464001397564981e-16 4.037999999999999737e-32
3.827900000000000091e+03 3.473840213104087023e-16 2.793999999999999758e-32
3.853400000000000091e+03 3.503464523718534519e-16 1.796999999999999901e-32
3.879000000000000000e+03 3.169021648623906963e-16 1.961000000000000121e-32
3.904599999999999909e+03 2.991275784937255517e-16 2.102999999999999975e-32
3.930099999999999909e+03 5.208421558291838315e-16 1.876000000000000086e-32
3.955699999999999818e+03 6.328688251790618423e-16 1.532999999999999881e-32
3.981300000000000182e+03 8.287011100829556596e-16 1.597000000000000027e-32
4.006800000000000182e+03 9.362841328406667679e-16 1.536999999999999873e-32
4.032400000000000091e+03 9.331657843549351308e-16 1.177000000000000045e-32
4.058000000000000000e+03 9.097781707119563329e-16 1.271999999999999923e-32
4.083599999999999909e+03 9.175740419262828618e-16 8.975000000000000212e-33
4.109100000000000364e+03 6.476809804862832727e-16 7.041000000000000378e-33
4.134699999999999818e+03 6.155619910832556346e-16 9.425999999999999379e-33
4.160300000000000182e+03 5.990347441088833223e-16 8.138999999999999418e-33
4.185800000000000182e+03 6.543854297306046950e-16 7.163999999999999654e-33
4.211399999999999636e+03 6.942223316358146541e-16 5.441000000000000152e-33
4.237000000000000000e+03 6.163415782046894314e-16 5.153000000000000180e-33
4.262600000000000364e+03 6.804236395864566861e-16 4.536000000000000248e-33
4.288100000000000364e+03 7.073193952758852027e-16 4.145000000000000276e-33
4.313699999999999818e+03 7.279004952817073219e-16 4.139999999999999944e-33
4.339300000000000182e+03 7.858238184041580742e-16 4.648000000000000162e-33
4.364800000000000182e+03 8.520887237259375143e-16 3.898000000000000291e-33
4.390399999999999636e+03 8.552070722116678695e-16 3.982999999999999779e-33
4.416000000000000000e+03 7.665680165047686566e-16 4.221999999999999917e-33
4.441600000000000364e+03 7.172201517180797091e-16 3.628000000000000146e-33
4.467100000000000364e+03 5.995804550938861715e-16 3.956000000000000038e-33
4.492699999999999818e+03 6.302182289661908185e-16 4.154000000000000190e-33
4.518300000000000182e+03 7.364759536174673517e-16 3.045000000000000078e-33
4.543800000000000182e+03 7.834850570398589519e-16 4.540999999999999896e-33
4.569399999999999636e+03 9.456391782978581293e-16 3.163000000000000048e-33
4.595000000000000000e+03 1.032173348776888477e-15 3.125000000000000260e-33
4.620500000000000000e+03 1.071932291969955905e-15 3.328000000000000060e-33
4.646100000000000364e+03 1.056340549541302847e-15 2.433000000000000137e-33
4.671699999999999818e+03 1.014242844983935804e-15 2.959999999999999906e-33
4.697300000000000182e+03 8.450724396330413309e-16 2.414999999999999968e-33
4.722800000000000182e+03 6.558666452613270945e-16 2.866999999999999886e-33
4.748399999999999636e+03 5.635635300836953675e-16 5.728000000000000058e-33
4.774000000000000000e+03 4.884113315775837002e-16 1.676000000000000143e-33
4.799500000000000000e+03 4.653355527831758178e-16 1.856999999999999850e-33
4.825100000000000364e+03 4.520046130066762937e-16 5.002999999999999795e-33
4.850699999999999818e+03 4.523944065673925018e-16 2.223999999999999938e-33
4.876300000000000182e+03 5.568590808393745368e-16 1.510000000000000064e-33
4.901800000000000182e+03 5.439179346235917139e-16 1.638000000000000014e-33
4.927399999999999636e+03 5.754912130416152210e-16 1.794999999999999837e-33
4.953000000000000000e+03 6.320892380576295247e-16 7.509999999999999373e-33
4.978500000000000000e+03 7.668018926411986181e-16 1.168999999999999992e-33
5.004100000000000364e+03 8.224644131114939631e-16 1.979000000000000085e-33
5.029699999999999818e+03 8.481907881187736582e-16 1.437000000000000004e-33
5.055300000000000182e+03 7.716353327940823203e-16 1.671000000000000153e-33
5.080800000000000182e+03 6.370785956347993749e-16 1.547000000000000127e-33
5.106399999999999636e+03 5.294955728770864916e-16 1.322999999999999958e-33
5.132000000000000000e+03 5.877307308481079621e-16 1.399000000000000046e-33
5.157500000000000000e+03 6.382479763169478020e-16 1.267000000000000002e-33
5.183100000000000364e+03 8.037543221971087752e-16 1.209999999999999979e-33
5.208699999999999818e+03 9.440800040549944801e-16 1.150999999999999994e-33
5.234199999999999818e+03 9.760430760337343925e-16 1.093000000000000076e-33
5.259800000000000182e+03 9.822797730051966806e-16 1.015999999999999921e-33
5.285399999999999636e+03 1.004887799526743654e-15 1.041999999999999972e-32
5.311000000000000000e+03 9.986511025552837324e-16 8.490999999999999536e-33
5.336500000000000000e+03 1.029055000291157629e-15 1.332000000000000043e-33
5.362100000000000364e+03 9.721451404265719169e-16 8.465999999999999928e-33
5.387699999999999818e+03 9.339453714763675470e-16 1.072999999999999944e-33
5.413199999999999818e+03 7.881625797684561118e-16 1.014999999999999958e-32
5.438800000000000182e+03 7.682051494597781901e-16 7.003999999999999973e-33
5.464399999999999636e+03 6.674824933706735673e-16 6.813000000000000286e-33
5.490000000000000000e+03 5.298853664378038830e-16 6.902000000000000040e-33
5.515500000000000000e+03 5.203744035563245987e-16 7.234000000000000198e-33
5.541100000000000364e+03 5.350306414392590923e-16 4.753999999999999676e-33
5.566699999999999818e+03 5.917845838795593467e-16 1.013999999999999960e-33
5.592199999999999818e+03 5.345628891663999581e-16 4.894000000000000081e-33
5.617800000000000182e+03 4.087375277671620565e-16 4.115000000000000336e-33
5.643399999999999636e+03 3.914306936713564898e-16 5.164000000000000226e-33
5.668899999999999636e+03 2.906300788701085958e-16 2.639000000000000136e-33
5.694500000000000000e+03 2.698151027278563672e-16 3.161999999999999981e-34
5.720100000000000364e+03 2.599923049978040474e-16 3.179999999999999808e-33
5.745699999999999818e+03 2.093971008168222675e-16 3.179000000000000170e-34
5.771199999999999818e+03 1.614524928487112403e-16 1.929999999999999910e-33
5.796800000000000182e+03 1.473419659507794232e-16 2.275999999999999971e-33
5.822399999999999636e+03 1.653504284558747266e-16 3.150999999999999935e-34
5.847899999999999636e+03 2.563282455270702514e-16 2.463000000000000077e-33
5.873500000000000000e+03 2.433870993112881187e-16 1.974000000000000095e-33
5.899100000000000364e+03 2.874337716722348708e-16 2.290999999999999941e-33
5.924699999999999818e+03 3.783336300312876668e-16 3.621999999999999747e-33
5.950199999999999818e+03 3.933017027627948508e-16 2.512999999999999977e-33
5.975800000000000182e+03 3.469162690375495681e-16 1.768000000000000096e-33
6.001399999999999636e+03 3.681210387405186951e-16 2.328000000000000004e-33
6.026899999999999636e+03 3.029475553887454463e-16 1.867999999999999897e-33
6.052500000000000000e+03 2.586670068913683383e-16 2.095000000000000179e-34
6.078100000000000364e+03 2.379299894612590850e-16 1.890000000000000032e-34
6.103699999999999818e+03 2.509490943891849326e-16 1.751999999999999974e-34
6.129199999999999818e+03 3.133160641038003194e-16 1.801999999999999960e-33
6.154800000000000182e+03 3.392763152475091872e-16 1.805000000000000159e-33
6.180399999999999636e+03 3.473840213104087023e-16 1.645999999999999861e-33
6.205899999999999636e+03 3.865192948063298122e-16 1.672999999999999944e-33
6.231500000000000000e+03 4.419479391401956887e-16 1.288999999999999924e-33
6.257100000000000364e+03 4.665828921774675654e-16 1.671000000000000153e-33
6.282600000000000364e+03 5.241164217392011235e-16 1.536000000000000080e-33
6.308199999999999818e+03 5.238045868906280387e-16 1.445000000000000023e-33
6.333800000000000182e+03 5.200625687077516125e-16 1.589999999999999904e-33
6.359399999999999636e+03 5.082908031741176111e-16 1.660999999999999831e-33
6.384899999999999636e+03 4.990137164290677953e-16 1.630000000000000166e-33
6.410500000000000000e+03 5.156968808277282277e-16 1.592000000000000037e-33
6.436100000000000364e+03 5.530391039443540013e-16 1.609000000000000140e-33
6.461600000000000364e+03 5.830532081195130703e-16 1.275000000000000020e-33
6.487199999999999818e+03 5.837548365288022646e-16 1.222999999999999987e-33
6.512800000000000182e+03 5.627839429622626554e-16 1.479000000000000057e-33
6.538399999999999636e+03 5.701900206158733707e-16 1.170000000000000059e-33
6.563899999999999636e+03 5.448534391693109684e-16 1.505999999999999969e-33
6.589500000000000000e+03 5.219335777991894312e-16 4.308000000000000156e-34
6.615100000000000364e+03 4.899705058204491243e-16 3.930000000000000193e-34
6.640600000000000364e+03 4.141166789050482627e-16 2.604000000000000035e-34
6.666199999999999818e+03 3.491770716897044331e-16 1.010000000000000036e-33
6.691800000000000182e+03 2.796379004579076516e-16 6.862000000000000291e-34
6.717399999999999636e+03 2.216366186233153538e-16 1.029999999999999996e-34
6.742899999999999636e+03 2.057330413460882004e-16 7.193000000000000212e-34
6.768500000000000000e+03 1.861654045981275961e-16 6.989999999999999899e-34
6.794100000000000364e+03 1.726005886851987268e-16 6.137000000000000028e-34
6.819600000000000364e+03 1.648047174708719267e-16 5.890999999999999767e-34
6.845199999999999818e+03 1.474978833750660396e-16 5.501999999999999756e-34
6.870800000000000182e+03 1.544362087558167085e-16 5.713999999999999641e-34
6.896300000000000182e+03 1.501484795879371620e-16 5.062999999999999846e-34
6.921899999999999636e+03 1.414171038278911074e-16 6.552999999999999608e-34
6.947500000000000000e+03 1.361159114021487887e-16 9.791000000000000960e-35
6.973100000000000364e+03 1.526431583765216433e-16 9.640999999999999549e-35
6.998600000000000364e+03 1.715091667151930779e-16 5.220999999999999736e-34
7.024199999999999818e+03 1.857756110374113634e-16 4.478000000000000330e-34
7.049800000000000182e+03 2.120476970296934145e-16 4.227999999999999974e-34
7.075300000000000182e+03 2.277953568826336804e-16 4.227999999999999974e-34
7.100899999999999636e+03 2.426075121898550123e-16 4.845000000000000247e-34
7.126500000000000000e+03 2.451021909784394936e-16 4.716999999999999784e-34
7.152100000000000364e+03 2.676322587878443790e-16 5.811999999999999822e-34
7.177600000000000364e+03 2.948398493258454874e-16 5.385999999999999578e-34
7.203199999999999818e+03 3.041948947830379828e-16 6.017999999999999992e-34
7.228800000000000182e+03 3.344428750946265696e-16 5.112000000000000364e-34
7.254300000000000182e+03 3.828552353355965092e-16 5.753999999999999732e-34
7.279899999999999636e+03 4.270578251208304940e-16 5.252000000000000256e-34
7.305500000000000000e+03 4.900484645325926420e-16 5.933999999999999715e-34
7.331100000000000364e+03 5.419689668200099831e-16 6.495000000000000374e-34
7.356600000000000364e+03 5.786875202394896856e-16 7.510000000000000229e-34
7.382199999999999818e+03 5.700341031915869269e-16 8.982999999999999374e-34
7.407800000000000182e+03 5.164764679491604468e-16 7.281999999999999966e-34
7.433300000000000182e+03 4.355553247444470554e-16 6.004000000000000088e-34
7.458899999999999636e+03 3.716291807869659487e-16 5.911000000000000240e-34
7.484500000000000000e+03 3.254776231981506768e-16 5.051000000000000417e-34
7.510000000000000000e+03 2.999071656151579679e-16 5.418000000000000335e-34
7.535600000000000364e+03 2.684118459092773376e-16 5.244000000000000066e-34
7.561199999999999818e+03 2.287308614283527870e-16 9.442999999999999568e-35
7.586800000000000182e+03 2.070583394525241313e-16 1.506999999999999950e-34
7.612300000000000182e+03 1.858535697495544127e-16 5.957000000000000045e-34
7.637899999999999636e+03 1.782136159595140811e-16 5.212000000000000164e-34
7.663500000000000000e+03 2.106444402111144835e-16 5.645000000000000360e-34
7.689000000000000000e+03 2.560164106784970187e-16 5.303000000000000393e-34
7.714600000000000364e+03 2.855627625807965098e-16 4.096999999999999654e-34
7.740199999999999818e+03 3.286739303960243525e-16 4.342999999999999915e-34
7.765800000000000182e+03 4.132591330714715892e-16 4.837000000000000058e-34
7.791300000000000182e+03 4.954276156704782073e-16 6.206000000000000164e-34
7.816899999999999636e+03 5.246621327242035782e-16 6.143999999999999980e-34
7.842500000000000000e+03 5.065757115069647571e-16 6.143999999999999980e-34
7.868000000000000000e+03 4.587090622509977160e-16 5.775999999999999825e-34
7.893600000000000364e+03 4.206652107250825016e-16 6.675000000000000356e-34
7.919199999999999818e+03 3.586100758590398545e-16 7.507000000000000372e-34
7.944699999999999818e+03 3.243082425160017566e-16 5.476999999999999806e-34
7.970300000000000182e+03 2.863423497022288767e-16 6.034999999999999753e-34
7.995899999999999636e+03 2.545351951477751616e-16 5.231999999999999782e-34
8.021500000000000000e+03 2.265480174883411439e-16 4.949000000000000142e-34
8.047000000000000000e+03 1.933376061153084238e-16 4.668000000000000122e-34
8.072600000000000364e+03 1.733801758066315129e-16 3.909999999999999719e-34
8.098199999999999818e+03 1.708075383059036124e-16 4.031999999999999613e-34
8.123699999999999818e+03 1.651165523194449869e-16 4.124000000000000079e-34
8.149300000000000182e+03 1.670655201230265698e-16 4.514000000000000327e-34
8.174899999999999636e+03 1.740818042159208797e-16 3.382000000000000055e-34
8.200500000000000000e+03 1.798507489145231215e-16 3.924999999999999860e-34
8.226000000000000000e+03 1.854637761888384511e-16 4.059000000000000038e-34
8.251600000000000364e+03 1.853078587645518347e-16 3.910999999999999957e-34
8.277200000000000728e+03 1.925580189938757117e-16 5.742999999999999686e-34
8.302700000000000728e+03 1.874127439924200340e-16 8.295999999999999583e-34
8.328299999999999272e+03 1.524092822400918297e-16 9.870000000000000477e-34
8.353899999999999636e+03 1.272286182178158959e-16 8.320000000000000151e-34
8.379500000000000000e+03 1.208360038220677310e-16 7.522999999999999895e-34
8.405000000000000000e+03 1.501484795879371620e-16 6.052000000000000369e-34
8.430600000000000364e+03 2.181284765768685193e-16 5.251000000000000018e-34
8.456200000000000728e+03 2.747265015928819108e-16 4.665999999999999647e-34
8.481700000000000728e+03 3.614165894961971742e-16 5.444999999999999904e-34
8.507299999999999272e+03 4.615155758881552822e-16 7.369000000000000100e-34
8.532899999999999636e+03 6.064408217624943334e-16 7.125000000000000313e-34
8.558399999999999636e+03 7.409196002096341556e-16 8.157999999999999311e-34
8.584000000000000000e+03 8.185664775043284307e-16 7.957999999999999711e-34
8.609600000000000364e+03 8.341582199329838551e-16 7.383000000000000003e-34
8.635200000000000728e+03 8.302602843258207879e-16 9.169000000000000782e-34
8.660700000000000728e+03 8.224644131114939631e-16 9.358999999999999718e-34
8.686299999999999272e+03 8.177868903828975922e-16 9.123999999999999503e-34
8.711899999999999636e+03 8.115501934114354027e-16 1.067000000000000059e-33
8.737399999999999636e+03 7.905013411327525716e-16 1.557999999999999831e-33
8.763000000000000000e+03 7.367098297538975105e-16 1.820000000000000129e-33
8.788600000000000364e+03 6.609339615506386874e-16 2.381000000000000104e-33
8.814200000000000728e+03 5.489072922007614655e-16 1.836999999999999890e-33
8.839700000000000728e+03 4.339961505015811382e-16 1.322000000000000063e-33
8.865299999999999272e+03 3.769303732127088344e-16 1.059000000000000041e-33
8.890899999999999636e+03 3.362359254739217581e-16 8.037000000000000511e-34
8.916399999999999636e+03 2.763636345478903596e-16 6.164999999999999835e-34
8.942000000000000000e+03 2.395671224162670408e-16 8.243999999999999208e-34
8.967600000000000364e+03 2.344218474148118315e-16 1.002000000000000018e-33
8.993200000000000728e+03 1.902192576295777235e-16 8.488000000000000705e-34
9.018700000000000728e+03 1.735360932309181785e-16 7.549000000000000082e-34
9.044299999999999272e+03 1.853078587645518347e-16 6.945000000000000331e-34
9.069899999999999636e+03 1.776679049745112812e-16 7.538000000000000036e-34
9.095399999999999636e+03 1.714312080030498313e-16 7.128000000000000170e-34
9.121000000000000000e+03 1.904531337660072166e-16 7.532000000000000322e-34
9.146600000000000364e+03 1.975473765710449950e-16 7.536999999999999798e-34
9.172100000000000364e+03 1.952865739188904505e-16 6.438999999999999904e-34
9.197700000000000728e+03 2.168031784704326130e-16 7.804000000000000771e-34
9.223299999999999272e+03 2.547690712842048766e-16 8.070000000000000650e-34
