3.776699999999999818e+03 1.817041440700130793e-15 5.694000000000000263e-32
3.802300000000000182e+03 1.445687143582478238e-15 5.129999999999999473e-32
3.827900000000000091e+03 1.110819622382498223e-15 4.013000000000000232e-34
3.853400000000000091e+03 1.034602801576692325e-15 5.818000000000000391e-34
3.879000000000000000e+03 1.043521791245456671e-15 2.726000000000000168e-32
3.904599999999999909e+03 1.428659981487563913e-15 2.804000000000000149e-32
3.930099999999999909e+03 2.181098382634248918e-15 2.303000000000000123e-32
3.955699999999999818e+03 2.700021417907825885e-15 1.926000000000000123e-32
3.981300000000000182e+03 3.228674260092779987e-15 2.122999999999999935e-32
4.006800000000000182e+03 3.572460770961524742e-15 1.577999999999999997e-32
4.032400000000000091e+03 3.569217501991066486e-15 2.005000000000000034e-32
4.058000000000000000e+03 3.167052149654043144e-15 1.702999999999999952e-32
4.083599999999999909e+03 2.608399069492334592e-15 1.372999999999999927e-32
4.109100000000000364e+03 2.231369051676376737e-15 1.352999999999999967e-32
4.134699999999999818e+03 2.228125782705916903e-15 1.041000000000000043e-32
4.160300000000000182e+03 2.163260403296719437e-15 8.468999999999999443e-33
4.185800000000000182e+03 2.258936837925285719e-15 8.592000000000000087e-33
4.211399999999999636e+03 2.204612082670082122e-15 7.003000000000000591e-33
4.237000000000000000e+03 2.180287565391633762e-15 5.874000000000000177e-33
4.262600000000000364e+03 2.307585872482184016e-15 5.260999999999999827e-33
4.288100000000000364e+03 2.315694044908333206e-15 4.361000000000000256e-33
4.313699999999999818e+03 2.371640434648765538e-15 3.280000000000000293e-33
4.339300000000000182e+03 2.474614224460865065e-15 3.555000000000000086e-33
4.364800000000000182e+03 2.598669262580953513e-15 3.480999999999999960e-33
4.390399999999999636e+03 2.452722158910261384e-15 3.072999999999999885e-33
4.416000000000000000e+03 1.918393596027001192e-15 2.367999999999999925e-33
4.441600000000000364e+03 1.692175585337426992e-15 2.490000000000000160e-33
4.467100000000000364e+03 1.625688571442999806e-15 1.636000000000000018e-32
4.492699999999999818e+03 1.883528454594557387e-15 1.302999999999999930e-32
4.518300000000000182e+03 2.306775055239567677e-15 2.484000000000000103e-33
4.543800000000000182e+03 2.644885845410007921e-15 2.442000000000000050e-33
4.569399999999999636e+03 3.031645670137344488e-15 2.332999999999999994e-33
4.595000000000000000e+03 3.544892984712616943e-15 2.332999999999999994e-33
4.620500000000000000e+03 4.088951354507255453e-15 2.241000000000000041e-33
4.646100000000000364e+03 4.114897506270935702e-15 2.373999999999999981e-33
4.671699999999999818e+03 4.273006868580852011e-15 2.577999999999999847e-33
4.697300000000000182e+03 4.053275395832197281e-15 1.598000000000000094e-33
4.722800000000000182e+03 3.439486743172669976e-15 1.407999999999999960e-33
4.748399999999999636e+03 2.771373335257941047e-15 1.185000000000000029e-33
4.774000000000000000e+03 2.404073124353363482e-15 1.154999999999999918e-33
4.799500000000000000e+03 2.154341413627955486e-15 1.335999999999999967e-33
4.825100000000000364e+03 1.872987830440563518e-15 1.229000000000000043e-33
4.850699999999999818e+03 2.073259689366458456e-15 1.067000000000000059e-33
4.876300000000000182e+03 2.490019752070550262e-15 1.173999999999999982e-33
4.901800000000000182e+03 2.418667834720431945e-15 1.003000000000000084e-33
4.927399999999999636e+03 2.358667358766925808e-15 8.810000000000000199e-34
4.953000000000000000e+03 2.907590632017255646e-15 9.295999999999999297e-34
4.978500000000000000e+03 3.435432656959596170e-15 1.051000000000000023e-33
5.004100000000000364e+03 3.450027367326665422e-15 1.100000000000000027e-33
5.029699999999999818e+03 3.231917529063240610e-15 8.705999999999999449e-34
5.055300000000000182e+03 2.789211314595471710e-15 7.005000000000000040e-34
5.080800000000000182e+03 2.273531548292355761e-15 4.031999999999999613e-34
5.106399999999999636e+03 2.276774817262814411e-15 4.561000000000000370e-34
5.132000000000000000e+03 2.359478176009541752e-15 5.905999999999999908e-34
5.157500000000000000e+03 2.487587300342704401e-15 6.037999999999999610e-34
5.183100000000000364e+03 2.572723110817276026e-15 7.078000000000000270e-34
5.208699999999999818e+03 2.789211314595471710e-15 4.019000000000000118e-33
5.234199999999999818e+03 2.965158656242917894e-15 2.963999999999999829e-33
5.259800000000000182e+03 3.284620649833213501e-15 2.743999999999999926e-33
5.285399999999999636e+03 3.777597533343110614e-15 7.205999999999999878e-34
5.311000000000000000e+03 4.043545588920815413e-15 5.702000000000000212e-34
5.336500000000000000e+03 4.252736437515479035e-15 5.396999999999999624e-34
5.362100000000000364e+03 4.393818637730482991e-15 5.112000000000000364e-34
5.387699999999999818e+03 4.401115992914015054e-15 5.940999999999999667e-34
5.413199999999999818e+03 4.158681637372142276e-15 4.857999999999999913e-34
5.438800000000000182e+03 4.013545350944066091e-15 4.488000000000000139e-34
5.464399999999999636e+03 3.962463864659321144e-15 4.367999999999999865e-34
5.490000000000000000e+03 3.918679733558112204e-15 4.257000000000000019e-34
5.515500000000000000e+03 3.831111471355698267e-15 4.096000000000000272e-34
5.541100000000000364e+03 3.912193195617193325e-15 5.803999999999999632e-34
5.566699999999999818e+03 4.033815782009437489e-15 1.098999999999999961e-33
5.592199999999999818e+03 3.742732391910666414e-15 1.850000000000000069e-33
5.617800000000000182e+03 3.275701660164448761e-15 3.046000000000000144e-33
5.643399999999999636e+03 2.896239190620645044e-15 4.957999999999999714e-34
5.668899999999999636e+03 2.616507241918484572e-15 3.294000000000000111e-34
5.694500000000000000e+03 2.319748131121407407e-15 2.865999999999999820e-34
5.720100000000000364e+03 2.001096954773727350e-15 2.912999999999999863e-34
5.745699999999999818e+03 1.658121261147598145e-15 3.755999999999999924e-34
5.771199999999999818e+03 1.402713829723885045e-15 2.629999999999999795e-34
5.796800000000000182e+03 1.388119119356815399e-15 1.890000000000000032e-34
5.822399999999999636e+03 1.576228719643487143e-15 2.646000000000000173e-34
5.847899999999999636e+03 1.840555140735964391e-15 2.999999999999999997e-34
5.873500000000000000e+03 1.981637340950968347e-15 1.903000000000000169e-33
5.899100000000000364e+03 2.220017610279766530e-15 2.725999999999999928e-34
5.924699999999999818e+03 2.436505814057962609e-15 2.840000000000000060e-34
5.950199999999999818e+03 2.530560614201298185e-15 2.628999999999999985e-34
5.975800000000000182e+03 2.579209648758195693e-15 2.442999999999999860e-34
6.001399999999999636e+03 2.550831045266673133e-15 3.325000000000000203e-34
6.026899999999999636e+03 2.422721920933508118e-15 2.667000000000000029e-34
6.052500000000000000e+03 2.279207268990659089e-15 2.095000000000000179e-34
6.078100000000000364e+03 2.258936837925285719e-15 2.503999999999999807e-34
6.103699999999999818e+03 2.298666882813419670e-15 2.210999999999999930e-34
6.129199999999999818e+03 2.389478413986293835e-15 2.075000000000000133e-34
6.154800000000000182e+03 2.531371431443911763e-15 2.044000000000000041e-34
6.180399999999999636e+03 2.773805786985786514e-15 2.289999999999999875e-34
6.205899999999999636e+03 2.838671166394983191e-15 2.404000000000000007e-34
6.231500000000000000e+03 2.778670690441477842e-15 2.156999999999999935e-34
6.257100000000000364e+03 2.630291135042938668e-15 2.446000000000000145e-34
6.282600000000000364e+03 2.472181772733019598e-15 2.379999999999999866e-34
6.308199999999999818e+03 2.341640196672010694e-15 2.086999999999999990e-34
6.333800000000000182e+03 2.390289231228908991e-15 4.574000000000000036e-34
6.359399999999999636e+03 2.511101000378538393e-15 1.857999999999999917e-34
6.384899999999999636e+03 2.784346411139781960e-15 2.525999999999999900e-34
6.410500000000000000e+03 3.143538449618209151e-15 2.298999999999999874e-34
6.436100000000000364e+03 3.474351884605113388e-15 1.730000000000000095e-34
6.461600000000000364e+03 3.711110519448681259e-15 2.035000000000000042e-34
6.487199999999999818e+03 3.844895364480150786e-15 2.269000000000000020e-34
6.512800000000000182e+03 3.882192957640439270e-15 2.217999999999999882e-34
6.538399999999999636e+03 3.895166033522280183e-15 2.287000000000000018e-34
6.563899999999999636e+03 3.939760981866103096e-15 3.157000000000000077e-34
6.589500000000000000e+03 3.857057623119377727e-15 5.839999999999999629e-34
6.615100000000000364e+03 3.646245140039485371e-15 7.258999999999999635e-34
6.640600000000000364e+03 3.326783146449191342e-15 4.287000000000000301e-34
6.666199999999999818e+03 2.926239428597399494e-15 1.691000000000000028e-34
6.691800000000000182e+03 2.538668786627448165e-15 1.354999999999999989e-34
6.717399999999999636e+03 2.220017610279766530e-15 1.648000000000000079e-34
6.742899999999999636e+03 2.044881085874935107e-15 1.714999999999999954e-34
6.768500000000000000e+03 1.914339509813925808e-15 1.821999999999999920e-34
6.794100000000000364e+03 1.790284471693836572e-15 2.021999999999999948e-34
6.819600000000000364e+03 1.735148899196020185e-15 1.343999999999999942e-34
6.845199999999999818e+03 1.700283757763576577e-15 1.177000000000000053e-34
6.870800000000000182e+03 1.636229195596994464e-15 1.416999999999999959e-34
6.896300000000000182e+03 1.519471512660439656e-15 1.403000000000000055e-34
6.921899999999999636e+03 1.456227767736472698e-15 6.085999999999999890e-34
6.947500000000000000e+03 1.493525360896760591e-15 1.109999999999999965e-34
6.973100000000000364e+03 1.542985212696273451e-15 1.315999999999999921e-34
6.998600000000000364e+03 1.599742419679320938e-15 1.291999999999999995e-34
7.024199999999999818e+03 1.688932316366967158e-15 1.235999999999999953e-34
7.049800000000000182e+03 1.754608513018779188e-15 1.011999999999999998e-34
7.075300000000000182e+03 1.805689999303521374e-15 8.849999999999999862e-35
7.100899999999999636e+03 1.840555140735964391e-15 1.070999999999999897e-34
7.126500000000000000e+03 1.864879658014413539e-15 1.205000000000000074e-34
7.152100000000000364e+03 1.877041916653638114e-15 9.927999999999999284e-35
7.177600000000000364e+03 1.883528454594557387e-15 1.155999999999999984e-34
7.203199999999999818e+03 1.939474844334990901e-15 9.176999999999999261e-34
7.228800000000000182e+03 2.110557282526746151e-15 1.334000000000000005e-33
7.254300000000000182e+03 2.275153182777584494e-15 1.213000000000000007e-33
7.279899999999999636e+03 2.427586824389197474e-15 2.030999999999999947e-34
7.305500000000000000e+03 2.627047866072478045e-15 8.057000000000000129e-34
7.331100000000000364e+03 2.864617318158661862e-15 9.942999999999999852e-34
7.356600000000000364e+03 2.972456011426452718e-15 1.621000000000000082e-34
7.382199999999999818e+03 2.959482935544612988e-15 1.793000000000000089e-34
7.407800000000000182e+03 2.854076694004667204e-15 1.388999999999999938e-34
7.433300000000000182e+03 2.695156514452135345e-15 1.318999999999999992e-34
7.458899999999999636e+03 2.597047628095725174e-15 7.042000000000000274e-34
7.484500000000000000e+03 2.578398831515581326e-15 1.008999999999999970e-33
7.510000000000000000e+03 2.635966855741244364e-15 2.224999999999999834e-34
7.535600000000000364e+03 2.627858683315093201e-15 2.336000000000000108e-34
7.561199999999999818e+03 2.502992827952389203e-15 2.181000000000000076e-34
7.586800000000000182e+03 2.329477938032787303e-15 2.190999999999999885e-34
7.612300000000000182e+03 1.980015706465737247e-15 1.878999999999999986e-34
7.637899999999999636e+03 1.640283281810068861e-15 7.618999999999999601e-34
7.663500000000000000e+03 1.577850354128716863e-15 1.131000000000000034e-33
7.689000000000000000e+03 1.703527026734035819e-15 1.724999999999999977e-33
7.714600000000000364e+03 1.825960430368894744e-15 1.430000000000000053e-33
7.740199999999999818e+03 2.045691903117550657e-15 4.706999999999999975e-34
7.765800000000000182e+03 2.316504862150946784e-15 3.880999999999999675e-34
7.791300000000000182e+03 2.545155324568368227e-15 9.657999999999999737e-34
7.816899999999999636e+03 2.850833425034208159e-15 7.330999999999999628e-34
7.842500000000000000e+03 2.990293990763981410e-15 1.665000000000000054e-34
7.868000000000000000e+03 3.102186770244846466e-15 1.288999999999999924e-33
7.893600000000000364e+03 3.171917053109732105e-15 1.443000000000000061e-33
7.919199999999999818e+03 3.205160560056946389e-15 1.445000000000000023e-33
7.944699999999999818e+03 3.162187246198354576e-15 1.515999999999999949e-33
7.970300000000000182e+03 2.944888225177543736e-15 1.838999999999999895e-34
7.995899999999999636e+03 2.613263972948024738e-15 1.686999999999999933e-34
8.021500000000000000e+03 2.266234193108819360e-15 7.899000000000000239e-34
8.047000000000000000e+03 1.971907534039588451e-15 6.956000000000000377e-34
8.072600000000000364e+03 1.782987116510303326e-15 6.794999999999999775e-34
8.098199999999999818e+03 1.706770295704495850e-15 5.091999999999999891e-34
8.123699999999999818e+03 1.643526550780528695e-15 6.387000000000000384e-34
8.149300000000000182e+03 1.610283043833315201e-15 7.153000000000000120e-34
8.174899999999999636e+03 1.534877040270124064e-15 6.315000000000000391e-34
8.200500000000000000e+03 1.507309254021214687e-15 7.402000000000000239e-34
8.226000000000000000e+03 1.561634009276418285e-15 7.772999999999999396e-34
8.251600000000000364e+03 1.574607085158256634e-15 9.444000000000000233e-34
8.277200000000000728e+03 1.517039060932594781e-15 2.601000000000000178e-34
8.302700000000000728e+03 1.404335464209114568e-15 4.204000000000000261e-34
8.328299999999999272e+03 1.203252788040604277e-15 4.864999999999999865e-34
8.353899999999999636e+03 1.024872994665312823e-15 2.238999999999999908e-33
8.379500000000000000e+03 9.527102600725809285e-16 6.715999999999999830e-34
8.405000000000000000e+03 9.737915083805700458e-16 1.126000000000000044e-33
8.430600000000000364e+03 1.071089577494365456e-15 8.472999999999999709e-34
8.456200000000000728e+03 1.211360960466754059e-15 5.998999999999999756e-34
8.481700000000000728e+03 1.381632581415896125e-15 8.073999999999999889e-34
8.507299999999999272e+03 1.583526074827021572e-15 7.416000000000000143e-34
8.532899999999999636e+03 1.847041678676884848e-15 6.382000000000000052e-34
8.558399999999999636e+03 2.181098382634248918e-15 8.447000000000000376e-34
8.584000000000000000e+03 2.463262783064256041e-15 1.337000000000000033e-33
8.609600000000000364e+03 2.604344983279259997e-15 1.473000000000000001e-33
8.635200000000000728e+03 2.657048104049232100e-15 1.636999999999999947e-33
8.660700000000000728e+03 2.751913721435182438e-15 1.608000000000000074e-33
8.686299999999999272e+03 2.838671166394983191e-15 9.884999999999999763e-34
8.711899999999999636e+03 2.857319962975127827e-15 7.957000000000000328e-34
8.737399999999999636e+03 2.834617080181909384e-15 4.298999999999999729e-34
8.763000000000000000e+03 2.752724538677796410e-15 1.036999999999999948e-33
8.788600000000000364e+03 2.621372145374173533e-15 1.275999999999999915e-33
8.814200000000000728e+03 2.460830331336411758e-15 1.141000000000000014e-33
8.839700000000000728e+03 2.270288279321895138e-15 9.762999999999999870e-34
8.865299999999999272e+03 2.113800551497206774e-15 7.852000000000000196e-34
8.890899999999999636e+03 2.012448396170336374e-15 5.173999999999999693e-34
8.916399999999999636e+03 1.939474844334990901e-15 4.005000000000000043e-34
8.942000000000000000e+03 1.910285423600852002e-15 3.416999999999999814e-34
8.967600000000000364e+03 1.885960906322402854e-15 3.884999999999999769e-34
8.993200000000000728e+03 1.767581588900617538e-15 2.174000000000000038e-33
9.018700000000000728e+03 1.641094099052684017e-15 1.944999999999999880e-33
9.044299999999999272e+03 1.522714781630899490e-15 1.698999999999999960e-33
9.069899999999999636e+03 1.471633295346156909e-15 3.402999999999999911e-34
9.095399999999999636e+03 1.551904202365037600e-15 3.891999999999999721e-34
9.121000000000000000e+03 1.695418854307886037e-15 1.769000000000000163e-33
9.146600000000000364e+03 1.823527978641051644e-15 2.507999999999999987e-33
9.172100000000000364e+03 1.908663789115621296e-15 4.705000000000000356e-34
9.197700000000000728e+03 1.978394071980507724e-15 4.385999999999999864e-34
9.223299999999999272e+03 2.132449348077351016e-15 4.113000000000000032e-34
