3.776699999999999818e+03 5.911093796325257804e-16 3.618999999999999958e-32
3.802300000000000182e+03 5.134725842269926030e-16 4.037999999999999737e-32
3.827900000000000091e+03 3.611164512808521397e-16 2.793999999999999758e-32
3.853400000000000091e+03 3.641959901382741168e-16 1.796999999999999901e-32
3.879000000000000000e+03 3.294296172479049831e-16 1.961000000000000121e-32
3.904599999999999909e+03 3.109523841033730221e-16 2.102999999999999975e-32
3.930099999999999909e+03 5.414315554325339334e-16 1.876000000000000086e-32
3.955699999999999818e+03 6.578867485408346362e-16 1.532999999999999881e-32
3.981300000000000182e+03 8.614604751156768997e-16 1.597000000000000027e-32
4.006800000000000182e+03 9.732963599378439960e-16 1.536999999999999873e-32
4.032400000000000091e+03 9.700547400879260320e-16 1.177000000000000045e-32
4.058000000000000000e+03 9.457425912135423866e-16 1.271999999999999923e-32
4.083599999999999909e+03 9.538466408383371980e-16 8.975000000000000212e-33
4.109100000000000364e+03 6.732844428279445216e-16 7.041000000000000378e-33
4.134699999999999818e+03 6.398957583737895514e-16 9.425999999999999379e-33
4.160300000000000182e+03 6.227151731692254859e-16 8.138999999999999418e-33
4.185800000000000182e+03 6.802539255052678188e-16 7.163999999999999654e-33
4.211399999999999636e+03 7.216656190879682759e-16 5.441000000000000152e-33
4.237000000000000000e+03 6.407061633362695847e-16 5.153000000000000180e-33
4.262600000000000364e+03 7.073214512520819605e-16 4.536000000000000248e-33
4.288100000000000364e+03 7.352804224576239811e-16 4.145000000000000276e-33
4.313699999999999818e+03 7.566751134670818337e-16 4.139999999999999944e-33
4.339300000000000182e+03 8.168882021793063243e-16 4.648000000000000162e-33
4.364800000000000182e+03 8.857726239900616299e-16 3.898000000000000291e-33
4.390399999999999636e+03 8.890142438399798897e-16 3.982999999999999779e-33
4.416000000000000000e+03 7.968711996060633254e-16 4.221999999999999917e-33
4.441600000000000364e+03 7.455725654811130880e-16 3.628000000000000146e-33
4.467100000000000364e+03 6.232824566429609965e-16 3.956000000000000038e-33
4.492699999999999818e+03 6.551313716684042386e-16 4.154000000000000190e-33
4.518300000000000182e+03 7.655895680543561854e-16 3.045000000000000078e-33
4.543800000000000182e+03 8.144569872918679005e-16 4.540999999999999896e-33
4.569399999999999636e+03 9.830212194875978881e-16 3.163000000000000048e-33
4.595000000000000000e+03 1.072976170322819467e-15 3.125000000000000260e-33
4.620500000000000000e+03 1.114306823409272769e-15 3.328000000000000060e-33
4.646100000000000364e+03 1.098098724159683540e-15 2.433000000000000137e-33
4.671699999999999818e+03 1.054336856185791519e-15 2.959999999999999906e-33
4.697300000000000182e+03 8.784789793277462601e-16 2.414999999999999968e-33
4.722800000000000182e+03 6.817936949339787581e-16 2.866999999999999886e-33
4.748399999999999636e+03 5.858417473764092121e-16 5.728000000000000058e-33
4.774000000000000000e+03 5.077187089933885669e-16 1.676000000000000143e-33
4.799500000000000000e+03 4.837307221039959093e-16 1.856999999999999850e-33
4.825100000000000364e+03 4.698727972455967659e-16 5.002999999999999795e-33
4.850699999999999818e+03 4.702779997268366840e-16 2.223999999999999938e-33
4.876300000000000182e+03 5.788722646990860135e-16 1.510000000000000064e-33
4.901800000000000182e+03 5.654195423219267882e-16 1.638000000000000014e-33
4.927399999999999636e+03 5.982409433023452618e-16 1.794999999999999837e-33
4.953000000000000000e+03 6.570763435783548987e-16 7.509999999999999373e-33
4.978500000000000000e+03 7.971143210948073551e-16 1.168999999999999992e-33
5.004100000000000364e+03 8.549772354158416619e-16 1.979000000000000085e-33
5.029699999999999818e+03 8.817205991776639283e-16 1.437000000000000004e-33
5.055300000000000182e+03 8.021388318621802881e-16 1.671000000000000153e-33
5.080800000000000182e+03 6.622629353382236214e-16 1.547000000000000127e-33
5.106399999999999636e+03 5.504270505160565251e-16 1.322999999999999958e-33
5.132000000000000000e+03 6.109643012132726938e-16 1.399000000000000046e-33
5.157500000000000000e+03 6.634785427819428826e-16 1.267000000000000002e-33
5.183100000000000364e+03 8.355275163163343709e-16 1.209999999999999979e-33
5.208699999999999818e+03 9.814004095626392019e-16 1.150999999999999994e-33
5.234199999999999818e+03 1.014627013024297298e-15 1.093000000000000076e-33
5.259800000000000182e+03 1.021110252724133423e-15 1.015999999999999921e-33
5.285399999999999636e+03 1.044611996636038218e-15 1.041999999999999972e-32
5.311000000000000000e+03 1.038128756936201502e-15 8.490999999999999536e-33
5.336500000000000000e+03 1.069734550472901306e-15 1.332000000000000043e-33
5.362100000000000364e+03 1.010574988211900286e-15 8.465999999999999928e-33
5.387699999999999818e+03 9.708651450504056709e-16 1.072999999999999944e-33
5.413199999999999818e+03 8.193194170667454382e-16 1.014999999999999958e-32
5.438800000000000182e+03 7.985730500272705474e-16 7.003999999999999973e-33
5.464399999999999636e+03 6.938687288749227352e-16 6.813000000000000286e-33
5.490000000000000000e+03 5.508322529972965418e-16 6.902000000000000040e-33
5.515500000000000000e+03 5.409453124550466628e-16 7.234000000000000198e-33
5.541100000000000364e+03 5.561809257496608570e-16 4.753999999999999676e-33
5.566699999999999818e+03 6.151784070181665795e-16 1.013999999999999960e-33
5.592199999999999818e+03 5.556946827721738822e-16 4.894000000000000081e-33
5.617800000000000182e+03 4.248953218279862231e-16 4.115000000000000336e-33
5.643399999999999636e+03 4.069043316609422229e-16 5.164000000000000226e-33
5.668899999999999636e+03 3.021189700123467131e-16 2.639000000000000136e-33
5.694500000000000000e+03 2.804811575141449294e-16 3.161999999999999981e-34
5.720100000000000364e+03 2.702700549869035696e-16 3.179999999999999808e-33
5.745699999999999818e+03 2.176747729219858803e-16 3.179000000000000170e-34
5.771199999999999818e+03 1.678348677294983668e-16 1.929999999999999910e-33
5.796800000000000182e+03 1.531665379086199789e-16 2.275999999999999971e-33
5.822399999999999636e+03 1.718868925418957725e-16 3.150999999999999935e-34
5.847899999999999636e+03 2.664611516632499964e-16 2.463000000000000077e-33
5.873500000000000000e+03 2.530084292860910176e-16 1.974000000000000095e-33
5.899100000000000364e+03 2.987963096661809035e-16 2.290999999999999941e-33
5.924699999999999818e+03 3.932895282912872572e-16 3.621999999999999747e-33
5.950199999999999818e+03 4.088493035708930309e-16 2.512999999999999977e-33
5.975800000000000182e+03 3.606302083033644747e-16 1.768000000000000096e-33
6.001399999999999636e+03 3.826732232828060286e-16 2.328000000000000004e-33
6.026899999999999636e+03 3.149233684195223357e-16 1.867999999999999897e-33
6.052500000000000000e+03 2.688923665506884201e-16 2.095000000000000179e-34
6.078100000000000364e+03 2.473355945487345313e-16 1.890000000000000032e-34
6.103699999999999818e+03 2.608693574221417007e-16 1.751999999999999974e-34
6.129199999999999818e+03 3.257017544204992555e-16 1.801999999999999960e-33
6.154800000000000182e+03 3.526882396710656995e-16 1.805000000000000159e-33
6.180399999999999636e+03 3.611164512808521397e-16 1.645999999999999861e-33
6.205899999999999636e+03 4.017987803973213457e-16 1.672999999999999944e-33
6.231500000000000000e+03 4.594185732296123624e-16 1.288999999999999924e-33
6.257100000000000364e+03 4.850273700439630160e-16 1.671000000000000153e-33
6.282600000000000364e+03 5.448352562749483774e-16 1.536000000000000080e-33
6.308199999999999818e+03 5.445110942899564035e-16 1.445000000000000023e-33
6.333800000000000182e+03 5.406211504700552805e-16 1.589999999999999904e-33
6.359399999999999636e+03 5.283840355366148234e-16 1.660999999999999831e-33
6.384899999999999636e+03 5.187402164831089741e-16 1.630000000000000166e-33
6.410500000000000000e+03 5.360828826801697167e-16 1.592000000000000037e-33
6.436100000000000364e+03 5.749012803829367492e-16 1.609000000000000140e-33
6.461600000000000364e+03 6.061018714383961422e-16 1.275000000000000020e-33
6.487199999999999818e+03 6.068312359046275411e-16 1.222999999999999987e-33
6.512800000000000182e+03 5.850313424139299677e-16 1.479000000000000057e-33
6.538399999999999636e+03 5.927301895574848610e-16 1.170000000000000059e-33
6.563899999999999636e+03 5.663920282769021183e-16 1.505999999999999969e-33
6.589500000000000000e+03 5.425661223800057434e-16 4.308000000000000156e-34
6.615100000000000364e+03 5.093395189183470559e-16 3.930000000000000193e-34
6.640600000000000364e+03 4.304871160690950611e-16 2.604000000000000035e-34
6.666199999999999818e+03 3.629803826945549543e-16 1.010000000000000036e-33
6.691800000000000182e+03 2.906922600413861414e-16 6.862000000000000291e-34
6.717399999999999636e+03 2.303981308329136081e-16 1.029999999999999996e-34
6.742899999999999636e+03 2.138658695983323564e-16 7.193000000000000212e-34
6.768500000000000000e+03 1.935247050400976055e-16 6.989999999999999899e-34
6.794100000000000364e+03 1.794236586929547775e-16 6.137000000000000028e-34
6.819600000000000364e+03 1.713196090681601633e-16 5.890999999999999767e-34
6.845199999999999818e+03 1.533286189011158180e-16 5.501999999999999756e-34
6.870800000000000182e+03 1.605412230671830710e-16 5.713999999999999641e-34
6.896300000000000182e+03 1.560839957735461416e-16 5.062999999999999846e-34
6.921899999999999636e+03 1.470074601937761234e-16 6.552999999999999608e-34
6.947500000000000000e+03 1.414967064489156733e-16 9.791000000000000960e-35
6.973100000000000364e+03 1.586772916534803058e-16 9.640999999999999549e-35
6.998600000000000364e+03 1.782890917454835592e-16 5.220999999999999736e-34
7.024199999999999818e+03 1.931195025588579093e-16 4.478000000000000330e-34
7.049800000000000182e+03 2.204301497944159821e-16 4.227999999999999974e-34
7.075300000000000182e+03 2.368003300365013947e-16 4.227999999999999974e-34
7.100899999999999636e+03 2.521980243236113787e-16 4.845000000000000247e-34
7.126500000000000000e+03 2.547913202035456907e-16 4.716999999999999784e-34
7.152100000000000364e+03 2.782120236192024434e-16 5.811999999999999822e-34
7.177600000000000364e+03 3.064951568097359448e-16 5.385999999999999578e-34
7.203199999999999818e+03 3.162200163594894918e-16 6.017999999999999992e-34
7.228800000000000182e+03 3.476637289036929638e-16 5.112000000000000364e-34
7.254300000000000182e+03 3.979898770736680684e-16 5.753999999999999732e-34
7.279899999999999636e+03 4.439398384462537933e-16 5.252000000000000256e-34
7.305500000000000000e+03 5.094205594145953945e-16 5.933999999999999715e-34
7.331100000000000364e+03 5.633935299157279868e-16 6.495000000000000374e-34
7.356600000000000364e+03 6.015636036485112686e-16 7.510000000000000229e-34
7.382199999999999818e+03 5.925681085649889727e-16 8.982999999999999374e-34
7.407800000000000182e+03 5.368932876426491584e-16 7.281999999999999966e-34
7.433300000000000182e+03 4.527732525372802502e-16 6.004000000000000088e-34
7.458899999999999636e+03 3.863200456139636148e-16 5.911000000000000240e-34
7.484500000000000000e+03 3.383440718351791377e-16 5.051000000000000417e-34
7.510000000000000000e+03 3.117627890658522173e-16 5.418000000000000335e-34
7.535600000000000364e+03 2.790224285816820330e-16 5.244000000000000066e-34
7.561199999999999818e+03 2.377728159914766261e-16 9.442999999999999568e-35
7.586800000000000182e+03 2.152435580345475305e-16 1.506999999999999950e-34
7.612300000000000182e+03 1.932005430551058288e-16 5.957000000000000045e-34
7.637899999999999636e+03 1.852585744228070290e-16 5.212000000000000164e-34
7.663500000000000000e+03 2.189714208619529870e-16 5.645000000000000360e-34
7.689000000000000000e+03 2.661369896782582197e-16 5.303000000000000393e-34
7.714600000000000364e+03 2.968513377562302928e-16 4.096999999999999654e-34
7.740199999999999818e+03 3.416667321813447994e-16 4.342999999999999915e-34
7.765800000000000182e+03 4.295956706103672808e-16 4.837000000000000058e-34
7.791300000000000182e+03 5.150123536557039367e-16 6.206000000000000164e-34
7.816899999999999636e+03 5.454025397486837893e-16 6.143999999999999980e-34
7.842500000000000000e+03 5.266011446191598544e-16 6.143999999999999980e-34
7.868000000000000000e+03 4.768422799229206548e-16 5.775999999999999825e-34
7.893600000000000364e+03 4.372945177539222235e-16 6.675000000000000356e-34
7.919199999999999818e+03 3.727862827405565440e-16 7.507000000000000372e-34
7.944699999999999818e+03 3.371284643914598765e-16 5.476999999999999806e-34
7.970300000000000182e+03 2.976617427187096358e-16 6.034999999999999753e-34
7.995899999999999636e+03 2.645972202495473297e-16 5.231999999999999782e-34
8.021500000000000000e+03 2.355036820965342387e-16 4.949000000000000142e-34
8.047000000000000000e+03 2.009804306949087650e-16 4.668000000000000122e-34
8.072600000000000364e+03 1.802340636554343425e-16 3.909999999999999719e-34
8.098199999999999818e+03 1.775597272792520863e-16 4.031999999999999613e-34
8.123699999999999818e+03 1.716437710531519153e-16 4.124000000000000079e-34
8.149300000000000182e+03 1.736697834593506428e-16 4.514000000000000327e-34
8.174899999999999636e+03 1.809634281216657907e-16 3.382000000000000055e-34
8.200500000000000000e+03 1.869604248440139551e-16 3.924999999999999860e-34
8.226000000000000000e+03 1.927953405738661326e-16 4.059000000000000038e-34
8.251600000000000364e+03 1.926332595813703429e-16 3.910999999999999957e-34
8.277200000000000728e+03 2.001700257324292246e-16 5.742999999999999686e-34
8.302700000000000728e+03 1.948213529800648108e-16 8.295999999999999583e-34
8.328299999999999272e+03 1.584341701647365472e-16 9.870000000000000477e-34
8.353899999999999636e+03 1.322580898766495695e-16 8.320000000000000151e-34
8.379500000000000000e+03 1.256127691843179504e-16 7.522999999999999895e-34
8.405000000000000000e+03 1.560839957735461416e-16 6.052000000000000369e-34
8.430600000000000364e+03 2.267513085017560711e-16 5.251000000000000018e-34
8.456200000000000728e+03 2.855867087777655601e-16 4.665999999999999647e-34
8.481700000000000728e+03 3.757037406054824848e-16 5.444999999999999904e-34
8.507299999999999272e+03 4.797597377878465463e-16 7.369000000000000100e-34
8.532899999999999636e+03 6.304140203127804779e-16 7.125000000000000313e-34
8.558399999999999636e+03 7.702088763404892990e-16 8.157999999999999311e-34
8.584000000000000000e+03 8.509252106034440590e-16 7.957999999999999711e-34
8.609600000000000364e+03 8.671333098530336819e-16 7.383000000000000003e-34
8.635200000000000728e+03 8.630812850406363748e-16 9.169000000000000782e-34
8.660700000000000728e+03 8.549772354158416619e-16 9.358999999999999718e-34
8.686299999999999272e+03 8.501148056409647159e-16 9.123999999999999503e-34
8.711899999999999636e+03 8.436315659411289851e-16 1.067000000000000059e-33
8.737399999999999636e+03 8.217506319541828759e-16 1.557999999999999831e-33
8.763000000000000000e+03 7.658326895431002152e-16 1.820000000000000129e-33
8.788600000000000364e+03 6.870613271900950305e-16 2.381000000000000104e-33
8.814200000000000728e+03 5.706061340817956096e-16 1.836999999999999890e-33
8.839700000000000728e+03 4.511524426123209724e-16 1.322000000000000063e-33
8.865299999999999272e+03 3.918307993588242621e-16 1.059000000000000041e-33
8.890899999999999636e+03 3.495276603173958276e-16 8.037000000000000511e-34
8.916399999999999636e+03 2.872885591989722397e-16 6.164999999999999835e-34
8.942000000000000000e+03 2.490374449699413095e-16 8.243999999999999208e-34
8.967600000000000364e+03 2.436887722175767478e-16 1.002000000000000018e-33
8.993200000000000728e+03 1.977388108449908995e-16 8.488000000000000705e-34
9.018700000000000728e+03 1.803961446479303048e-16 7.549000000000000082e-34
9.044299999999999272e+03 1.926332595813703429e-16 6.945000000000000331e-34
9.069899999999999636e+03 1.846912909490713705e-16 7.538000000000000036e-34
9.095399999999999636e+03 1.782080512492356150e-16 7.128000000000000170e-34
9.121000000000000000e+03 1.979819323337346827e-16 7.532000000000000322e-34
9.146600000000000364e+03 2.053566174922979227e-16 7.536999999999999798e-34
9.172100000000000364e+03 2.030064431011074432e-16 6.438999999999999904e-34
9.197700000000000728e+03 2.253736200655406751e-16 7.804000000000000771e-34
9.223299999999999272e+03 2.648403417382910143e-16 8.070000000000000650e-34
