3.776699999999999818e+03 2.187612355235896659e-15 5.711000000000000434e-32
3.802300000000000182e+03 1.765624598317048132e-15 5.490000000000000396e-32
3.827900000000000091e+03 1.105515178565421680e-15 2.745000000000000198e-32
3.853400000000000091e+03 1.400442885598814065e-15 4.116999999999999922e-32
3.879000000000000000e+03 1.654331123964824375e-15 2.377000000000000112e-32
3.904599999999999909e+03 2.513377629121051044e-15 1.768000000000000083e-31
3.930099999999999909e+03 3.403725423938839917e-15 1.530000000000000092e-31
3.955699999999999818e+03 4.141044691522321568e-15 1.306000000000000102e-31
3.981300000000000182e+03 4.809964844660167875e-15 1.708999999999999913e-31
4.006800000000000182e+03 5.131092890447311539e-15 1.187999999999999982e-31
4.032400000000000091e+03 4.906187327693860440e-15 1.240000000000000042e-31
4.058000000000000000e+03 4.090035182444219818e-15 2.013999999999999947e-32
4.083599999999999909e+03 3.343441458664719882e-15 1.270999999999999994e-32
4.109100000000000364e+03 3.093031141372215935e-15 8.350999999999999542e-32
4.134699999999999818e+03 3.157952334744346690e-15 1.105000000000000052e-32
4.160300000000000182e+03 3.097668369470225472e-15 7.117000000000000500e-32
4.185800000000000182e+03 3.203165308699937505e-15 8.873000000000000278e-33
4.211399999999999636e+03 2.945799149260419648e-15 4.900999999999999999e-32
4.237000000000000000e+03 3.169545404989369744e-15 3.949999999999999913e-32
4.262600000000000364e+03 3.349237993787230028e-15 3.338999999999999970e-32
4.288100000000000364e+03 3.305184326856141794e-15 3.288000000000000003e-32
4.313699999999999818e+03 3.310980861978653913e-15 2.755000000000000041e-32
4.339300000000000182e+03 3.576462170589687868e-15 2.953999999999999986e-32
4.364800000000000182e+03 3.665728811476367311e-15 2.519999999999999895e-32
4.390399999999999636e+03 3.288954028513109993e-15 2.651000000000000249e-32
4.416000000000000000e+03 2.610759419179246190e-15 1.689000000000000117e-32
4.441600000000000364e+03 2.419473760136362458e-15 1.550000000000000053e-32
4.467100000000000364e+03 2.537723076635600126e-15 1.577999999999999997e-32
4.492699999999999818e+03 2.851895280275731852e-15 1.573000000000000075e-32
4.518300000000000182e+03 3.612400688349259609e-15 1.570999999999999942e-32
4.543800000000000182e+03 3.924254277940387355e-15 1.711999999999999866e-32
4.569399999999999636e+03 4.561873141416667513e-15 1.716000000000000132e-32
4.595000000000000000e+03 5.391936970960335957e-15 2.189999999999999869e-32
4.620500000000000000e+03 5.849863245638755042e-15 1.658000000000000111e-32
4.646100000000000364e+03 5.884642456373825385e-15 1.842000000000000017e-32
4.671699999999999818e+03 5.937970579500932298e-15 2.211999999999999962e-32
4.697300000000000182e+03 5.737410464262028704e-15 1.520999999999999905e-32
4.722800000000000182e+03 4.749680879386044684e-15 1.495000000000000094e-32
4.748399999999999636e+03 3.831509715980199773e-15 1.029999999999999996e-32
4.774000000000000000e+03 3.492992064825519360e-15 8.917000000000000464e-33
4.799500000000000000e+03 3.067526386833165060e-15 8.076000000000000022e-33
4.825100000000000364e+03 2.829868446810186749e-15 8.669999999999999794e-33
4.850699999999999818e+03 3.008401728583545635e-15 9.644999999999999558e-33
4.876300000000000182e+03 3.592692468932719275e-15 8.729999999999999674e-33
4.901800000000000182e+03 3.290113335537611786e-15 6.882999999999999462e-33
4.927399999999999636e+03 3.462850082188458553e-15 8.614000000000000180e-33
4.953000000000000000e+03 4.416959763353875995e-15 8.273000000000000108e-33
4.978500000000000000e+03 5.019799416095088176e-15 8.335999999999999503e-33
5.004100000000000364e+03 4.935170003306419059e-15 6.773000000000000366e-33
5.029699999999999818e+03 4.387977087741318164e-15 6.230999999999999943e-33
5.055300000000000182e+03 3.620515837520775707e-15 5.357000000000000046e-33
5.080800000000000182e+03 3.306343633880645559e-15 4.833000000000000134e-33
5.106399999999999636e+03 3.444301169796421589e-15 4.730000000000000135e-33
5.132000000000000000e+03 3.525452661511584540e-15 4.843000000000000114e-33
5.157500000000000000e+03 3.591533161908216299e-15 3.694999999999999807e-33
5.183100000000000364e+03 3.778181592853092072e-15 5.364999999999999893e-33
5.208699999999999818e+03 3.974104479993985340e-15 4.090000000000000044e-33
5.234199999999999818e+03 4.336967578663214836e-15 4.948000000000000247e-33
5.259800000000000182e+03 4.831991678125710216e-15 5.977000000000000176e-33
5.285399999999999636e+03 5.325856470563701832e-15 5.039000000000000134e-33
5.311000000000000000e+03 5.543806191170139809e-15 5.202000000000000013e-33
5.336500000000000000e+03 5.868412158030792401e-15 5.720000000000000211e-33
5.362100000000000364e+03 5.991298702628040789e-15 6.448999999999999371e-33
5.387699999999999818e+03 5.914784439010886192e-15 5.395999999999999900e-33
5.413199999999999818e+03 5.622639068836299569e-15 4.607000000000000175e-33
5.438800000000000182e+03 5.518301436631090906e-15 5.218999999999999774e-33
5.464399999999999636e+03 5.620320454787294406e-15 5.000999999999999662e-33
5.490000000000000000e+03 5.644665902301842700e-15 4.946000000000000114e-33
5.515500000000000000e+03 5.590178472150232811e-15 5.707000000000000031e-33
5.541100000000000364e+03 5.612205305615778308e-15 5.020000000000000240e-33
5.566699999999999818e+03 5.425556874670903324e-15 1.840000000000000089e-33
5.592199999999999818e+03 5.148482495814848288e-15 1.935999999999999966e-33
5.617800000000000182e+03 4.851699897542249762e-15 1.729000000000000037e-32
5.643399999999999636e+03 4.399570157986343190e-15 3.541999999999999907e-33
5.668899999999999636e+03 4.011202304778060846e-15 2.308000000000000044e-33
5.694500000000000000e+03 3.618197223471772122e-15 2.910000000000000005e-33
5.720100000000000364e+03 3.164908176891359812e-15 2.088000000000000141e-33
5.745699999999999818e+03 2.675680612551376551e-15 1.722999999999999844e-33
5.771199999999999818e+03 2.446137821699915915e-15 1.737000000000000090e-33
5.796800000000000182e+03 2.595688427860715392e-15 2.521000000000000166e-33
5.822399999999999636e+03 2.856532508373739811e-15 1.504000000000000008e-33
5.847899999999999636e+03 3.251856203729034881e-15 1.925999999999999986e-33
5.873500000000000000e+03 3.495310678874524128e-15 1.892999999999999847e-33
5.899100000000000364e+03 3.743402382118022517e-15 1.944999999999999880e-33
5.924699999999999818e+03 3.899908830425837484e-15 2.824000000000000109e-33
5.950199999999999818e+03 4.000768541557539586e-15 2.670999999999999867e-33
5.975800000000000182e+03 4.030910524194599603e-15 2.373999999999999981e-33
6.001399999999999636e+03 3.945121804381428299e-15 2.036999999999999833e-33
6.026899999999999636e+03 3.722534855676980785e-15 2.119000000000000148e-33
6.052500000000000000e+03 3.518496819364570629e-15 1.873999999999999953e-33
6.078100000000000364e+03 3.476761766482486375e-15 1.682999999999999924e-33
6.103699999999999818e+03 3.457053547065947618e-15 1.978000000000000019e-33
6.129199999999999818e+03 3.537045731756607988e-15 1.643000000000000004e-33
6.154800000000000182e+03 3.790933970122617706e-15 1.829000000000000043e-33
6.180399999999999636e+03 4.036707059317112116e-15 2.372999999999999915e-33
6.205899999999999636e+03 3.978741708091995666e-15 1.770999999999999953e-33
6.231500000000000000e+03 3.634427521814803529e-15 1.688999999999999980e-33
6.257100000000000364e+03 3.359671757007752472e-15 1.826999999999999910e-33
6.282600000000000364e+03 3.175341940111881468e-15 1.481999999999999915e-33
6.308199999999999818e+03 3.147518571523825035e-15 1.371999999999999963e-33
6.333800000000000182e+03 3.366627599154765199e-15 2.000000000000000112e-33
6.359399999999999636e+03 3.777022285828591462e-15 1.568000000000000153e-33
6.384899999999999636e+03 4.225674104310990685e-15 1.903999999999999893e-33
6.410500000000000000e+03 4.706786519479458243e-15 1.746000000000000003e-33
6.436100000000000364e+03 5.141526653667832011e-15 2.062999999999999849e-33
6.461600000000000364e+03 5.329334391637209970e-15 2.373999999999999981e-33
6.487199999999999818e+03 5.352520532127257655e-15 2.148000000000000022e-33
6.512800000000000182e+03 5.408167269303368153e-15 2.773000000000000142e-33
6.538399999999999636e+03 5.415123111450382064e-15 2.191000000000000141e-33
6.563899999999999636e+03 5.427875488719908487e-15 2.968000000000000095e-33
6.589500000000000000e+03 5.287599338755125716e-15 3.939000000000000277e-33
6.615100000000000364e+03 4.986179512384521598e-15 9.959999999999999613e-34
6.640600000000000364e+03 4.669688694695383526e-15 6.491999999999999661e-34
6.666199999999999818e+03 4.285958069585113875e-15 3.362999999999999819e-34
6.691800000000000182e+03 3.903386751499344834e-15 1.286999999999999962e-33
6.717399999999999636e+03 3.611241381324757422e-15 1.334000000000000005e-33
6.742899999999999636e+03 3.439663941698412447e-15 1.433999999999999976e-33
6.768500000000000000e+03 3.254174817778040044e-15 1.255000000000000060e-33
6.794100000000000364e+03 3.204324615724439298e-15 1.373000000000000030e-33
6.819600000000000364e+03 3.128969659131788071e-15 1.088000000000000086e-33
6.845199999999999818e+03 3.030428562049089949e-15 1.252000000000000032e-33
6.870800000000000182e+03 2.875081420765777564e-15 1.175999999999999944e-33
6.896300000000000182e+03 2.737123884850000745e-15 1.003000000000000084e-33
6.921899999999999636e+03 2.695388831967917279e-15 8.065999999999999700e-34
6.947500000000000000e+03 2.725530814604977297e-15 9.422000000000000140e-34
6.973100000000000364e+03 2.809000920369144622e-15 1.137999999999999986e-33
6.998600000000000364e+03 2.919135087696866192e-15 1.093000000000000076e-33
7.024199999999999818e+03 2.997967965363023980e-15 8.212000000000000161e-34
7.049800000000000182e+03 3.098827676494726476e-15 1.098000000000000066e-33
7.075300000000000182e+03 3.168386097964866768e-15 1.069000000000000021e-33
7.100899999999999636e+03 3.179979168209890216e-15 8.118999999999999457e-34
7.126500000000000000e+03 3.134766194254299401e-15 1.013000000000000064e-33
7.152100000000000364e+03 3.072163614931173414e-15 1.178999999999999972e-33
7.177600000000000364e+03 3.043180939318614795e-15 1.268000000000000068e-33
7.203199999999999818e+03 3.146359264499323243e-15 1.267000000000000002e-33
7.228800000000000182e+03 3.372424134277277318e-15 1.980999999999999876e-33
7.254300000000000182e+03 3.612400688349259609e-15 1.628000000000000034e-33
7.279899999999999636e+03 3.844262093249726197e-15 1.479999999999999953e-33
7.305500000000000000e+03 4.152637761767345015e-15 1.660000000000000107e-33
7.331100000000000364e+03 4.498111255069039340e-15 1.640999999999999871e-33
7.356600000000000364e+03 4.567669676539179237e-15 1.667999999999999954e-33
7.382199999999999818e+03 4.438986596819420703e-15 1.688999999999999980e-33
7.407800000000000182e+03 4.279002227438099175e-15 1.330000000000000081e-33
7.433300000000000182e+03 4.136407463424311242e-15 1.196999999999999971e-33
7.458899999999999636e+03 4.058733892782657613e-15 1.291999999999999952e-33
7.484500000000000000e+03 3.930050813062897501e-15 1.056000000000000013e-33
7.510000000000000000e+03 3.956714874626452535e-15 1.219999999999999959e-33
7.535600000000000364e+03 3.749198917240534241e-15 1.409999999999999922e-33
7.561199999999999818e+03 3.496469985899027104e-15 2.588000000000000084e-34
7.586800000000000182e+03 3.116217281862262042e-15 2.168999999999999792e-34
7.612300000000000182e+03 2.546997532831618016e-15 2.370999999999999867e-34
7.637899999999999636e+03 2.318614049004659567e-15 8.913999999999999239e-34
7.663500000000000000e+03 2.407880689891339405e-15 1.693999999999999970e-33
7.689000000000000000e+03 2.617715261326260890e-15 1.969000000000000105e-33
7.714600000000000364e+03 2.831027753834689330e-15 1.706000000000000083e-33
7.740199999999999818e+03 3.080278764102690695e-15 1.641999999999999937e-33
7.765800000000000182e+03 3.486036222678505449e-15 1.471000000000000039e-33
7.791300000000000182e+03 3.935847348185409225e-15 1.774999999999999877e-33
7.816899999999999636e+03 4.312622131148665754e-15 1.651999999999999917e-33
7.842500000000000000e+03 4.665051466597375567e-15 1.702999999999999884e-33
7.868000000000000000e+03 4.895753564473339179e-15 1.942000000000000022e-33
7.893600000000000364e+03 5.062693776001675406e-15 2.428000000000000147e-33
7.919199999999999818e+03 5.150801109863851084e-15 2.571000000000000067e-33
7.944699999999999818e+03 5.002409810727553793e-15 2.275999999999999971e-33
7.970300000000000182e+03 4.718379589724482480e-15 2.191999999999999865e-33
7.995899999999999636e+03 4.263931236119569167e-15 3.995999999999999616e-34
8.021500000000000000e+03 3.826872487882191814e-15 1.499000000000000018e-33
8.047000000000000000e+03 3.441982555747416821e-15 1.080999999999999963e-33
8.072600000000000364e+03 3.200846694650933131e-15 9.120000000000000264e-34
8.098199999999999818e+03 3.045499553367619563e-15 9.975000000000000610e-34
8.123699999999999818e+03 2.929568850917387058e-15 8.773000000000000820e-34
8.149300000000000182e+03 2.751035569144028961e-15 8.885999999999999431e-34
8.174899999999999636e+03 2.718574972457963386e-15 9.705999999999999162e-34
8.200500000000000000e+03 2.696548138992419072e-15 1.185999999999999924e-33
8.226000000000000000e+03 2.629308331571284337e-15 1.049000000000000061e-33
8.251600000000000364e+03 2.511059015072046670e-15 1.370000000000000001e-33
8.277200000000000728e+03 2.334844347347691763e-15 2.229999999999999995e-33
8.302700000000000728e+03 2.062407196589644686e-15 6.242000000000000161e-34
8.328299999999999272e+03 1.771421133439560053e-15 6.661999999999999835e-34
8.353899999999999636e+03 1.627667062401270918e-15 2.871999999999999876e-33
8.379500000000000000e+03 1.624189141327763766e-15 2.306999999999999978e-33
8.405000000000000000e+03 1.754031528072024881e-15 1.613000000000000064e-33
8.430600000000000364e+03 1.922131046624863098e-15 1.036000000000000053e-33
8.456200000000000728e+03 2.105301556496230732e-15 1.087000000000000019e-33
8.481700000000000728e+03 2.308180285784138307e-15 1.175000000000000049e-33
8.507299999999999272e+03 2.604962884056735255e-15 1.101999999999999989e-33
8.532899999999999636e+03 2.977100438921982247e-15 1.116999999999999959e-33
8.558399999999999636e+03 3.344600765689221674e-15 1.285000000000000000e-33
8.584000000000000000e+03 3.656454355280347448e-15 2.417000000000000100e-33
8.609600000000000364e+03 3.865129619690767929e-15 3.255000000000000001e-33
8.635200000000000728e+03 4.050618743611139937e-15 3.093000000000000187e-33
8.660700000000000728e+03 4.163071524987866276e-15 2.820999999999999910e-33
8.686299999999999272e+03 4.301029060903642306e-15 1.891000000000000056e-33
8.711899999999999636e+03 4.364790947251272057e-15 1.989000000000000065e-33
8.737399999999999636e+03 4.270887078266582289e-15 5.218999999999999774e-33
8.763000000000000000e+03 4.175823902257390333e-15 9.717999999999999617e-33
8.788600000000000364e+03 4.013520918827066798e-15 1.138999999999999984e-32
8.814200000000000728e+03 3.810642189539157252e-15 9.679999999999999830e-33
8.839700000000000728e+03 3.562550486295659257e-15 8.007999999999999611e-33
8.865299999999999272e+03 3.351556607836234796e-15 1.159000000000000012e-33
8.890899999999999636e+03 3.160270948793351064e-15 3.124000000000000194e-33
8.916399999999999636e+03 3.015357570730559151e-15 3.989999999999999902e-34
8.942000000000000000e+03 2.993330737265016020e-15 4.308000000000000156e-34
8.967600000000000364e+03 2.971303903799470918e-15 6.081000000000000242e-33
8.993200000000000728e+03 2.840302210030708404e-15 3.077000000000000151e-33
9.018700000000000728e+03 2.569024366297163119e-15 2.438999999999999851e-33
9.044299999999999272e+03 2.402084154768827286e-15 2.128000000000000062e-33
9.069899999999999636e+03 2.358030487837738264e-15 2.042999999999999889e-33
9.095399999999999636e+03 2.484394953508492424e-15 1.726000000000000043e-33
9.121000000000000000e+03 2.738283191874502932e-15 2.521000000000000166e-33
9.146600000000000364e+03 3.030428562049089949e-15 3.010999999999999872e-33
9.172100000000000364e+03 3.237944519435007454e-15 3.546000000000000172e-33
9.197700000000000728e+03 3.320255318174672197e-15 3.165000000000000181e-33
9.223299999999999272e+03 3.423433643355380646e-15 3.610999999999999701e-33
