3.776699999999999818e+03 8.434091900288811644e-16 6.083000000000000512e-32
3.802300000000000182e+03 9.200927259068970092e-16 5.125999999999999755e-32
3.827900000000000091e+03 8.908015898848224710e-16 4.705000000000000116e-32
3.853400000000000091e+03 6.953079404790645071e-16 3.618999999999999958e-32
3.879000000000000000e+03 6.068860092663593733e-16 3.566000000000000133e-32
3.904599999999999909e+03 7.080336774774194660e-16 2.344999999999999902e-32
3.930099999999999909e+03 1.320843736725771182e-15 2.712000000000000059e-32
3.955699999999999818e+03 1.785991364941492364e-15 2.609999999999999797e-31
3.981300000000000182e+03 2.019662225342312936e-15 2.535000000000000207e-32
4.006800000000000182e+03 2.179830984114707143e-15 2.400000000000000134e-32
4.032400000000000091e+03 2.302700168926406944e-15 1.989000000000000065e-32
4.058000000000000000e+03 2.258818317207943772e-15 1.877000000000000015e-32
4.083599999999999909e+03 1.683966059696062688e-15 1.456999999999999965e-33
4.109100000000000364e+03 1.461265662224856922e-15 1.239000000000000058e-32
4.134699999999999818e+03 1.314261458968001430e-15 8.111000000000000295e-33
4.160300000000000182e+03 1.572067337813978483e-15 1.289000000000000095e-32
4.185800000000000182e+03 1.366919681030158657e-15 8.756000000000000033e-33
4.211399999999999636e+03 1.481012495498165586e-15 8.705000000000000066e-33
4.237000000000000000e+03 1.278058931300268879e-15 1.384999999999999971e-33
4.262600000000000364e+03 1.656539902372022417e-15 8.747000000000000119e-33
4.288100000000000364e+03 1.634598976512790436e-15 8.025999999999999438e-33
4.313699999999999818e+03 1.636793069098713161e-15 6.328999999999999610e-33
4.339300000000000182e+03 1.588523032208402764e-15 2.004000000000000036e-33
4.364800000000000182e+03 1.719071541070833778e-15 5.165999999999999675e-33
4.390399999999999636e+03 1.599493495138018557e-15 1.775999999999999943e-33
4.416000000000000000e+03 1.318649644139847669e-15 1.886000000000000066e-33
4.441600000000000364e+03 1.189198181570379102e-15 4.366999999999999970e-33
4.467100000000000364e+03 1.215527292601457715e-15 3.703000000000000338e-33
4.492699999999999818e+03 1.329620107069464053e-15 3.173000000000000165e-32
4.518300000000000182e+03 1.581940754450633210e-15 5.223000000000000040e-33
4.543800000000000182e+03 1.609366911774673284e-15 3.741000000000000125e-33
4.569399999999999636e+03 1.894598947944690214e-15 1.784999999999999857e-33
4.595000000000000000e+03 2.206160095145786546e-15 2.092000000000000065e-33
4.620500000000000000e+03 2.397046150121105210e-15 2.076000000000000029e-33
4.646100000000000364e+03 2.472742344335456075e-15 3.448999999999999887e-32
4.671699999999999818e+03 2.410210705636643530e-15 2.659999999999999889e-32
4.697300000000000182e+03 2.163375289720283059e-15 1.712000000000000140e-33
4.722800000000000182e+03 1.751982929859681551e-15 3.229999999999999709e-33
4.748399999999999636e+03 1.406413347576776182e-15 2.727999999999999890e-33
4.774000000000000000e+03 1.271476653542499127e-15 2.335999999999999852e-33
4.799500000000000000e+03 1.111307894770104920e-15 2.285999999999999951e-33
4.825100000000000364e+03 1.011805795998487611e-15 1.826999999999999910e-33
4.850699999999999818e+03 1.137637005801183731e-15 1.794000000000000113e-33
4.876300000000000182e+03 1.358143310686465588e-15 2.158000000000000002e-33
4.901800000000000182e+03 1.368016727323120315e-15 1.732000000000000100e-33
4.927399999999999636e+03 1.323037829311694499e-15 1.782000000000000000e-33
4.953000000000000000e+03 1.596202356259134372e-15 1.666999999999999887e-33
4.978500000000000000e+03 1.826582077781071350e-15 1.991999999999999923e-33
5.004100000000000364e+03 1.947257170006846651e-15 1.887999999999999857e-33
5.029699999999999818e+03 1.890210762772843975e-15 2.036000000000000108e-33
5.055300000000000182e+03 1.573164384106940536e-15 1.595999999999999961e-33
5.080800000000000182e+03 1.314261458968001430e-15 1.201000000000000065e-33
5.106399999999999636e+03 1.248438681390305094e-15 1.876000000000000086e-33
5.132000000000000000e+03 1.268185514663614153e-15 9.457000000000000754e-34
5.157500000000000000e+03 1.438227690072663086e-15 1.147000000000000070e-33
5.183100000000000364e+03 1.629113745047982145e-15 1.010000000000000036e-32
5.208699999999999818e+03 1.772826809425952465e-15 1.229999999999999939e-33
5.234199999999999818e+03 1.963712864401271130e-15 9.540999999999999492e-33
5.259800000000000182e+03 2.001012438361965142e-15 1.108000000000000046e-33
5.285399999999999636e+03 2.173248706356937194e-15 1.183000000000000033e-32
5.311000000000000000e+03 2.319155863320830239e-15 1.571000000000000011e-33
5.336500000000000000e+03 2.403628427878874764e-15 1.420999999999999968e-33
5.362100000000000364e+03 2.435442770374761274e-15 1.743000000000000146e-33
5.387699999999999818e+03 2.364134761332257042e-15 1.710000000000000007e-33
5.413199999999999818e+03 2.174345752649899247e-15 1.131000000000000034e-33
5.438800000000000182e+03 2.063544077060776897e-15 1.319000000000000035e-33
5.464399999999999636e+03 1.963712864401271130e-15 8.524000000000000701e-34
5.490000000000000000e+03 1.824387985195147245e-15 1.103000000000000056e-33
5.515500000000000000e+03 1.734430189172295218e-15 1.113999999999999931e-33
5.541100000000000364e+03 1.784894318648529917e-15 1.041999999999999938e-33
5.566699999999999818e+03 1.796961827871107368e-15 1.018999999999999950e-33
5.592199999999999818e+03 1.678480828231254200e-15 1.172999999999999916e-33
5.617800000000000182e+03 1.419577903092315686e-15 1.693999999999999970e-33
5.643399999999999636e+03 1.165063163125223213e-15 5.821000000000000248e-34
5.668899999999999636e+03 1.040109590356896380e-15 6.858000000000000196e-34
5.694500000000000000e+03 9.459830184207912747e-16 7.436999999999999998e-34
5.720100000000000364e+03 8.362783891246306820e-16 4.754000000000000018e-34
5.745699999999999818e+03 6.616286192851434348e-16 4.209999999999999976e-34
5.771199999999999818e+03 5.276792669145315568e-16 3.786000000000000206e-34
5.796800000000000182e+03 5.628944529185990295e-16 3.337999999999999869e-34
5.822399999999999636e+03 6.356286221419533782e-16 4.010999999999999757e-34
5.847899999999999636e+03 7.269028737163589416e-16 4.003999999999999805e-34
5.873500000000000000e+03 8.441771224339542659e-16 5.051999999999999800e-34
5.899100000000000364e+03 1.007527315455937262e-15 4.996000000000000185e-34
5.924699999999999818e+03 1.147510422437838063e-15 6.491999999999999661e-34
5.950199999999999818e+03 1.196877505621109920e-15 5.460000000000000046e-34
5.975800000000000182e+03 1.190295227863340760e-15 4.197000000000000309e-34
6.001399999999999636e+03 1.116793126234912817e-15 4.664000000000000027e-34
6.026899999999999636e+03 1.034734063521385162e-15 4.783000000000000063e-34
6.052500000000000000e+03 9.856960942260013685e-16 3.422999999999999956e-34
6.078100000000000364e+03 9.962277386384322221e-16 3.750000000000000210e-34
6.103699999999999818e+03 1.027932376505023039e-15 4.407999999999999957e-34
6.129199999999999818e+03 1.089586378169465114e-15 3.683000000000000121e-34
6.154800000000000182e+03 1.215527292601457715e-15 4.579999999999999750e-34
6.180399999999999636e+03 1.347172847756850190e-15 4.214000000000000070e-34
6.205899999999999636e+03 1.386666514303467715e-15 4.144999999999999934e-34
6.231500000000000000e+03 1.427257227143046702e-15 3.992000000000000377e-34
6.257100000000000364e+03 1.521603208337744770e-15 6.055999999999999608e-34
6.282600000000000364e+03 1.542447087904015487e-15 5.317999999999999679e-34
6.308199999999999818e+03 1.444809967830432444e-15 6.222999999999999925e-34
6.333800000000000182e+03 1.363628542151274471e-15 4.911999999999999908e-34
6.359399999999999636e+03 1.370210819909043631e-15 5.346000000000000342e-34
6.384899999999999636e+03 1.468944986275587544e-15 4.383000000000000007e-34
6.410500000000000000e+03 1.601687587723941874e-15 4.827999999999999631e-34
6.436100000000000364e+03 1.743206559515989272e-15 4.315000000000000108e-34
6.461600000000000364e+03 1.844134818468456303e-15 4.544999999999999991e-34
6.487199999999999818e+03 1.886919623893959395e-15 5.137000000000000314e-34
6.512800000000000182e+03 1.906666457167267665e-15 5.223999999999999593e-34
6.538399999999999636e+03 1.922025105268730485e-15 4.395000000000000290e-34
6.563899999999999636e+03 1.938480799663154569e-15 5.522999999999999612e-34
6.589500000000000000e+03 1.929704429319461698e-15 8.007999999999999611e-34
6.615100000000000364e+03 1.810126383386646477e-15 8.679000000000000734e-34
6.640600000000000364e+03 1.559999828591401426e-15 4.987999999999999996e-34
6.666199999999999818e+03 1.278058931300268879e-15 3.047000000000000040e-34
6.691800000000000182e+03 1.041535750537747088e-15 3.168000000000000123e-34
6.717399999999999636e+03 8.782952621450604749e-16 3.289000000000000207e-34
6.742899999999999636e+03 7.871307151999507025e-16 2.613999999999999844e-34
6.768500000000000000e+03 7.153838876402619251e-16 2.168999999999999792e-34
6.794100000000000364e+03 6.549366368980776945e-16 2.181999999999999885e-34
6.819600000000000364e+03 6.324471878923646877e-16 1.987000000000000189e-34
6.845199999999999818e+03 6.339830527025109895e-16 2.096999999999999799e-34
6.870800000000000182e+03 6.391391702794307238e-16 2.745999999999999974e-34
6.896300000000000182e+03 6.640421211296590237e-16 3.006000000000000139e-34
6.921899999999999636e+03 6.738058331370171702e-16 2.858000000000000058e-34
6.947500000000000000e+03 6.597636405871085764e-16 2.311999999999999968e-34
6.973100000000000364e+03 6.662362137155821428e-16 1.996999999999999998e-34
6.998600000000000364e+03 6.987087839872457658e-16 1.838000000000000085e-34
7.024199999999999818e+03 7.356792440600515169e-16 1.976999999999999953e-34
7.049800000000000182e+03 7.663965402629766643e-16 1.715999999999999978e-34
7.075300000000000182e+03 8.023796586721171400e-16 1.566000000000000063e-34
7.100899999999999636e+03 8.099492780935523645e-16 1.809000000000000040e-34
7.126500000000000000e+03 8.010632031205633079e-16 1.979999999999999810e-34
7.152100000000000364e+03 8.230041289797952884e-16 1.981000000000000047e-34
7.177600000000000364e+03 8.697383010599598762e-16 2.003999999999999950e-34
7.203199999999999818e+03 9.480674063774187014e-16 2.966999999999999857e-34
7.228800000000000182e+03 1.038244611658862311e-15 3.026999999999999994e-34
7.254300000000000182e+03 1.157383839074492592e-15 3.613999999999999985e-34
7.279899999999999636e+03 1.321940783018732840e-15 3.981000000000000330e-34
7.305500000000000000e+03 1.500759328771474251e-15 3.847000000000000153e-34
7.331100000000000364e+03 1.648860578321290612e-15 3.674999999999999932e-34
7.356600000000000364e+03 1.730042004000449374e-15 3.157999999999999887e-34
7.382199999999999818e+03 1.676286735645330686e-15 2.963000000000000190e-34
7.407800000000000182e+03 1.538058902732168657e-15 3.368000000000000152e-34
7.433300000000000182e+03 1.383375375424582938e-15 2.770999999999999924e-34
7.458899999999999636e+03 1.267088468370652692e-15 2.721999999999999833e-34
7.484500000000000000e+03 1.205653875964802989e-15 2.736999999999999975e-34
7.510000000000000000e+03 1.170548394590031899e-15 2.368000000000000010e-34
7.535600000000000364e+03 1.096278360556531150e-15 2.235999999999999880e-34
7.561199999999999818e+03 9.879998914412211662e-16 2.277000000000000209e-34
7.586800000000000182e+03 8.804893547309832982e-16 2.840000000000000060e-34
7.612300000000000182e+03 7.789028680027389563e-16 2.350000000000000012e-34
7.637899999999999636e+03 7.409450662662675354e-16 2.210999999999999930e-34
7.663500000000000000e+03 7.652994939700149075e-16 3.519999999999999899e-34
7.689000000000000000e+03 8.102783919814407239e-16 4.586000000000000320e-34
7.714600000000000364e+03 8.834513797219796175e-16 3.945999999999999716e-34
7.740199999999999818e+03 9.933754182767323842e-16 2.860999999999999915e-34
7.765800000000000182e+03 1.158480885367454053e-15 2.565999999999999991e-34
7.791300000000000182e+03 1.362531495858312221e-15 3.517999999999999852e-34
7.816899999999999636e+03 1.545738226782900264e-15 3.784999999999999969e-34
7.842500000000000000e+03 1.621434420997250735e-15 3.879000000000000055e-34
7.868000000000000000e+03 1.576455522985825116e-15 4.391000000000000196e-34
7.893600000000000364e+03 1.486497726962973286e-15 4.850999999999999962e-34
7.919199999999999818e+03 1.420674949385277147e-15 4.539999999999999659e-34
7.944699999999999818e+03 1.344978755170926479e-15 3.732000000000000212e-34
7.970300000000000182e+03 1.212236153722572543e-15 3.294000000000000111e-34
7.995899999999999636e+03 1.036269928331531563e-15 2.903999999999999864e-34
8.021500000000000000e+03 8.598648844233054456e-16 2.565000000000000181e-34
8.047000000000000000e+03 7.346919023963862415e-16 2.204999999999999788e-34
8.072600000000000364e+03 6.802784062654907366e-16 2.017000000000000044e-34
8.098199999999999818e+03 6.543881137515966682e-16 1.632999999999999938e-34
8.123699999999999818e+03 6.190632231182332072e-16 1.505999999999999927e-34
8.149300000000000182e+03 5.911982472770084895e-16 1.803999999999999922e-34
8.174899999999999636e+03 6.001940268792933372e-16 1.443999999999999956e-34
8.200500000000000000e+03 6.303627999357375569e-16 1.460999999999999931e-34
8.226000000000000000e+03 6.597636405871085764e-16 2.799000000000000159e-34
8.251600000000000364e+03 6.922362108587723967e-16 3.035999999999999993e-34
8.277200000000000728e+03 7.083627913653077268e-16 2.957000000000000048e-34
8.302700000000000728e+03 6.516454980191927200e-16 5.252999999999999638e-34
8.328299999999999272e+03 5.333839076379317258e-16 5.807999999999999727e-34
8.353899999999999636e+03 4.428775884685997569e-16 4.928000000000000287e-34
8.379500000000000000e+03 4.101856089383437135e-16 3.880999999999999675e-34
8.405000000000000000e+03 4.287256912893948791e-16 2.730000000000000023e-34
8.430600000000000364e+03 5.091391845634804406e-16 2.332000000000000014e-34
8.456200000000000728e+03 6.209282018162679670e-16 2.422999999999999815e-34
8.481700000000000728e+03 7.467594116189639885e-16 2.856999999999999821e-34
8.507299999999999272e+03 9.297467332849591674e-16 2.381999999999999914e-34
8.532899999999999636e+03 1.127763589164529004e-15 2.747000000000000211e-34
8.558399999999999636e+03 1.352658079221658284e-15 2.889000000000000150e-34
8.584000000000000000e+03 1.506244560236282542e-15 4.290000000000000158e-34
8.609600000000000364e+03 1.597299402552095241e-15 4.410999999999999814e-34
8.635200000000000728e+03 1.633501930219828581e-15 4.654999999999999600e-34
8.660700000000000728e+03 1.636793069098713161e-15 3.866999999999999771e-34
8.686299999999999272e+03 1.625822606169097171e-15 3.398999999999999816e-34
8.711899999999999636e+03 1.633501930219828581e-15 4.020000000000000184e-34
8.737399999999999636e+03 1.624725559876135710e-15 9.504000000000000797e-34
8.763000000000000000e+03 1.521603208337744770e-15 1.456999999999999965e-33
8.788600000000000364e+03 1.387763560596429373e-15 1.640999999999999871e-33
8.814200000000000728e+03 1.263797329491768112e-15 1.448000000000000051e-33
8.839700000000000728e+03 1.123375403992682372e-15 1.270000000000000030e-33
8.865299999999999272e+03 1.001493560844648142e-15 1.033999999999999920e-33
8.890899999999999636e+03 9.205315444240821458e-16 6.069000000000000130e-34
8.916399999999999636e+03 8.366075030125192386e-16 4.348000000000000247e-34
8.942000000000000000e+03 7.546581449282873753e-16 4.424999999999999717e-34
8.967600000000000364e+03 7.013416950903534299e-16 4.011999999999999995e-34
8.993200000000000728e+03 6.562530924496314280e-16 3.193000000000000073e-34
9.018700000000000728e+03 6.019493009480320100e-16 2.959999999999999906e-34
9.044299999999999272e+03 5.705737769693302424e-16 2.332999999999999823e-34
9.069899999999999636e+03 5.615779973670450002e-16 2.313000000000000205e-34
9.095399999999999636e+03 5.747425528825843069e-16 1.919000000000000077e-34
9.121000000000000000e+03 6.258649101345952316e-16 2.806999999999999920e-34
9.146600000000000364e+03 6.811560432998599251e-16 2.975999999999999857e-34
9.172100000000000364e+03 7.044134247106462307e-16 2.720000000000000214e-34
9.197700000000000728e+03 7.444556144037443880e-16 3.281999999999999827e-34
9.223299999999999272e+03 8.337551826508191048e-16 4.344000000000000153e-34
