3.776699999999999818e+03 9.370103465518193179e-16 1.262000000000000080e-32
3.802300000000000182e+03 8.172852295861318026e-16 1.185999999999999958e-32
3.827900000000000091e+03 7.788584854582225528e-16 8.944000000000000205e-33
3.853400000000000091e+03 6.730415557328599683e-16 6.361000000000000368e-33
3.879000000000000000e+03 5.257868310337449146e-16 5.764999999999999779e-33
3.904599999999999909e+03 7.296779883094431971e-16 4.839999999999999915e-33
3.930099999999999909e+03 7.916196057096552324e-16 5.076999999999999921e-33
3.955699999999999818e+03 1.146350072024758407e-15 3.984999999999999912e-33
3.981300000000000182e+03 1.381642188121397868e-15 4.334999999999999897e-33
4.006800000000000182e+03 1.554275769949766577e-15 3.209999999999999749e-33
4.032400000000000091e+03 1.551408102477534864e-15 3.073999999999999952e-33
4.058000000000000000e+03 1.515562259074634314e-15 3.479999999999999894e-33
4.083599999999999909e+03 1.236394830652844994e-15 2.706999999999999863e-33
4.109100000000000364e+03 1.059029597495293111e-15 2.246000000000000031e-33
4.134699999999999818e+03 9.576575523518900949e-16 2.009000000000000026e-33
4.160300000000000182e+03 1.043400809771628521e-15 1.523999999999999968e-33
4.185800000000000182e+03 1.026051421564624273e-15 1.227000000000000082e-33
4.211399999999999636e+03 1.047989077727199301e-15 1.199999999999999999e-33
4.237000000000000000e+03 1.016157968785423898e-15 1.198999999999999932e-33
4.262600000000000364e+03 1.111794678984362699e-15 1.209999999999999979e-33
4.288100000000000364e+03 1.164989910594267498e-15 1.456000000000000069e-33
4.313699999999999818e+03 1.214027024369434558e-15 9.878000000000000666e-34
4.339300000000000182e+03 1.278979692615490799e-15 9.483999999999999469e-34
4.364800000000000182e+03 1.407737962118710043e-15 1.312999999999999978e-33
4.390399999999999636e+03 1.327299889522600424e-15 1.000999999999999951e-33
4.416000000000000000e+03 1.167427427945664000e-15 1.013999999999999960e-33
4.441600000000000364e+03 1.011426317456241315e-15 9.663999999999999452e-34
4.467100000000000364e+03 9.067564547197715735e-16 8.225000000000000683e-34
4.492699999999999818e+03 1.005404215764554087e-15 9.599000000000000266e-34
4.518300000000000182e+03 1.114375579709371398e-15 9.968999999999999185e-34
4.543800000000000182e+03 1.276255408516870100e-15 9.419999999999999665e-34
4.569399999999999636e+03 1.498356254241241671e-15 6.718999999999999687e-34
4.595000000000000000e+03 1.686188473672440942e-15 7.659999999999999929e-34
4.620500000000000000e+03 1.719166649603108794e-15 2.691000000000000169e-33
4.646100000000000364e+03 1.723468150811457349e-15 3.283999999999999875e-33
4.671699999999999818e+03 1.707695979714180957e-15 7.029999999999999990e-34
4.697300000000000182e+03 1.479716415671733369e-15 2.479999999999999838e-33
4.722800000000000182e+03 1.243707382707036867e-15 4.626000000000000411e-34
4.748399999999999636e+03 9.990953473256436488e-16 5.883999999999999815e-34
4.774000000000000000e+03 8.970063853141824092e-16 4.913000000000000146e-34
4.799500000000000000e+03 8.233073312778193262e-16 5.220000000000000354e-34
4.825100000000000364e+03 7.129021335968856661e-16 4.293000000000000015e-34
4.850699999999999818e+03 8.081086936749895527e-16 3.858999999999999582e-34
4.876300000000000182e+03 9.783047581519612664e-16 3.600000000000000082e-34
4.901800000000000182e+03 9.781613747783496611e-16 3.380000000000000008e-34
4.927399999999999636e+03 9.602384530768991886e-16 1.616999999999999987e-33
4.953000000000000000e+03 1.132728651531656489e-15 3.874999999999999960e-34
4.978500000000000000e+03 1.319413803973962326e-15 3.198999999999999788e-34
5.004100000000000364e+03 1.394259924999218548e-15 5.187000000000000214e-34
5.029699999999999818e+03 1.433546969368797233e-15 4.138999999999999878e-33
5.055300000000000182e+03 1.210872590149979437e-15 2.970999999999999952e-34
5.080800000000000182e+03 9.957975297325765284e-16 2.804000000000000063e-34
5.106399999999999636e+03 9.394478639032164117e-16 1.242000000000000052e-33
5.132000000000000000e+03 9.275470438934539559e-16 1.237999999999999957e-33
5.157500000000000000e+03 1.090000406195399079e-15 2.291999999999999922e-34
5.183100000000000364e+03 1.269086239836290029e-15 3.258000000000000115e-34
5.208699999999999818e+03 1.459642743366109802e-15 3.445000000000000049e-34
5.234199999999999818e+03 1.502657755449589832e-15 2.485999999999999809e-34
5.259800000000000182e+03 1.535635931380258669e-15 3.580999999999999846e-34
5.285399999999999636e+03 1.614496786866639250e-15 3.254999999999999830e-34
5.311000000000000000e+03 1.648908796533424141e-15 1.216000000000000035e-33
5.336500000000000000e+03 1.716298982130877081e-15 3.566999999999999942e-34
5.362100000000000364e+03 1.690489974880788906e-15 2.860999999999999915e-34
5.387699999999999818e+03 1.585820112144318967e-15 3.823000000000000013e-34
5.413199999999999818e+03 1.417057881403463208e-15 1.399000000000000046e-33
5.438800000000000182e+03 1.313104935535052085e-15 1.183999999999999962e-33
5.464399999999999636e+03 1.236824980773680204e-15 3.317999999999999824e-34
5.490000000000000000e+03 1.112798362599643345e-15 1.116000000000000064e-33
5.515500000000000000e+03 1.030639689520195841e-15 1.203999999999999922e-33
5.541100000000000364e+03 1.031069839641030855e-15 1.136999999999999919e-33
5.566699999999999818e+03 1.083691537756488443e-15 1.976999999999999953e-34
5.592199999999999818e+03 1.001246097929817335e-15 3.415000000000000195e-34
5.617800000000000182e+03 8.187190633222480534e-16 1.443000000000000061e-33
5.643399999999999636e+03 6.747621562161992326e-16 7.153000000000000120e-34
5.668899999999999636e+03 5.941807002464791910e-16 1.765000000000000068e-34
5.694500000000000000e+03 5.835703305992205918e-16 8.887000000000000524e-34
5.720100000000000364e+03 4.942424888391925248e-16 8.463000000000000755e-34
5.745699999999999818e+03 3.693555704234869701e-16 6.776999999999999776e-34
5.771199999999999818e+03 3.170206390552522472e-16 1.369999999999999916e-34
5.796800000000000182e+03 3.155868053191360950e-16 1.833999999999999990e-34
5.822399999999999636e+03 3.481348311289698702e-16 1.623999999999999939e-34
5.847899999999999636e+03 4.265655364945162258e-16 6.743999999999999637e-34
5.873500000000000000e+03 5.255000642865214081e-16 3.332000000000000155e-34
5.899100000000000364e+03 6.145411392993266588e-16 2.140000000000000175e-34
5.924699999999999818e+03 7.096043160038188415e-16 1.743000000000000146e-33
5.950199999999999818e+03 7.451633926594959840e-16 1.041999999999999938e-33
5.975800000000000182e+03 7.324022724080636003e-16 3.256000000000000067e-34
6.001399999999999636e+03 6.797805742926056173e-16 1.874000000000000081e-34
6.026899999999999636e+03 6.273022595507591412e-16 5.893000000000000242e-34
6.052500000000000000e+03 5.948976171145368234e-16 7.031999999999999609e-34
6.078100000000000364e+03 5.669378592602746661e-16 1.822999999999999944e-34
6.103699999999999818e+03 6.036440029048447502e-16 1.592000000000000037e-34
6.129199999999999818e+03 6.701738882606280584e-16 1.625999999999999986e-34
6.154800000000000182e+03 7.562039124275893994e-16 6.724000000000000019e-34
6.180399999999999636e+03 8.294728163431182580e-16 1.408999999999999983e-34
6.205899999999999636e+03 8.620208421529515894e-16 4.809000000000000251e-34
6.231500000000000000e+03 9.400213973976630304e-16 6.102000000000000269e-34
6.257100000000000364e+03 9.632495039227425067e-16 1.406999999999999936e-34
6.282600000000000364e+03 1.035658107596602029e-15 6.184000000000000071e-34
6.308199999999999818e+03 1.043687576518851929e-15 6.174999999999999644e-34
6.333800000000000182e+03 1.032073523256311698e-15 7.132999999999999647e-34
6.359399999999999636e+03 9.896320446672776952e-16 6.030999999999999658e-34
6.384899999999999636e+03 1.034654423981320594e-15 5.432000000000000238e-34
6.410500000000000000e+03 1.102474759699608548e-15 5.011999999999999708e-34
6.436100000000000364e+03 1.123265348873290536e-15 5.965999999999999617e-34
6.461600000000000364e+03 1.200548987249944246e-15 4.780999999999999588e-34
6.487199999999999818e+03 1.215174091358327401e-15 4.752000000000000399e-34
6.512800000000000182e+03 1.246288283432045369e-15 3.454000000000000048e-34
6.538399999999999636e+03 1.287582695032186726e-15 4.968000000000000378e-34
6.563899999999999636e+03 1.289733445636360806e-15 1.227999999999999977e-34
6.589500000000000000e+03 1.239405881498688312e-15 1.808000000000000016e-34
6.615100000000000364e+03 1.110647611995469856e-15 1.580999999999999991e-34
6.640600000000000364e+03 9.514920672865914590e-16 1.302000000000000017e-34
6.666199999999999818e+03 7.529060948345224761e-16 8.997999999999999729e-35
6.691800000000000182e+03 6.164051231562775284e-16 2.260000000000000020e-34
6.717399999999999636e+03 5.257868310337449146e-16 5.836999999999999558e-35
6.742899999999999636e+03 4.437715413279085236e-16 5.968999999999999902e-35
6.768500000000000000e+03 4.052014138263875699e-16 2.451000000000000050e-34
6.794100000000000364e+03 3.871351087513257386e-16 6.629999999999999719e-35
6.819600000000000364e+03 3.755210554887857539e-16 4.822000000000000131e-35
6.845199999999999818e+03 3.694989537970985261e-16 6.031999999999999896e-35
6.870800000000000182e+03 3.826902241693659232e-16 2.741999999999999879e-34
6.896300000000000182e+03 3.580282839081703441e-16 6.458999999999999736e-35
6.921899999999999636e+03 3.710761709068262344e-16 2.572000000000000133e-34
6.947500000000000000e+03 3.925836769485664957e-16 5.851999999999999913e-35
6.973100000000000364e+03 3.813997738068615243e-16 5.238999999999999734e-35
6.998600000000000364e+03 4.037675800902715163e-16 4.012000000000000208e-35
7.024199999999999818e+03 4.317273379445339201e-16 4.860999999999999771e-35
7.049800000000000182e+03 4.730217495446753263e-16 2.030000000000000138e-34
7.075300000000000182e+03 4.918049714877952337e-16 4.832999999999999536e-35
7.100899999999999636e+03 5.067168423434019937e-16 2.014999999999999996e-34
7.126500000000000000e+03 5.200514960892807989e-16 4.374000000000000114e-35
7.152100000000000364e+03 5.300883322420929767e-16 4.135000000000000018e-35
7.177600000000000364e+03 5.530296720199492423e-16 5.381000000000000315e-35
7.203199999999999818e+03 6.275890262979821547e-16 6.313000000000000344e-35
7.228800000000000182e+03 6.908210940606989340e-16 5.985000000000000494e-35
7.254300000000000182e+03 7.676745823165177294e-16 3.173000000000000028e-34
7.279899999999999636e+03 8.808040640960713982e-16 3.262000000000000209e-34
7.305500000000000000e+03 1.017448419147928149e-15 2.590999999999999941e-34
7.331100000000000364e+03 1.098460025238483401e-15 2.757999999999999830e-34
7.356600000000000364e+03 1.114375579709371398e-15 7.857000000000000314e-35
7.382199999999999818e+03 1.059316364242516519e-15 6.791999999999999704e-35
7.407800000000000182e+03 9.661171713949754027e-16 2.882000000000000198e-34
7.433300000000000182e+03 8.757856460196655065e-16 2.521999999999999805e-34
7.458899999999999636e+03 8.161381625972391569e-16 2.325999999999999872e-34
7.484500000000000000e+03 7.496082772414557501e-16 4.275999999999999827e-35
7.510000000000000000e+03 7.088873991357607161e-16 5.399000000000000313e-35
7.535600000000000364e+03 6.611407357230975125e-16 5.932999999999999905e-35
7.561199999999999818e+03 6.062249036298534494e-16 6.228999999999999639e-35
7.586800000000000182e+03 5.358236671865569938e-16 7.976999999999999946e-35
7.612300000000000182e+03 4.714445324349477660e-16 6.800000000000000535e-35
7.637899999999999636e+03 4.462090586793057161e-16 7.059000000000000034e-35
7.663500000000000000e+03 4.667128811057648878e-16 9.773000000000000962e-35
7.689000000000000000e+03 5.107315768045268451e-16 9.672000000000000496e-35
7.714600000000000364e+03 5.796989795117070499e-16 4.468999999999999903e-34
7.740199999999999818e+03 6.935453781593193372e-16 2.718000000000000166e-34
7.765800000000000182e+03 8.251713151347698014e-16 2.658999999999999840e-34
7.791300000000000182e+03 9.404515475184978465e-16 2.525000000000000090e-34
7.816899999999999636e+03 1.037522091453552701e-15 7.293000000000000012e-35
7.842500000000000000e+03 1.072364251241172212e-15 8.604000000000000242e-35
7.868000000000000000e+03 1.003540231907603415e-15 9.481000000000000039e-35
7.893600000000000364e+03 9.080469050822758245e-16 4.526999999999999993e-34
7.919199999999999818e+03 8.059579430708155710e-16 4.561000000000000370e-34
7.944699999999999818e+03 7.412920415719826394e-16 8.623000000000000478e-35
7.970300000000000182e+03 6.615708858439320328e-16 9.401000000000000285e-35
7.995899999999999636e+03 5.693753766116719572e-16 7.998999999999999825e-35
8.021500000000000000e+03 4.864997866641658355e-16 4.846999999999999653e-35
8.047000000000000000e+03 4.202566680556057873e-16 5.603999999999999818e-35
8.072600000000000364e+03 4.083558480458427892e-16 5.632000000000000053e-35
8.098199999999999818e+03 3.746607552471161711e-16 5.746000000000000398e-35
8.123699999999999818e+03 3.682085034345942258e-16 4.118999999999999961e-35
8.149300000000000182e+03 3.586018174026168641e-16 7.336999999999999770e-35
8.174899999999999636e+03 3.626165518637417155e-16 7.362999999999999530e-35
8.200500000000000000e+03 3.839806745318704207e-16 3.773000000000000113e-34
8.226000000000000000e+03 3.967417947833028538e-16 3.040999999999999898e-34
8.251600000000000364e+03 4.261353863736813112e-16 7.681000000000000212e-35
8.277200000000000728e+03 4.473561256681984604e-16 1.323000000000000087e-34
8.302700000000000728e+03 4.128007326278024567e-16 1.945999999999999861e-34
8.328299999999999272e+03 3.413958125692245170e-16 1.013000000000000064e-33
8.353899999999999636e+03 2.955131330135118380e-16 9.389999999999999383e-34
8.379500000000000000e+03 2.892042645746014488e-16 7.690999999999999594e-34
8.405000000000000000e+03 3.425428795581174092e-16 1.495000000000000094e-34
8.430600000000000364e+03 4.185360675722665723e-16 1.110999999999999988e-34
8.456200000000000728e+03 5.057131587281206576e-16 3.182000000000000027e-34
8.481700000000000728e+03 6.326074443743887366e-16 3.667000000000000170e-34
8.507299999999999272e+03 7.801489358207268038e-16 8.511999999999999776e-35
8.532899999999999636e+03 9.489111665615827598e-16 8.853999999999999743e-35
8.558399999999999636e+03 1.136743385992781242e-15 3.022000000000000090e-34
8.584000000000000000e+03 1.320704254336466577e-15 4.951999999999999999e-34
8.609600000000000364e+03 1.367447234133848740e-15 5.293999999999999966e-34
8.635200000000000728e+03 1.380208354385281617e-15 1.342999999999999918e-34
8.660700000000000728e+03 1.386087072703357437e-15 5.119999999999999698e-34
8.686299999999999272e+03 1.400282026690905973e-15 3.550999999999999991e-34
8.711899999999999636e+03 1.387951056560308109e-15 5.112999999999999746e-34
8.737399999999999636e+03 1.368737684496352794e-15 1.610999999999999931e-33
8.763000000000000000e+03 1.303354866129463512e-15 2.993000000000000045e-33
8.788600000000000364e+03 1.191372451338801897e-15 3.312999999999999748e-33
8.814200000000000728e+03 1.051143511946654421e-15 2.989999999999999846e-33
8.839700000000000728e+03 8.873996992822051461e-16 4.846999999999999867e-34
8.865299999999999272e+03 7.739834507554280693e-16 4.261000000000000113e-34
8.890899999999999636e+03 6.822180916440026126e-16 7.793000000000000724e-34
8.916399999999999636e+03 6.042175363992911716e-16 5.030999999999999944e-34
8.942000000000000000e+03 5.470075703282619159e-16 1.860999999999999987e-34
8.967600000000000364e+03 4.995476736628218244e-16 1.205000000000000074e-34
8.993200000000000728e+03 4.581098786890685663e-16 5.411000000000000383e-34
9.018700000000000728e+03 4.129441160014140127e-16 4.060000000000000275e-34
9.044299999999999272e+03 3.908630764652271821e-16 3.818999999999999918e-34
9.069899999999999636e+03 3.865615752568791200e-16 7.717000000000000209e-35
9.095399999999999636e+03 4.053447971999991260e-16 7.559000000000000105e-35
9.121000000000000000e+03 4.143779497375300663e-16 3.701999999999999929e-34
9.146600000000000364e+03 4.258486196264581991e-16 3.712999999999999976e-34
9.172100000000000364e+03 4.565326615793410060e-16 3.667999999999999980e-34
9.197700000000000728e+03 5.176139787378836064e-16 9.508000000000000037e-35
9.223299999999999272e+03 6.043609197729024812e-16 1.842999999999999989e-34
