3.776699999999999818e+03 -5.282518878339149706e-16 6.615000000000000271e-31
3.802300000000000182e+03 3.130780027691838605e-16 3.200000000000000179e-31
3.827900000000000091e+03 1.857219595464960984e-16 2.178000000000000003e-31
3.853400000000000091e+03 3.702335659895031918e-16 1.770000000000000051e-31
3.879000000000000000e+03 1.483354970164990975e-16 1.449000000000000049e-31
3.904599999999999909e+03 2.926364836880343846e-16 1.286999999999999962e-31
3.930099999999999909e+03 8.863819227885272245e-16 1.190999999999999935e-31
3.955699999999999818e+03 1.104379965094733140e-15 1.059000000000000034e-31
3.981300000000000182e+03 1.285798446939934387e-15 1.039999999999999894e-31
4.006800000000000182e+03 1.822253839141942659e-15 9.448000000000000293e-32
4.032400000000000091e+03 1.557320993155992126e-15 7.111999999999999484e-32
4.058000000000000000e+03 1.795357103508850722e-15 6.233999999999999458e-32
4.083599999999999909e+03 1.515631052924700570e-15 6.537999999999999946e-32
4.109100000000000364e+03 1.086090184864231151e-15 4.646999999999999821e-32
4.134699999999999818e+03 9.021165131338856213e-16 2.868000000000000021e-32
4.160300000000000182e+03 1.033103615667040768e-15 3.418999999999999810e-32
4.185800000000000182e+03 1.058924481874808839e-15 2.233000000000000126e-32
4.211399999999999636e+03 1.267374183031267014e-15 1.947000000000000012e-32
4.237000000000000000e+03 1.052200297966535460e-15 1.930000000000000115e-32
4.262600000000000364e+03 1.100614422106100592e-15 1.534000000000000084e-32
4.288100000000000364e+03 1.309198606940723560e-15 1.477999999999999923e-32
4.313699999999999818e+03 1.303550292457774837e-15 1.363000000000000084e-32
4.339300000000000182e+03 1.737529121897704713e-15 1.476000000000000063e-31
4.364800000000000182e+03 1.948668496617472161e-15 1.394000000000000036e-31
4.390399999999999636e+03 2.041462234551637333e-15 1.447000000000000080e-31
4.416000000000000000e+03 1.326547001424068053e-15 1.162000000000000006e-32
4.441600000000000364e+03 1.319419366481298126e-15 7.407000000000000332e-32
4.467100000000000364e+03 1.503527521889809040e-15 1.699999999999999890e-32
4.492699999999999818e+03 1.265491411536950838e-15 8.506999999999999504e-32
4.518300000000000182e+03 1.675666629941593810e-15 8.194999999999999579e-32
4.543800000000000182e+03 1.705253039137994822e-15 7.223000000000000152e-32
4.569399999999999636e+03 1.999772294320345185e-15 8.492999999999999942e-32
4.595000000000000000e+03 2.387085287436861903e-15 6.666999999999999893e-32
4.620500000000000000e+03 2.315808938009170912e-15 7.422000000000000097e-32
4.646100000000000364e+03 2.592845315030011792e-15 7.914999999999999591e-32
4.671699999999999818e+03 2.167876892027166440e-15 6.600000000000000506e-32
4.697300000000000182e+03 2.021289682826818183e-15 7.358000000000000224e-33
4.722800000000000182e+03 1.640700873618575041e-15 7.555999999999999692e-33
4.748399999999999636e+03 1.381147374759243644e-15 7.169000000000000670e-33
4.774000000000000000e+03 1.139211237739585932e-15 6.804000000000000373e-33
4.799500000000000000e+03 9.863032956654616336e-16 7.624999999999999486e-33
4.825100000000000364e+03 9.474375126756445376e-16 7.497999999999999945e-33
4.850699999999999818e+03 9.856308772746347099e-16 6.140000000000000056e-33
4.876300000000000182e+03 1.147145774751348168e-15 6.758000000000000054e-33
4.901800000000000182e+03 1.201208213373861826e-15 2.845000000000000272e-32
4.927399999999999636e+03 1.191390904867783810e-15 5.022000000000000510e-32
4.953000000000000000e+03 1.480665296601681998e-15 4.999000000000000213e-32
4.978500000000000000e+03 1.799391613853815025e-15 5.625999999999999577e-32
5.004100000000000364e+03 2.130221462140838202e-15 5.113999999999999505e-32
5.029699999999999818e+03 2.099290216162783933e-15 3.342000000000000032e-32
5.055300000000000182e+03 1.670287282814976251e-15 3.394000000000000339e-33
5.080800000000000182e+03 1.588252239134046986e-15 2.522999999999999957e-32
5.106399999999999636e+03 1.312291731538529381e-15 2.230000000000000063e-32
5.132000000000000000e+03 1.290639859353890802e-15 2.395999999999999869e-32
5.157500000000000000e+03 1.597666096605629243e-15 2.561000000000000018e-32
5.183100000000000364e+03 1.788632919600578329e-15 2.608999999999999922e-32
5.208699999999999818e+03 2.108704073634366387e-15 2.723999999999999761e-32
5.234199999999999818e+03 2.005151641446963336e-15 1.939000000000000028e-32
5.259800000000000182e+03 2.177290749498748894e-15 2.067999999999999976e-32
5.285399999999999636e+03 2.119462767887602689e-15 2.373000000000000120e-32
5.311000000000000000e+03 2.323877958699097152e-15 2.475000000000000053e-32
5.336500000000000000e+03 2.505430924222464376e-15 2.202000000000000119e-32
5.362100000000000364e+03 2.471810004681099257e-15 2.645000000000000124e-32
5.387699999999999818e+03 2.352119531113844120e-15 1.733999999999999959e-32
5.413199999999999818e+03 2.083152174782929086e-15 1.742999999999999872e-32
5.438800000000000182e+03 2.067014133403073845e-15 1.989000000000000065e-32
5.464399999999999636e+03 1.818219328796978356e-15 1.912999999999999944e-32
5.490000000000000000e+03 1.760391347185832347e-15 1.807000000000000018e-32
5.515500000000000000e+03 1.609769627640520378e-15 1.678000000000000071e-32
5.541100000000000364e+03 1.480665296601681998e-15 1.961000000000000121e-32
5.566699999999999818e+03 1.686425324194830900e-15 1.403000000000000004e-32
5.592199999999999818e+03 1.710632386264612973e-15 1.367000000000000076e-32
5.617800000000000182e+03 1.378457701195934569e-15 2.985000000000000266e-32
5.643399999999999636e+03 1.049376140725061000e-15 1.878999999999999943e-33
5.668899999999999636e+03 9.076303439386691568e-16 6.751999999999999655e-33
5.694500000000000000e+03 8.905509168116562223e-16 8.197999999999999916e-33
5.720100000000000364e+03 7.032151531271747921e-16 8.547999999999999559e-34
5.745699999999999818e+03 6.253491034693751168e-16 8.715000000000000731e-34
5.771199999999999818e+03 4.463513278311515836e-16 5.952999999999999951e-34
5.796800000000000182e+03 4.712308082917613691e-16 5.059000000000000094e-33
5.822399999999999636e+03 5.345726207076917021e-16 6.173999999999999578e-33
5.847899999999999636e+03 6.163386970322894085e-16 5.832000000000000124e-33
5.873500000000000000e+03 6.444457857688702029e-16 6.551000000000000672e-33
5.899100000000000364e+03 8.019261729006204427e-16 7.114999999999999820e-33
5.924699999999999818e+03 9.376202041695661265e-16 7.148999999999999342e-33
5.950199999999999818e+03 9.330477591119404814e-16 6.076000000000000081e-34
5.975800000000000182e+03 9.392340083075515323e-16 6.328000000000000057e-34
6.001399999999999636e+03 1.078021164174303136e-15 6.414000000000000467e-33
6.026899999999999636e+03 8.912233352024835405e-16 5.917000000000000296e-33
6.052500000000000000e+03 8.592162197991047150e-16 4.846999999999999696e-33
6.078100000000000364e+03 7.988330483028146214e-16 4.307000000000000090e-33
6.103699999999999818e+03 8.227711430162659249e-16 4.269000000000000303e-33
6.129199999999999818e+03 9.178511034792439194e-16 5.280999999999999787e-33
6.154800000000000182e+03 9.298201508359698670e-16 5.527999999999999944e-34
6.180399999999999636e+03 1.082862576588259748e-15 4.596000000000000129e-33
6.205899999999999636e+03 1.293598500273530647e-15 5.959999999999999731e-33
6.231500000000000000e+03 1.303953743492271386e-15 4.741000000000000181e-33
6.257100000000000364e+03 1.266836248318605278e-15 4.914000000000000041e-33
6.282600000000000364e+03 1.302608906710616749e-15 1.625999999999999901e-33
6.308199999999999818e+03 1.363664496597734358e-15 5.629999999999999706e-33
6.333800000000000182e+03 1.347526455217878920e-15 4.798999999999999929e-33
6.359399999999999636e+03 1.359629986252770647e-15 4.207000000000000290e-33
6.384899999999999636e+03 1.412078620737298307e-15 4.023999999999999765e-33
6.410500000000000000e+03 1.441665029933698925e-15 4.173000000000000084e-33
6.436100000000000364e+03 1.564045177064264913e-15 4.848999999999999829e-33
6.461600000000000364e+03 1.678356303504903674e-15 5.718000000000000078e-33
6.487199999999999818e+03 1.753667163277559363e-15 5.346000000000000000e-33
6.512800000000000182e+03 1.789977756382232177e-15 4.693999999999999796e-33
6.538399999999999636e+03 1.791322593163887207e-15 4.784999999999999683e-33
6.563899999999999636e+03 1.748287816150941212e-15 3.712000000000000252e-33
6.589500000000000000e+03 1.628597342583684695e-15 4.007000000000000005e-33
6.615100000000000364e+03 1.555976156374337687e-15 2.481999999999999971e-33
6.640600000000000364e+03 1.386526721885861598e-15 6.251999999999999969e-34
6.666199999999999818e+03 1.174849412453432611e-15 3.970999999999999666e-34
6.691800000000000182e+03 9.716445747454266106e-16 2.725999999999999928e-34
6.717399999999999636e+03 7.757018556583559222e-16 2.153000000000000012e-33
6.742899999999999636e+03 7.306498234729281697e-16 2.718999999999999976e-34
6.768500000000000000e+03 6.745701296779325573e-16 2.502999999999999997e-33
6.794100000000000364e+03 5.870212551922197570e-16 2.148000000000000022e-33
6.819600000000000364e+03 5.395485167998135014e-16 2.066000000000000049e-33
6.845199999999999818e+03 5.336312349605334172e-16 3.168000000000000123e-34
6.870800000000000182e+03 5.123828138103910905e-16 3.930000000000000193e-34
6.896300000000000182e+03 5.022965379479819098e-16 3.242000000000000164e-34
6.921899999999999636e+03 5.805660386402775421e-16 2.416000000000000034e-33
6.947500000000000000e+03 4.997413480628384164e-16 2.273999999999999839e-33
6.973100000000000364e+03 4.860240128899616783e-16 2.536999999999999861e-33
6.998600000000000364e+03 6.073282905952037988e-16 2.715000000000000053e-33
7.024199999999999818e+03 5.539382703635175577e-16 3.143999999999999983e-34
7.049800000000000182e+03 5.942833738131543789e-16 2.062000000000000039e-34
7.075300000000000182e+03 6.673080110569975410e-16 2.546000000000000116e-33
7.100899999999999636e+03 6.553389637002720864e-16 2.365999999999999963e-34
7.126500000000000000e+03 6.886909158853053511e-16 3.000999999999999807e-34
7.152100000000000364e+03 7.077875981848001414e-16 4.056000000000000180e-34
7.177600000000000364e+03 7.259428947371368440e-16 3.287000000000000159e-34
7.203199999999999818e+03 7.587569122095083725e-16 2.999999999999999997e-34
7.228800000000000182e+03 8.405229885341063747e-16 2.562000000000000153e-33
7.254300000000000182e+03 1.007013782102941534e-15 3.458999999999999867e-33
7.279899999999999636e+03 1.075600457967325422e-15 2.684000000000000046e-33
7.305500000000000000e+03 1.277460458893675997e-15 2.959999999999999906e-33
7.331100000000000364e+03 1.473941112693409013e-15 3.569999999999999714e-33
7.356600000000000364e+03 1.531769094304555416e-15 3.713000000000000318e-33
7.382199999999999818e+03 1.472596275911754574e-15 3.204000000000000034e-33
7.407800000000000182e+03 1.379802537977588614e-15 2.520000000000000100e-33
7.433300000000000182e+03 1.255136168318210297e-15 2.610999999999999987e-33
7.458899999999999636e+03 1.155887213832102515e-15 2.454999999999999888e-33
7.484500000000000000e+03 1.087972956358547129e-15 2.953000000000000125e-33
7.510000000000000000e+03 1.050452010150385064e-15 2.965999999999999962e-33
7.535600000000000364e+03 1.003248239114309183e-15 3.078999999999999942e-33
7.561199999999999818e+03 9.871101977344547309e-16 4.669999999999999741e-34
7.586800000000000182e+03 9.495892515262924685e-16 7.453000000000000377e-34
7.612300000000000182e+03 8.277470391083878229e-16 7.209999999999999972e-34
7.637899999999999636e+03 6.925909425521036780e-16 4.050000000000000124e-33
7.663500000000000000e+03 6.077317416297003475e-16 2.866999999999999886e-33
7.689000000000000000e+03 7.115531411734327878e-16 4.402000000000000242e-33
7.714600000000000364e+03 8.008503034752964772e-16 4.901999999999999928e-33
7.740199999999999818e+03 8.304367126716968983e-16 4.248999999999999658e-33
7.765800000000000182e+03 9.401753940547100143e-16 3.016999999999999929e-33
7.791300000000000182e+03 1.170814902108468505e-15 3.602999999999999853e-33
7.816899999999999636e+03 1.389216395449171462e-15 4.092000000000000177e-33
7.842500000000000000e+03 1.469906602348444513e-15 4.349000000000000143e-33
7.868000000000000000e+03 1.443009866715353956e-15 3.941999999999999792e-33
7.893600000000000364e+03 1.410733783955644460e-15 4.104000000000000290e-33
7.919199999999999818e+03 1.320091784872126627e-15 4.190999999999999911e-33
7.944699999999999818e+03 1.185742590384834495e-15 3.658000000000000086e-33
7.970300000000000182e+03 1.088914342105705414e-15 3.407999999999999901e-33
7.995899999999999636e+03 9.349305306062572483e-16 3.408999999999999967e-33
8.021500000000000000e+03 8.262677186485679004e-16 2.955999999999999982e-33
8.047000000000000000e+03 7.345498501397262008e-16 3.165000000000000181e-33
8.072600000000000364e+03 6.773942869194070175e-16 2.954999999999999916e-33
8.098199999999999818e+03 6.205076910554185049e-16 3.218999999999999662e-33
8.123699999999999818e+03 5.850040000197380983e-16 3.225000000000000061e-33
8.149300000000000182e+03 5.238139264544551046e-16 3.119999999999999928e-33
8.174899999999999636e+03 4.914033600165800263e-16 3.575000000000000132e-34
8.200500000000000000e+03 4.903274905912563567e-16 3.240999999999999926e-34
8.226000000000000000e+03 5.400864515124754348e-16 3.291999999999999722e-33
8.251600000000000364e+03 5.788177508241269488e-16 3.653999999999999820e-33
8.277200000000000728e+03 5.999316882961034964e-16 4.864000000000000141e-33
8.302700000000000728e+03 6.011420413995928465e-16 6.162000000000000149e-33
8.328299999999999272e+03 5.692694096743795044e-16 7.081999999999999681e-33
8.353899999999999636e+03 4.788963779471926383e-16 6.470999999999999464e-33
8.379500000000000000e+03 4.287339659914770608e-16 5.835000000000000323e-33
8.405000000000000000e+03 4.177063043819094967e-16 4.650999999999999677e-33
8.430600000000000364e+03 4.565720873717265434e-16 3.909000000000000337e-33
8.456200000000000728e+03 5.205863181784840958e-16 4.107000000000000318e-34
8.481700000000000728e+03 6.445802694470354890e-16 2.439999999999999918e-33
8.507299999999999272e+03 8.820784450872323489e-16 3.157000000000000333e-33
8.532899999999999636e+03 1.105321350841891030e-15 2.366000000000000134e-33
8.558399999999999636e+03 1.288353636825077881e-15 3.620000000000000298e-33
8.584000000000000000e+03 1.521010400051318129e-15 5.529999999999999906e-33
8.609600000000000364e+03 1.721391080517850261e-15 8.299999999999999849e-33
8.635200000000000728e+03 1.740218795461013591e-15 9.812999999999999770e-33
8.660700000000000728e+03 1.691804671321448459e-15 8.917000000000000464e-33
8.686299999999999272e+03 1.717356570172885760e-15 6.899999999999999907e-33
8.711899999999999636e+03 1.787288082818923693e-15 5.843000000000000170e-33
8.737399999999999636e+03 1.787288082818923693e-15 8.519999999999999409e-33
8.763000000000000000e+03 1.742908469024322864e-15 1.320000000000000101e-32
8.788600000000000364e+03 1.621873158675411710e-15 1.872000000000000094e-32
8.814200000000000728e+03 1.486044643728299754e-15 2.028000000000000056e-32
8.839700000000000728e+03 1.325740099355074956e-15 1.604000000000000082e-32
8.865299999999999272e+03 1.142035394981060787e-15 1.368000000000000005e-32
8.890899999999999636e+03 1.002979271757978217e-15 9.848999999999999424e-33
8.916399999999999636e+03 9.467650942848174167e-16 6.738000000000000094e-33
8.942000000000000000e+03 8.940474924439580006e-16 8.191999999999999517e-33
8.967600000000000364e+03 8.030020423259437178e-16 1.034999999999999986e-33
8.993200000000000728e+03 7.621190041636449632e-16 9.043000000000000623e-33
9.018700000000000728e+03 7.447706096803010621e-16 9.154000000000000470e-33
9.044299999999999272e+03 6.435044000217117208e-16 9.836999999999999996e-33
9.069899999999999636e+03 6.151283439288002555e-16 1.404000000000000036e-33
9.095399999999999636e+03 6.295180974925042132e-16 1.464999999999999983e-33
9.121000000000000000e+03 6.498251328954886495e-16 1.183999999999999962e-32
9.146600000000000364e+03 6.443113020907046209e-16 4.733999999999999716e-33
9.172100000000000364e+03 6.358388303662808461e-16 2.251000000000000021e-33
9.197700000000000728e+03 6.569527678382575908e-16 1.894999999999999979e-33
9.223299999999999272e+03 7.583534611750119224e-16 1.663999999999999962e-32
