3.650047851562500000e+03 2.868068746303790659e-16
3.655565780162811279e+03 5.734650409997927796e-16
3.661083708763122559e+03 4.395928649469730528e-16
3.666601637363433838e+03 4.631858055628244532e-16
3.672119565963745117e+03 4.840107165332756312e-16
3.677637494564056396e+03 4.015776515841673845e-16
3.683155423164367676e+03 5.513773045879381020e-16
3.688673351764678955e+03 5.369795125739151721e-16
3.694191280364990234e+03 5.432736943232239782e-16
3.699709208965301514e+03 5.410622356040404113e-16
3.705227137565612793e+03 6.395860669187452203e-16
3.710745066165924072e+03 6.027633383416013325e-16
3.716262994766235352e+03 4.526238518009487821e-16
3.721780923366546631e+03 4.620858306384632346e-16
3.727298851966857910e+03 4.144599009173366678e-16
3.732816780567169189e+03 3.324004841270528815e-16
3.738334709167480469e+03 3.603449091581650216e-16
3.743852637767791748e+03 3.623894404892449859e-16
3.749370566368103027e+03 2.285420280144795437e-16
3.754888494968414307e+03 2.659165776704537265e-16
3.760406423568725586e+03 2.788276967125796605e-16
3.765924352169036865e+03 3.032538990564661856e-16
3.771442280769348145e+03 2.098503642104685200e-16
3.776960209369659879e+03 2.379932392308155599e-16
3.782478137969971158e+03 2.149113119700539042e-16
3.787996066570282437e+03 2.545745663232308249e-16
3.793513995170593716e+03 1.681850735674023190e-16
3.799031923770904996e+03 2.864932286504395489e-16
3.804549852371216275e+03 2.269809375157795563e-16
3.810067780971527554e+03 3.732198630378546376e-16
3.815585709571838834e+03 2.895941962637234404e-16
3.821103638172150113e+03 2.093876881113213330e-16
3.826621566772461392e+03 4.351126860014146876e-16
3.832139495372772672e+03 4.204991514326236507e-16
3.837657423973083951e+03 4.256976399475141513e-16
3.843175352573395230e+03 4.962159711914164683e-16
3.848693281173706509e+03 5.646707327015758811e-16
3.854211209774017789e+03 5.678369400051339384e-16
3.859729138374329068e+03 6.252551336394856320e-16
3.865247066974640347e+03 7.530717907058886147e-16
3.870764995574951627e+03 7.830515009585922174e-16
3.876282924175262906e+03 8.159542399832915333e-16
3.881800852775574185e+03 7.648175976005813530e-16
3.887318781375885465e+03 9.156613392340092850e-16
3.892836709976196744e+03 1.023997555478687819e-15
3.898354638576508023e+03 1.185180359164945172e-15
3.903872567176819302e+03 1.112785467579034111e-15
3.909390495777130582e+03 1.195175130431907180e-15
3.914908424377441861e+03 1.333727105813127261e-15
3.920426352977753140e+03 1.230627913292827912e-15
3.925944281578064420e+03 1.359645472225577716e-15
3.931462210178375699e+03 1.416614381014295814e-15
3.936980138778686978e+03 1.373045991354196326e-15
3.942498067378998257e+03 1.526521265478686095e-15
3.948015995979309537e+03 1.469002369227789360e-15
3.953533924579620816e+03 1.588134881294171814e-15
3.959051853179932095e+03 1.525204962802752497e-15
3.964569781780243375e+03 1.642963725373692579e-15
3.970087710380554654e+03 1.785731946188958903e-15
3.975605638980865933e+03 1.894687398184195731e-15
3.981123567581177213e+03 1.838414385927248238e-15
3.986641496181488492e+03 1.902735024621405476e-15
3.992159424781800226e+03 1.958505450357228540e-15
3.997677353382111505e+03 2.025627328615363955e-15
4.003195281982422784e+03 2.166129960007154145e-15
4.008713210582734064e+03 1.972691108530097638e-15
4.014231139183045343e+03 2.128435483258886119e-15
4.019749067783356622e+03 2.063444501626696107e-15
4.025266996383667902e+03 2.076108355512924881e-15
4.030784924983979181e+03 1.946186862584872312e-15
4.036302853584290460e+03 1.700483596952596320e-15
4.041820782184601740e+03 1.716248311166025895e-15
4.047338710784913019e+03 1.608483344534040815e-15
4.052856639385224298e+03 1.604997912374354997e-15
4.058374567985535577e+03 1.428059855156319102e-15
4.063892496585846857e+03 1.411042234587301048e-15
4.069410425186158136e+03 1.338875277156224710e-15
4.074928353786469415e+03 1.248841090930724716e-15
4.080446282386780695e+03 1.351108426195317608e-15
4.085964210987091974e+03 1.146683382533928425e-15
4.091482139587403253e+03 1.239019830515902801e-15
4.097000068187714533e+03 1.116033017238232248e-15
4.102517996788025812e+03 1.173203038661640339e-15
4.108035925388337091e+03 1.141450747785572483e-15
4.113553853988648370e+03 1.028308017598047622e-15
4.119071782588959650e+03 1.059694170340929420e-15
4.124589711189270929e+03 9.678454838943974029e-16
4.130107639789582208e+03 9.458654919672869124e-16
4.135625568389893488e+03 1.009075427129024014e-15
4.141143496990204767e+03 8.598051138935628780e-16
4.146661425590516046e+03 9.331706226504923970e-16
4.152179354190827326e+03 8.689860422130734097e-16
4.157697282791138605e+03 8.862241844440884064e-16
4.163215211391449884e+03 8.686494565184499810e-16
4.168733139991761163e+03 8.504584870992325239e-16
4.174251068592072443e+03 8.969781510303647262e-16
4.179768997192383722e+03 8.409497217773043481e-16
4.185286925792695001e+03 7.652659558846095359e-16
4.190804854393006281e+03 8.437545017819433368e-16
4.196322782993317560e+03 7.977529320872184345e-16
4.201840711593628839e+03 8.246574136326949493e-16
4.207358640193940118e+03 7.947939137118234005e-16
4.212876568794251398e+03 6.768411584006328893e-16
4.218394497394562677e+03 7.660697822134468497e-16
4.223912425994873956e+03 8.603100119420581751e-16
4.229430354595185236e+03 8.449682974845207869e-16
4.234948283195496515e+03 9.098912987547416879e-16
4.240466211795807794e+03 8.845631033182852730e-16
4.245984140396119074e+03 9.257442801526498603e-16
4.251502068996430353e+03 9.480620281679903522e-16
4.257019997596741632e+03 8.796409154740127763e-16
4.262537926197052911e+03 8.804905236994171933e-16
4.268055854797364191e+03 8.779229727255032186e-16
4.273573783397675470e+03 9.352815250523322494e-16
4.279091711997986749e+03 8.652794056617878768e-16
4.284609640598298029e+03 9.301049716642799278e-16
4.290127569198609308e+03 8.394193638640503116e-16
4.295645497798920587e+03 9.120093210510188363e-16
4.301163426399231867e+03 8.675336812804026458e-16
4.306681354999543146e+03 9.416316906291447445e-16
4.312199283599854425e+03 8.486299421549231083e-16
4.317717212200165704e+03 8.354510175491060110e-16
4.323235140800476984e+03 8.396605917395977572e-16
4.328753069400789173e+03 9.580265642667884357e-16
4.334270998001100452e+03 8.504046294867798433e-16
4.339788926601411731e+03 8.329116828143851824e-16
4.345306855201723010e+03 8.946984193508106770e-16
4.350824783802034290e+03 8.848597980974936847e-16
4.356342712402345569e+03 8.379445703872580601e-16
4.361860641002656848e+03 8.911373017379122583e-16
4.367378569602968128e+03 8.145484607161541337e-16
4.372896498203279407e+03 8.381918745562786348e-16
4.378414426803590686e+03 7.717116060731407156e-16
4.383932355403901965e+03 7.697692403506136880e-16
4.389450284004213245e+03 9.210549031032371544e-16
4.394968212604524524e+03 8.239130628056217264e-16
4.400486141204835803e+03 7.493008410259345261e-16
4.406004069805147083e+03 7.550098454786324243e-16
4.411521998405458362e+03 7.741853304929442075e-16
4.417039927005769641e+03 7.447774355431819238e-16
4.422557855606080921e+03 7.765751181846149882e-16
4.428075784206392200e+03 7.439115003269696504e-16
4.433593712806703479e+03 7.357750995347185884e-16
4.439111641407014758e+03 6.993491929098042294e-16
4.444629570007326038e+03 7.377886251885096088e-16
4.450147498607637317e+03 8.255134980360539990e-16
4.455665427207948596e+03 8.339223176934623456e-16
4.461183355808259876e+03 8.234601399865272892e-16
4.466701284408571155e+03 9.354775659813942541e-16
4.472219213008882434e+03 9.612524616442700583e-16
4.477737141609193714e+03 9.575557734386368917e-16
4.483255070209504993e+03 1.087390364641417200e-15
4.488772998809816272e+03 1.120646221170431414e-15
4.494290927410127551e+03 1.120627007208727286e-15
4.499808856010438831e+03 1.202542660651030858e-15
4.505326784610750110e+03 1.252057722692156155e-15
4.510844713211061389e+03 1.275849874053088088e-15
4.516362641811372669e+03 1.332339604192806306e-15
4.521880570411683948e+03 1.334495274150087920e-15
4.527398499011995227e+03 1.356486579882061058e-15
4.532916427612306506e+03 1.403031378015889188e-15
4.538434356212617786e+03 1.434390319107423967e-15
4.543952284812929065e+03 1.541968412893595816e-15
4.549470213413240344e+03 1.542404482044758586e-15
4.554988142013551624e+03 1.769590755365488614e-15
4.560506070613862903e+03 1.717973081210572560e-15
4.566023999214174182e+03 1.815764733791708537e-15
4.571541927814485462e+03 1.875105737822081842e-15
4.577059856414796741e+03 2.003064285606694255e-15
4.582577785015108020e+03 1.978863959475549937e-15
4.588095713615419299e+03 2.175310429922502859e-15
4.593613642215730579e+03 2.416390738342529549e-15
4.599131570816041858e+03 2.433567825040411981e-15
4.604649499416353137e+03 2.440784569549916750e-15
4.610167428016664417e+03 2.541453147148249028e-15
4.615685356616975696e+03 2.585070205675811595e-15
4.621203285217286975e+03 2.561264594788405902e-15
4.626721213817598255e+03 2.552882138246982045e-15
4.632239142417909534e+03 2.606527226726485872e-15
4.637757071018220813e+03 2.513464159380573463e-15
4.643274999618532092e+03 2.471061774350792364e-15
4.648792928218843372e+03 2.496696905510509646e-15
4.654310856819154651e+03 2.451600079333329138e-15
4.659828785419465930e+03 2.476839324855703096e-15
4.665346714019777210e+03 2.532409515752040185e-15
4.670864642620088489e+03 2.602986883600101133e-15
4.676382571220399768e+03 2.529047169986617431e-15
4.681900499820711048e+03 2.362296121185388600e-15
4.687418428421022327e+03 2.469394938789759158e-15
4.692936357021333606e+03 2.466444669106573065e-15
4.698454285621644885e+03 2.337871957277031528e-15
4.703972214221956165e+03 2.200628677013303851e-15
4.709490142822267444e+03 2.084684414663397961e-15
4.715008071422578723e+03 1.948363502094266878e-15
4.720526000022890003e+03 1.894309653647747922e-15
4.726043928623201282e+03 1.753003839643605646e-15
4.731561857223512561e+03 1.678064902488710416e-15
4.737079785823823840e+03 1.611198852766358530e-15
4.742597714424135120e+03 1.576843021312983886e-15
4.748115643024446399e+03 1.533113897597612728e-15
4.753633571624757678e+03 1.554376340711235705e-15
4.759151500225068958e+03 1.439575065250721409e-15
4.764669428825380237e+03 1.353731180734329509e-15
4.770187357425691516e+03 1.413229115040752211e-15
4.775705286026002796e+03 1.383514479433326753e-15
4.781223214626314075e+03 1.281217494197373668e-15
4.786741143226625354e+03 1.203944011929025497e-15
4.792259071826936633e+03 1.192810057551890816e-15
4.797777000427247913e+03 1.271577059594732554e-15
4.803294929027559192e+03 1.168887212238251472e-15
4.808812857627870471e+03 1.121601847550011203e-15
4.814330786228181751e+03 1.110225426630760215e-15
4.819848714828493030e+03 1.108423020476993643e-15
4.825366643428804309e+03 1.074980096036565349e-15
4.830884572029115589e+03 1.221390386689169557e-15
4.836402500629426868e+03 1.198760436179335515e-15
4.841920429229738147e+03 1.260387023857292675e-15
4.847438357830049426e+03 1.352143834405727826e-15
4.852956286430360706e+03 1.472428794043156259e-15
4.858474215030671985e+03 1.495078446178698129e-15
4.863992143630983264e+03 1.512352480480305810e-15
4.869510072231294544e+03 1.534166081449714687e-15
4.875028000831605823e+03 1.400740917728277996e-15
4.880545929431917102e+03 1.373925054485360483e-15
4.886063858032228381e+03 1.387086715785483618e-15
4.891581786632540570e+03 1.334265779470445223e-15
4.897099715232851850e+03 1.348585447711244645e-15
4.902617643833163129e+03 1.255963423689321190e-15
4.908135572433474408e+03 1.287927068144134059e-15
4.913653501033785687e+03 1.344070849440380113e-15
4.919171429634096967e+03 1.438794412715291826e-15
4.924689358234408246e+03 1.491516255704993858e-15
4.930207286834719525e+03 1.662374118138078505e-15
4.935725215435030805e+03 1.813840411637282220e-15
4.941243144035342084e+03 1.951478602210346610e-15
4.946761072635653363e+03 2.078883066155158024e-15
4.952279001235964643e+03 2.138340329283758369e-15
4.957796929836275922e+03 2.222283982247455219e-15
4.963314858436587201e+03 2.206444167777615195e-15
4.968832787036898480e+03 2.172841094478722510e-15
4.974350715637209760e+03 2.130902770513856765e-15
4.979868644237521039e+03 2.142134062625919181e-15
4.985386572837832318e+03 2.098708851116995831e-15
4.990904501438143598e+03 2.132795394508112790e-15
4.996422430038454877e+03 2.072626337001253919e-15
5.001940358638766156e+03 2.042058191856403319e-15
5.007458287239077436e+03 1.858573733066893061e-15
5.012976215839388715e+03 1.856172865649082466e-15
5.018494144439699994e+03 1.765512128712990964e-15
5.024012073040011273e+03 1.699105263415526504e-15
5.029530001640322553e+03 1.631560677999898894e-15
5.035047930240633832e+03 1.478445007310958462e-15
5.040565858840945111e+03 1.488530289016809421e-15
5.046083787441256391e+03 1.421746654510908299e-15
5.051601716041567670e+03 1.436586660242527149e-15
5.057119644641878949e+03 1.358045934296910749e-15
5.062637573242190228e+03 1.363170405169480403e-15
5.068155501842501508e+03 1.411583931761436112e-15
5.073673430442812787e+03 1.382451859571567938e-15
5.079191359043124066e+03 1.596664514831595128e-15
5.084709287643435346e+03 1.680804013658751754e-15
5.090227216243746625e+03 1.741011011425014786e-15
5.095745144844057904e+03 1.689069040708340322e-15
5.101263073444369184e+03 1.474043742154308434e-15
5.106781002044680463e+03 1.618377559483659502e-15
5.112298930644991742e+03 1.566914279751978457e-15
5.117816859245303021e+03 1.587347986659509741e-15
5.123334787845614301e+03 1.671118811500667498e-15
5.128852716445925580e+03 1.617054136913287622e-15
5.134370645046236859e+03 1.649307258720069901e-15
5.139888573646548139e+03 1.586797999197327751e-15
5.145406502246859418e+03 1.636739767240764618e-15
5.150924430847170697e+03 1.648801746214928596e-15
5.156442359447481977e+03 1.561310337632009030e-15
5.161960288047793256e+03 1.628052423164887919e-15
5.167478216648104535e+03 1.685170752204014054e-15
5.172996145248415814e+03 1.642581006664419375e-15
5.178514073848727094e+03 1.647426338661874670e-15
5.184032002449038373e+03 1.716958154888271790e-15
5.189549931049349652e+03 1.741100253937498812e-15
5.195067859649660932e+03 1.763712843608837580e-15
5.200585788249972211e+03 1.734246428978756824e-15
5.206103716850283490e+03 1.755699646250212969e-15
5.211621645450594769e+03 1.853092389677189703e-15
5.217139574050906049e+03 1.908708030858573497e-15
5.222657502651217328e+03 1.902142902989396734e-15
5.228175431251528607e+03 1.990706587181326011e-15
5.233693359851839887e+03 2.012844192114093012e-15
5.239211288452152075e+03 2.093776909992669154e-15
5.244729217052463355e+03 2.166552569631844140e-15
5.250247145652774634e+03 2.161446239860175129e-15
5.255765074253085913e+03 2.232785436413164808e-15
5.261283002853397193e+03 2.334050817217925412e-15
5.266800931453708472e+03 2.435740953368989688e-15
5.272318860054019751e+03 2.483393041387214421e-15
5.277836788654331031e+03 2.470347834250922922e-15
5.283354717254642310e+03 2.613203444455466389e-15
5.288872645854953589e+03 2.755296640758276213e-15
5.294390574455264868e+03 2.753864664180915953e-15
5.299908503055576148e+03 2.750153736186404250e-15
5.305426431655887427e+03 2.802611850483480681e-15
5.310944360256198706e+03 2.817035488689639066e-15
5.316462288856509986e+03 2.856713977666258651e-15
5.321980217456821265e+03 2.901952519002608537e-15
5.327498146057132544e+03 2.913293437982470313e-15
5.333016074657443824e+03 3.010282688213656416e-15
5.338534003257755103e+03 3.205448065325666636e-15
5.344051931858066382e+03 3.236598871420871395e-15
5.349569860458377661e+03 3.241642877733007649e-15
5.355087789058688941e+03 3.351873180963950942e-15
5.360605717659000220e+03 3.422759142592882636e-15
5.366123646259311499e+03 3.385468451638803359e-15
5.371641574859622779e+03 3.358952989421515416e-15
5.377159503459934058e+03 3.263537235861253763e-15
5.382677432060245337e+03 3.162362560560980593e-15
5.388195360660556616e+03 3.086700222624565677e-15
5.393713289260867896e+03 2.971987311881330798e-15
5.399231217861179175e+03 2.994051864746500601e-15
5.404749146461490454e+03 2.947475368452498631e-15
5.410267075061801734e+03 2.773484654933636490e-15
5.415785003662113013e+03 2.762385617299090841e-15
5.421302932262424292e+03 2.686275701341047292e-15
5.426820860862735572e+03 2.794599530920059298e-15
5.432338789463046851e+03 2.896488146320195600e-15
5.437856718063358130e+03 2.930853828586429088e-15
5.443374646663669409e+03 2.968983009026650786e-15
5.448892575263980689e+03 3.147243025823047067e-15
5.454410503864291968e+03 3.331360570020789696e-15
5.459928432464603247e+03 3.539096852260121633e-15
5.465446361064914527e+03 3.477160695473284749e-15
5.470964289665225806e+03 3.545253610293485358e-15
5.476482218265537085e+03 3.510414698879092278e-15
5.482000146865848365e+03 3.473427822598657427e-15
5.487518075466159644e+03 3.489204143215350923e-15
5.493036004066470923e+03 3.459608887755775159e-15
5.498553932666782202e+03 3.582755264695105189e-15
5.504071861267093482e+03 3.478619298505190862e-15
5.509589789867404761e+03 3.457454875856100366e-15
5.515107718467716040e+03 3.510030127046609235e-15
5.520625647068027320e+03 3.542110420730851828e-15
5.526143575668338599e+03 3.531398100650400532e-15
5.531661504268649878e+03 3.486933189487848485e-15
5.537179432868961158e+03 3.373972357973310475e-15
5.542697361469272437e+03 3.483642432798013406e-15
5.548215290069583716e+03 3.357772647469519644e-15
5.553733218669894995e+03 3.344788105735154476e-15
5.559251147270206275e+03 3.428332556946288443e-15
5.564769075870517554e+03 3.396393198158804731e-15
5.570287004470828833e+03 3.433385048612063596e-15
5.575804933071140113e+03 3.292110445104095800e-15
5.581322861671451392e+03 3.402167237482899395e-15
5.586840790271762671e+03 3.479200789061940716e-15
5.592358718872073950e+03 3.375465877747798520e-15
5.597876647472385230e+03 3.430276483193621769e-15
5.603394576072696509e+03 3.270985523239212707e-15
5.608912504673007788e+03 3.135518217740314290e-15
5.614430433273319068e+03 3.080837916115994586e-15
5.619948361873630347e+03 2.971690812167724911e-15
5.625466290473941626e+03 2.931236449762900486e-15
5.630984219074252906e+03 2.907280053165880420e-15
5.636502147674564185e+03 2.766052460467762570e-15
5.642020076274875464e+03 2.730099919536933071e-15
5.647538004875186743e+03 2.694648794733621329e-15
5.653055933475498023e+03 2.708070576012755544e-15
5.658573862075809302e+03 2.645094329441083138e-15
5.664091790676120581e+03 2.687768538385936705e-15
5.669609719276431861e+03 2.626615765052946022e-15
5.675127647876743140e+03 2.730809763259180347e-15
5.680645576477054419e+03 2.710966032262046691e-15
5.686163505077365699e+03 2.680503710205766670e-15
5.691681433677676978e+03 2.542369565342012630e-15
5.697199362277988257e+03 2.568309779101785773e-15
5.702717290878299536e+03 2.379758783923219124e-15
5.708235219478610816e+03 2.358323220088657161e-15
5.713753148078922095e+03 2.267558123055997896e-15
5.719271076679233374e+03 2.099932887763627512e-15
5.724789005279544654e+03 1.931236937387057956e-15
5.730306933879855933e+03 1.907244453653841397e-15
5.735824862480167212e+03 1.865444333667325804e-15
5.741342791080478491e+03 1.702587476992797131e-15
5.746860719680789771e+03 1.739368461531314486e-15
5.752378648281101050e+03 1.677689986403475113e-15
5.757896576881412329e+03 1.690166187181485878e-15
5.763414505481723609e+03 1.749095407728026754e-15
5.768932434082034888e+03 1.681856587642055017e-15
5.774450362682346167e+03 1.804762058564082039e-15
5.779968291282657447e+03 1.704527794526510414e-15
5.785486219882968726e+03 1.816407670012793245e-15
5.791004148483280005e+03 1.833334780142923531e-15
5.796522077083591284e+03 1.897193893624976845e-15
5.802040005683902564e+03 1.949420269987992337e-15
5.807557934284213843e+03 1.994248295766918664e-15
5.813075862884525122e+03 2.115087241711351223e-15
5.818593791484836402e+03 2.190718856815601670e-15
5.824111720085147681e+03 2.260705078359661671e-15
5.829629648685458960e+03 2.286572630183036948e-15
5.835147577285770240e+03 2.399780609814116767e-15
5.840665505886081519e+03 2.441662072156273919e-15
5.846183434486392798e+03 2.405751665395275904e-15
5.851701363086704077e+03 2.398337124366295376e-15
5.857219291687015357e+03 2.417217621425410810e-15
5.862737220287326636e+03 2.475624358759517200e-15
5.868255148887637915e+03 2.457049529497260962e-15
5.873773077487949195e+03 2.550769967918735886e-15
5.879291006088260474e+03 2.499532476620276280e-15
5.884808934688571753e+03 2.541300995979422401e-15
5.890326863288883942e+03 2.679059444495546223e-15
5.895844791889195221e+03 2.773601304163067200e-15
5.901362720489506501e+03 2.792664090026370394e-15
5.906880649089817780e+03 2.848701658102840030e-15
5.912398577690129059e+03 2.810593154616328037e-15
5.917916506290440338e+03 2.715397825185261522e-15
5.923434434890751618e+03 2.696987338691894434e-15
5.928952363491062897e+03 2.760206734535282963e-15
5.934470292091374176e+03 2.773558292198034262e-15
5.939988220691685456e+03 2.793112740908802513e-15
5.945506149291996735e+03 2.856001403025597124e-15
5.951024077892308014e+03 2.853761172130257577e-15
5.956542006492619294e+03 2.863967199443166737e-15
5.962059935092930573e+03 2.795347217368911495e-15
5.967577863693241852e+03 2.821145520903915595e-15
5.973095792293553131e+03 2.866880114063750822e-15
5.978613720893864411e+03 2.900145626340020665e-15
5.984131649494175690e+03 2.930116870745633837e-15
5.989649578094486969e+03 2.802309011137836161e-15
5.995167506694798249e+03 2.875935059264822706e-15
6.000685435295109528e+03 2.894988091848070044e-15
6.006203363895420807e+03 2.795865214072520342e-15
6.011721292495732087e+03 2.698917902945554621e-15
6.017239221096043366e+03 2.626798541521135509e-15
6.022757149696354645e+03 2.454732832886306207e-15
6.028275078296665924e+03 2.472519304521890258e-15
6.033793006896977204e+03 2.359131181808238329e-15
6.039310935497288483e+03 2.331468733856732120e-15
6.044828864097599762e+03 2.248795738218322300e-15
6.050346792697911042e+03 2.312106619828607970e-15
6.055864721298222321e+03 2.423407638143753590e-15
6.061382649898533600e+03 2.323584084729204005e-15
6.066900578498844880e+03 2.361651917037896402e-15
6.072418507099156159e+03 2.266672915358403252e-15
6.077936435699467438e+03 2.358967424236151726e-15
6.083454364299778717e+03 2.393115510824400808e-15
6.088972292900089997e+03 2.319762066874894464e-15
6.094490221500401276e+03 2.193062570012305948e-15
6.100008150100712555e+03 2.184693670530152923e-15
6.105526078701023835e+03 2.058654080595935198e-15
6.111044007301335114e+03 2.054260618063330959e-15
6.116561935901646393e+03 1.999523357283507759e-15
6.122079864501957672e+03 1.992978418704038580e-15
6.127597793102269861e+03 1.916693626434645446e-15
6.133115721702581141e+03 1.983936055234236438e-15
6.138633650302892420e+03 2.000404858734683119e-15
6.144151578903203699e+03 2.114105574074028719e-15
6.149669507503514978e+03 2.228315800763339929e-15
6.155187436103826258e+03 2.416568443105091837e-15
6.160705364704137537e+03 2.430209770718215002e-15
6.166223293304448816e+03 2.501258417058429419e-15
6.171741221904760096e+03 2.711133496080552184e-15
6.177259150505071375e+03 2.653521065873949790e-15
6.182777079105382654e+03 2.710627886042610259e-15
6.188295007705693934e+03 2.654015167041426247e-15
6.193812936306005213e+03 2.523101082802398113e-15
6.199330864906316492e+03 2.584668760668835005e-15
6.204848793506627771e+03 2.523140095922605761e-15
6.210366722106939051e+03 2.438826013382505951e-15
6.215884650707250330e+03 2.455018799057454814e-15
6.221402579307561609e+03 2.367965897945711981e-15
6.226920507907872889e+03 2.248511137506382002e-15
6.232438436508184168e+03 2.147499439515793617e-15
6.237956365108495447e+03 2.173620869218948273e-15
6.243474293708806726e+03 2.107550394550508661e-15
6.248992222309118006e+03 2.079040093964011395e-15
6.254510150909429285e+03 2.096023382987242966e-15
6.260028079509740564e+03 2.010302584865118862e-15
6.265546008110051844e+03 1.961695260598515052e-15
6.271063936710363123e+03 1.898494103388821673e-15
6.276581865310674402e+03 1.817098494838939214e-15
6.282099793910985682e+03 1.817959319336401712e-15
6.287617722511296961e+03 1.791351591089813233e-15
6.293135651111608240e+03 1.763803256514927487e-15
6.298653579711919519e+03 1.773346255849841230e-15
6.304171508312230799e+03 1.733895798560858370e-15
6.309689436912542078e+03 1.674013877618755961e-15
6.315207365512853357e+03 1.692404760019215843e-15
6.320725294113164637e+03 1.757823910645726355e-15
6.326243222713475916e+03 1.766100934229779161e-15
6.331761151313787195e+03 1.872694141796213512e-15
6.337279079914098475e+03 1.896793716544406957e-15
6.342797008514409754e+03 1.968348460586568183e-15
6.348314937114721033e+03 1.979163677771576930e-15
6.353832865715032312e+03 2.004093744316271285e-15
6.359350794315343592e+03 2.157037367145079766e-15
6.364868722915654871e+03 2.121732248944163572e-15
6.370386651515966150e+03 2.166914026190602528e-15
6.375904580116277430e+03 2.176864615098925912e-15
6.381422508716588709e+03 2.308093437685257843e-15
6.386940437316899988e+03 2.393524465857014420e-15
6.392458365917211268e+03 2.338934869737192799e-15
6.397976294517522547e+03 2.449385402031731169e-15
6.403494223117833826e+03 2.449280749336762133e-15
6.409012151718145105e+03 2.510160040697069189e-15
6.414530080318456385e+03 2.584895914561267318e-15
6.420048008918767664e+03 2.727533538956624683e-15
6.425565937519078943e+03 2.767102108467048761e-15
6.431083866119390223e+03 2.897710719974822492e-15
6.436601794719701502e+03 3.031157926109178776e-15
6.442119723320012781e+03 3.030578971405244296e-15
6.447637651920324060e+03 3.057825734560892617e-15
6.453155580520635340e+03 3.018626034102065496e-15
6.458673509120946619e+03 3.002359318564317588e-15
6.464191437721257898e+03 3.127030035643116334e-15
6.469709366321569178e+03 3.108759021054501760e-15
6.475227294921880457e+03 3.032739810600953929e-15
6.480745223522191736e+03 3.053012100723608994e-15
6.486263152122503016e+03 3.040726869169033823e-15
6.491781080722814295e+03 3.094911411568259993e-15
6.497299009323125574e+03 3.105578964093269921e-15
6.502816937923436853e+03 3.150864028575469209e-15
6.508334866523748133e+03 3.253488626488396517e-15
6.513852795124059412e+03 3.267412214026252554e-15
6.519370723724370691e+03 3.322580569784412539e-15
6.524888652324681971e+03 3.306519453390173952e-15
6.530406580924993250e+03 3.293010867918572042e-15
6.535924509525304529e+03 3.356952104018671888e-15
6.541442438125615809e+03 3.355623414677072354e-15
6.546960366725927088e+03 3.292748309619548576e-15
6.552478295326238367e+03 3.276270923232659810e-15
6.557996223926549646e+03 3.296538434248084611e-15
6.563514152526860926e+03 3.294437870323104345e-15
6.569032081127172205e+03 3.297701025230385383e-15
6.574550009727483484e+03 3.372703553771234666e-15
6.580067938327794764e+03 3.389608426422838200e-15
6.585585866928106043e+03 3.307908808133702577e-15
6.591103795528417322e+03 3.258067011210808259e-15
6.596621724128728601e+03 3.293775720140318270e-15
6.602139652729039881e+03 3.374462070164757183e-15
6.607657581329351160e+03 3.496015443873066433e-15
6.613175509929662439e+03 3.351918533716194856e-15
6.618693438529973719e+03 3.368791805740434440e-15
6.624211367130284998e+03 3.424309523990086375e-15
6.629729295730596277e+03 3.304684568813829946e-15
6.635247224330907557e+03 3.286027616933529936e-15
6.640765152931218836e+03 3.210822707831590862e-15
6.646283081531530115e+03 3.091546725015626263e-15
6.651801010131841394e+03 3.037634981859479959e-15
6.657318938732152674e+03 2.959360422926506280e-15
6.662836867332463953e+03 2.913376926059718449e-15
6.668354795932775232e+03 2.821083782641177890e-15
6.673872724533086512e+03 2.838802956644397676e-15
6.679390653133397791e+03 2.737349435067417928e-15
6.684908581733709070e+03 2.710126860046296171e-15
6.690426510334020350e+03 2.719972893792453310e-15
6.695944438934331629e+03 2.673922489424505673e-15
6.701462367534642908e+03 2.714979994667797058e-15
6.706980296134954187e+03 2.619768572324642363e-15
6.712498224735265467e+03 2.565995325745243936e-15
6.718016153335576746e+03 2.622223570446745723e-15
6.723534081935888025e+03 2.542250185194163330e-15
6.729052010536199305e+03 2.514640014823748921e-15
6.734569939136510584e+03 2.496397284747286233e-15
6.740087867736821863e+03 2.588409436167504566e-15
6.745605796337133143e+03 2.653509557003488266e-15
6.751123724937444422e+03 2.544667730720864651e-15
6.756641653537755701e+03 2.533849880150244837e-15
6.762159582138066980e+03 2.480355967511556688e-15
6.767677510738378260e+03 2.527744521902761203e-15
6.773195439338689539e+03 2.454216689305909368e-15
6.778713367939000818e+03 2.396781086066666231e-15
6.784231296539312098e+03 2.444299749213768708e-15
6.789749225139623377e+03 2.337481533476517101e-15
6.795267153739934656e+03 2.379636282725755059e-15
6.800785082340245935e+03 2.318511208708112925e-15
6.806303010940557215e+03 2.319602893344430965e-15
6.811820939540868494e+03 2.289050938644466996e-15
6.817338868141179773e+03 2.233918670022500742e-15
6.822856796741491053e+03 2.409135078245609668e-15
6.828374725341803241e+03 2.316954780277281293e-15
6.833892653942114521e+03 2.193960359441167180e-15
6.839410582542425800e+03 2.222330700458907442e-15
6.844928511142737079e+03 2.245524195490196476e-15
6.850446439743048359e+03 2.141604557051849203e-15
6.855964368343359638e+03 2.130127677348053742e-15
6.861482296943670917e+03 2.020092244652570319e-15
6.867000225543982197e+03 1.755300932161654969e-15
6.872518154144293476e+03 1.587737337599217724e-15
6.878036082744604755e+03 1.580192395215933622e-15
6.883554011344916034e+03 1.708108418699515811e-15
6.889071939945227314e+03 1.710470955726718575e-15
6.894589868545538593e+03 1.651663748713640234e-15
6.900107797145849872e+03 1.745891845361864617e-15
6.905625725746161152e+03 1.841187926175880232e-15
6.911143654346472431e+03 1.812962128768522050e-15
6.916661582946783710e+03 1.881774152927019726e-15
6.922179511547094990e+03 1.871890081388654056e-15
6.927697440147406269e+03 1.866375186715572342e-15
6.933215368747717548e+03 1.935143906310631072e-15
6.938733297348028827e+03 1.998951620006807450e-15
6.944251225948340107e+03 1.933558900769241153e-15
6.949769154548651386e+03 2.051877501615214970e-15
6.955287083148962665e+03 2.083293791993462635e-15
6.960805011749273945e+03 2.033871191047238723e-15
6.966322940349585224e+03 2.134066051833398243e-15
6.971840868949896503e+03 2.155339808751881698e-15
6.977358797550207782e+03 2.002200437592412683e-15
6.982876726150519062e+03 2.081808074843008546e-15
6.988394654750830341e+03 2.117272951771194729e-15
6.993912583351141620e+03 2.022050995885581572e-15
6.999430511951452900e+03 2.072177393520422499e-15
7.004948440551764179e+03 2.128583342984488942e-15
7.010466369152075458e+03 2.112925817318838649e-15
7.015984297752386738e+03 2.153929581989041729e-15
7.021502226352698017e+03 2.004424185444461169e-15
7.027020154953009296e+03 1.998305660268908400e-15
7.032538083553320575e+03 2.148671978843749122e-15
7.038056012153631855e+03 2.138510231422279207e-15
7.043573940753943134e+03 2.107609694493228261e-15
7.049091869354254413e+03 2.112258107766421281e-15
7.054609797954565693e+03 2.111060209910328991e-15
7.060127726554876972e+03 2.104940806939570036e-15
7.065645655155189161e+03 2.068563900793640139e-15
7.071163583755500440e+03 2.095637933359554525e-15
7.076681512355811719e+03 2.111649308025521025e-15
7.082199440956122999e+03 2.027533412136092755e-15
7.087717369556434278e+03 2.080173132507750031e-15
7.093235298156745557e+03 2.037263089251220458e-15
7.098753226757056837e+03 2.074660286023476836e-15
7.104271155357368116e+03 2.045720841114652458e-15
7.109789083957679395e+03 2.092803240044992500e-15
7.115307012557990674e+03 2.127980492744422860e-15
7.120824941158301954e+03 2.154565885979686530e-15
7.126342869758613233e+03 2.101787278900078497e-15
7.131860798358924512e+03 2.130748083492218708e-15
7.137378726959235792e+03 2.076205010518249250e-15
7.142896655559547071e+03 2.064598022058547938e-15
7.148414584159858350e+03 2.045709819908193450e-15
7.153932512760169629e+03 1.950999911225353388e-15
7.159450441360480909e+03 1.869475461845972963e-15
7.164968369960792188e+03 1.760358300467459431e-15
7.170486298561103467e+03 1.828998179233022759e-15
7.176004227161414747e+03 1.824517619909542058e-15
7.181522155761726026e+03 1.671587456607206548e-15
7.187040084362037305e+03 1.739153206640548551e-15
7.192558012962348585e+03 1.814446187861364585e-15
7.198075941562659864e+03 1.879211478593131805e-15
7.203593870162971143e+03 1.910955089049947883e-15
7.209111798763282422e+03 1.936866335567966169e-15
7.214629727363593702e+03 2.089315174499690095e-15
7.220147655963904981e+03 2.194734769877365653e-15
7.225665584564216260e+03 2.170028053445878380e-15
7.231183513164527540e+03 2.110039529152798446e-15
7.236701441764838819e+03 2.119163137445437383e-15
7.242219370365150098e+03 2.142676637595259840e-15
7.247737298965461378e+03 2.215573335439892525e-15
7.253255227565772657e+03 2.243287865906877852e-15
7.258773156166083936e+03 2.247952469624955136e-15
7.264291084766395215e+03 2.217521162999244013e-15
7.269809013366706495e+03 2.249281744163358006e-15
7.275326941967017774e+03 2.268003555356012852e-15
7.280844870567329053e+03 2.322999570655637443e-15
7.286362799167640333e+03 2.235442717563567395e-15
7.291880727767951612e+03 2.324965539315890756e-15
7.297398656368262891e+03 2.182879657973121049e-15
7.302916584968574170e+03 2.312614473120958869e-15
7.308434513568885450e+03 2.379086100197973403e-15
7.313952442169196729e+03 2.345519016502470869e-15
7.319470370769508008e+03 2.305820338236141334e-15
7.324988299369819288e+03 2.364830511007122663e-15
7.330506227970130567e+03 2.423227299995573925e-15
7.336024156570441846e+03 2.410661369041081350e-15
7.341542085170753126e+03 2.404283601681718758e-15
7.347060013771064405e+03 2.439455490077119069e-15
7.352577942371375684e+03 2.503014202533544785e-15
7.358095870971686963e+03 2.480566345762296273e-15
7.363613799571998243e+03 2.544243658104170260e-15
7.369131728172309522e+03 2.607555612575258627e-15
7.374649656772620801e+03 2.538381058997202628e-15
7.380167585372932081e+03 2.438583059176390677e-15
7.385685513973243360e+03 2.511177015208178478e-15
7.391203442573554639e+03 2.445814628671578108e-15
7.396721371173865919e+03 2.543611060359939616e-15
7.402239299774177198e+03 2.415170017811112299e-15
7.407757228374488477e+03 2.325878348796036287e-15
7.413275156974799756e+03 2.420542124464224700e-15
7.418793085575111036e+03 2.640581194162226354e-15
7.424311014175422315e+03 2.573788976769876244e-15
7.429828942775733594e+03 2.504044831636728091e-15
7.435346871376044874e+03 2.479270232376075978e-15
7.440864799976356153e+03 2.382883637319354713e-15
7.446382728576667432e+03 2.522847009857020647e-15
7.451900657176978712e+03 2.687007489943412947e-15
7.457418585777289991e+03 2.581739460537760285e-15
7.462936514377601270e+03 2.534216701013032881e-15
7.468454442977912549e+03 2.545606776524355520e-15
7.473972371578223829e+03 2.596282576424568396e-15
7.479490300178535108e+03 2.567718730330582095e-15
7.485008228778846387e+03 2.651457174281963039e-15
7.490526157379157667e+03 2.780946401838070969e-15
7.496044085979468946e+03 2.646274573860282429e-15
7.501562014579780225e+03 2.522721192544338599e-15
7.507079943180091504e+03 2.453573948150424325e-15
7.512597871780402784e+03 2.542684108623719129e-15
7.518115800380714063e+03 2.492221320359856904e-15
7.523633728981025342e+03 2.533406203440636733e-15
7.529151657581336622e+03 2.362157722141435627e-15
7.534669586181647901e+03 2.349002400473347378e-15
7.540187514781959180e+03 2.174920688851592586e-15
7.545705443382270460e+03 2.164857352025857442e-15
7.551223371982581739e+03 2.162658572570742465e-15
7.556741300582893018e+03 2.059694853110375664e-15
7.562259229183204297e+03 1.973878570376535439e-15
7.567777157783515577e+03 1.883798348669187575e-15
7.573295086383826856e+03 1.640055297261932358e-15
7.578813014984138135e+03 1.612801706810245648e-15
7.584330943584449415e+03 1.566940125944119731e-15
7.589848872184760694e+03 1.351052149769411166e-15
7.595366800785071973e+03 1.000719597042142855e-15
7.600884729385383253e+03 6.720624413059367197e-16
7.606402657985694532e+03 4.539086806421511720e-16
7.611920586586005811e+03 4.944341444585602619e-16
7.617438515186317090e+03 6.768975323593377831e-16
7.622956443786628370e+03 8.687866851687944098e-16
7.628474372386939649e+03 9.101677067114386401e-16
7.633992300987250928e+03 7.546421663271995809e-16
7.639510229587562208e+03 7.214789952185272154e-16
7.645028158187873487e+03 8.378282722759080498e-16
7.650546086788184766e+03 1.023002233249295242e-15
7.656064015388496045e+03 1.261459299466303963e-15
7.661581943988807325e+03 1.398345122016092431e-15
7.667099872589118604e+03 1.428569561571882405e-15
7.672617801189429883e+03 1.427141388773742642e-15
7.678135729789741163e+03 1.609933754810703582e-15
7.683653658390052442e+03 1.662053722888341412e-15
7.689171586990363721e+03 1.696426037385007313e-15
7.694689515590675001e+03 1.892252004154997014e-15
7.700207444190986280e+03 1.914215610571619433e-15
7.705725372791297559e+03 1.858824684962654185e-15
7.711243301391608838e+03 1.795386425514879676e-15
7.716761229991920118e+03 1.840053814771331800e-15
7.722279158592231397e+03 1.914348255180339080e-15
7.727797087192542676e+03 2.062598794713314782e-15
7.733315015792853956e+03 2.136409374898895695e-15
7.738832944393165235e+03 2.084645401543185581e-15
7.744350872993476514e+03 2.095604479608974621e-15
7.749868801593788703e+03 2.076250948467294528e-15
7.755386730194099982e+03 2.270196872974298144e-15
7.760904658794411262e+03 2.380817307407357746e-15
7.766422587394722541e+03 2.334860632060714250e-15
7.771940515995033820e+03 2.372468304616511031e-15
7.777458444595345100e+03 2.324855229718491974e-15
7.782976373195656379e+03 2.489655427443555765e-15
7.788494301795967658e+03 2.803521148782807381e-15
7.794012230396278937e+03 2.942775750459030313e-15
7.799530158996590217e+03 2.943829104704739733e-15
7.805048087596901496e+03 2.895706323391162895e-15
7.810566016197212775e+03 2.870327215832829596e-15
7.816083944797524055e+03 2.766731971489043525e-15
7.821601873397835334e+03 2.885970501709599774e-15
7.827119801998146613e+03 3.149135942415706338e-15
7.832637730598457892e+03 3.120220393043011195e-15
7.838155659198769172e+03 3.186789357854952281e-15
7.843673587799080451e+03 2.912062769105399120e-15
7.849191516399391730e+03 2.822718724976440744e-15
7.854709444999703010e+03 2.882944156442004114e-15
7.860227373600014289e+03 3.153978153363545881e-15
7.865745302200325568e+03 3.244203016214077039e-15
7.871263230800636848e+03 3.103866288115990285e-15
7.876781159400948127e+03 3.140965522182632437e-15
7.882299088001259406e+03 3.035987360260150093e-15
7.887817016601570685e+03 3.043390099820267824e-15
7.893334945201881965e+03 3.242979564764247905e-15
7.898852873802193244e+03 3.395230899774904444e-15
7.904370802402504523e+03 3.477712438525878323e-15
7.909888731002815803e+03 3.382025738845745657e-15
7.915406659603127082e+03 3.245551699779789619e-15
7.920924588203438361e+03 3.252320671202067273e-15
7.926442516803749641e+03 3.291043826397511694e-15
7.931960445404060920e+03 3.436835173897959868e-15
7.937478374004372199e+03 3.575737779697082545e-15
7.942996302604683478e+03 3.525407440976338330e-15
7.948514231204994758e+03 3.281085337332348012e-15
7.954032159805306037e+03 3.196460320224160170e-15
7.959550088405617316e+03 3.225551818769008384e-15
7.965068017005928596e+03 3.267417870928679933e-15
7.970585945606239875e+03 3.310847178815232155e-15
7.976103874206551154e+03 3.235584335229773901e-15
7.981621802806862433e+03 3.006059420417969555e-15
7.987139731407173713e+03 2.701875097457583078e-15
7.992657660007484992e+03 2.771711020956025306e-15
7.998175588607796271e+03 2.714257081550275155e-15
8.003693517208107551e+03 2.847564133050277136e-15
8.009211445808418830e+03 2.957682956290215371e-15
8.014729374408730109e+03 2.742199643704901348e-15
8.020247303009041389e+03 2.592546680033125550e-15
8.025765231609352668e+03 2.408539640498383340e-15
8.031283160209663947e+03 2.385451675957267556e-15
8.036801088809975226e+03 2.457755666973088164e-15
8.042319017410286506e+03 2.449228276690078162e-15
8.047836946010597785e+03 2.480532794478915550e-15
8.053354874610909064e+03 2.398912470356612573e-15
8.058872803211220344e+03 2.262007531377919022e-15
8.064390731811531623e+03 2.171422577427833841e-15
8.069908660411842902e+03 2.213711239212200514e-15
8.075426589012154182e+03 2.307001070319340382e-15
8.080944517612465461e+03 2.322595979927049543e-15
8.086462446212776740e+03 2.256346630102441366e-15
8.091980374813088019e+03 2.066031461627914960e-15
8.097498303413399299e+03 1.903279257648354534e-15
8.103016232013710578e+03 1.922672874771049704e-15
8.108534160614021857e+03 2.132888343267012748e-15
8.114052089214333137e+03 2.056661095349939068e-15
8.119570017814644416e+03 1.965084232818478137e-15
8.125087946414956605e+03 1.849721558558122527e-15
8.130605875015267884e+03 1.731201747544659081e-15
8.136123803615579163e+03 1.597712699838876136e-15
8.141641732215890443e+03 1.619759404201547951e-15
8.147159660816201722e+03 1.624595177984555141e-15
8.152677589416513001e+03 1.529522349750950127e-15
8.158195518016824280e+03 1.363648706023272716e-15
8.163713446617135560e+03 1.289475108754123469e-15
8.169231375217446839e+03 1.147950626211195668e-15
8.174749303817758118e+03 1.179060175931780060e-15
8.180267232418069398e+03 1.124036851448006250e-15
8.185785161018380677e+03 1.129490690587960725e-15
8.191303089618691956e+03 1.162798824698058456e-15
8.196821018219003236e+03 1.076532037958575089e-15
8.202338946819314515e+03 1.059469649834112512e-15
8.207856875419625794e+03 9.605118950898561442e-16
8.213374804019937073e+03 9.602120792610328681e-16
8.218892732620248353e+03 1.030042735988246653e-15
8.224410661220559632e+03 1.042073601999042296e-15
8.229928589820870911e+03 8.449944752881829517e-16
8.235446518421182191e+03 8.448953917161248182e-16
8.240964447021493470e+03 8.056880641922988640e-16
8.246482375621804749e+03 7.918962532212405312e-16
8.252000304222116029e+03 8.292027054758873918e-16
8.257518232822427308e+03 7.381295998591569697e-16
8.263036161422738587e+03 7.383590457724008350e-16
8.268554090023049866e+03 6.096473984685061594e-16
8.274072018623361146e+03 6.374221359332594505e-16
8.279589947223672425e+03 5.377314904659912706e-16
8.285107875823983704e+03 5.472291370486585354e-16
8.290625804424294984e+03 4.722502114455449056e-16
8.296143733024606263e+03 4.904072394501781676e-16
8.301661661624917542e+03 4.663904407897909636e-16
8.307179590225228822e+03 4.693315423897283826e-16
8.312697518825540101e+03 4.614788352543741837e-16
8.318215447425851380e+03 4.488479962211263620e-16
8.323733376026162659e+03 4.843466194982953985e-16
8.329251304626473939e+03 5.083983349012726198e-16
8.334769233226785218e+03 5.426409015133948517e-16
8.340287161827096497e+03 5.195306994937600072e-16
8.345805090427407777e+03 4.614225100620693050e-16
8.351323019027719056e+03 5.528217361039256015e-16
8.356840947628030335e+03 5.782252268623877925e-16
8.362358876228341614e+03 5.306290543987019952e-16
8.367876804828652894e+03 5.825741461649955645e-16
8.373394733428964173e+03 7.268169653914530936e-16
8.378912662029275452e+03 8.028352687899605476e-16
8.384430590629586732e+03 7.147111941898512034e-16
8.389948519229898011e+03 6.558731375519652981e-16
8.395466447830209290e+03 6.756378962405118313e-16
8.400984376430520570e+03 7.544922876726270644e-16
8.406502305030831849e+03 8.356336964844959617e-16
8.412020233631143128e+03 8.669347323523576843e-16
8.417538162231454407e+03 8.071608777532407439e-16
8.423056090831765687e+03 8.204842972030410903e-16
8.428574019432076966e+03 8.035385680612913949e-16
8.434091948032388245e+03 8.673630964122791325e-16
8.439609876632699525e+03 8.363189229278899349e-16
8.445127805233010804e+03 9.262569125522268827e-16
8.450645733833322083e+03 1.014455824070181369e-15
8.456163662433633363e+03 1.004518011958726999e-15
8.461681591033944642e+03 9.582670801528911262e-16
8.467199519634255921e+03 9.216724807961836971e-16
8.472717448234567200e+03 9.742904513533240338e-16
8.478235376834878480e+03 1.069153096401788142e-15
8.483753305435189759e+03 1.231190580019077308e-15
8.489271234035501038e+03 1.264596149396902212e-15
8.494789162635812318e+03 1.280052855026261813e-15
8.500307091236123597e+03 1.378431655066580940e-15
8.505825019836434876e+03 1.425188294443157979e-15
8.511342948436746155e+03 1.578988352793407492e-15
8.516860877037057435e+03 1.635817204480564415e-15
8.522378805637368714e+03 1.877918778854922816e-15
8.527896734237679993e+03 1.840574347327752867e-15
8.533414662837991273e+03 1.970947319589451441e-15
8.538932591438302552e+03 2.023718611709021328e-15
8.544450520038613831e+03 2.073614441803407987e-15
8.549968448638925111e+03 2.313731808883814968e-15
8.555486377239236390e+03 2.607553954517651016e-15
8.561004305839547669e+03 2.808965137109908730e-15
8.566522234439858948e+03 2.788771360891675815e-15
8.572040163040170228e+03 2.600706664256544962e-15
8.577558091640481507e+03 2.474711841877772548e-15
8.583076020240792786e+03 2.510831749094307116e-15
8.588593948841104066e+03 2.680774656325635711e-15
8.594111877441415345e+03 2.944119654917514994e-15
8.599629806041728443e+03 3.014384040008684913e-15
8.605147734642039723e+03 3.125813606554924071e-15
8.610665663242351002e+03 2.929064589360732241e-15
8.616183591842662281e+03 2.726918887247695015e-15
8.621701520442973560e+03 2.845101137238528716e-15
8.627219449043284840e+03 3.028532440651749665e-15
8.632737377643596119e+03 3.327700554148157145e-15
8.638255306243907398e+03 3.565569595110779094e-15
8.643773234844218678e+03 3.507380355921848797e-15
8.649291163444529957e+03 3.269727350112392235e-15
8.654809092044841236e+03 3.196836016571795911e-15
8.660327020645152515e+03 3.332388175607157872e-15
8.665844949245463795e+03 3.404865482409517724e-15
8.671362877845775074e+03 3.847661568357847583e-15
8.676880806446086353e+03 4.101299517444322486e-15
8.682398735046397633e+03 3.856764402163974812e-15
8.687916663646708912e+03 3.760022690180530244e-15
8.693434592247020191e+03 3.618763106723838463e-15
8.698952520847331471e+03 3.628758950851605731e-15
8.704470449447642750e+03 3.915683869430465945e-15
8.709988378047954029e+03 4.287291739601023320e-15
8.715506306648265308e+03 4.391457940959105910e-15
8.721024235248576588e+03 4.410290842011562146e-15
8.726542163848887867e+03 4.005910097740205019e-15
8.732060092449199146e+03 3.688124825746113699e-15
8.737578021049510426e+03 3.816022513063193017e-15
8.743095949649821705e+03 4.137322281991535690e-15
8.748613878250132984e+03 4.236086531659540497e-15
8.754131806850444264e+03 4.232085736181858475e-15
8.759649735450755543e+03 3.964993137262467268e-15
8.765167664051066822e+03 3.582607795100710375e-15
8.770685592651378101e+03 3.327821982484812992e-15
8.776203521251689381e+03 3.427103643659623311e-15
8.781721449852000660e+03 3.469723526834582476e-15
8.787239378452311939e+03 3.642775974812364243e-15
8.792757307052623219e+03 3.760079259204835592e-15
8.798275235652934498e+03 3.523877639000049395e-15
8.803793164253245777e+03 3.399863025070404098e-15
8.809311092853557057e+03 3.244154932543420451e-15
8.814829021453868336e+03 3.256927828100636178e-15
8.820346950054179615e+03 3.447547298912811498e-15
8.825864878654490894e+03 3.507253953412365386e-15
8.831382807254802174e+03 3.403582243352962529e-15
8.836900735855113453e+03 3.259371609950679287e-15
8.842418664455424732e+03 2.973301468835655649e-15
8.847936593055736012e+03 2.611073425624723622e-15
8.853454521656047291e+03 2.892623311566457124e-15
8.858972450256358570e+03 2.948813713541351624e-15
8.864490378856669849e+03 2.856853352038217052e-15
8.870008307456981129e+03 2.605100711985956480e-15
8.875526236057292408e+03 2.141061494418507605e-15
8.881044164657603687e+03 2.147336657271716386e-15
8.886562093257914967e+03 2.244245833073667237e-15
8.892080021858226246e+03 2.278037827407187982e-15
8.897597950458537525e+03 2.076749828742002828e-15
8.903115879058848805e+03 2.174658130552567542e-15
8.908633807659160084e+03 2.070693041829178298e-15
8.914151736259471363e+03 1.835520880333969130e-15
8.919669664859782642e+03 2.056150998803172884e-15
8.925187593460093922e+03 2.075982148069039558e-15
8.930705522060405201e+03 2.156517517318262854e-15
8.936223450660716480e+03 2.262240829836785175e-15
8.941741379261027760e+03 2.239259273581044884e-15
8.947259307861339039e+03 1.970255421902499620e-15
8.952777236461650318e+03 2.072189097456482900e-15
8.958295165061961598e+03 2.074429035753421568e-15
8.963813093662272877e+03 2.155776853231051474e-15
8.969331022262584156e+03 2.374845666629394089e-15
8.974848950862895435e+03 2.215829456574078906e-15
8.980366879463206715e+03 1.860549064875998560e-15
8.985884808063517994e+03 1.857504578507500680e-15
8.991402736663829273e+03 1.883871693335182495e-15
8.996920665264140553e+03 1.882950496034191784e-15
9.002438593864451832e+03 1.999950843548220950e-15
9.007956522464763111e+03 1.992647587444647392e-15
9.013474451065074390e+03 1.729075434960335599e-15
9.018992379665385670e+03 1.770802893010456679e-15
9.024510308265696949e+03 1.689244307150890421e-15
9.030028236866008228e+03 1.655262513987542330e-15
9.035546165466319508e+03 1.751863973803829015e-15
9.041064094066630787e+03 1.797976799164117330e-15
9.046582022666942066e+03 1.550807127875892196e-15
9.052099951267253346e+03 1.650020223491932731e-15
9.057617879867564625e+03 1.501108509104173818e-15
9.063135808467875904e+03 1.605189954458594866e-15
9.068653737068187183e+03 1.586305165956258192e-15
9.074171665668498463e+03 1.438175079431936263e-15
9.079689594268809742e+03 1.320305324533993836e-15
9.085207522869121021e+03 1.231677171160913785e-15
9.090725451469432301e+03 1.273322799191392762e-15
9.096243380069743580e+03 1.456713333893994479e-15
9.101761308670054859e+03 1.479647489208676026e-15
9.107279237270366139e+03 1.395950789295919149e-15
9.112797165870677418e+03 1.362284904873481330e-15
9.118315094470988697e+03 1.344728415581542886e-15
9.123833023071299976e+03 1.317600154778533931e-15
9.129350951671611256e+03 1.442476275935245093e-15
9.134868880271922535e+03 1.530489485000989666e-15
9.140386808872233814e+03 1.377414583022671424e-15
9.145904737472545094e+03 1.294802837982993439e-15
9.151422666072856373e+03 1.357577679321573396e-15
9.156940594673167652e+03 1.472032810873011327e-15
9.162458523273478932e+03 1.643573110311396565e-15
9.167976451873790211e+03 1.510106300084134653e-15
9.173494380474101490e+03 1.302628089634998769e-15
9.179012309074412769e+03 1.380872315867007705e-15
9.184530237674724049e+03 1.464230186830727348e-15
9.190048166275035328e+03 1.637868124210078738e-15
9.195566094875346607e+03 1.664592696751701735e-15
9.201084023475657887e+03 1.361368486679715558e-15
9.206601952075969166e+03 1.449940168561290093e-15
9.212119880676280445e+03 1.632234824717153743e-15
9.217637809276591724e+03 1.803467700768272934e-15
9.223155737876903004e+03 1.852896348748126318e-15
9.228673666477214283e+03 2.044433798278876370e-15
9.234191595077525562e+03 1.815261952204984837e-15
9.239709523677836842e+03 1.944973457013497151e-15
9.245227452278148121e+03 2.037763237452327965e-15
