3.650047851562500000e+03 3.801996648540413625e-16
3.655565780162811279e+03 7.602021976447284705e-16
3.661083708763122559e+03 5.827372866862375901e-16
3.666601637363433838e+03 6.140127856666163408e-16
3.672119565963745117e+03 6.416189027856170122e-16
3.677637494564056396e+03 5.323431969402359418e-16
3.683155423164367676e+03 7.309220418186379392e-16
3.688673351764678955e+03 7.118359034357125834e-16
3.694191280364990234e+03 7.201796566832652491e-16
3.699709208965301514e+03 7.172480816819487953e-16
3.705227137565612793e+03 8.478541827186187955e-16
3.710745066165924072e+03 7.990408860286986823e-16
3.716262994766235352e+03 6.000115477756342904e-16
3.721780923366546631e+03 6.125546264152771270e-16
3.727298851966857910e+03 5.494202871785686740e-16
3.732816780567169189e+03 4.406399003695303199e-16
3.738334709167480469e+03 4.776838556270880158e-16
3.743852637767791748e+03 4.803941467519502664e-16
3.749370566368103027e+03 3.029620631240069422e-16
3.754888494968414307e+03 3.525068701359899116e-16
3.760406423568725586e+03 3.696222309132833227e-16
3.765924352169036865e+03 4.020023262536443892e-16
3.771442280769348145e+03 2.781838414617544403e-16
3.776960209369659879e+03 3.154908678869563076e-16
3.782478137969971158e+03 2.848927833046511125e-16
3.787996066570282437e+03 3.374715648681428891e-16
3.793513995170593716e+03 2.229511014552424805e-16
3.799031923770904996e+03 3.797838864784026161e-16
3.804549852371216275e+03 3.008926354466632141e-16
3.810067780971527554e+03 4.947512747967913735e-16
3.815585709571838834e+03 3.838946207444944001e-16
3.821103638172150113e+03 2.775705043579682958e-16
3.826621566772461392e+03 5.767982291382529306e-16
3.832139495372772672e+03 5.574260960520164040e-16
3.837657423973083951e+03 5.643173659828927311e-16
3.843175352573395230e+03 6.577985488853266475e-16
3.848693281173706509e+03 7.485442027939628669e-16
3.854211209774017789e+03 7.527414207205644056e-16
3.859729138374329068e+03 8.288566742494025265e-16
3.865247066974640347e+03 9.982942103685697462e-16
3.870764995574951627e+03 1.038036199835135659e-15
3.876282924175262906e+03 1.081653042583735395e-15
3.881800852775574185e+03 1.013864798941656316e-15
3.887318781375885465e+03 1.213827718548340786e-15
3.892836709976196744e+03 1.357441406891287087e-15
3.898354638576508023e+03 1.571110092555555714e-15
3.903872567176819302e+03 1.475141285832982793e-15
3.909390495777130582e+03 1.584359456577561940e-15
3.914908424377441861e+03 1.768028047760018823e-15
3.920426352977753140e+03 1.631356712759919361e-15
3.925944281578064420e+03 1.802386199865952003e-15
3.931462210178375699e+03 1.877905868132219294e-15
3.936980138778686978e+03 1.820150323854043205e-15
3.942498067378998257e+03 2.023601680662393959e-15
3.948015995979309537e+03 1.947352932770460019e-15
3.953533924579620816e+03 2.105278509761008708e-15
3.959051853179932095e+03 2.021856750953573756e-15
3.964569781780243375e+03 2.177961245034468653e-15
3.970087710380554654e+03 2.367219015705850272e-15
3.975605638980865933e+03 2.511653581251029902e-15
3.981123567581177213e+03 2.437056413983015961e-15
3.986641496181488492e+03 2.522321752570984872e-15
3.992159424781800226e+03 2.596252676300946259e-15
3.997677353382111505e+03 2.685231420799331645e-15
4.003195281982422784e+03 2.871485859208846666e-15
4.008713210582734064e+03 2.615057603797923472e-15
4.014231139183045343e+03 2.821516947393153820e-15
4.019749067783356622e+03 2.735362982405605491e-15
4.025266996383667902e+03 2.752150561188400672e-15
4.030784924983979181e+03 2.579922792477342941e-15
4.036302853584290460e+03 2.254211285850018694e-15
4.041820782184601740e+03 2.275109456677304953e-15
4.047338710784913019e+03 2.132253033694800181e-15
4.052856639385224298e+03 2.127632641869492805e-15
4.058374567985535577e+03 1.893078326736988778e-15
4.063892496585846857e+03 1.870519266235764419e-15
4.069410425186158136e+03 1.774852615761672775e-15
4.074928353786469415e+03 1.655500639026608618e-15
4.080446282386780695e+03 1.791069239476730685e-15
4.085964210987091974e+03 1.520077363190650407e-15
4.091482139587403253e+03 1.642481286115449304e-15
4.097000068187714533e+03 1.479446333588951955e-15
4.102517996788025812e+03 1.555232602704329130e-15
4.108035925388337091e+03 1.513140828004064191e-15
4.113553853988648370e+03 1.363155482801282814e-15
4.119071782588959650e+03 1.404761893977026109e-15
4.124589711189270929e+03 1.283004562151352578e-15
4.130107639789582208e+03 1.253867235596848912e-15
4.135625568389893488e+03 1.337660192773728908e-15
4.141143496990204767e+03 1.139783056328099592e-15
4.146661425590516046e+03 1.237038541843146829e-15
4.152179354190827326e+03 1.151953566099266491e-15
4.157697282791138605e+03 1.174804956629512476e-15
4.163215211391449884e+03 1.151507378160237853e-15
4.168733139991761163e+03 1.127392891764227497e-15
4.174251068592072443e+03 1.189060732392290416e-15
4.179768997192383722e+03 1.114787791578843294e-15
4.185286925792695001e+03 1.014459155926793900e-15
4.190804854393006281e+03 1.118505890801978534e-15
4.196322782993317560e+03 1.057524851197422015e-15
4.201840711593628839e+03 1.093190226652053491e-15
4.207358640193940118e+03 1.053602289034042764e-15
4.212876568794251398e+03 8.972406324464176544e-16
4.218394497394562677e+03 1.015524731852122263e-15
4.223912425994873956e+03 1.140452364095114410e-15
4.229430354595185236e+03 1.120114934239015931e-15
4.234948283195496515e+03 1.206178782450700168e-15
4.240466211795807794e+03 1.172602978423308066e-15
4.245984140396119074e+03 1.227193962865010876e-15
4.251502068996430353e+03 1.256779028866879465e-15
4.257019997596741632e+03 1.166077980822909696e-15
4.262537926197052911e+03 1.167204246582656075e-15
4.268055854797364191e+03 1.163800625170038558e-15
4.273573783397675470e+03 1.239836816419910017e-15
4.279091711997986749e+03 1.147039939198409452e-15
4.284609640598298029e+03 1.232974624341101120e-15
4.290127569198609308e+03 1.112759103924561039e-15
4.295645497798920587e+03 1.208986495369840464e-15
4.301163426399231867e+03 1.150028273546358701e-15
4.306681354999543146e+03 1.248254783482879516e-15
4.312199283599854425e+03 1.124968918573581527e-15
4.317717212200165704e+03 1.107498546830485088e-15
4.323235140800476984e+03 1.113078882721895665e-15
4.328753069400789173e+03 1.269988312256866030e-15
4.334270998001100452e+03 1.127321496522287048e-15
4.339788926601411731e+03 1.104132329698007905e-15
4.345306855201723010e+03 1.186038652738026439e-15
4.350824783802034290e+03 1.172996285786544620e-15
4.356342712402345569e+03 1.110804074128542479e-15
4.361860641002656848e+03 1.181317930040306072e-15
4.367378569602968128e+03 1.079789500062611526e-15
4.372896498203279407e+03 1.111131907839989607e-15
4.378414426803590686e+03 1.023003700211529682e-15
4.383932355403901965e+03 1.020428842835183950e-15
4.389450284004213245e+03 1.220977586131159498e-15
4.394968212604524524e+03 1.092203493208680728e-15
4.400486141204835803e+03 9.932953280846366907e-16
4.406004069805147083e+03 1.000863353022543874e-15
4.411521998405458362e+03 1.026282942372522490e-15
4.417039927005769641e+03 9.872989681621005010e-16
4.422557855606080921e+03 1.029450915527337962e-15
4.428075784206392200e+03 9.861510588610647792e-16
4.433593712806703479e+03 9.753652056338061394e-16
4.439111641407014758e+03 9.270779478452854476e-16
4.444629570007326038e+03 9.780343947169930306e-16
4.450147498607637317e+03 1.094325077424592662e-15
4.455665427207948596e+03 1.105472057146347759e-15
4.461183355808259876e+03 1.091603085341029564e-15
4.466701284408571155e+03 1.240096694066228875e-15
4.472219213008882434e+03 1.274264657108615805e-15
4.477737141609193714e+03 1.269364218028614718e-15
4.483255070209504993e+03 1.441476787245705454e-15
4.488772998809816272e+03 1.485561732988585644e-15
4.494290927410127551e+03 1.485536262393399015e-15
4.499808856010438831e+03 1.594126072261801723e-15
4.505326784610750110e+03 1.659764701104029885e-15
4.510844713211061389e+03 1.691304279732473314e-15
4.516362641811372669e+03 1.766188734627409005e-15
4.521880570411683948e+03 1.769046354398031965e-15
4.527398499011995227e+03 1.798198678866454362e-15
4.532916427612306506e+03 1.859899838136037780e-15
4.538434356212617786e+03 1.901470176742964189e-15
4.543952284812929065e+03 2.044078875561116053e-15
4.549470213413240344e+03 2.044656941708724920e-15
4.554988142013551624e+03 2.345821776363740924e-15
4.560506070613862903e+03 2.277395862795470459e-15
4.566023999214174182e+03 2.407031366075462491e-15
4.571541927814485462e+03 2.485695553862195696e-15
4.577059856414796741e+03 2.655321184508660458e-15
4.582577785015108020e+03 2.623240517347953676e-15
4.588095713615419299e+03 2.883655761305916608e-15
4.593613642215730579e+03 3.203238939297474552e-15
4.599131570816041858e+03 3.226009392809511791e-15
4.604649499416353137e+03 3.235576122503097776e-15
4.610167428016664417e+03 3.369025362565925783e-15
4.615685356616975696e+03 3.426845423732416582e-15
4.621203285217286975e+03 3.395288002758105389e-15
4.626721213817598255e+03 3.384175970761625911e-15
4.632239142417909534e+03 3.455289484645342612e-15
4.637757071018220813e+03 3.331922333628463442e-15
4.643274999618532092e+03 3.275712479530262204e-15
4.648792928218843372e+03 3.309695166618828763e-15
4.654310856819154651e+03 3.249913481745892907e-15
4.659828785419465930e+03 3.283371371139730157e-15
4.665346714019777210e+03 3.357036857651832443e-15
4.670864642620088489e+03 3.450596301220592229e-15
4.676382571220399768e+03 3.352579632786547616e-15
4.681900499820711048e+03 3.131529516920281024e-15
4.687418428421022327e+03 3.273502873074739521e-15
4.692936357021333606e+03 3.269591908436175548e-15
4.698454285621644885e+03 3.099152123790270257e-15
4.703972214221956165e+03 2.917218377512448222e-15
4.709490142822267444e+03 2.763519238522165460e-15
4.715008071422578723e+03 2.582808210105656265e-15
4.720526000022890003e+03 2.511152831935509353e-15
4.726043928623201282e+03 2.323833670930252652e-15
4.731561857223512561e+03 2.224492402254152233e-15
4.737079785823823840e+03 2.135852791619592256e-15
4.742597714424135120e+03 2.090309686625373641e-15
4.748115643024446399e+03 2.032341068535687211e-15
4.753633571624757678e+03 2.060527191187718534e-15
4.759151500225068958e+03 1.908343229380127668e-15
4.764669428825380237e+03 1.794546040365871583e-15
4.770187357425691516e+03 1.873418259562020774e-15
4.775705286026002796e+03 1.834027660875142145e-15
4.781223214626314075e+03 1.698419755547169840e-15
4.786741143226625354e+03 1.595983744909722036e-15
4.792259071826936633e+03 1.581224246107113732e-15
4.797777000427247913e+03 1.685640110673960054e-15
4.803294929027559192e+03 1.549511415714458848e-15
4.808812857627870471e+03 1.486828539545123485e-15
4.814330786228181751e+03 1.471747619932189257e-15
4.819848714828493030e+03 1.469358297094387432e-15
4.825366643428804309e+03 1.425025368602431784e-15
4.830884572029115589e+03 1.619111174631457774e-15
4.836402500629426868e+03 1.589112243780896221e-15
4.841920429229738147e+03 1.670806268763572459e-15
4.847438357830049426e+03 1.792441807184852497e-15
4.852956286430360706e+03 1.951895102717149070e-15
4.858474215030671985e+03 1.981920150624705696e-15
4.863992143630983264e+03 2.004819120743927256e-15
4.869510072231294544e+03 2.033735874529962892e-15
4.875028000831605823e+03 1.856863536322025680e-15
4.880545929431917102e+03 1.821315635906918060e-15
4.886063858032228381e+03 1.838763122902054157e-15
4.891581786632540570e+03 1.768742129471769502e-15
4.897099715232851850e+03 1.787724704673250784e-15
4.902617643833163129e+03 1.664942213714408951e-15
4.908135572433474408e+03 1.707314164961725226e-15
4.913653501033785687e+03 1.781740019850945554e-15
4.919171429634096967e+03 1.907308373319859709e-15
4.924689358234408246e+03 1.977198005711010418e-15
4.930207286834719525e+03 2.203692235036767734e-15
4.935725215435030805e+03 2.404480427785970654e-15
4.941243144035342084e+03 2.586937678834906686e-15
4.946761072635653363e+03 2.755828799576527114e-15
4.952279001235964643e+03 2.834647103857989093e-15
4.957796929836275922e+03 2.945925289796008643e-15
4.963314858436587201e+03 2.924927563850475859e-15
4.968832787036898480e+03 2.880382337301183436e-15
4.974350715637209760e+03 2.824787656258300121e-15
4.979868644237521039e+03 2.839676188837538043e-15
4.985386572837832318e+03 2.782110445745828620e-15
4.990904501438143598e+03 2.827296574530354259e-15
4.996422430038454877e+03 2.747534694595736239e-15
5.001940358638766156e+03 2.707012658454657870e-15
5.007458287239077436e+03 2.463780240028144514e-15
5.012976215839388715e+03 2.460597579261079739e-15
5.018494144439699994e+03 2.340415028396689103e-15
5.024012073040011273e+03 2.252384126199377588e-15
5.029530001640322553e+03 2.162845028606886766e-15
5.035047930240633832e+03 1.959870372734845830e-15
5.040565858840945111e+03 1.973239720068184940e-15
5.046083787441256391e+03 1.884709361478974104e-15
5.051601716041567670e+03 1.904381711428272981e-15
5.057119644641878949e+03 1.800265805139765179e-15
5.062637573242190228e+03 1.807058955097610900e-15
5.068155501842501508e+03 1.871237356010717873e-15
5.073673430442812787e+03 1.832619020598201080e-15
5.079191359043124066e+03 2.116585643930771953e-15
5.084709287643435346e+03 2.228123448930385643e-15
5.090227216243746625e+03 2.307935623593568475e-15
5.095745144844057904e+03 2.239079812923797105e-15
5.101263073444369184e+03 1.954035925636432508e-15
5.106781002044680463e+03 2.145369097292253240e-15
5.112298930644991742e+03 2.077147853532001869e-15
5.117816859245303021e+03 2.104235378989615608e-15
5.123334787845614301e+03 2.215284458863314508e-15
5.128852716445925580e+03 2.143614729241054746e-15
5.134370645046236859e+03 2.186370420216866925e-15
5.139888573646548139e+03 2.103506299363944620e-15
5.145406502246859418e+03 2.169710582287090979e-15
5.150924430847170697e+03 2.185700297907972378e-15
5.156442359447481977e+03 2.069719102325742794e-15
5.161960288047793256e+03 2.158194382369021549e-15
5.167478216648104535e+03 2.233912126532878675e-15
5.172996145248415814e+03 2.177453901808521212e-15
5.178514073848727094e+03 2.183877017028172081e-15
5.184032002449038373e+03 2.276050446483230765e-15
5.189549931049349652e+03 2.308053926104206659e-15
5.195067859649660932e+03 2.338029842914446101e-15
5.200585788249972211e+03 2.298968293287210090e-15
5.206103716850283490e+03 2.327407311798046498e-15
5.211621645450594769e+03 2.456514009320108221e-15
5.217139574050906049e+03 2.530239746072601470e-15
5.222657502651217328e+03 2.521536818645211197e-15
5.228175431251528607e+03 2.638939454448154269e-15
5.233693359851839887e+03 2.668285717458607480e-15
5.239211288452152075e+03 2.775572518909293496e-15
5.244729217052463355e+03 2.872046083010588755e-15
5.250247145652774634e+03 2.865276981431958498e-15
5.255765074253085913e+03 2.959846327635245504e-15
5.261283002853397193e+03 3.094086707657184829e-15
5.266800931453708472e+03 3.228890155912819220e-15
5.272318860054019751e+03 3.292059171360837762e-15
5.277836788654331031e+03 3.274766059445157918e-15
5.283354717254642310e+03 3.464139676072316358e-15
5.288872645854953589e+03 3.652502614310776577e-15
5.294390574455264868e+03 3.650604343861391897e-15
5.299908503055576148e+03 3.645685028096632059e-15
5.305426431655887427e+03 3.715225053942688474e-15
5.310944360256198706e+03 3.734345454801366064e-15
5.316462288856509986e+03 3.786944431831701842e-15
5.321980217456821265e+03 3.846913978505685340e-15
5.327498146057132544e+03 3.861947835699092445e-15
5.333016074657443824e+03 3.990519650722230628e-15
5.338534003257755103e+03 4.249236639513820500e-15
5.344051931858066382e+03 4.290531068221618530e-15
5.349569860458377661e+03 4.297217551981350863e-15
5.355087789058688941e+03 4.443342097981773284e-15
5.360605717659000220e+03 4.537310622581850482e-15
5.366123646259311499e+03 4.487876981142158985e-15
5.371641574859622779e+03 4.452727301200020505e-15
5.377159503459934058e+03 4.326241359842586375e-15
5.382677432060245337e+03 4.192121221716699919e-15
5.388195360660556616e+03 4.091820991596443960e-15
5.393713289260867896e+03 3.939754168668240495e-15
5.399231217861179175e+03 3.969003591700038390e-15
5.404749146461490454e+03 3.907260412413012146e-15
5.410267075061801734e+03 3.676613183148235621e-15
5.415785003662113013e+03 3.661899971010992115e-15
5.421302932262424292e+03 3.561006418244485220e-15
5.426820860862735572e+03 3.704603686457540049e-15
5.432338789463046851e+03 3.839670244668522508e-15
5.437856718063358130e+03 3.885226408191245365e-15
5.443374646663669409e+03 3.935771576061485088e-15
5.448892575263980689e+03 4.172078319859763457e-15
5.454410503864291968e+03 4.416149975003821033e-15
5.459928432464603247e+03 4.691531326957833344e-15
5.465446361064914527e+03 4.609426928020218861e-15
5.470964289665225806e+03 4.699692907268237715e-15
5.476482218265537085e+03 4.653509417208237294e-15
5.482000146865848365e+03 4.604478521474159065e-15
5.487518075466159644e+03 4.625392078092447189e-15
5.493036004066470923e+03 4.586159733255869172e-15
5.498553932666782202e+03 4.749406208085533083e-15
5.504071861267093482e+03 4.611360495284254947e-15
5.509589789867404761e+03 4.583304311455385419e-15
5.515107718467716040e+03 4.652999617427424940e-15
5.520625647068027320e+03 4.695526202338915680e-15
5.526143575668338599e+03 4.681325634414433955e-15
5.531661504268649878e+03 4.622381634750710177e-15
5.537179432868961158e+03 4.472637419801853633e-15
5.542697361469272437e+03 4.618019310478657302e-15
5.548215290069583716e+03 4.451162605042928093e-15
5.553733218669894995e+03 4.433949912976007162e-15
5.559251147270206275e+03 4.544698905279008339e-15
5.564769075870517554e+03 4.502359147829665577e-15
5.570287004470828833e+03 4.551396637474170303e-15
5.575804933071140113e+03 4.364118850024554689e-15
5.581322861671451392e+03 4.510013384914128818e-15
5.586840790271762671e+03 4.612131336342639703e-15
5.592358718872073950e+03 4.474617273731244065e-15
5.597876647472385230e+03 4.547275831333133088e-15
5.603394576072696509e+03 4.336115029602023666e-15
5.608912504673007788e+03 4.156535567932084263e-15
5.614430433273319068e+03 4.084049744924959426e-15
5.619948361873630347e+03 3.939361119889728265e-15
5.625466290473941626e+03 3.885733622124830250e-15
5.630984219074252906e+03 3.853976315159870782e-15
5.636502147674564185e+03 3.666760846628419824e-15
5.642020076274875464e+03 3.619101096386489087e-15
5.647538004875186743e+03 3.572106038174274817e-15
5.653055933475498023e+03 3.589898347897141885e-15
5.658573862075809302e+03 3.506415175218061241e-15
5.664091790676120581e+03 3.562985367127352744e-15
5.669609719276431861e+03 3.481919444436127833e-15
5.675127647876743140e+03 3.620042086192416870e-15
5.680645576477054419e+03 3.593736650228627380e-15
5.686163505077365699e+03 3.553354896299613583e-15
5.691681433677676978e+03 3.370240193593195237e-15
5.697199362277988257e+03 3.404627307188077257e-15
5.702717290878299536e+03 3.154678538466360609e-15
5.708235219478610816e+03 3.126262921872926881e-15
5.713753148078922095e+03 3.005942028181886357e-15
5.719271076679233374e+03 2.783733064880807273e-15
5.724789005279544654e+03 2.560104730036799044e-15
5.730306933879855933e+03 2.528299584898138493e-15
5.735824862480167212e+03 2.472888111131293376e-15
5.741342791080478491e+03 2.257000251376763584e-15
5.746860719680789771e+03 2.305758210936023841e-15
5.752378648281101050e+03 2.223995402417106386e-15
5.757896576881412329e+03 2.240534222696657277e-15
5.763414505481723609e+03 2.318652538133757298e-15
5.768932434082034888e+03 2.229518772094106424e-15
5.774450362682346167e+03 2.392445894791231121e-15
5.779968291282657447e+03 2.259572393613517120e-15
5.785486219882968726e+03 2.407883661321501882e-15
5.791004148483280005e+03 2.430322738511394935e-15
5.796522077083591284e+03 2.514976265645438082e-15
5.802040005683902564e+03 2.584209092840913344e-15
5.807557934284213843e+03 2.643634447965964275e-15
5.813075862884525122e+03 2.803822124110748147e-15
5.818593791484836402e+03 2.904081627137179747e-15
5.824111720085147681e+03 2.996857429703782353e-15
5.829629648685458960e+03 3.031148220489451002e-15
5.835147577285770240e+03 3.181220062281979000e-15
5.840665505886081519e+03 3.236739365878193022e-15
5.846183434486392798e+03 3.189135469936371284e-15
5.851701363086704077e+03 3.179306535333956590e-15
5.857219291687015357e+03 3.204335079937026041e-15
5.862737220287326636e+03 3.281760776194353714e-15
5.868255148887637915e+03 3.257137433851767966e-15
5.873773077487949195e+03 3.381376015384166249e-15
5.879291006088260474e+03 3.313454083440444360e-15
5.884808934688571753e+03 3.368823666482212363e-15
5.890326863288883942e+03 3.551440335012707285e-15
5.895844791889195221e+03 3.676767816812413043e-15
5.901362720489506501e+03 3.702038008838851243e-15
5.906880649089817780e+03 3.776323064346556573e-15
5.912398577690129059e+03 3.725805306456919347e-15
5.917916506290440338e+03 3.599611565836143498e-15
5.923434434890751618e+03 3.575206081122436148e-15
5.928952363491062897e+03 3.659011579658367201e-15
5.934470292091374176e+03 3.676710798881056416e-15
5.939988220691685456e+03 3.702632753701075314e-15
5.945506149291996735e+03 3.785999821839657179e-15
5.951024077892308014e+03 3.783030105591740581e-15
5.956542006492619294e+03 3.796559516868441110e-15
5.962059935092930573e+03 3.705594841699672060e-15
5.967577863693241852e+03 3.739793834908785663e-15
5.973095792293553131e+03 3.800420962532607328e-15
5.978613720893864411e+03 3.844518708219265463e-15
5.984131649494175690e+03 3.884249475108859702e-15
5.989649578094486969e+03 3.714823601160683419e-15
5.995167506694798249e+03 3.812424465360619595e-15
6.000685435295109528e+03 3.837681728150918870e-15
6.006203363895420807e+03 3.706281513430820439e-15
6.011721292495732087e+03 3.577765294123053914e-15
6.017239221096043366e+03 3.482161738321301477e-15
6.022757149696354645e+03 3.254066352392550348e-15
6.028275078296665924e+03 3.277644624578320421e-15
6.033793006896977204e+03 3.127333979794378623e-15
6.039310935497288483e+03 3.090663821682726018e-15
6.044828864097599762e+03 2.981070056628414143e-15
6.050346792697911042e+03 3.064996831399296547e-15
6.055864721298222321e+03 3.212540748942652059e-15
6.061382649898533600e+03 3.080211697898589823e-15
6.066900578498844880e+03 3.130675540873543779e-15
6.072418507099156159e+03 3.004768570710248918e-15
6.077936435699467438e+03 3.127116897919668071e-15
6.083454364299778717e+03 3.172384610184204984e-15
6.088972292900089997e+03 3.075145118134253611e-15
6.094490221500401276e+03 2.907188522580496632e-15
6.100008150100712555e+03 2.896094462222241755e-15
6.105526078701023835e+03 2.729012658785391711e-15
6.111044007301335114e+03 2.723188555075891027e-15
6.116561935901646393e+03 2.650627225329743413e-15
6.122079864501957672e+03 2.641951061421150742e-15
6.127597793102269861e+03 2.540825687450733565e-15
6.133115721702581141e+03 2.629964237307754863e-15
6.138633650302892420e+03 2.651795769691649449e-15
6.144151578903203699e+03 2.802520796493726549e-15
6.149669507503514978e+03 2.953921246591518453e-15
6.155187436103826258e+03 3.203474509979859142e-15
6.160705364704137537e+03 3.221557856808130157e-15
6.166223293304448816e+03 3.315742041066946348e-15
6.171741221904760096e+03 3.593958645213068151e-15
6.177259150505071375e+03 3.517585905946598356e-15
6.182777079105382654e+03 3.593288393611811441e-15
6.188295007705693934e+03 3.518240901049211025e-15
6.193812936306005213e+03 3.344697323976668517e-15
6.199330864906316492e+03 3.426313256373085830e-15
6.204848793506627771e+03 3.344749040921204887e-15
6.210366722106939051e+03 3.232979802594772530e-15
6.215884650707250330e+03 3.254445437596035821e-15
6.221402579307561609e+03 3.139045540470449835e-15
6.226920507907872889e+03 2.980692781517989082e-15
6.232438436508184168e+03 2.846788690927925740e-15
6.237956365108495447e+03 2.881416029730200612e-15
6.243474293708806726e+03 2.793831056887197947e-15
6.248992222309118006e+03 2.756036960278308813e-15
6.254510150909429285e+03 2.778550509868336417e-15
6.260028079509740564e+03 2.664916487814109586e-15
6.265546008110051844e+03 2.600481182978996133e-15
6.271063936710363123e+03 2.516699862114632452e-15
6.276581865310674402e+03 2.408799439116968545e-15
6.282099793910985682e+03 2.409940573498266561e-15
6.287617722511296961e+03 2.374668582982286926e-15
6.293135651111608240e+03 2.338149696933419583e-15
6.298653579711919519e+03 2.350800178737638969e-15
6.304171508312230799e+03 2.298503487248148602e-15
6.309689436912542078e+03 2.219122244025354509e-15
6.315207365512853357e+03 2.243501740974428553e-15
6.320725294113164637e+03 2.330223299428316865e-15
6.326243222713475916e+03 2.341195566382173319e-15
6.331761151313787195e+03 2.482498670935382994e-15
6.337279079914098475e+03 2.514445779086804790e-15
6.342797008514409754e+03 2.609300861408687714e-15
6.348314937114721033e+03 2.623637832774395569e-15
6.353832865715032312e+03 2.656685865382738489e-15
6.359350794315343592e+03 2.859432449529353706e-15
6.364868722915654871e+03 2.812630941982090273e-15
6.370386651515966150e+03 2.872525240501763091e-15
6.375904580116277430e+03 2.885716035084076603e-15
6.381422508716588709e+03 3.059676838606702656e-15
6.386940437316899988e+03 3.172926733055354788e-15
6.392458365917211268e+03 3.100561151944297020e-15
6.397976294517522547e+03 3.246977640096655763e-15
6.403494223117833826e+03 3.246838909392920967e-15
6.409012151718145105e+03 3.327542296302910292e-15
6.414530080318456385e+03 3.426614378282679274e-15
6.420048008918767664e+03 3.615699026482207459e-15
6.425565937519078943e+03 3.668152291021297823e-15
6.431083866119390223e+03 3.841290924418084503e-15
6.436601794719701502e+03 4.018192482699687386e-15
6.442119723320012781e+03 4.017425003242700706e-15
6.447637651920324060e+03 4.053544117310259666e-15
6.453155580520635340e+03 4.001579836481803289e-15
6.458673509120946619e+03 3.980016197870635872e-15
6.464191437721257898e+03 4.145283383015896852e-15
6.469709366321569178e+03 4.121062786378918849e-15
6.475227294921880457e+03 4.020289475508475079e-15
6.480745223522191736e+03 4.047163022108048074e-15
6.486263152122503016e+03 4.030877356272027382e-15
6.491781080722814295e+03 4.102705986206385946e-15
6.497299009323125574e+03 4.116847208937007110e-15
6.502816937923436853e+03 4.176878428067352736e-15
6.508334866523748133e+03 4.312920626437108701e-15
6.513852795124059412e+03 4.331378145359138518e-15
6.519370723724370691e+03 4.404510947342467319e-15
6.524888652324681971e+03 4.383219857029027048e-15
6.530406580924993250e+03 4.365312477104560473e-15
6.535924509525304529e+03 4.450074868406863907e-15
6.541442438125615809e+03 4.448313518568153613e-15
6.546960366725927088e+03 4.364964422067796743e-15
6.552478295326238367e+03 4.343121511956108392e-15
6.557996223926549646e+03 4.369988723229968959e-15
6.563514152526860926e+03 4.367204153643513922e-15
6.569032081127172205e+03 4.371529888177296922e-15
6.574550009727483484e+03 4.470955455473013236e-15
6.580067938327794764e+03 4.493365054004508800e-15
6.585585866928106043e+03 4.385061626716499806e-15
6.591103795528417322e+03 4.318989868463741134e-15
6.596621724128728601e+03 4.366326387802292636e-15
6.602139652729039881e+03 4.473286596748196607e-15
6.607657581329351160e+03 4.634421339439899915e-15
6.613175509929662439e+03 4.443402218929798930e-15
6.618693438529973719e+03 4.465769926736226845e-15
6.624211367130284998e+03 4.539365853957919673e-15
6.629729295730596277e+03 4.380787479834892592e-15
6.635247224330907557e+03 4.356055273324049318e-15
6.640765152931218836e+03 4.256361424378535520e-15
6.646283081531530115e+03 4.098245658324430128e-15
6.651801010131841394e+03 4.026778659124778324e-15
6.657318938732152674e+03 3.923015591690403096e-15
6.662836867332463953e+03 3.862058509960404466e-15
6.668354795932775232e+03 3.739711992844045331e-15
6.673872724533086512e+03 3.763201053300481912e-15
6.679390653133397791e+03 3.628711268313493007e-15
6.684908581733709070e+03 3.592624218751543623e-15
6.690426510334020350e+03 3.605676411922487656e-15
6.695944438934331629e+03 3.544630635632603788e-15
6.701462367534642908e+03 3.599057677360107131e-15
6.706980296134954187e+03 3.472842603499705843e-15
6.712498224735265467e+03 3.401559199453171623e-15
6.718016153335576746e+03 3.476097021527321059e-15
6.723534081935888025e+03 3.370081939742895807e-15
6.729052010536199305e+03 3.333481082336939775e-15
6.734569939136510584e+03 3.309297980484752977e-15
6.740087867736821863e+03 3.431272006308054714e-15
6.745605796337133143e+03 3.517570649447959442e-15
6.751123724937444422e+03 3.373286709503752685e-15
6.756641653537755701e+03 3.358946247244292085e-15
6.762159582138066980e+03 3.288033136520668759e-15
6.767677510738378260e+03 3.350852804008321670e-15
6.773195439338689539e+03 3.253382137216271220e-15
6.778713367939000818e+03 3.177243805000936021e-15
6.784231296539312098e+03 3.240235948498624060e-15
6.789749225139623377e+03 3.098634566467776284e-15
6.795267153739934656e+03 3.154516147260501567e-15
6.800785082340245935e+03 3.073486943599898438e-15
6.806303010940557215e+03 3.074934113000524851e-15
6.811820939540868494e+03 3.034433539391429349e-15
6.817338868141179773e+03 2.961348575581798476e-15
6.822856796741491053e+03 3.193620621951704103e-15
6.828374725341803241e+03 3.071423696097431191e-15
6.833892653942114521e+03 2.908378658766744937e-15
6.839410582542425800e+03 2.945987220837095095e-15
6.844928511142737079e+03 2.976733202951555391e-15
6.850446439743048359e+03 2.838974260607752723e-15
6.855964368343359638e+03 2.823760169862624533e-15
6.861482296943670917e+03 2.677893950000190799e-15
6.867000225543982197e+03 2.326878764624839725e-15
6.872518154144293476e+03 2.104751514096134078e-15
6.878036082744604755e+03 2.094749715606595008e-15
6.883554011344916034e+03 2.264318974783509617e-15
6.889071939945227314e+03 2.267450823652562509e-15
6.894589868545538593e+03 2.189494252959517423e-15
6.900107797145849872e+03 2.314405801232755342e-15
6.905625725746161152e+03 2.440733100862813417e-15
6.911143654346472431e+03 2.403316150071986392e-15
6.916661582946783710e+03 2.494535401900261538e-15
6.922179511547094990e+03 2.481432784708385797e-15
6.927697440147406269e+03 2.474122077428049258e-15
6.933215368747717548e+03 2.565283923447877740e-15
6.938733297348028827e+03 2.649869313507489298e-15
6.944251225948340107e+03 2.563182793283530040e-15
6.949769154548651386e+03 2.720029425518590700e-15
6.955287083148962665e+03 2.761675788033995636e-15
6.960805011749273945e+03 2.696159728350330193e-15
6.966322940349585224e+03 2.828980995414059963e-15
6.971840868949896503e+03 2.857182115980007058e-15
6.977358797550207782e+03 2.654176042064156709e-15
6.982876726150519062e+03 2.759706277493502064e-15
6.988394654750830341e+03 2.806719565928666837e-15
6.993912583351141620e+03 2.680490528493238003e-15
6.999430511951452900e+03 2.746939561856430019e-15
7.004948440551764179e+03 2.821712954612967202e-15
7.010466369152075458e+03 2.800956876090805533e-15
7.015984297752386738e+03 2.855312677727207084e-15
7.021502226352698017e+03 2.657123907903001190e-15
7.027020154953009296e+03 2.649013010198250879e-15
7.032538083553320575e+03 2.848343043696112613e-15
7.038056012153631855e+03 2.834872331151465778e-15
7.043573940753943134e+03 2.793909666642898421e-15
7.049091869354254413e+03 2.800071740584984382e-15
7.054609797954565693e+03 2.798483771802846323e-15
7.060127726554876972e+03 2.790371710466842468e-15
7.065645655155189161e+03 2.742149409160663736e-15
7.071163583755500440e+03 2.778039546456270124e-15
7.076681512355811719e+03 2.799264697665417816e-15
7.082199440956122999e+03 2.687758181417251772e-15
7.087717369556434278e+03 2.757538949640143771e-15
7.093235298156745557e+03 2.700656128801103686e-15
7.098753226757056837e+03 2.750230957499392131e-15
7.104271155357368116e+03 2.711867974500547308e-15
7.109789083957679395e+03 2.774281793265906494e-15
7.115307012557990674e+03 2.820913798527445206e-15
7.120824941158301954e+03 2.856156181092669529e-15
7.126342869758613233e+03 2.786191300547213268e-15
7.131860798358924512e+03 2.824582598573194541e-15
7.137378726959235792e+03 2.752278689918502450e-15
7.142896655559547071e+03 2.736892123163328482e-15
7.148414584159858350e+03 2.711853364463715656e-15
7.153932512760169629e+03 2.586303111925387476e-15
7.159450441360480909e+03 2.478231893718375646e-15
7.164968369960792188e+03 2.333582961438071940e-15
7.170486298561103467e+03 2.424574012248557232e-15
7.176004227161414747e+03 2.418634450460363453e-15
7.181522155761726026e+03 2.215905708659614618e-15
7.187040084362037305e+03 2.305472862694518354e-15
7.192558012962348585e+03 2.405283462642333459e-15
7.198075941562659864e+03 2.491138245105711313e-15
7.203593870162971143e+03 2.533218512785809871e-15
7.209111798763282422e+03 2.567567226549372255e-15
7.214629727363593702e+03 2.769657910546839668e-15
7.220147655963904981e+03 2.909405240115890123e-15
7.225665584564216260e+03 2.876653287015040771e-15
7.231183513164527540e+03 2.797130727241288355e-15
7.236701441764838819e+03 2.809225251891687033e-15
7.242219370365150098e+03 2.840395442243745436e-15
7.247737298965461378e+03 2.937029458165482685e-15
7.253255227565772657e+03 2.973768658398094521e-15
7.258773156166083936e+03 2.979952194872160195e-15
7.264291084766395215e+03 2.939611555914057244e-15
7.269809013366706495e+03 2.981714320465039125e-15
7.275326941967017774e+03 3.006532506396186682e-15
7.280844870567329053e+03 3.079436848777002094e-15
7.286362799167640333e+03 2.963368898020310636e-15
7.291880727767951612e+03 3.082042994904794091e-15
7.297398656368262891e+03 2.893689753593435699e-15
7.302916584968574170e+03 3.065670056724860113e-15
7.308434513568885450e+03 3.153786809050108622e-15
7.313952442169196729e+03 3.109289291382148414e-15
7.319470370769508008e+03 3.056663550833012667e-15
7.324988299369819288e+03 3.134889178930038466e-15
7.330506227970130567e+03 3.212301687366506440e-15
7.336024156570441846e+03 3.195643918114516809e-15
7.341542085170753126e+03 3.187189361313284338e-15
7.347060013771064405e+03 3.233814255494946721e-15
7.352577942371375684e+03 3.318069562156023489e-15
7.358095870971686963e+03 3.288312020144105573e-15
7.363613799571998243e+03 3.372724546316594727e-15
7.369131728172309522e+03 3.456652743303448295e-15
7.374649656772620801e+03 3.364952911768032383e-15
7.380167585372932081e+03 3.232657735322644079e-15
7.385685513973243360e+03 3.328890427754735674e-15
7.391203442573554639e+03 3.242244117455158437e-15
7.396721371173865919e+03 3.371885956060856190e-15
7.402239299774177198e+03 3.201620716102778258e-15
7.407757228374488477e+03 3.083253042114695093e-15
7.413275156974799756e+03 3.208742139366100724e-15
7.418793085575111036e+03 3.500432429781175824e-15
7.424311014175422315e+03 3.411890693464162151e-15
7.429828942775733594e+03 3.319435794538438396e-15
7.435346871376044874e+03 3.286593853954090860e-15
7.440864799976356153e+03 3.158820936431750743e-15
7.446382728576667432e+03 3.344360517375343096e-15
7.451900657176978712e+03 3.561976498831716118e-15
7.457418585777289991e+03 3.422430089592210053e-15
7.462936514377601270e+03 3.359432515815341173e-15
7.468454442977912549e+03 3.374531536358861572e-15
7.473972371578223829e+03 3.441708873593548052e-15
7.479490300178535108e+03 3.403843795478277506e-15
7.485008228778846387e+03 3.514849950288005149e-15
7.490526157379157667e+03 3.686504695253543240e-15
7.496044085979468946e+03 3.507979742082798196e-15
7.501562014579780225e+03 3.344193730229197356e-15
7.507079943180091504e+03 3.252530100554952210e-15
7.512597871780402784e+03 3.370657161458561163e-15
7.518115800380714063e+03 3.303762198741064636e-15
7.523633728981025342e+03 3.358358096292492144e-15
7.529151657581336622e+03 3.131346051059517319e-15
7.534669586181647901e+03 3.113906968067869708e-15
7.540187514781959180e+03 2.883139109029952249e-15
7.545705443382270460e+03 2.869798852477912704e-15
7.551223371982581739e+03 2.866884085483571941e-15
7.556741300582893018e+03 2.730392337573389458e-15
7.562259229183204297e+03 2.616631738297399697e-15
7.567777157783515577e+03 2.497218735567778899e-15
7.573295086383826856e+03 2.174105746818924431e-15
7.578813014984138135e+03 2.137977582286068540e-15
7.584330943584449415e+03 2.077182116007762288e-15
7.589848872184760694e+03 1.790994637784228056e-15
7.595366800785071973e+03 1.326583457591897090e-15
7.600884729385383253e+03 8.909058239095679022e-16
7.606402657985694532e+03 6.017147548394450148e-16
7.611920586586005811e+03 6.554365067357689046e-16
7.617438515186317090e+03 8.973153634312788963e-16
7.622956443786628370e+03 1.151689292512662513e-15
7.628474372386939649e+03 1.206545197002773210e-15
7.633992300987250928e+03 1.000375946678715173e-15
7.639510229587562208e+03 9.564138674668281902e-16
7.645028158187873487e+03 1.110649905916865449e-15
7.650546086788184766e+03 1.356121978343681684e-15
7.656064015388496045e+03 1.672227708984287524e-15
7.661581943988807325e+03 1.853687598757748380e-15
7.667099872589118604e+03 1.893754008617421201e-15
7.672617801189429883e+03 1.891860780570128903e-15
7.678135729789741163e+03 2.134175740400483657e-15
7.683653658390052442e+03 2.203267509629721766e-15
7.689171586990363721e+03 2.248832465033011709e-15
7.694689515590675001e+03 2.508425150988045230e-15
7.700207444190986280e+03 2.537540756425842888e-15
7.705725372791297559e+03 2.464112909273907168e-15
7.711243301391608838e+03 2.380017278679099809e-15
7.716761229991920118e+03 2.439229689284997039e-15
7.722279158592231397e+03 2.537716594037283192e-15
7.727797087192542676e+03 2.734241888340315628e-15
7.733315015792853956e+03 2.832087373687925043e-15
7.738832944393165235e+03 2.763467521577623173e-15
7.744350872993476514e+03 2.777995199176327703e-15
7.749868801593788703e+03 2.752339586620694759e-15
7.755386730194099982e+03 3.009440033018291714e-15
7.760904658794411262e+03 3.156081748464127932e-15
7.766422587394722541e+03 3.095160222133499511e-15
7.771940515995033820e+03 3.145014063747587326e-15
7.777458444595345100e+03 3.081896765244102394e-15
7.782976373195656379e+03 3.300360775298596187e-15
7.788494301795967658e+03 3.716430446627581215e-15
7.794012230396278937e+03 3.901030459981218920e-15
7.799530158996590217e+03 3.902426817483833055e-15
7.805048087596901496e+03 3.838633837099922405e-15
7.810566016197212775e+03 3.804990542459902820e-15
7.816083944797524055e+03 3.667661626509964009e-15
7.821601873397835334e+03 3.825727744297302779e-15
7.827119801998146613e+03 4.174587626008902898e-15
7.832637730598457892e+03 4.136256319638589447e-15
7.838155659198769172e+03 4.224502105740466981e-15
7.843673587799080451e+03 3.860316424683536846e-15
7.849191516399391730e+03 3.741879320697409146e-15
7.854709444999703010e+03 3.821715931616887224e-15
7.860227373600014289e+03 4.181006603872992578e-15
7.865745302200325568e+03 4.300611347174499855e-15
7.871263230800636848e+03 4.114576835071651125e-15
7.876781159400948127e+03 4.163756675606006344e-15
7.882299088001259406e+03 4.024594523264441480e-15
7.887817016601570685e+03 4.034407813491134323e-15
7.893334945201881965e+03 4.298989503793689048e-15
7.898852873802193244e+03 4.500818370759420551e-15
7.904370802402504523e+03 4.610158334908398515e-15
7.909888731002815803e+03 4.483313219371120960e-15
7.915406659603127082e+03 4.302399201947293683e-15
7.920924588203438361e+03 4.311372350409906380e-15
7.926442516803749641e+03 4.362704908760792974e-15
7.931960445404060920e+03 4.555970225464668768e-15
7.937478374004372199e+03 4.740103622686193646e-15
7.942996302604683478e+03 4.673384238995415071e-15
7.948514231204994758e+03 4.349503641497211761e-15
7.954032159805306037e+03 4.237322219122782323e-15
7.959550088405617316e+03 4.275886768912976432e-15
7.965068017005928596e+03 4.331385644316092657e-15
7.970585945606239875e+03 4.388956817686988838e-15
7.976103874206551154e+03 4.289186169078824723e-15
7.981621802806862433e+03 3.984921162183285227e-15
7.987139731407173713e+03 3.581685438519279742e-15
7.992657660007484992e+03 3.674262001557033446e-15
7.998175588607796271e+03 3.598099362377752936e-15
8.003693517208107551e+03 3.774815127536098829e-15
8.009211445808418830e+03 3.920791892367492283e-15
8.014729374408730109e+03 3.635140848151213733e-15
8.020247303009041389e+03 3.436756458984287256e-15
8.025765231609352668e+03 3.192831292085644913e-15
8.031283160209663947e+03 3.162225204306169803e-15
8.036801088809975226e+03 3.258073510547964741e-15
8.042319017410286506e+03 3.246769350102513874e-15
8.047836946010597785e+03 3.288267543571802172e-15
8.053354874610909064e+03 3.180069230973576396e-15
8.058872803211220344e+03 2.998583999897288707e-15
8.064390731811531623e+03 2.878501909197663561e-15
8.069908660411842902e+03 2.934561008402529764e-15
8.075426589012154182e+03 3.058228764159552940e-15
8.080944517612465461e+03 3.078901836985722703e-15
8.086462446212776740e+03 2.991079741951999755e-15
8.091980374813088019e+03 2.738792332998131398e-15
8.097498303413399299e+03 2.523043203947334431e-15
8.103016232013710578e+03 2.548751955663480431e-15
8.108534160614021857e+03 2.827419790150718324e-15
8.114052089214333137e+03 2.726370698673509914e-15
8.119570017814644416e+03 2.604973704658924873e-15
8.125087946414956605e+03 2.452045536019387452e-15
8.130605875015267884e+03 2.294932173642856717e-15
8.136123803615579163e+03 2.117975148938233295e-15
8.141641732215890443e+03 2.147200911467902607e-15
8.147159660816201722e+03 2.153611356036145977e-15
8.152677589416513001e+03 2.027580006621226013e-15
8.158195518016824280e+03 1.807693004837686195e-15
8.163713446617135560e+03 1.709366293321120074e-15
8.169231375217446839e+03 1.521757258841709617e-15
8.174749303817758118e+03 1.562996996880657715e-15
8.180267232418069398e+03 1.490056452638661085e-15
8.185785161018380677e+03 1.497286222900796175e-15
8.191303089618691956e+03 1.541440469349361697e-15
8.196821018219003236e+03 1.427082668656279598e-15
8.202338946819314515e+03 1.404464262961191327e-15
8.207856875419625794e+03 1.273282940208861493e-15
8.213374804019937073e+03 1.272885495490064538e-15
8.218892732620248353e+03 1.365455076740304667e-15
8.224410661220559632e+03 1.381403548097915226e-15
8.229928589820870911e+03 1.120149636308803600e-15
8.235446518421182191e+03 1.120018288198903268e-15
8.240964447021493470e+03 1.068043896707792731e-15
8.246482375621804749e+03 1.049761064695190386e-15
8.252000304222116029e+03 1.099215599780478889e-15
8.257518232822427308e+03 9.784864008122824889e-16
8.263036161422738587e+03 9.787905610923660400e-16
8.268554090023049866e+03 8.081665994777132364e-16
8.274072018623361146e+03 8.449856118849899882e-16
8.279589947223672425e+03 7.128327475417453229e-16
8.285107875823983704e+03 7.254231083979343308e-16
8.290625804424294984e+03 6.260288298536766084e-16
8.296143733024606263e+03 6.500983225079360976e-16
8.301661661624917542e+03 6.182609447835911367e-16
8.307179590225228822e+03 6.221597559401890602e-16
8.312697518825540101e+03 6.117499754043973507e-16
8.318215447425851380e+03 5.950061620859227493e-16
8.323733376026162659e+03 6.420641856781158390e-16
8.329251304626473939e+03 6.739478500678261901e-16
8.334769233226785218e+03 7.193408078428071213e-16
8.340287161827096497e+03 6.887052414049457634e-16
8.345805090427407777e+03 6.116753090657164997e-16
8.351323019027719056e+03 7.328368229025669341e-16
8.356840947628030335e+03 7.665124406329204194e-16
8.362358876228341614e+03 7.034175484956601479e-16
8.367876804828652894e+03 7.722774965209971456e-16
8.373394733428964173e+03 9.634900384036746760e-16
8.378912662029275452e+03 1.064262146855164457e-15
8.384430590629586732e+03 9.474422705125446773e-16
8.389948519229898011e+03 8.694448046456026665e-16
8.395466447830209290e+03 8.956455525844054360e-16
8.400984376430520570e+03 1.000177263107023648e-15
8.406502305030831849e+03 1.107740711423299331e-15
8.412020233631143128e+03 1.149234289155291250e-15
8.417538162231454407e+03 1.069996301868876277e-15
8.423056090831765687e+03 1.087658220245317137e-15
8.428574019432076966e+03 1.065194461143644042e-15
8.434091948032388245e+03 1.149802141206353782e-15
8.439609876632699525e+03 1.108649067837221618e-15
8.445127805233010804e+03 1.227873523516280954e-15
8.450645733833322083e+03 1.344792605887766344e-15
8.456163662433633363e+03 1.331618748604788812e-15
8.461681591033944642e+03 1.270307147219961723e-15
8.467199519634255921e+03 1.221796265363246323e-15
8.472717448234567200e+03 1.291548201389557759e-15
8.478235376834878480e+03 1.417300925765759514e-15
8.483753305435189759e+03 1.632102600392564955e-15
8.489271234035501038e+03 1.676386009910120876e-15
8.494789162635812318e+03 1.696875875460253034e-15
8.500307091236123597e+03 1.827289718755591455e-15
8.505825019836434876e+03 1.889271701034035049e-15
8.511342948436746155e+03 2.093153601405690816e-15
8.516860877037057435e+03 2.168487605841052236e-15
8.522378805637368714e+03 2.489424604148334022e-15
8.527896734237679993e+03 2.439919722617537973e-15
8.533414662837991273e+03 2.612745985669298029e-15
8.538932591438302552e+03 2.682701169287654830e-15
8.544450520038613831e+03 2.748844555508602569e-15
8.549968448638925111e+03 3.067151230016521832e-15
8.555486377239236390e+03 3.456650545333306918e-15
8.561004305839547669e+03 3.723647158361219754e-15
8.566522234439858948e+03 3.696877692112532284e-15
8.572040163040170228e+03 3.447573575104521582e-15
8.577558091640481507e+03 3.280551116861536043e-15
8.583076020240792786e+03 3.328432732795545783e-15
8.588593948841104066e+03 3.553714070479453853e-15
8.594111877441415345e+03 3.902811979428303476e-15
8.599629806041728443e+03 3.995956523809488383e-15
8.605147734642039723e+03 4.143670848685101780e-15
8.610665663242351002e+03 3.882854539822223436e-15
8.616183591842662281e+03 3.614884226020962824e-15
8.621701520442973560e+03 3.771550107534850199e-15
8.627219449043284840e+03 4.014712061624425271e-15
8.632737377643596119e+03 4.411298149851691044e-15
8.638255306243907398e+03 4.726624376845698923e-15
8.643773234844218678e+03 4.649487002554185171e-15
8.649291163444529957e+03 4.334447158140565483e-15
8.654809092044841236e+03 4.237820253298714030e-15
8.660327020645152515e+03 4.417512199323034150e-15
8.665844949245463795e+03 4.513590258090954240e-15
8.671362877845775074e+03 5.100573829154924147e-15
8.676880806446086353e+03 5.436803786547758133e-15
8.682398735046397633e+03 5.112640814532355404e-15
8.687916663646708912e+03 4.984397143522330225e-15
8.693434592247020191e+03 4.797139267096355870e-15
8.698952520847331471e+03 4.810390053334335626e-15
8.704470449447642750e+03 5.190746200733324389e-15
8.709988378047954029e+03 5.683360570169379495e-15
8.715506306648265308e+03 5.821446363602682617e-15
8.721024235248576588e+03 5.846411813533410493e-15
8.726542163848887867e+03 5.310352754127890106e-15
8.732060092449199146e+03 4.889087210673214332e-15
8.737578021049510426e+03 5.058632162886189940e-15
8.743095949649821705e+03 5.484556627289867510e-15
8.748613878250132984e+03 5.615481433997268674e-15
8.754131806850444264e+03 5.610177861334567636e-15
8.759649735450755543e+03 5.256112022693086485e-15
8.765167664051066822e+03 4.749210718035172689e-15
8.770685592651378101e+03 4.411459118841573006e-15
8.776203521251689381e+03 4.543069821525954308e-15
8.781721449852000660e+03 4.599567997589971834e-15
8.787239378452311939e+03 4.828971434338538348e-15
8.792757307052623219e+03 4.984472133091913425e-15
8.798275235652934498e+03 4.671356288307595287e-15
8.803793164253245777e+03 4.506958852877153593e-15
8.809311092853557057e+03 4.300547606040358119e-15
8.814829021453868336e+03 4.317479733683140437e-15
8.820346950054179615e+03 4.570170534804429323e-15
8.825864878654490894e+03 4.649319439653874346e-15
8.831382807254802174e+03 4.511889158492631359e-15
8.836900735855113453e+03 4.320719283089200466e-15
8.842418664455424732e+03 3.941496253945114426e-15
8.847936593055736012e+03 3.461316060192728901e-15
8.853454521656047291e+03 3.834546905557557149e-15
8.858972450256358570e+03 3.909034562195498808e-15
8.864490378856669849e+03 3.787129190616078888e-15
8.870008307456981129e+03 3.453398454568194846e-15
8.875526236057292408e+03 2.838254360739740829e-15
8.881044164657603687e+03 2.846572901976833656e-15
8.886562093257914967e+03 2.975038567971300395e-15
8.892080021858226246e+03 3.019834233824538907e-15
8.897597950458537525e+03 2.753000917049021038e-15
8.903115879058848805e+03 2.882791053993187337e-15
8.908633807659160084e+03 2.744971861408999227e-15
8.914151736259471363e+03 2.433220697498758725e-15
8.919669664859782642e+03 2.725694499623631603e-15
8.925187593460093922e+03 2.751983256872808255e-15
8.930705522060405201e+03 2.858743321243343176e-15
8.936223450660716480e+03 2.998893267225647891e-15
8.941741379261027760e+03 2.968428237412407567e-15
8.947259307861339039e+03 2.611828785657856652e-15
8.952777236461650318e+03 2.746955076939788524e-15
8.958295165061961598e+03 2.749924405310621396e-15
8.963813093662272877e+03 2.857761475051231237e-15
8.969331022262584156e+03 3.148165565055565435e-15
8.974848950862895435e+03 2.937368979906393399e-15
8.980366879463206715e+03 2.466398798222627180e-15
8.985884808063517994e+03 2.462362937162995372e-15
8.991402736663829273e+03 2.497315963423513208e-15
8.996920665264140553e+03 2.496094797070535665e-15
9.002438593864451832e+03 2.651193913749549048e-15
9.007956522464763111e+03 2.641512501731443335e-15
9.013474451065074390e+03 2.292113470872999480e-15
9.018992379665385670e+03 2.347428621830634775e-15
9.024510308265696949e+03 2.239312151297148937e-15
9.030028236866008228e+03 2.194264882508718679e-15
9.035546165466319508e+03 2.322322631103121156e-15
9.041064094066630787e+03 2.383451154504273788e-15
9.046582022666942066e+03 2.055795737224003972e-15
9.052099951267253346e+03 2.187315547378356293e-15
9.057617879867564625e+03 1.989913780157712361e-15
9.063135808467875904e+03 2.127887218528995745e-15
9.068653737068187183e+03 2.102852985062029412e-15
9.074171665668498463e+03 1.906487366825269147e-15
9.079689594268809742e+03 1.750235738037153136e-15
9.085207522869121021e+03 1.632747639983354233e-15
9.090725451469432301e+03 1.687954314649816714e-15
9.096243380069743580e+03 1.931062224532347734e-15
9.101761308670054859e+03 1.961464418257968047e-15
9.107279237270366139e+03 1.850513600578896810e-15
9.112797165870677418e+03 1.805885109748886185e-15
9.118315094470988697e+03 1.782611708951186231e-15
9.123833023071299976e+03 1.746649685102666845e-15
9.129350951671611256e+03 1.912189159960935776e-15
9.134868880271922535e+03 2.028862069676399809e-15
9.140386808872233814e+03 1.825941458011405488e-15
9.145904737472545094e+03 1.716428888560024120e-15
9.151422666072856373e+03 1.799645072512909379e-15
9.156940594673167652e+03 1.951370175730057598e-15
9.162458523273478932e+03 2.178769063708203854e-15
9.167976451873790211e+03 2.001841517661970427e-15
9.173494380474101490e+03 1.726802273296095115e-15
9.179012309074412769e+03 1.830525130806089111e-15
9.184530237674724049e+03 1.941026786821819134e-15
9.190048166275035328e+03 2.171206365615582378e-15
9.195566094875346607e+03 2.206633248380464155e-15
9.201084023475657887e+03 1.804670278721614759e-15
9.206601952075969166e+03 1.922083516498190850e-15
9.212119880676280445e+03 2.163738697408560539e-15
9.217637809276591724e+03 2.390730055863722709e-15
9.223155737876903004e+03 2.456254131673787785e-15
9.228673666477214283e+03 2.710161832500131651e-15
9.234191595077525562e+03 2.406364863952689556e-15
9.239709523677836842e+03 2.578314266209750446e-15
9.245227452278148121e+03 2.701319140030117565e-15
