3.776699999999999818e+03 1.784239667874027392e-15 1.958999999999999989e-32
3.802300000000000182e+03 1.314003061638934749e-15 1.146000000000000038e-32
3.827900000000000091e+03 7.639833808241094038e-16 1.484000000000000047e-32
3.853400000000000091e+03 8.214030178322504094e-16 8.826999999999999960e-33
3.879000000000000000e+03 1.029443428971221047e-15 7.932000000000000036e-33
3.904599999999999909e+03 1.868858080307078022e-15 4.936000000000000544e-32
3.930099999999999909e+03 3.016041986006571166e-15 5.257000000000000109e-32
3.955699999999999818e+03 3.668812596204385575e-15 4.159000000000000249e-32
3.981300000000000182e+03 4.035089438593159623e-15 4.939000000000000060e-32
4.006800000000000182e+03 4.506534879291581798e-15 4.627999999999999791e-32
4.032400000000000091e+03 4.687860048790974821e-15 3.663999999999999800e-32
4.058000000000000000e+03 3.734089657224167253e-15 3.404000000000000045e-32
4.083599999999999909e+03 3.281985567939014030e-15 2.659000000000000233e-32
4.109100000000000364e+03 2.863728843627081374e-15 2.521999999999999754e-32
4.134699999999999818e+03 2.918126394476898650e-15 1.768999999999999957e-32
4.160300000000000182e+03 2.835925650970507083e-15 2.176000000000000034e-32
4.185800000000000182e+03 2.782736934584018352e-15 1.962999999999999981e-32
4.211399999999999636e+03 2.747680735147469634e-15 1.644000000000000002e-32
4.237000000000000000e+03 2.832299147580519475e-15 1.287999999999999891e-32
4.262600000000000364e+03 2.919335228940228378e-15 1.344000000000000053e-32
4.288100000000000364e+03 2.970106276400058046e-15 1.290000000000000024e-32
4.313699999999999818e+03 2.941094249280155210e-15 1.097000000000000068e-32
4.339300000000000182e+03 3.202202493359280737e-15 9.225000000000000397e-33
4.364800000000000182e+03 3.118792915389560625e-15 1.059000000000000007e-32
4.390399999999999636e+03 2.787572272437336083e-15 9.420000000000000349e-33
4.416000000000000000e+03 2.289532473545669346e-15 8.443999999999999835e-33
4.441600000000000364e+03 2.104580800656288715e-15 7.661999999999999891e-33
4.467100000000000364e+03 2.214584736819253390e-15 8.791000000000000305e-33
4.492699999999999818e+03 2.638885633447833899e-15 7.438999999999999447e-33
4.518300000000000182e+03 3.110331074146255680e-15 8.204000000000000314e-33
4.543800000000000182e+03 3.584194183771335340e-15 7.384999999999999965e-33
4.569399999999999636e+03 4.129378526732844532e-15 7.247999999999999760e-33
4.595000000000000000e+03 4.785775640320646154e-15 8.009999999999999744e-33
4.620500000000000000e+03 5.139964138076127650e-15 7.921999999999999372e-33
4.646100000000000364e+03 5.234253226215811769e-15 8.202000000000000181e-33
4.671699999999999818e+03 5.398654713228596481e-15 7.546999999999999779e-33
4.697300000000000182e+03 5.054136891179748081e-15 6.753000000000000406e-33
4.722800000000000182e+03 4.180149574192674988e-15 6.000999999999999718e-33
4.748399999999999636e+03 3.448804723878455832e-15 5.447999999999999933e-33
4.774000000000000000e+03 3.023294992786546382e-15 5.055999999999999894e-33
4.799500000000000000e+03 2.673941832884383012e-15 5.114000000000000326e-33
4.825100000000000364e+03 2.495034332311648657e-15 5.050000000000000180e-33
4.850699999999999818e+03 2.787572272437336083e-15 4.327000000000000050e-33
4.876300000000000182e+03 3.035383337419839329e-15 4.540999999999999896e-33
4.901800000000000182e+03 2.885487863967007811e-15 4.121000000000000051e-33
4.927399999999999636e+03 3.239676361722489307e-15 3.736999999999999860e-33
4.953000000000000000e+03 3.975856549890023828e-15 5.143000000000000200e-33
4.978500000000000000e+03 4.431587142565165448e-15 5.151000000000000047e-33
5.004100000000000364e+03 4.302241854988931427e-15 3.929000000000000297e-33
5.029699999999999818e+03 3.879149792823681040e-15 2.957000000000000048e-33
5.055300000000000182e+03 3.157475618216096951e-15 2.897000000000000168e-33
5.080800000000000182e+03 2.956809097303436159e-15 3.015999999999999862e-33
5.106399999999999636e+03 3.023294992786546382e-15 2.804999999999999873e-33
5.132000000000000000e+03 3.147804942509463855e-15 3.105000000000000300e-33
5.157500000000000000e+03 3.159893287142756014e-15 2.579999999999999980e-33
5.183100000000000364e+03 3.443969386025138495e-15 2.197999999999999922e-33
5.208699999999999818e+03 3.558808660041421689e-15 2.259999999999999935e-33
5.234199999999999818e+03 3.906952985480256514e-15 2.757999999999999830e-33
5.259800000000000182e+03 4.420707632395202229e-15 3.015999999999999862e-33
5.285399999999999636e+03 4.838964356707136068e-15 2.555000000000000030e-33
5.311000000000000000e+03 5.182273344292652767e-15 3.582999999999999893e-33
5.336500000000000000e+03 5.421622568031851463e-15 2.949999999999999926e-33
5.362100000000000364e+03 5.642839274821111724e-15 4.221999999999999917e-33
5.387699999999999818e+03 5.547341352218099848e-15 3.626000000000000013e-33
5.413199999999999818e+03 5.303156790625582238e-15 2.707999999999999930e-33
5.438800000000000182e+03 5.161723158416056453e-15 3.363999999999999715e-33
5.464399999999999636e+03 5.251176908702422447e-15 3.211999999999999881e-33
5.490000000000000000e+03 5.237879729605799772e-15 3.321999999999999662e-33
5.515500000000000000e+03 5.210076536949226664e-15 2.581000000000000047e-33
5.541100000000000364e+03 5.195570523389274654e-15 2.700000000000000083e-33
5.566699999999999818e+03 5.207658868022567996e-15 3.083000000000000207e-33
5.592199999999999818e+03 5.022707195133187759e-15 4.164000000000000170e-33
5.617800000000000182e+03 4.461808004148398801e-15 5.971999999999999844e-33
5.643399999999999636e+03 3.964977039720060609e-15 1.940999999999999956e-33
5.668899999999999636e+03 3.638591734621153799e-15 1.522000000000000006e-33
5.694500000000000000e+03 3.297700415962294979e-15 1.517000000000000016e-33
5.720100000000000364e+03 2.810540127240592249e-15 1.654000000000000050e-33
5.745699999999999818e+03 2.320962169592231245e-15 1.070999999999999983e-33
5.771199999999999818e+03 2.081612945853032155e-15 1.242999999999999947e-33
5.796800000000000182e+03 2.209749398965936842e-15 1.059000000000000041e-33
5.822399999999999636e+03 2.418877761121903761e-15 1.481999999999999915e-33
5.847899999999999636e+03 2.748889569610798180e-15 1.386000000000000038e-33
5.873500000000000000e+03 3.035383337419839329e-15 1.427000000000000024e-33
5.899100000000000364e+03 3.312206429522246200e-15 1.463000000000000021e-33
5.924699999999999818e+03 3.506828778118262293e-15 1.320999999999999997e-33
5.950199999999999818e+03 3.628921058914519915e-15 1.640000000000000147e-33
5.975800000000000182e+03 3.662768423887739693e-15 1.427000000000000024e-33
6.001399999999999636e+03 3.665186092814398362e-15 1.448000000000000051e-33
6.026899999999999636e+03 3.396824841955296435e-15 1.219000000000000063e-33
6.052500000000000000e+03 3.232423354942514090e-15 1.327999999999999948e-33
6.078100000000000364e+03 3.174399300702707629e-15 8.608000000000000123e-34
6.103699999999999818e+03 3.150222611436122129e-15 8.813999999999999438e-34
6.129199999999999818e+03 3.187696479799329910e-15 1.095999999999999933e-33
6.154800000000000182e+03 3.453640061731772774e-15 9.920000000000000377e-34
6.180399999999999636e+03 3.725627815980861914e-15 1.283999999999999934e-33
6.205899999999999636e+03 3.764310518807399029e-15 2.291999999999999922e-34
6.231500000000000000e+03 3.595073693941299347e-15 1.916000000000000006e-34
6.257100000000000364e+03 3.439134048171821158e-15 1.193999999999999942e-33
6.282600000000000364e+03 3.285612071329001638e-15 1.129000000000000072e-33
6.308199999999999818e+03 3.180443473019354300e-15 1.276999999999999982e-33
6.333800000000000182e+03 3.222752679235878628e-15 1.123000000000000016e-33
6.359399999999999636e+03 3.493531599021639223e-15 9.554000000000000698e-34
6.384899999999999636e+03 3.882776296213669831e-15 1.118000000000000026e-33
6.410500000000000000e+03 4.315539034085554891e-15 1.087000000000000019e-33
6.436100000000000364e+03 4.695113055570950037e-15 1.353999999999999965e-33
6.461600000000000364e+03 4.933253444846820188e-15 1.304000000000000065e-33
6.487199999999999818e+03 5.025124864059846428e-15 1.435000000000000043e-33
6.512800000000000182e+03 5.069851739203028636e-15 1.769999999999999887e-33
6.538399999999999636e+03 5.112160945419553753e-15 1.702000000000000160e-33
6.563899999999999636e+03 5.162931992879384999e-15 2.280999999999999961e-33
6.589500000000000000e+03 5.023916029596516305e-15 2.844000000000000069e-33
6.615100000000000364e+03 4.766434288907379174e-15 9.125999999999999978e-34
6.640600000000000364e+03 4.464225673075056681e-15 5.335000000000000295e-34
6.666199999999999818e+03 4.027836431813184407e-15 2.682999999999999980e-34
6.691800000000000182e+03 3.580567680381348126e-15 7.592000000000000031e-34
6.717399999999999636e+03 3.249347037429123191e-15 7.564999999999999606e-34
6.742899999999999636e+03 3.075274874709705778e-15 8.287999999999999394e-34
6.768500000000000000e+03 2.914499891086911042e-15 9.029000000000000035e-34
6.794100000000000364e+03 2.745263066220810966e-15 1.521000000000000068e-34
6.819600000000000364e+03 2.716251039100907735e-15 1.293000000000000018e-34
6.845199999999999818e+03 2.702953860004285848e-15 1.446000000000000004e-34
6.870800000000000182e+03 2.724712880344213074e-15 1.821999999999999920e-34
6.896300000000000182e+03 2.729548218197530411e-15 1.535999999999999995e-34
6.921899999999999636e+03 2.679986005201029683e-15 9.156999999999999643e-34
6.947500000000000000e+03 2.628006123277869498e-15 7.518000000000000418e-34
6.973100000000000364e+03 2.578443910281369164e-15 7.083999999999999985e-34
6.998600000000000364e+03 2.553058386551454330e-15 9.694999999999999544e-35
7.024199999999999818e+03 2.583279248134686106e-15 1.092999999999999990e-34
7.049800000000000182e+03 2.636467964521175231e-15 1.270999999999999925e-34
7.075300000000000182e+03 2.698118522150968906e-15 1.205000000000000074e-34
7.100899999999999636e+03 2.752516073000786576e-15 1.002999999999999999e-34
7.126500000000000000e+03 2.724712880344213074e-15 1.125000000000000106e-34
7.152100000000000364e+03 2.614708944181247611e-15 1.130000000000000010e-34
7.177600000000000364e+03 2.563937896721417943e-15 1.136999999999999962e-34
7.203199999999999818e+03 2.652182812544455786e-15 1.549000000000000089e-34
7.228800000000000182e+03 2.868564181480398316e-15 8.073000000000000507e-34
7.254300000000000182e+03 3.076483709173035507e-15 8.171999999999999215e-34
7.279899999999999636e+03 3.337591953252161428e-15 9.613999999999999551e-34
7.305500000000000000e+03 3.695406954397630138e-15 1.031000000000000062e-33
7.331100000000000364e+03 4.001242073619940634e-15 8.469999999999999851e-34
7.356600000000000364e+03 4.213996939165894767e-15 1.967999999999999953e-34
7.382199999999999818e+03 4.229711787189175322e-15 1.649000000000000103e-34
7.407800000000000182e+03 4.072563306956368193e-15 2.071999999999999848e-34
7.433300000000000182e+03 3.877940958360352495e-15 1.592000000000000037e-34
7.458899999999999636e+03 3.771563525587375034e-15 1.830999999999999919e-34
7.484500000000000000e+03 3.719583643664216821e-15 1.754000000000000022e-34
7.510000000000000000e+03 3.650680079254446352e-15 1.746000000000000046e-34
7.535600000000000364e+03 3.517708288288225512e-15 1.429000000000000029e-34
7.561199999999999818e+03 3.211873169065915410e-15 1.737000000000000047e-34
7.586800000000000182e+03 3.060768861149754952e-15 1.493000000000000047e-34
7.612300000000000182e+03 2.727130549270871348e-15 1.488999999999999952e-34
7.637899999999999636e+03 2.485363656605013984e-15 9.912000000000000188e-34
7.663500000000000000e+03 2.461186967338428485e-15 1.100000000000000027e-33
7.689000000000000000e+03 2.478110649825038768e-15 1.144000000000000042e-33
7.714600000000000364e+03 2.562729062258088609e-15 2.041999999999999994e-34
7.740199999999999818e+03 2.780319265657360473e-15 1.031000000000000062e-33
7.765800000000000182e+03 3.123628253242877567e-15 9.377999999999999954e-34
7.791300000000000182e+03 3.533423136311506067e-15 1.013999999999999960e-33
7.816899999999999636e+03 3.986736060059988624e-15 1.956000000000000097e-34
7.842500000000000000e+03 4.311912530695566889e-15 2.471999999999999905e-34
7.868000000000000000e+03 4.513787886071557803e-15 2.147000000000000126e-34
7.893600000000000364e+03 4.666101028451047595e-15 2.107999999999999845e-34
7.919199999999999818e+03 4.807534660660574958e-15 2.570999999999999896e-34
7.944699999999999818e+03 4.846217363487111284e-15 2.478000000000000047e-34
7.970300000000000182e+03 4.633462497941157151e-15 2.410000000000000149e-34
7.995899999999999636e+03 4.146302209219454421e-15 1.805999999999999969e-34
8.021500000000000000e+03 3.619250383207886030e-15 1.566000000000000063e-34
8.047000000000000000e+03 3.187696479799329910e-15 1.100999999999999965e-34
8.072600000000000364e+03 2.901202711990288761e-15 1.304000000000000065e-34
8.098199999999999818e+03 2.705371528930944517e-15 1.196000000000000075e-34
8.123699999999999818e+03 2.561520227794758880e-15 1.395000000000000080e-34
8.149300000000000182e+03 2.459978132875099545e-15 1.375000000000000034e-34
8.174899999999999636e+03 2.356018369028780358e-15 1.240000000000000047e-34
8.200500000000000000e+03 2.262938115352425178e-15 1.345999999999999989e-34
8.226000000000000000e+03 2.231508419305864068e-15 1.306999999999999922e-34
8.251600000000000364e+03 2.197661054332643500e-15 1.847999999999999894e-34
8.277200000000000728e+03 2.065898097829751206e-15 2.170000000000000029e-34
8.302700000000000728e+03 1.818087032847247565e-15 2.480000000000000094e-34
8.328299999999999272e+03 1.542472775208170423e-15 2.224999999999999834e-34
8.353899999999999636e+03 1.353894598928801395e-15 2.327000000000000109e-34
8.379500000000000000e+03 1.334553247515532838e-15 9.593999999999999933e-34
8.405000000000000000e+03 1.455436693848461520e-15 2.098999999999999846e-34
8.430600000000000364e+03 1.613794008544597983e-15 1.566000000000000063e-34
8.456200000000000728e+03 1.795119178043991400e-15 1.541999999999999923e-34
8.481700000000000728e+03 2.023588891613226088e-15 1.268000000000000068e-34
8.507299999999999272e+03 2.314917997275584574e-15 1.116000000000000107e-34
8.532899999999999636e+03 2.707789197857602791e-15 1.505999999999999927e-34
8.558399999999999636e+03 3.157475618216096951e-15 2.224999999999999834e-34
8.584000000000000000e+03 3.504411109191603625e-15 2.756000000000000210e-34
8.609600000000000364e+03 3.684527444227666130e-15 3.618999999999999890e-34
8.635200000000000728e+03 3.790904877000643591e-15 3.123000000000000128e-34
8.660700000000000728e+03 3.927503171356854406e-15 2.221999999999999977e-34
8.686299999999999272e+03 4.072563306956368193e-15 1.796999999999999970e-34
8.711899999999999636e+03 4.155972884926087516e-15 2.293000000000000160e-34
8.737399999999999636e+03 4.093113492832965296e-15 4.864999999999999865e-34
8.763000000000000000e+03 3.967394708646719277e-15 7.471999999999999757e-34
8.788600000000000364e+03 3.825961076437194282e-15 8.237999999999999494e-34
8.814200000000000728e+03 3.641009403547813256e-15 7.280999999999999728e-34
8.839700000000000728e+03 3.399242510881954709e-15 5.735000000000000352e-34
8.865299999999999272e+03 3.155057949289439071e-15 4.701999999999999643e-34
8.890899999999999636e+03 2.890323201820325148e-15 3.051999999999999944e-34
8.916399999999999636e+03 2.688447846444334627e-15 2.579999999999999895e-34
8.942000000000000000e+03 2.527672862821538707e-15 2.433999999999999861e-34
8.967600000000000364e+03 2.443054450388488867e-15 1.920999999999999910e-34
8.993200000000000728e+03 2.223046578062558729e-15 1.450999999999999908e-34
9.018700000000000728e+03 2.017544719296579812e-15 1.430000000000000053e-34
9.044299999999999272e+03 1.884572928330358577e-15 1.397999999999999937e-34
9.069899999999999636e+03 1.810834026067271955e-15 1.911000000000000101e-34
9.095399999999999636e+03 1.792701509117332337e-15 1.603999999999999893e-34
9.121000000000000000e+03 1.872484583697066024e-15 1.983999999999999904e-34
9.146600000000000364e+03 2.000621036809970317e-15 2.476000000000000000e-34
9.172100000000000364e+03 2.128757489922874609e-15 2.059000000000000182e-34
9.197700000000000728e+03 2.279861797839035067e-15 1.931000000000000147e-34
9.223299999999999272e+03 2.434592609145183922e-15 2.806000000000000111e-34
