3.650047851562500000e+03 3.155733979792543957e-16
3.655565780162811279e+03 6.309831723658703457e-16
3.661083708763122559e+03 4.836837132915010497e-16
3.666601637363433838e+03 5.096430088908903456e-16
3.672119565963745117e+03 5.325566434612962681e-16
3.677637494564056396e+03 4.418556013563618185e-16
3.683155423164367676e+03 6.066800518700941922e-16
3.688673351764678955e+03 5.908381716671900622e-16
3.694191280364990234e+03 5.977636553212629203e-16
3.699709208965301514e+03 5.953303888822942234e-16
3.705227137565612793e+03 7.037360896521424030e-16
3.710745066165924072e+03 6.632200678694266629e-16
3.716262994766235352e+03 4.980216987593589912e-16
3.721780923366546631e+03 5.084327072723535433e-16
3.727298851966857910e+03 4.560299310369992226e-16
3.732816780567169189e+03 3.657400137326152317e-16
3.738334709167480469e+03 3.964872445059689188e-16
3.743852637767791748e+03 3.987368408598061974e-16
3.749370566368103027e+03 2.514646291325682059e-16
3.754888494968414307e+03 2.925878192516340225e-16
3.760406423568725586e+03 3.067939142522828124e-16
3.765924352169036865e+03 3.336700471320231575e-16
3.771442280769348145e+03 2.308982048858712948e-16
3.776960209369659879e+03 2.618637900397206130e-16
3.782478137969971158e+03 2.364667620675849737e-16
3.787996066570282437e+03 2.801082123197042685e-16
3.793513995170593716e+03 1.850539155431885465e-16
3.799031923770904996e+03 3.152282935329972413e-16
3.804549852371216275e+03 2.497469623790680869e-16
3.810067780971527554e+03 4.106535470043870718e-16
3.815585709571838834e+03 3.186402859687042654e-16
3.821103638172150113e+03 2.303891227065830903e-16
3.826621566772461392e+03 4.787541756183645723e-16
3.832139495372772672e+03 4.626749140375398838e-16
3.837657423973083951e+03 4.683948072134419638e-16
3.843175352573395230e+03 5.459860763876701708e-16
3.848693281173706509e+03 6.213068012672973693e-16
3.854211209774017789e+03 6.247905768873142533e-16
3.859729138374329068e+03 6.879677740670359219e-16
3.865247066974640347e+03 8.286043499537752162e-16
3.870764995574951627e+03 8.615910035933428548e-16
3.876282924175262906e+03 8.977938636894624543e-16
3.881800852775574185e+03 8.415282528363100491e-16
3.887318781375885465e+03 1.007501513318691312e-15
3.892836709976196744e+03 1.126703774173171079e-15
3.898354638576508023e+03 1.304053097199850055e-15
3.903872567176819302e+03 1.224397050030310477e-15
3.909390495777130582e+03 1.315050336839957792e-15
3.914908424377441861e+03 1.467498975751203713e-15
3.920426352977753140e+03 1.354059008335924878e-15
3.925944281578064420e+03 1.496016935682914283e-15
3.931462210178375699e+03 1.558699785069962599e-15
3.936980138778686978e+03 1.510761517246916700e-15
3.942498067378998257e+03 1.679630251037486389e-15
3.948015995979309537e+03 1.616342250841172383e-15
3.953533924579620816e+03 1.747423668227151111e-15
3.959051853179932095e+03 1.678181924149405833e-15
3.964569781780243375e+03 1.807751805953094952e-15
3.970087710380554654e+03 1.964839576684494008e-15
3.975605638980865933e+03 2.084723182190163737e-15
3.981123567581177213e+03 2.022806027256764751e-15
3.986641496181488492e+03 2.093577979773837089e-15
3.992159424781800226e+03 2.154942139119336862e-15
3.997677353382111505e+03 2.228796293514930420e-15
4.003195281982422784e+03 2.383391237832340429e-15
4.008713210582734064e+03 2.170550608609315953e-15
4.014231139183045343e+03 2.341916032163609520e-15
4.019749067783356622e+03 2.270406501793708363e-15
4.025266996383667902e+03 2.284340531121074946e-15
4.030784924983979181e+03 2.141388005848863478e-15
4.036302853584290460e+03 1.871040879302114447e-15
4.041820782184601740e+03 1.888386783018387807e-15
4.047338710784913019e+03 1.769813067702101133e-15
4.052856639385224298e+03 1.765978049202367464e-15
4.058374567985535577e+03 1.571293232040634806e-15
4.063892496585846857e+03 1.552568756361983075e-15
4.069410425186158136e+03 1.473163504979153384e-15
4.074928353786469415e+03 1.374098954598014996e-15
4.080446282386780695e+03 1.486623630072836536e-15
4.085964210987091974e+03 1.261694901487022629e-15
4.091482139587403253e+03 1.363292628823785544e-15
4.097000068187714533e+03 1.227970326585763709e-15
4.102517996788025812e+03 1.290874460060187519e-15
4.108035925388337091e+03 1.255937437234985453e-15
4.113553853988648370e+03 1.131446572544445312e-15
4.119071782588959650e+03 1.165980733844907986e-15
4.124589711189270929e+03 1.064919690174955951e-15
4.130107639789582208e+03 1.040735120858289655e-15
4.135625568389893488e+03 1.110284967077090348e-15
4.141143496990204767e+03 9.460429487299033220e-16
4.146661425590516046e+03 1.026766965274967795e-15
4.152179354190827326e+03 9.561447175599766319e-16
4.157697282791138605e+03 9.751118330647972398e-16
4.163215211391449884e+03 9.557743725621432570e-16
4.168733139991761163e+03 9.357588619871012288e-16
4.174251068592072443e+03 9.869444147689846610e-16
4.179768997192383722e+03 9.252963743389396197e-16
4.185286925792695001e+03 8.420215811339153064e-16
4.190804854393006281e+03 9.283824717617745569e-16
4.196322782993317560e+03 8.777669776957680752e-16
4.201840711593628839e+03 9.073699593994599121e-16
4.207358640193940118e+03 8.745111719044672788e-16
4.212876568794251398e+03 7.447278400281355807e-16
4.218394497394562677e+03 8.429060306656892965e-16
4.223912425994873956e+03 9.465984876897071588e-16
4.229430354595185236e+03 9.297180103007605289e-16
4.234948283195496515e+03 1.001152741927256027e-15
4.240466211795807794e+03 9.732841466961757378e-16
4.245984140396119074e+03 1.018595765963158538e-15
4.251502068996430353e+03 1.043151968060902035e-15
4.257019997596741632e+03 9.678682669495308918e-16
4.262537926197052911e+03 9.688030902691864782e-16
4.268055854797364191e+03 9.659780157783212627e-16
4.273573783397675470e+03 1.029089589670250027e-15
4.279091711997986749e+03 9.520663080271829054e-16
4.284609640598298029e+03 1.023393831698639545e-15
4.290127569198609308e+03 9.236125226271128785e-16
4.295645497798920587e+03 1.003483200337269299e-15
4.301163426399231867e+03 9.545466858698158871e-16
4.306681354999543146e+03 1.036076672289480115e-15
4.312199283599854425e+03 9.337469152993616698e-16
4.317717212200165704e+03 9.192461540295005189e-16
4.323235140800476984e+03 9.238779454851665273e-16
4.328753069400789173e+03 1.054115939967214152e-15
4.334270998001100452e+03 9.356996024948359901e-16
4.339788926601411731e+03 9.164521258463362695e-16
4.345306855201723010e+03 9.844360276407998423e-16
4.350824783802034290e+03 9.736105997484540973e-16
4.356342712402345569e+03 9.219898084247814957e-16
4.361860641002656848e+03 9.805177324913044058e-16
4.367378569602968128e+03 8.962470857724023592e-16
4.372896498203279407e+03 9.222619170241756401e-16
4.378414426803590686e+03 8.491137254027785990e-16
4.383932355403901965e+03 8.469765417945885884e-16
4.389450284004213245e+03 1.013436047766737220e-15
4.394968212604524524e+03 9.065509507195221373e-16
4.400486141204835803e+03 8.244551767317403656e-16
4.406004069805147083e+03 8.307367902270178506e-16
4.411521998405458362e+03 8.518355626036046166e-16
4.417039927005769641e+03 8.194780769308033373e-16
4.422557855606080921e+03 8.544650442828059872e-16
4.428075784206392200e+03 8.185252890348989605e-16
4.433593712806703479e+03 8.095728130921908264e-16
4.439111641407014758e+03 7.694934142182501658e-16
4.444629570007326038e+03 8.117882939215960167e-16
4.450147498607637317e+03 9.083119084530633021e-16
4.455665427207948596e+03 9.175641266772706442e-16
4.461183355808259876e+03 9.060526000672645186e-16
4.466701284408571155e+03 1.029305293363569203e-15
4.472219213008882434e+03 1.057665392532659757e-15
4.477737141609193714e+03 1.053597929157435791e-15
4.483255070209504993e+03 1.196454836523801061e-15
4.488772998809816272e+03 1.233046231556073374e-15
4.494290927410127551e+03 1.233025090447822666e-15
4.499808856010438831e+03 1.323156825043771099e-15
4.505326784610750110e+03 1.377638212212781428e-15
4.510844713211061389e+03 1.403816699251776479e-15
4.516362641811372669e+03 1.465972308715796385e-15
4.521880570411683948e+03 1.468344190820149049e-15
4.527398499011995227e+03 1.492541208708172791e-15
4.532916427612306506e+03 1.543754416635214470e-15
4.538434356212617786e+03 1.578258636975261540e-15
4.543952284812929065e+03 1.696626736233637167e-15
4.549470213413240344e+03 1.697106542807185110e-15
4.554988142013551624e+03 1.947079436024830285e-15
4.560506070613862903e+03 1.890284546258518703e-15
4.566023999214174182e+03 1.997884631294161803e-15
4.571541927814485462e+03 2.063177495370377086e-15
4.577059856414796741e+03 2.203970193512361925e-15
4.582577785015108020e+03 2.177342592067125913e-15
4.588095713615419299e+03 2.393492502280644318e-15
4.593613642215730579e+03 2.658752992330055219e-15
4.599131570816041858e+03 2.677652928475661491e-15
4.604649499416353137e+03 2.685593507271576333e-15
4.610167428016664417e+03 2.796359070835508336e-15
4.615685356616975696e+03 2.844350888978437354e-15
4.621203285217286975e+03 2.818157592432139092e-15
4.626721213817598255e+03 2.808934381525497710e-15
4.632239142417909534e+03 2.867960033815708522e-15
4.637757071018220813e+03 2.765562807715148603e-15
4.643274999618532092e+03 2.718907493948638032e-15
4.648792928218843372e+03 2.747113810335375425e-15
4.654310856819154651e+03 2.697493804911331327e-15
4.659828785419465930e+03 2.725264528615889511e-15
4.665346714019777210e+03 2.786408369711445477e-15
4.670864642620088489e+03 2.864064596818790013e-15
4.676382571220399768e+03 2.782708783082836501e-15
4.681900499820711048e+03 2.599232723958992857e-15
4.687418428421022327e+03 2.717073475979069427e-15
4.692936357021333606e+03 2.713827296367517059e-15
4.698454285621644885e+03 2.572358833968400349e-15
4.703972214221956165e+03 2.421350151354151297e-15
4.709490142822267444e+03 2.293776762839277796e-15
4.715008071422578723e+03 2.143782960736331997e-15
4.720526000022890003e+03 2.084307550148259493e-15
4.726043928623201282e+03 1.928828864579860998e-15
4.731561857223512561e+03 1.846373605899603769e-15
4.737079785823823840e+03 1.772800939458025897e-15
4.742597714424135120e+03 1.734999242807217274e-15
4.748115643024446399e+03 1.686884119418702951e-15
4.753633571624757678e+03 1.710279170291712684e-15
4.759151500225068958e+03 1.583963409429579002e-15
4.764669428825380237e+03 1.489509445006694393e-15
4.770187357425691516e+03 1.554974979352834875e-15
4.775705286026002796e+03 1.522279987154912954e-15
4.781223214626314075e+03 1.409722687837918496e-15
4.786741143226625354e+03 1.324698730847560678e-15
4.792259071826936633e+03 1.312448048850252993e-15
4.797777000427247913e+03 1.399115324574841440e-15
4.803294929027559192e+03 1.286125759349046210e-15
4.808812857627870471e+03 1.234097706574554825e-15
4.814330786228181751e+03 1.221580238815258694e-15
4.819848714828493030e+03 1.219597052619963139e-15
4.825366643428804309e+03 1.182799826899239273e-15
4.830884572029115589e+03 1.343894964454490383e-15
4.836402500629426868e+03 1.318995246176488422e-15
4.841920429229738147e+03 1.386802936297105287e-15
4.847438357830049426e+03 1.487762888982428018e-15
4.852956286430360706e+03 1.620112343602369990e-15
4.858474215030671985e+03 1.645033739564975502e-15
4.863992143630983264e+03 1.664040347089267790e-15
4.869510072231294544e+03 1.688041836554788222e-15
4.875028000831605823e+03 1.541234224827296485e-15
4.880545929431917102e+03 1.511728749778205487e-15
4.886063858032228381e+03 1.526210516245221386e-15
4.891581786632540570e+03 1.468091677989114717e-15
4.897099715232851850e+03 1.483847598660501640e-15
4.902617643833163129e+03 1.381935652212274939e-15
4.908135572433474408e+03 1.417105227228234596e-15
4.913653501033785687e+03 1.478880189428474068e-15
4.919171429634096967e+03 1.583104458006032591e-15
4.924689358234408246e+03 1.641114263947506690e-15
4.930207286834719525e+03 1.829109047158220914e-15
4.935725215435030805e+03 1.995767301010981830e-15
4.941243144035342084e+03 2.147210503154705588e-15
4.946761072635653363e+03 2.287393543246070755e-15
4.952279001235964643e+03 2.352814327124490451e-15
4.957796929836275922e+03 2.445177468135961999e-15
4.963314858436587201e+03 2.427748931661547207e-15
4.968832787036898480e+03 2.390775494266981170e-15
4.974350715637209760e+03 2.344630786556597551e-15
4.979868644237521039e+03 2.356988569193672460e-15
4.985386572837832318e+03 2.309207840187439565e-15
4.990904501438143598e+03 2.346713239376928897e-15
4.996422430038454877e+03 2.280509268655798163e-15
5.001940358638766156e+03 2.246875160527408757e-15
5.007458287239077436e+03 2.044987342422587709e-15
5.012976215839388715e+03 2.042345669728679709e-15
5.018494144439699994e+03 1.942591726051085333e-15
5.024012073040011273e+03 1.869524299902117419e-15
5.029530001640322553e+03 1.795205041125006313e-15
5.035047930240633832e+03 1.626731978736064128e-15
5.040565858840945111e+03 1.637828806947016048e-15
5.046083787441256391e+03 1.564346821908853126e-15
5.051601716041567670e+03 1.580675269547334202e-15
5.057119644641878949e+03 1.494256965249860551e-15
5.062637573242190228e+03 1.499895416867125899e-15
5.068155501842501508e+03 1.553164785373274490e-15
5.073673430442812787e+03 1.521110787284904094e-15
5.079191359043124066e+03 1.756808817876689424e-15
5.084709287643435346e+03 1.849387447950938066e-15
5.090227216243746625e+03 1.915633164312217570e-15
5.095745144844057904e+03 1.858481451272129237e-15
5.101263073444369184e+03 1.621889269848134756e-15
5.106781002044680463e+03 1.780699665298522701e-15
5.112298930644991742e+03 1.724074655605106780e-15
5.117816859245303021e+03 1.746557848626306332e-15
5.123334787845614301e+03 1.838730826978789001e-15
5.128852716445925580e+03 1.779243504395709922e-15
5.134370645046236859e+03 1.814731591133944870e-15
5.139888573646548139e+03 1.745952697817036698e-15
5.145406502246859418e+03 1.800903589293644756e-15
5.150924430847170697e+03 1.814175376087935303e-15
5.156442359447481977e+03 1.717908642119004431e-15
5.161960288047793256e+03 1.791344910852019415e-15
5.167478216648104535e+03 1.854192167233177132e-15
5.172996145248415814e+03 1.807330700832406813e-15
5.178514073848727094e+03 1.812662016146047841e-15
5.184032002449038373e+03 1.889167823555690234e-15
5.189549931049349652e+03 1.915731357784549843e-15
5.195067859649660932e+03 1.940611973944435707e-15
5.200585788249972211e+03 1.908190099109447758e-15
5.206103716850283490e+03 1.931795058651179252e-15
5.211621645450594769e+03 2.038956224231264310e-15
5.217139574050906049e+03 2.100150074242784254e-15
5.222657502651217328e+03 2.092926468767795830e-15
5.228175431251528607e+03 2.190373026818494761e-15
5.233693359851839887e+03 2.214731017611981776e-15
5.239211288452152075e+03 2.303781228913762506e-15
5.244729217052463355e+03 2.383856234898585950e-15
5.250247145652774634e+03 2.378237743921600892e-15
5.255765074253085913e+03 2.456732210605322932e-15
5.261283002853397193e+03 2.568154436308264793e-15
5.266800931453708472e+03 2.680044020013401293e-15
5.272318860054019751e+03 2.732475578204248264e-15
5.277836788654331031e+03 2.718121946169981030e-15
5.283354717254642310e+03 2.875305871383580114e-15
5.288872645854953589e+03 3.031650913129177414e-15
5.294390574455264868e+03 3.030075310330511598e-15
5.299908503055576148e+03 3.025992178925821213e-15
5.305426431655887427e+03 3.083711804376385575e-15
5.310944360256198706e+03 3.099582123125916343e-15
5.316462288856509986e+03 3.143240336023258017e-15
5.321980217456821265e+03 3.193016270535061718e-15
5.327498146057132544e+03 3.205494675535969745e-15
5.333016074657443824e+03 3.312211877842784806e-15
5.338534003257755103e+03 3.526952201980802762e-15
5.344051931858066382e+03 3.561227411534011185e-15
5.349569860458377661e+03 3.566777328053274731e-15
5.355087789058688941e+03 3.688063651457141613e-15
5.360605717659000220e+03 3.766059424079738937e-15
5.366123646259311499e+03 3.725028503630084642e-15
5.371641574859622779e+03 3.695853559613544579e-15
5.377159503459934058e+03 3.590867674562610091e-15
5.382677432060245337e+03 3.479545252061050553e-15
5.388195360660556616e+03 3.396294036020916446e-15
5.393713289260867896e+03 3.270075502793683547e-15
5.399231217861179175e+03 3.294353114449707798e-15
5.404749146461490454e+03 3.243105029059813548e-15
5.410267075061801734e+03 3.051663172051527638e-15
5.415785003662113013e+03 3.039450908920990483e-15
5.421302932262424292e+03 2.955707223105409889e-15
5.426820860862735572e+03 3.074895854920561201e-15
5.432338789463046851e+03 3.187003825200770247e-15
5.437856718063358130e+03 3.224816360693886069e-15
5.443374646663669409e+03 3.266769870522378617e-15
5.448892575263980689e+03 3.462909238857865722e-15
5.454410503864291968e+03 3.665493640382259576e-15
5.459928432464603247e+03 3.894065722395037490e-15
5.465446361064914527e+03 3.825917413606459192e-15
5.470964289665225806e+03 3.900839998833244446e-15
5.476482218265537085e+03 3.862506769648599063e-15
5.482000146865848365e+03 3.821810136265953379e-15
5.487518075466159644e+03 3.839168810499394549e-15
5.493036004066470923e+03 3.806605172192333424e-15
5.498553932666782202e+03 3.942103042212573545e-15
5.504071861267093482e+03 3.827522313473920868e-15
5.509589789867404761e+03 3.804235114447573090e-15
5.515107718467716040e+03 3.862083625537775130e-15
5.520625647068027320e+03 3.897381549617020606e-15
5.526143575668338599e+03 3.885594791533253742e-15
5.531661504268649878e+03 3.836670081745541779e-15
5.537179432868961158e+03 3.712379360034127606e-15
5.542697361469272437e+03 3.833049264525338023e-15
5.548215290069583716e+03 3.694554830212275340e-15
5.553733218669894995e+03 3.680267948276137485e-15
5.559251147270206275e+03 3.772191847886236880e-15
5.564769075870517554e+03 3.737048994372581486e-15
5.570287004470828833e+03 3.777751100834010671e-15
5.575804933071140113e+03 3.622306756152117229e-15
5.581322861671451392e+03 3.743402165690105431e-15
5.586840790271762671e+03 3.828162127115497637e-15
5.592358718872073950e+03 3.714022678768351332e-15
5.597876647472385230e+03 3.774330748538749362e-15
5.603394576072696509e+03 3.599063019810236355e-15
5.608912504673007788e+03 3.450008440953035196e-15
5.614430433273319068e+03 3.389843744383766308e-15
5.619948361873630347e+03 3.269749264371946877e-15
5.625466290473941626e+03 3.225237358499302969e-15
5.630984219074252906e+03 3.198878152545110974e-15
5.636502147674564185e+03 3.043485533823500828e-15
5.642020076274875464e+03 3.003926978882473643e-15
5.647538004875186743e+03 2.964920131746102241e-15
5.653055933475498023e+03 2.979688108039031865e-15
5.658573862075809302e+03 2.910395389207887964e-15
5.664091790676120581e+03 2.957349790632747168e-15
5.669609719276431861e+03 2.890063438095286707e-15
5.675127647876743140e+03 3.004708019419777648e-15
5.680645576477054419e+03 2.982873976468673196e-15
5.686163505077365699e+03 2.949356305408565401e-15
5.691681433677676978e+03 2.797367405115322007e-15
5.697199362277988257e+03 2.825909403667586627e-15
5.702717290878299536e+03 2.618446879216062325e-15
5.708235219478610816e+03 2.594861343738254728e-15
5.713753148078922095e+03 2.494992572721428395e-15
5.719271076679233374e+03 2.310554646829807043e-15
5.724789005279544654e+03 2.124938613900744836e-15
5.730306933879855933e+03 2.098539701296538289e-15
5.735824862480167212e+03 2.052547059324182399e-15
5.741342791080478491e+03 1.873355776997933525e-15
5.746860719680789771e+03 1.913825867844956779e-15
5.752378648281101050e+03 1.845961086000534695e-15
5.757896576881412329e+03 1.859688640747827023e-15
5.763414505481723609e+03 1.924528419752800204e-15
5.768932434082034888e+03 1.850545594348104349e-15
5.774450362682346167e+03 1.985778395650685595e-15
5.779968291282657447e+03 1.875490706985444079e-15
5.785486219882968726e+03 1.998592053556034314e-15
5.791004148483280005e+03 2.017216940663843243e-15
5.796522077083591284e+03 2.087481077321814026e-15
5.802040005683902564e+03 2.144945721690120150e-15
5.807557934284213843e+03 2.194269966229197997e-15
5.813075862884525122e+03 2.327228971584492939e-15
5.818593791484836402e+03 2.410446383314481344e-15
5.824111720085147681e+03 2.487452172568490308e-15
5.829629648685458960e+03 2.515914221244370809e-15
5.835147577285770240e+03 2.640476879850748339e-15
5.840665505886081519e+03 2.686559022758541859e-15
5.846183434486392798e+03 2.647046828014291625e-15
5.851701363086704077e+03 2.638888613850187529e-15
5.857219291687015357e+03 2.659662811191729605e-15
5.862737220287326636e+03 2.723927702293657740e-15
5.868255148887637915e+03 2.703489831009264804e-15
5.873773077487949195e+03 2.806610362031702187e-15
5.879291006088260474e+03 2.750233787189047825e-15
5.884808934688571753e+03 2.796191659013825143e-15
5.890326863288883942e+03 2.947767180885847694e-15
5.895844791889195221e+03 3.051791521114815429e-15
5.901362720489506501e+03 3.072766290696563303e-15
5.906880649089817780e+03 3.134424386567436404e-15
5.912398577690129059e+03 3.092493627576246191e-15
5.917916506290440338e+03 2.987750275036208355e-15
5.923434434890751618e+03 2.967493229982283601e-15
5.928952363491062897e+03 3.037053485782304367e-15
5.934470292091374176e+03 3.051744195080609553e-15
5.939988220691685456e+03 3.073259940939981982e-15
5.945506149291996735e+03 3.142456290658385743e-15
5.951024077892308014e+03 3.139991366214675913e-15
5.956542006492619294e+03 3.151221050730274340e-15
5.962059935092930573e+03 3.075718533782744314e-15
5.967577863693241852e+03 3.104104388616710404e-15
5.973095792293553131e+03 3.154426128593299063e-15
5.978613720893864411e+03 3.191028147837335505e-15
5.984131649494175690e+03 3.224005486511434742e-15
5.989649578094486969e+03 3.083378590462075157e-15
5.995167506694798249e+03 3.164389278288719564e-15
6.000685435295109528e+03 3.185353316343433845e-15
6.006203363895420807e+03 3.076288485183353378e-15
6.011721292495732087e+03 2.969617428442762928e-15
6.017239221096043366e+03 2.890264546911842784e-15
6.022757149696354645e+03 2.700940771393632365e-15
6.028275078296665924e+03 2.720511213348123966e-15
6.033793006896977204e+03 2.595750343437491335e-15
6.039310935497288483e+03 2.565313371842123582e-15
6.044828864097599762e+03 2.474348334172228894e-15
6.050346792697911042e+03 2.544009251695800318e-15
6.055864721298222321e+03 2.666473682137111604e-15
6.061382649898533600e+03 2.556637898075133686e-15
6.066900578498844880e+03 2.598523906598606070e-15
6.072418507099156159e+03 2.494018579328112677e-15
6.077936435699467438e+03 2.595570161098644670e-15
6.083454364299778717e+03 2.633143276223696645e-15
6.088972292900089997e+03 2.552432534577566445e-15
6.094490221500401276e+03 2.413025169259992627e-15
6.100008150100712555e+03 2.403816875175921357e-15
6.105526078701023835e+03 2.265135604977247245e-15
6.111044007301335114e+03 2.260301481310945812e-15
6.116561935901646393e+03 2.200074112623823080e-15
6.122079864501957672e+03 2.192872721409786317e-15
6.127597793102269861e+03 2.108936619314539557e-15
6.133115721702581141e+03 2.182923415384237341e-15
6.138633650302892420e+03 2.201044028036867208e-15
6.144151578903203699e+03 2.326148843388837146e-15
6.149669507503514978e+03 2.451814273712902748e-15
6.155187436103826258e+03 2.658948520752556557e-15
6.160705364704137537e+03 2.673958063718949174e-15
6.166223293304448816e+03 2.752132838212422547e-15
6.171741221904760096e+03 2.983058236787790661e-15
6.177259150505071375e+03 2.919667321247252259e-15
6.182777079105382654e+03 2.982501914426510249e-15
6.188295007705693934e+03 2.920210980406632550e-15
6.193812936306005213e+03 2.776166307628497730e-15
6.199330864906316492e+03 2.843909179325847209e-15
6.204848793506627771e+03 2.776209233736617115e-15
6.210366722106939051e+03 2.683438509328519574e-15
6.215884650707250330e+03 2.701255419766174995e-15
6.221402579307561609e+03 2.605471175252550563e-15
6.226920507907872889e+03 2.474035188213471780e-15
6.232438436508184168e+03 2.362892089528599247e-15
6.237956365108495447e+03 2.391633479853095894e-15
6.243474293708806726e+03 2.318936184071423216e-15
6.248992222309118006e+03 2.287566320831269758e-15
6.254510150909429285e+03 2.306253021534772478e-15
6.260028079509740564e+03 2.211934488983018282e-15
6.265546008110051844e+03 2.158451885034768901e-15
6.271063936710363123e+03 2.088911697190291578e-15
6.276581865310674402e+03 1.999352167615630483e-15
6.282099793910985682e+03 2.000299332191368332e-15
6.287617722511296961e+03 1.971022867929115981e-15
6.293135651111608240e+03 1.940711455200011017e-15
6.298653579711919519e+03 1.951211610508050990e-15
6.304171508312230799e+03 1.907804300712691625e-15
6.309689436912542078e+03 1.841916266147348925e-15
6.315207365512853357e+03 1.862151740831940381e-15
6.320725294113164637e+03 1.934132385238495231e-15
6.326243222713475916e+03 1.943239588337933254e-15
6.331761151313787195e+03 2.060524017996736117e-15
6.337279079914098475e+03 2.087040762767737368e-15
6.342797008514409754e+03 2.165772396198845378e-15
6.348314937114721033e+03 2.177672371892786654e-15
6.353832865715032312e+03 2.205102906190463432e-15
6.359350794315343592e+03 2.373386664442582508e-15
6.364868722915654871e+03 2.334540468265866972e-15
6.370386651515966150e+03 2.384253945290348262e-15
6.375904580116277430e+03 2.395202571113006889e-15
6.381422508716588709e+03 2.539593550268424189e-15
6.386940437316899988e+03 2.633593249152096476e-15
6.392458365917211268e+03 2.573528355784221349e-15
6.397976294517522547e+03 2.695056997068445559e-15
6.403494223117833826e+03 2.694941847783402252e-15
6.409012151718145105e+03 2.761927288302917214e-15
6.414530080318456385e+03 2.844159116590397044e-15
6.420048008918767664e+03 3.001103192174851662e-15
6.425565937519078943e+03 3.044640460762555573e-15
6.431083866119390223e+03 3.188349022114086493e-15
6.436601794719701502e+03 3.335180887092668250e-15
6.442119723320012781e+03 3.334543863648121612e-15
6.447637651920324060e+03 3.364523457561429644e-15
6.453155580520635340e+03 3.321392055326029254e-15
6.458673509120946619e+03 3.303493799913481355e-15
6.464191437721257898e+03 3.440668900293378709e-15
6.469709366321569178e+03 3.420565316075990439e-15
6.475227294921880457e+03 3.336921433461800451e-15
6.480745223522191736e+03 3.359227019710638427e-15
6.486263152122503016e+03 3.345709588262610536e-15
6.491781080722814295e+03 3.405328801312895167e-15
6.497299009323125574e+03 3.417066301687591599e-15
6.502816937923436853e+03 3.466893425583329104e-15
6.508334866523748133e+03 3.579811196893288129e-15
6.513852795124059412e+03 3.595131310251956125e-15
6.519370723724370691e+03 3.655833012433842117e-15
6.524888652324681971e+03 3.638160977611100170e-15
6.530406580924993250e+03 3.623297490727599531e-15
6.535924509525304529e+03 3.693651986843170364e-15
6.541442438125615809e+03 3.692190030915762339e-15
6.546960366725927088e+03 3.623008598019928296e-15
6.552478295326238367e+03 3.604878541623515761e-15
6.557996223926549646e+03 3.627178869424103249e-15
6.563514152526860926e+03 3.624867620447477903e-15
6.569032081127172205e+03 3.628458067446178140e-15
6.574550009727483484e+03 3.710983295682687724e-15
6.580067938327794764e+03 3.729583714908859224e-15
6.585585866928106043e+03 3.639689683636640729e-15
6.591103795528417322e+03 3.584848790312099490e-15
6.596621724128728601e+03 3.624139057077358629e-15
6.602139652729039881e+03 3.712918190006336844e-15
6.607657581329351160e+03 3.846663279716646955e-15
6.613175509929662439e+03 3.688113553057832380e-15
6.618693438529973719e+03 3.706679202136432408e-15
6.624211367130284998e+03 3.767765307616561045e-15
6.629729295730596277e+03 3.636142055430790215e-15
6.635247224330907557e+03 3.615613824688798807e-15
6.640765152931218836e+03 3.532865917266408130e-15
6.646283081531530115e+03 3.401626639117800511e-15
6.651801010131841394e+03 3.342307586878570199e-15
6.657318938732152674e+03 3.256182145953767543e-15
6.662836867332463953e+03 3.205586537407348605e-15
6.668354795932775232e+03 3.104036458050602127e-15
6.673872724533086512e+03 3.123532852468580827e-15
6.679390653133397791e+03 3.011903615609214827e-15
6.684908581733709070e+03 2.981950635882938241e-15
6.690426510334020350e+03 2.992784219735827166e-15
6.695944438934331629e+03 2.942114992913979101e-15
6.701462367534642908e+03 2.987290536418207800e-15
6.706980296134954187e+03 2.882529476858567749e-15
6.712498224735265467e+03 2.823362812303172179e-15
6.718016153335576746e+03 2.885230709527496395e-15
6.723534081935888025e+03 2.797236051224462001e-15
6.729052010536199305e+03 2.766856600613988960e-15
6.734569939136510584e+03 2.746784137824989078e-15
6.740087867736821863e+03 2.848025041887978398e-15
6.745605796337133143e+03 2.919654658045356477e-15
6.751123724937444422e+03 2.799896074829593340e-15
6.756641653537755701e+03 2.787993201623356610e-15
6.762159582138066980e+03 2.729133888002120542e-15
6.767677510738378260e+03 2.781275480332603212e-15
6.773195439338689539e+03 2.700372858983161858e-15
6.778713367939000818e+03 2.637176506027693502e-15
6.784231296539312098e+03 2.689461256928759287e-15
6.789749225139623377e+03 2.571929250941358073e-15
6.795267153739934656e+03 2.618312091236555403e-15
6.800785082340245935e+03 2.551056216235860234e-15
6.806303010940557215e+03 2.552257396056422663e-15
6.811820939540868494e+03 2.518641102262903160e-15
6.817338868141179773e+03 2.457979106731028565e-15
6.822856796741491053e+03 2.650769594741283554e-15
6.828374725341803241e+03 2.549343679152284011e-15
6.833892653942114521e+03 2.414013006323175531e-15
6.839410582542425800e+03 2.445228872150438282e-15
6.844928511142737079e+03 2.470748658060282551e-15
6.850446439743048359e+03 2.356405954591168796e-15
6.855964368343359638e+03 2.343777952103454975e-15
6.861482296943670917e+03 2.222706044609668176e-15
6.867000225543982197e+03 1.931356353826162505e-15
6.872518154144293476e+03 1.746986251185374837e-15
6.878036082744604755e+03 1.738684556504872332e-15
6.883554011344916034e+03 1.879430465189002561e-15
6.889071939945227314e+03 1.882029962981679201e-15
6.894589868545538593e+03 1.817324435379863451e-15
6.900107797145849872e+03 1.921003542384253604e-15
6.905625725746161152e+03 2.025857751598523046e-15
6.911143654346472431e+03 1.994800927001855463e-15
6.916661582946783710e+03 2.070514747716624091e-15
6.922179511547094990e+03 2.059639310908312001e-15
6.927697440147406269e+03 2.053571276264006941e-15
6.933215368747717548e+03 2.129237448998754003e-15
6.938733297348028827e+03 2.199445030509273594e-15
6.944251225948340107e+03 2.127493468540974097e-15
6.949769154548651386e+03 2.257679339996232555e-15
6.955287083148962665e+03 2.292246661715223356e-15
6.960805011749273945e+03 2.237867009422465427e-15
6.966322940349585224e+03 2.348111342718504179e-15
6.971840868949896503e+03 2.371518842162868991e-15
6.977358797550207782e+03 2.203019702163241300e-15
6.982876726150519062e+03 2.290611928202614751e-15
6.988394654750830341e+03 2.329633906792099533e-15
6.993912583351141620e+03 2.224861257183265047e-15
6.999430511951452900e+03 2.280015296466570499e-15
7.004948440551764179e+03 2.342078722113398814e-15
7.010466369152075458e+03 2.324850757879192187e-15
7.015984297752386738e+03 2.369967170669484013e-15
7.021502226352698017e+03 2.205466490326266720e-15
7.027020154953009296e+03 2.198734281474023829e-15
7.032538083553320575e+03 2.364182233708246266e-15
7.038056012153631855e+03 2.353001270325367202e-15
7.043573940753943134e+03 2.319001431755768657e-15
7.049091869354254413e+03 2.324116077538662766e-15
7.054609797954565693e+03 2.322798031388736136e-15
7.060127726554876972e+03 2.316064856699059192e-15
7.065645655155189161e+03 2.276039373016919959e-15
7.071163583755500440e+03 2.305828911586514886e-15
7.076681512355811719e+03 2.323446215621397774e-15
7.082199440956122999e+03 2.230893555842563794e-15
7.087717369556434278e+03 2.288813002326438830e-15
7.093235298156745557e+03 2.241599112577976673e-15
7.098753226757056837e+03 2.282747221302807310e-15
7.104271155357368116e+03 2.250905170873295654e-15
7.109789083957679395e+03 2.302709900570274962e-15
7.115307012557990674e+03 2.341415406427624192e-15
7.120824941158301954e+03 2.370667295492971424e-15
7.126342869758613233e+03 2.312595032064179451e-15
7.131860798358924512e+03 2.344460584537888961e-15
7.137378726959235792e+03 2.284446880553951188e-15
7.142896655559547071e+03 2.271675719495645180e-15
7.148414584159858350e+03 2.250893044247751729e-15
7.153932512760169629e+03 2.146683799808033571e-15
7.159450441360480909e+03 2.056982506761294961e-15
7.164968369960792188e+03 1.936920972537453685e-15
7.170486298561103467e+03 2.012445381800126782e-15
7.176004227161414747e+03 2.007515425597436278e-15
7.181522155761726026e+03 1.839246476852619624e-15
7.187040084362037305e+03 1.913589023043386894e-15
7.192558012962348585e+03 1.996433836154866018e-15
7.198075941562659864e+03 2.067695038989274094e-15
7.203593870162971143e+03 2.102622510755413773e-15
7.209111798763282422e+03 2.131132636672398825e-15
7.214629727363593702e+03 2.298871984558240514e-15
7.220147655963904981e+03 2.414865089569424955e-15
7.225665584564216260e+03 2.387680307240750450e-15
7.231183513164527540e+03 2.321674977084960958e-15
7.236701441764838819e+03 2.331713676730673171e-15
7.242219370365150098e+03 2.357585564042397927e-15
7.247737298965461378e+03 2.437793748277676271e-15
7.253255227565772657e+03 2.468288026227385607e-15
7.258773156166083936e+03 2.473420486345146859e-15
7.264291084766395215e+03 2.439936941540997695e-15
7.269809013366706495e+03 2.474883086164177585e-15
7.275326941967017774e+03 2.495482681560927342e-15
7.280844870567329053e+03 2.555994757660176902e-15
7.286362799167640333e+03 2.459656015144874053e-15
7.291880727767951612e+03 2.558157911563780391e-15
7.297398656368262891e+03 2.401820918463456215e-15
7.302916584968574170e+03 2.544568042308294382e-15
7.308434513568885450e+03 2.617706725796745855e-15
7.313952442169196729e+03 2.580772887736917608e-15
7.319470370769508008e+03 2.537092460578621906e-15
7.324988299369819288e+03 2.602021311257953283e-15
7.330506227970130567e+03 2.666275256202308502e-15
7.336024156570441846e+03 2.652448971406337566e-15
7.341542085170753126e+03 2.645431518565610073e-15
7.347060013771064405e+03 2.684131122083090846e-15
7.352577942371375684e+03 2.754064727708512468e-15
7.358095870971686963e+03 2.729365367040174221e-15
7.363613799571998243e+03 2.799429468034296981e-15
7.369131728172309522e+03 2.869091566025838625e-15
7.374649656772620801e+03 2.792978854451341014e-15
7.380167585372932081e+03 2.683171186990183214e-15
7.385685513973243360e+03 2.763046264626419618e-15
7.391203442573554639e+03 2.691128077707187177e-15
7.396721371173865919e+03 2.798733421191074848e-15
7.402239299774177198e+03 2.657409834406875163e-15
7.407757228374488477e+03 2.559162275178594106e-15
7.413275156974799756e+03 2.663320759495454344e-15
7.418793085575111036e+03 2.905429589704914780e-15
7.424311014175422315e+03 2.831938160922961697e-15
7.429828942775733594e+03 2.755198728169858195e-15
7.435346871376044874e+03 2.727939254413052032e-15
7.440864799976356153e+03 2.621885153161470298e-15
7.446382728576667432e+03 2.775886751349344234e-15
7.451900657176978712e+03 2.956512409578532478e-15
7.457418585777289991e+03 2.840686072497408527e-15
7.462936514377601270e+03 2.788396814354986590e-15
7.468454442977912549e+03 2.800929306252123086e-15
7.473972371578223829e+03 2.856687852453069356e-15
7.479490300178535108e+03 2.825259073129517954e-15
7.485008228778846387e+03 2.917396422812256674e-15
7.490526157379157667e+03 3.059873326806459084e-15
7.496044085979468946e+03 2.911694011293891880e-15
7.501562014579780225e+03 2.775748314650645946e-15
7.507079943180091504e+03 2.699665651351827881e-15
7.512597871780402784e+03 2.797713496862068320e-15
7.518115800380714063e+03 2.742189327211471182e-15
7.523633728981025342e+03 2.787505024458720247e-15
7.529151657581336622e+03 2.599080443590422255e-15
7.534669586181647901e+03 2.584605652615976752e-15
7.540187514781959180e+03 2.393063670460494407e-15
7.545705443382270460e+03 2.381990988185358112e-15
7.551223371982581739e+03 2.379571672731529320e-15
7.556741300582893018e+03 2.266280766226706789e-15
7.562259229183204297e+03 2.171857172025322149e-15
7.567777157783515577e+03 2.072741968836600039e-15
7.573295086383826856e+03 1.804551664592504239e-15
7.578813014984138135e+03 1.774564558610272967e-15
7.584330943584449415e+03 1.724103094151740024e-15
7.589848872184760694e+03 1.486561709161866969e-15
7.595366800785071973e+03 1.101091053239241671e-15
7.600884729385383253e+03 7.394698210441127234e-16
7.606402657985694532e+03 4.994353950097104113e-16
7.611920586586005811e+03 5.440255337144083733e-16
7.617438515186317090e+03 7.447898682543731326e-16
7.622956443786628370e+03 9.559253651474678638e-16
7.628474372386939649e+03 1.001456873403308528e-15
7.633992300987250928e+03 8.303322331210095640e-16
7.639510229587562208e+03 7.938428197901107201e-16
7.645028158187873487e+03 9.218618456964661814e-16
7.650546086788184766e+03 1.125608621839676696e-15
7.656064015388496045e+03 1.387982760378874727e-15
7.661581943988807325e+03 1.538598132527441843e-15
7.667099872589118604e+03 1.571854061643267031e-15
7.672617801189429883e+03 1.570282644140142861e-15
7.678135729789741163e+03 1.771408953086858196e-15
7.683653658390052442e+03 1.828756516495257049e-15
7.689171586990363721e+03 1.866576349426749687e-15
7.694689515590675001e+03 2.082043519890565629e-15
7.700207444190986280e+03 2.106210060241821318e-15
7.705725372791297559e+03 2.045263464613091923e-15
7.711243301391608838e+03 1.975462393346499738e-15
7.716761229991920118e+03 2.024609889635375471e-15
7.722279158592231397e+03 2.106356009009440873e-15
7.727797087192542676e+03 2.269475971084867043e-15
7.733315015792853956e+03 2.350689699402929322e-15
7.738832944393165235e+03 2.293733836731153679e-15
7.744350872993476514e+03 2.305792102448800520e-15
7.749868801593788703e+03 2.284497426046262290e-15
7.755386730194099982e+03 2.497895987359618805e-15
7.760904658794411262e+03 2.619611571844720555e-15
7.766422587394722541e+03 2.569045474997634828e-15
7.771940515995033820e+03 2.610425170075790778e-15
7.777458444595345100e+03 2.558036537993060432e-15
7.782976373195656379e+03 2.739366077080206186e-15
7.788494301795967658e+03 3.084712304641468601e-15
7.794012230396278937e+03 3.237934042760009936e-15
7.799530158996590217e+03 3.239093047679340610e-15
7.805048087596901496e+03 3.186143585993983954e-15
7.810566016197212775e+03 3.158218972191801964e-15
7.816083944797524055e+03 3.044233199311736593e-15
7.821601873397835334e+03 3.175431268396539805e-15
7.827119801998146613e+03 3.464992013624009602e-15
7.832637730598457892e+03 3.433176255435723170e-15
7.838155659198769172e+03 3.506422039563941276e-15
7.843673587799080451e+03 3.204140571455217562e-15
7.849191516399391730e+03 3.105835383926782387e-15
7.854709444999703010e+03 3.172101382874150180e-15
7.860227373600014289e+03 3.470319894849002531e-15
7.865745302200325568e+03 3.569594246583591442e-15
7.871263230800636848e+03 3.415181845540980371e-15
7.876781159400948127e+03 3.456002106115019555e-15
7.882299088001259406e+03 3.340494710017251514e-15
7.887817016601570685e+03 3.348639939033650054e-15
7.893334945201881965e+03 3.568248083832845482e-15
7.898852873802193244e+03 3.735770118296316368e-15
7.904370802402504523e+03 3.826524496090597523e-15
7.909888731002815803e+03 3.721240489218743327e-15
7.915406659603127082e+03 3.571078202141418116e-15
7.920924588203438361e+03 3.578526096531346359e-15
7.926442516803749641e+03 3.621133156356021878e-15
7.931960445404060920e+03 3.781547271205893587e-15
7.937478374004372199e+03 3.934381708513900768e-15
7.942996302604683478e+03 3.879003273000383074e-15
7.948514231204994758e+03 3.610175837996469792e-15
7.954032159805306037e+03 3.517062992506626288e-15
7.959550088405617316e+03 3.549072347442548714e-15
7.965068017005928596e+03 3.595137534537630410e-15
7.970585945606239875e+03 3.642922770785224191e-15
7.976103874206551154e+03 3.560111118092264517e-15
7.981621802806862433e+03 3.307565019323166743e-15
7.987139731407173713e+03 2.972871227438512536e-15
7.992657660007484992e+03 3.049711643860972919e-15
7.998175588607796271e+03 2.986495115634678047e-15
8.003693517208107551e+03 3.133172768569832534e-15
8.009211445808418830e+03 3.254336430619735631e-15
8.014729374408730109e+03 3.017240296686373243e-15
8.020247303009041389e+03 2.852577248339184711e-15
8.025765231609352668e+03 2.650114435016052111e-15
8.031283160209663947e+03 2.624710764228682835e-15
8.036801088809975226e+03 2.704266793566297612e-15
8.042319017410286506e+03 2.694884112167977290e-15
8.047836946010597785e+03 2.729328450587189799e-15
8.053354874610909064e+03 2.639521666629734999e-15
8.058872803211220344e+03 2.488885260688185851e-15
8.064390731811531623e+03 2.389214700975616198e-15
8.069908660411842902e+03 2.435744885136949332e-15
8.075426589012154182e+03 2.538391619240974524e-15
8.080944517612465461e+03 2.555550687071640795e-15
8.086462446212776740e+03 2.482656575084223347e-15
8.091980374813088019e+03 2.273252932023364201e-15
8.097498303413399299e+03 2.094176798982157057e-15
8.103016232013710578e+03 2.115515581960789625e-15
8.108534160614021857e+03 2.346815510829528421e-15
8.114052089214333137e+03 2.262942724743772406e-15
8.119570017814644416e+03 2.162180768732167426e-15
8.125087946414956605e+03 2.035247301174140356e-15
8.130605875015267884e+03 1.904840038316236744e-15
8.136123803615579163e+03 1.757962135086693135e-15
8.141641732215890443e+03 1.782220108048250418e-15
8.147159660816201722e+03 1.787540906465405459e-15
8.152677589416513001e+03 1.682932341904872375e-15
8.158195518016824280e+03 1.500421690952717890e-15
8.163713446617135560e+03 1.418808535198567474e-15
8.169231375217446839e+03 1.263089248794137869e-15
8.174749303817758118e+03 1.297319063988007931e-15
8.180267232418069398e+03 1.236776939613070147e-15
8.185785161018380677e+03 1.242777794898166788e-15
8.191303089618691956e+03 1.279426710915324347e-15
8.196821018219003236e+03 1.184507427480383655e-15
8.202338946819314515e+03 1.165733694092658140e-15
8.207856875419625794e+03 1.056850547685208276e-15
8.213374804019937073e+03 1.056520660544282409e-15
8.218892732620248353e+03 1.133355281942146166e-15
8.224410661220559632e+03 1.146592835165208815e-15
8.229928589820870911e+03 9.297468137193116866e-16
8.235446518421182191e+03 9.296377921362040322e-16
8.240964447021493470e+03 8.864979978466682519e-16
8.246482375621804749e+03 8.713228781497170837e-16
8.252000304222116029e+03 9.123711407470554825e-16
8.257518232822427308e+03 8.121634681065932464e-16
8.263036161422738587e+03 8.124159272799939306e-16
8.268554090023049866e+03 6.707945942783230854e-16
8.274072018623361146e+03 7.013551179443952389e-16
8.279589947223672425e+03 5.916655724012678616e-16
8.285107875823983704e+03 6.021158261086136159e-16
8.290625804424294984e+03 5.196165681675278635e-16
8.296143733024606263e+03 5.395947330285025835e-16
8.301661661624917542e+03 5.131690667274088428e-16
8.307179590225228822e+03 5.164051587035534750e-16
8.312697518825540101e+03 5.077648306875905014e-16
8.318215447425851380e+03 4.938671275792255974e-16
8.323733376026162659e+03 5.329262372522372796e-16
8.329251304626473939e+03 5.593903224201021413e-16
8.334769233226785218e+03 5.970673938475029445e-16
8.340287161827096497e+03 5.716392551785050154e-16
8.345805090427407777e+03 5.077028561189878788e-16
8.351323019027719056e+03 6.082693588287782519e-16
8.356840947628030335e+03 6.362208014485339708e-16
8.362358876228341614e+03 5.838507671021501026e-16
8.367876804828652894e+03 6.410059142308902815e-16
8.373394733428964173e+03 7.997161845340801155e-16
8.378912662029275452e+03 8.833590691162612066e-16
8.384430590629586732e+03 7.863962131834202878e-16
8.389948519229898011e+03 7.216567417616054564e-16
8.395466447830209290e+03 7.434038915383421700e-16
8.400984376430520570e+03 8.301673217451264047e-16
8.406502305030831849e+03 9.194471555307879206e-16
8.412020233631143128e+03 9.538876627948537551e-16
8.417538162231454407e+03 8.881185335490126291e-16
8.423056090831765687e+03 9.027782823918354970e-16
8.428574019432076966e+03 8.841329087989266328e-16
8.434091948032388245e+03 9.543589914620479559e-16
8.439609876632699525e+03 9.202011096938663946e-16
8.445127805233010804e+03 1.019159815023897764e-15
8.450645733833322083e+03 1.116205013963645777e-15
8.456163662433633363e+03 1.105270446441396815e-15
8.461681591033944642e+03 1.054380579423793592e-15
8.467199519634255921e+03 1.014115568058328936e-15
8.472717448234567200e+03 1.072011083236926092e-15
8.478235376834878480e+03 1.176388383389942649e-15
8.483753305435189759e+03 1.354678110130333331e-15
8.489271234035501038e+03 1.391434234102527974e-15
8.494789162635812318e+03 1.408441236195166909e-15
8.500307091236123597e+03 1.516687359158066980e-15
8.505825019836434876e+03 1.568133655852219487e-15
8.511342948436746155e+03 1.737359749492915220e-15
8.516860877037057435e+03 1.799888494151798237e-15
8.522378805637368714e+03 2.066272682396604255e-15
8.527896734237679993e+03 2.025182631233010721e-15
8.533414662837991273e+03 2.168631918891478405e-15
8.538932591438302552e+03 2.226696133674998832e-15
8.544450520038613831e+03 2.281596479659290660e-15
8.549968448638925111e+03 2.545797446044947379e-15
8.555486377239236390e+03 2.869089741666244914e-15
8.561004305839547669e+03 3.090702321084263960e-15
8.566522234439858948e+03 3.068483123628020949e-15
8.572040163040170228e+03 2.861555673114253929e-15
8.577558091640481507e+03 2.722923660624654193e-15
8.583076020240792786e+03 2.762666368569527998e-15
8.588593948841104066e+03 2.949654427229482742e-15
8.594111877441415345e+03 3.239412739869589277e-15
8.599629806041728443e+03 3.316724592274520228e-15
8.605147734642039723e+03 3.439330464242093734e-15
8.610665663242351002e+03 3.222847662060080204e-15
8.616183591842662281e+03 3.000426891341370301e-15
8.621701520442973560e+03 3.130462736048736823e-15
8.627219449043284840e+03 3.332292067331238573e-15
8.632737377643596119e+03 3.661466527548673653e-15
8.638255306243907398e+03 3.923193662323182633e-15
8.643773234844218678e+03 3.859168084274039217e-15
8.649291163444529957e+03 3.597678652823255836e-15
8.654809092044841236e+03 3.517476370927854231e-15
8.660327020645152515e+03 3.666624314070226076e-15
8.665844949245463795e+03 3.746371042643179421e-15
8.671362877845775074e+03 4.233579257699776847e-15
8.676880806446086353e+03 4.512656910747183817e-15
8.682398735046397633e+03 4.243595099192913907e-15
8.687916663646708912e+03 4.137150263042140848e-15
8.693434592247020191e+03 3.981722444911869934e-15
8.698952520847331471e+03 3.992720865019950061e-15
8.704470449447642750e+03 4.308424146670860200e-15
8.709988378047954029e+03 4.717304019082171008e-15
8.715506306648265308e+03 4.831918015554623840e-15
8.721024235248576588e+03 4.852639843044254397e-15
8.726542163848887867e+03 4.407700000819233050e-15
8.732060092449199146e+03 4.058041094490094281e-15
8.737578021049510426e+03 4.198766827903402531e-15
8.743095949649821705e+03 4.552292732682836228e-15
8.748613878250132984e+03 4.660962965593991130e-15
8.754131806850444264e+03 4.656560893205944836e-15
8.759649735450755543e+03 4.362679098619510266e-15
8.765167664051066822e+03 3.941940781523871968e-15
8.770685592651378101e+03 3.661600135060205227e-15
8.776203521251689381e+03 3.770839675480347280e-15
8.781721449852000660e+03 3.817734302299644543e-15
8.787239378452311939e+03 4.008143786407569832e-15
8.792757307052623219e+03 4.137212505898918413e-15
8.798275235652934498e+03 3.877320032985599162e-15
8.803793164253245777e+03 3.740866842429063024e-15
8.809311092853557057e+03 3.569541340155334377e-15
8.814829021453868336e+03 3.583595347954900332e-15
8.820346950054179615e+03 3.793333814659121128e-15
8.825864878654490894e+03 3.859029003683721776e-15
8.831382807254802174e+03 3.744959095631731825e-15
8.836900735855113453e+03 3.586284239367744152e-15
8.842418664455424732e+03 3.271521468745820113e-15
8.847936593055736012e+03 2.872962213195318216e-15
8.853454521656047291e+03 3.182751350299541580e-15
8.858972450256358570e+03 3.244577609198983927e-15
8.864490378856669849e+03 3.143393689544531545e-15
8.870008307456981129e+03 2.866390440672180824e-15
8.875526236057292408e+03 2.355808423166093838e-15
8.881044164657603687e+03 2.362712980342459847e-15
8.886562093257914967e+03 2.469342076812350766e-15
8.892080021858226246e+03 2.506523383885508490e-15
8.897597950458537525e+03 2.285046343653893857e-15
8.903115879058848805e+03 2.392774777752822382e-15
8.908633807659160084e+03 2.278382065367749382e-15
8.914151736259471363e+03 2.019622305132530849e-15
8.919669664859782642e+03 2.262381465880058379e-15
8.925187593460093922e+03 2.284201665161294462e-15
8.930705522060405201e+03 2.372814674051840016e-15
8.936223450660716480e+03 2.489141958814765378e-15
8.941741379261027760e+03 2.463855368987301204e-15
8.947259307861339039e+03 2.167870624363908860e-15
8.952777236461650318e+03 2.280028174299004422e-15
8.958295165061961598e+03 2.282492776796904084e-15
8.963813093662272877e+03 2.371999721889121437e-15
8.969331022262584156e+03 2.613040979789553779e-15
8.974848950862895435e+03 2.438075558177503702e-15
8.980366879463206715e+03 2.047160798592141412e-15
8.985884808063517994e+03 2.043810952429470510e-15
8.991402736663829273e+03 2.072822669919869026e-15
8.996920665264140553e+03 2.071809077191808811e-15
9.002438593864451832e+03 2.200544475453580467e-15
9.007956522464763111e+03 2.192508708012902412e-15
9.013474451065074390e+03 1.902500458108245647e-15
9.018992379665385670e+03 1.948413150204220574e-15
9.024510308265696949e+03 1.858674296812873656e-15
9.030028236866008228e+03 1.821284154223696898e-15
9.035546165466319508e+03 1.927574671015769082e-15
9.041064094066630787e+03 1.978312579610616998e-15
9.046582022666942066e+03 1.706351967974780126e-15
9.052099951267253346e+03 1.815516065759897368e-15
9.057617879867564625e+03 1.651668613467051695e-15
9.063135808467875904e+03 1.766189352969603699e-15
9.068653737068187183e+03 1.745410433756170290e-15
9.074171665668498463e+03 1.582423006039575924e-15
9.079689594268809742e+03 1.452730999458274680e-15
9.085207522869121021e+03 1.355213506013900780e-15
9.090725451469432301e+03 1.401036160598088784e-15
9.096243380069743580e+03 1.602820634097603437e-15
9.101761308670054859e+03 1.628055068703695810e-15
9.107279237270366139e+03 1.535963649956646718e-15
9.112797165870677418e+03 1.498921101527996464e-15
9.118315094470988697e+03 1.479603708980891644e-15
9.123833023071299976e+03 1.449754503121004634e-15
9.129350951671611256e+03 1.587155609460170196e-15
9.134868880271922535e+03 1.683996480125247242e-15
9.140386808872233814e+03 1.515568275519294914e-15
9.145904737472545094e+03 1.424670631839154278e-15
9.151422666072856373e+03 1.493741744637110743e-15
9.156940594673167652e+03 1.619676643604919541e-15
9.162458523273478932e+03 1.808422311761982646e-15
9.167976451873790211e+03 1.661568876414070154e-15
9.173494380474101490e+03 1.433280750606525522e-15
9.179012309074412769e+03 1.519372816482261517e-15
9.184530237674724049e+03 1.611091421980258653e-15
9.190048166275035328e+03 1.802145119655840101e-15
9.195566094875346607e+03 1.831550147611923117e-15
9.201084023475657887e+03 1.497912767248181017e-15
9.206601952075969166e+03 1.595368125151046817e-15
9.212119880676280445e+03 1.795946804273378749e-15
9.217637809276591724e+03 1.984354214698430329e-15
9.223155737876903004e+03 2.038740520537943950e-15
9.228673666477214283e+03 2.249489038566306412e-15
9.234191595077525562e+03 1.997331421075724056e-15
9.239709523677836842e+03 2.140052896570958518e-15
9.245227452278148121e+03 2.242149425284113839e-15
