3.776699999999999818e+03 4.849378572308695891e-16 6.759000000000000420e-35
3.802300000000000182e+03 4.776786377758372973e-16 3.062999999999999884e-35
3.827900000000000091e+03 5.585199453432426113e-16 8.726999999999999518e-36
3.853400000000000091e+03 4.329134511364715637e-16 2.177999999999999991e-36
3.879000000000000000e+03 3.645008071814702521e-16 2.543999999999999911e-37
3.904599999999999909e+03 4.920870885123408677e-16 6.152000000000000169e-33
3.930099999999999909e+03 6.417809927289917925e-16 4.955000000000000028e-33
3.955699999999999818e+03 8.133625434843007044e-16 5.378000000000000072e-33
3.981300000000000182e+03 1.075024408386146839e-15 2.957000000000000048e-32
4.006800000000000182e+03 1.210969790907660864e-15 1.986000000000000003e-32
4.032400000000000091e+03 1.176873457103720951e-15 2.168999999999999980e-32
4.058000000000000000e+03 1.214269436114493626e-15 5.546999999999999667e-33
4.083599999999999909e+03 1.030809162614586221e-15 1.423999999999999894e-32
4.109100000000000364e+03 8.739660271164644120e-16 4.672999999999999770e-33
4.134699999999999818e+03 7.235022056848855076e-16 1.066000000000000061e-32
4.160300000000000182e+03 7.875153226974433840e-16 1.099000000000000064e-32
4.185800000000000182e+03 8.604374817684493413e-16 5.471000000000000092e-34
4.211399999999999636e+03 7.718970020517675842e-16 4.432999999999999907e-34
4.237000000000000000e+03 7.284516734951348467e-16 6.676999999999999463e-33
4.262600000000000364e+03 9.198310954914412138e-16 8.100000000000000248e-33
4.288100000000000364e+03 9.473281388817148162e-16 7.710999999999999725e-33
4.313699999999999818e+03 1.023329966812431804e-15 2.395000000000000007e-33
4.339300000000000182e+03 1.036088594945518797e-15 6.250999999999999903e-33
4.364800000000000182e+03 1.193371683137885349e-15 2.215000000000000025e-33
4.390399999999999636e+03 1.040048169193718031e-15 5.511000000000000012e-33
4.416000000000000000e+03 1.020360286126282181e-15 7.621999999999999971e-33
4.441600000000000364e+03 8.997032597297609164e-16 6.981000000000000498e-33
4.467100000000000364e+03 8.204017865922105754e-16 5.641999999999999819e-33
4.492699999999999818e+03 7.766264935148946998e-16 5.198999999999999814e-33
4.518300000000000182e+03 9.584369444113855267e-16 5.361000000000000312e-33
4.543800000000000182e+03 1.083493497750351065e-15 4.729000000000000068e-33
4.569399999999999636e+03 1.177973338839332265e-15 4.761000000000000141e-33
4.595000000000000000e+03 1.381451459927358461e-15 4.976000000000000054e-33
4.620500000000000000e+03 1.419947320673742057e-15 4.896000000000000214e-33
4.646100000000000364e+03 1.361653588686361499e-15 4.328000000000000116e-33
4.671699999999999818e+03 1.346255244387808022e-15 4.588999999999999664e-33
4.697300000000000182e+03 1.089542847296211226e-15 4.070000000000000084e-33
4.722800000000000182e+03 8.442692202549683771e-16 3.592999999999999873e-33
4.748399999999999636e+03 7.451698758764215670e-16 3.169999999999999828e-33
4.774000000000000000e+03 6.236329440914110137e-16 3.417999999999999881e-33
4.799500000000000000e+03 5.849171069979052933e-16 3.693999999999999740e-33
4.825100000000000364e+03 5.552203001364098500e-16 2.123000000000000072e-33
4.850699999999999818e+03 5.850270951714664050e-16 2.922000000000000118e-33
4.876300000000000182e+03 7.282316971480127218e-16 2.543999999999999984e-33
4.901800000000000182e+03 7.252620164618630986e-16 2.241000000000000041e-33
4.927399999999999636e+03 7.618880782577080900e-16 2.268000000000000124e-33
4.953000000000000000e+03 9.021229995481045863e-16 2.376999999999999838e-33
4.978500000000000000e+03 1.029159340011169939e-15 2.313000000000000034e-33
5.004100000000000364e+03 1.133978069414893673e-15 2.443000000000000117e-33
5.029699999999999818e+03 1.095592196842071387e-15 2.175000000000000105e-33
5.055300000000000182e+03 9.911034319590307904e-16 2.340000000000000117e-33
5.080800000000000182e+03 8.102828746245897722e-16 2.146999999999999955e-33
5.106399999999999636e+03 7.018345354933498426e-16 1.680000000000000067e-33
5.132000000000000000e+03 8.007139035247747250e-16 1.603000000000000084e-33
5.157500000000000000e+03 8.692365356533371977e-16 2.097000000000000055e-33
5.183100000000000364e+03 1.092292551635238625e-15 1.997999999999999979e-33
5.208699999999999818e+03 1.285761748929205426e-15 1.738000000000000156e-33
5.234199999999999818e+03 1.265963877688208266e-15 2.009000000000000026e-33
5.259800000000000182e+03 1.298960329756536865e-15 1.801999999999999960e-33
5.285399999999999636e+03 1.378151814720525700e-15 1.995999999999999846e-33
5.311000000000000000e+03 1.361653588686361499e-15 1.821999999999999920e-33
5.336500000000000000e+03 1.416647675466908901e-15 1.723999999999999910e-33
5.362100000000000364e+03 1.368252879100027219e-15 2.047000000000000155e-33
5.387699999999999818e+03 1.269263522895041422e-15 1.728999999999999900e-33
5.413199999999999818e+03 1.109780671231452832e-15 1.777000000000000010e-33
5.438800000000000182e+03 1.017390605440132558e-15 1.252999999999999927e-33
5.464399999999999636e+03 9.107020770858701207e-16 1.533999999999999948e-33
5.490000000000000000e+03 7.965343529294529710e-16 1.307999999999999988e-33
5.515500000000000000e+03 6.996347720221280018e-16 1.327999999999999948e-33
5.541100000000000364e+03 8.057733595085848801e-16 1.633000000000000024e-33
5.566699999999999818e+03 8.447091729492128241e-16 1.530999999999999919e-33
5.592199999999999818e+03 7.371407392064615914e-16 1.808000000000000016e-33
5.617800000000000182e+03 5.933861963621097158e-16 2.582999999999999837e-33
5.643399999999999636e+03 4.829580701067699717e-16 1.010000000000000036e-33
5.668899999999999636e+03 4.237844327309006678e-16 9.994000000000000845e-34
5.694500000000000000e+03 4.144354379782075483e-16 8.284999999999999537e-34
5.720100000000000364e+03 3.452528768082785036e-16 8.774999999999999585e-34
5.745699999999999818e+03 2.919086126311472357e-16 7.305000000000000296e-34
5.771199999999999818e+03 1.968788306743608460e-16 1.222000000000000049e-34
5.796800000000000182e+03 2.055678963856872949e-16 1.479999999999999953e-34
5.822399999999999636e+03 2.669412972327785137e-16 7.829000000000000721e-34
5.847899999999999636e+03 3.378836691796850508e-16 7.402000000000000239e-34
5.873500000000000000e+03 4.007969044566317603e-16 9.073999999999999603e-34
5.899100000000000364e+03 5.138647468774377430e-16 8.926000000000000378e-34
5.924699999999999818e+03 5.628094841121250826e-16 1.262000000000000012e-33
5.950199999999999818e+03 6.006454158171422048e-16 9.170999999999999546e-34
5.975800000000000182e+03 5.530205366651877133e-16 7.185000000000000022e-34
6.001399999999999636e+03 4.919771003387798545e-16 7.413999999999999668e-34
6.026899999999999636e+03 4.649200096427503047e-16 5.514000000000000040e-34
6.052500000000000000e+03 4.256542316814392227e-16 4.763999999999999827e-34
6.078100000000000364e+03 3.848486192902728717e-16 5.144000000000000266e-34
6.103699999999999818e+03 4.461120319638030526e-16 7.180999999999999928e-34
6.129199999999999818e+03 5.178243211256371749e-16 7.495000000000000088e-34
6.154800000000000182e+03 5.761180531130179298e-16 7.013000000000000229e-34
6.180399999999999636e+03 6.135140321237901119e-16 6.512000000000000135e-34
6.205899999999999636e+03 6.557494907712507186e-16 5.455999999999999951e-34
6.231500000000000000e+03 7.148131399735591573e-16 7.409000000000000191e-34
6.257100000000000364e+03 7.839957011434882020e-16 9.660999999999999594e-34
6.282600000000000364e+03 8.396497169654023732e-16 8.430000000000000615e-34
6.308199999999999818e+03 8.959636618286831164e-16 7.637999999999999836e-34
6.333800000000000182e+03 8.234814554519213104e-16 9.604000000000000598e-34
6.359399999999999636e+03 7.897150861686651263e-16 6.541000000000000179e-34
6.384899999999999636e+03 8.264511361380711308e-16 7.788999999999999774e-34
6.410500000000000000e+03 8.351402018493975797e-16 8.711999999999999163e-34
6.436100000000000364e+03 8.628572215867935043e-16 7.060000000000000272e-34
6.461600000000000364e+03 9.311598773682337534e-16 6.477999999999999758e-34
6.487199999999999818e+03 9.244505987810071191e-16 7.042999999999999656e-34
6.512800000000000182e+03 9.522776066919642540e-16 6.013999999999999897e-34
6.538399999999999636e+03 9.465582216667872311e-16 7.125000000000000313e-34
6.563899999999999636e+03 9.230207525247126662e-16 2.314999999999999825e-34
6.589500000000000000e+03 9.078423845732818065e-16 4.047999999999999991e-34
6.615100000000000364e+03 8.244713490139714149e-16 4.077000000000000036e-34
6.640600000000000364e+03 6.808267943431807497e-16 1.618000000000000011e-34
6.666199999999999818e+03 5.242036351921807697e-16 1.068000000000000040e-34
6.691800000000000182e+03 4.201548230033845219e-16 3.607999999999999843e-34
6.717399999999999636e+03 3.552618006023382937e-16 3.938000000000000382e-34
6.742899999999999636e+03 2.947683051437357965e-16 7.435999999999999761e-35
6.768500000000000000e+03 2.769502210268383037e-16 8.191999999999999688e-35
6.794100000000000364e+03 2.650714982822399588e-16 8.600999999999999530e-35
6.819600000000000364e+03 2.767302446797160802e-16 3.614999999999999795e-34
6.845199999999999818e+03 2.595720896041851101e-16 3.719000000000000118e-34
6.870800000000000182e+03 2.482433077273923733e-16 8.754999999999999753e-35
6.896300000000000182e+03 2.594621014306239983e-16 8.113000000000000171e-35
6.921899999999999636e+03 2.571523497858411443e-16 1.837000000000000061e-34
6.947500000000000000e+03 2.734305994728831710e-16 3.813000000000000204e-34
6.973100000000000364e+03 2.753003984234217752e-16 2.975999999999999857e-34
6.998600000000000364e+03 2.877290620358256296e-16 3.406000000000000195e-34
7.024199999999999818e+03 3.274347926913810109e-16 2.703999999999999835e-34
7.049800000000000182e+03 3.640608544872258050e-16 3.422999999999999956e-34
7.075300000000000182e+03 3.897980871005222108e-16 3.148999999999999887e-34
7.100899999999999636e+03 4.046464905312700804e-16 3.242999999999999973e-34
7.126500000000000000e+03 3.996970227210207412e-16 3.229999999999999880e-34
7.152100000000000364e+03 4.092659938208361828e-16 3.272000000000000018e-34
7.177600000000000364e+03 4.534812395923964562e-16 3.862000000000000294e-34
7.203199999999999818e+03 4.939568874628796691e-16 6.191000000000000023e-34
7.228800000000000182e+03 5.067155155959665630e-16 6.923000000000000238e-34
7.254300000000000182e+03 5.768879703279453177e-16 4.319000000000000203e-34
7.279899999999999636e+03 7.039243107910106703e-16 3.476000000000000141e-34
7.305500000000000000e+03 7.875153226974433840e-16 3.940000000000000002e-34
7.331100000000000364e+03 8.703364173889480196e-16 5.910000000000000002e-34
7.356600000000000364e+03 9.002532005975658836e-16 5.526000000000000324e-34
7.382199999999999818e+03 8.728661453808532943e-16 4.621000000000000079e-34
7.407800000000000182e+03 7.618880782577080900e-16 4.410999999999999814e-34
7.433300000000000182e+03 6.462905078449967832e-16 3.472000000000000047e-34
7.458899999999999636e+03 5.518106667560157797e-16 2.833999999999999918e-34
7.484500000000000000e+03 4.972565326697124303e-16 2.386000000000000008e-34
7.510000000000000000e+03 4.771286969080319357e-16 3.202000000000000072e-34
7.535600000000000364e+03 4.429223749305311566e-16 3.562000000000000038e-34
7.561199999999999818e+03 3.858385128523226803e-16 3.940000000000000002e-34
7.586800000000000182e+03 3.398634563037848160e-16 1.047999999999999994e-34
7.612300000000000182e+03 3.054371579791619613e-16 8.866000000000000455e-35
7.637899999999999636e+03 3.090667677066781565e-16 5.033000000000000419e-34
7.663500000000000000e+03 4.088260411265916865e-16 9.078999999999999935e-34
7.689000000000000000e+03 4.436922921454589882e-16 7.774000000000000488e-34
7.714600000000000364e+03 4.784485549907651782e-16 5.734000000000000114e-34
7.740199999999999818e+03 5.606097206409031432e-16 5.122000000000000173e-34
7.765800000000000182e+03 6.766472437478591929e-16 4.978000000000000187e-34
7.791300000000000182e+03 8.074231821120013594e-16 5.419999999999999954e-34
7.816899999999999636e+03 8.998132479033218309e-16 6.592000000000000317e-34
7.842500000000000000e+03 8.649469968844542333e-16 5.288000000000000252e-34
7.868000000000000000e+03 7.357108929501672371e-16 6.124999999999999744e-34
7.893600000000000364e+03 6.165937009835009455e-16 6.708999999999999878e-34
7.919199999999999818e+03 5.449913999952277378e-16 6.088000000000000365e-34
7.944699999999999818e+03 4.978064735375178906e-16 5.911000000000000240e-34
7.970300000000000182e+03 4.377529307731597911e-16 4.658000000000000313e-34
7.995899999999999636e+03 3.725299438514302769e-16 4.740000000000000115e-34
8.021500000000000000e+03 3.327142250223135374e-16 3.703999999999999977e-34
8.047000000000000000e+03 2.930084943667581068e-16 4.258000000000000256e-34
8.072600000000000364e+03 2.591321369099408603e-16 3.191999999999999836e-34
8.098199999999999818e+03 2.483532959009534358e-16 3.126999999999999795e-34
8.123699999999999818e+03 2.429638753964597482e-16 2.792000000000000207e-34
8.149300000000000182e+03 2.461535324297315949e-16 6.372999999999999625e-35
8.174899999999999636e+03 2.531927755376416631e-16 1.588999999999999966e-34
8.200500000000000000e+03 2.799199017129878283e-16 3.222999999999999928e-34
8.226000000000000000e+03 2.965281159207132396e-16 3.941999999999999621e-34
8.251600000000000364e+03 3.302944852039695716e-16 5.148000000000000361e-34
8.277200000000000728e+03 3.276547690385032837e-16 1.204999999999999989e-33
8.302700000000000728e+03 2.859692512588480879e-16 1.701000000000000093e-33
8.328299999999999272e+03 2.306451999576170548e-16 3.110999999999999844e-34
8.353899999999999636e+03 2.212962052049239846e-16 1.332000000000000043e-33
8.379500000000000000e+03 2.394442538425046647e-16 2.799000000000000159e-34
8.405000000000000000e+03 3.026874536401345123e-16 1.647000000000000056e-34
8.430600000000000364e+03 3.774794116616795174e-16 7.059000000000000034e-34
8.456200000000000728e+03 4.906572422560465133e-16 5.961000000000000140e-34
8.481700000000000728e+03 6.000954749493366460e-16 5.493000000000000185e-34
8.507299999999999272e+03 7.898250743422262380e-16 4.615999999999999747e-34
8.532899999999999636e+03 9.432585764599544698e-16 5.961000000000000140e-34
8.558399999999999636e+03 1.120779488587561839e-15 8.286000000000000629e-34
8.584000000000000000e+03 1.206570263965216788e-15 9.065999999999999414e-34
8.609600000000000364e+03 1.226368135206214145e-15 9.386000000000000144e-34
8.635200000000000728e+03 1.194471564873496466e-15 1.123000000000000016e-33
8.660700000000000728e+03 1.175773575368110030e-15 6.949999999999999807e-34
8.686299999999999272e+03 1.144976886771003272e-15 1.055999999999999970e-34
8.711899999999999636e+03 1.137277714621726435e-15 2.090999999999999999e-33
8.737399999999999636e+03 1.091632622593872349e-15 4.407999999999999957e-33
8.763000000000000000e+03 1.076894207336685542e-15 6.057000000000000017e-33
8.788600000000000364e+03 9.687758327261284549e-16 4.958000000000000227e-33
8.814200000000000728e+03 7.792662096803609878e-16 3.320000000000000213e-33
8.839700000000000728e+03 6.654284500446270748e-16 2.644000000000000126e-33
8.865299999999999272e+03 5.684188809637408952e-16 3.461000000000000000e-34
8.890899999999999636e+03 4.929669939008296632e-16 1.865000000000000082e-34
8.916399999999999636e+03 4.179550595321626810e-16 1.761999999999999997e-34
8.942000000000000000e+03 3.625210200573704868e-16 8.289999999999999869e-34
8.967600000000000364e+03 3.242451356581092627e-16 8.090000000000000268e-34
8.993200000000000728e+03 3.019175364252068779e-16 6.724000000000000019e-34
9.018700000000000728e+03 2.571523497858411443e-16 1.106999999999999894e-34
9.044299999999999272e+03 2.465934851239759434e-16 5.616999999999999698e-34
9.069899999999999636e+03 2.555025271824246651e-16 1.333999999999999919e-34
9.095399999999999636e+03 2.687011080097561047e-16 1.233000000000000095e-34
9.121000000000000000e+03 2.928985061931971430e-16 5.622000000000000030e-34
9.146600000000000364e+03 3.175358570708823819e-16 4.938000000000000096e-34
9.172100000000000364e+03 3.194056560214210846e-16 1.447000000000000027e-34
9.197700000000000728e+03 3.441529950726675339e-16 1.711000000000000073e-34
9.223299999999999272e+03 3.966173538613100062e-16 3.227000000000000023e-34
