3.776699999999999818e+03 1.651197516746324207e-15 1.958999999999999989e-32
3.802300000000000182e+03 1.216024187468329623e-15 1.146000000000000038e-32
3.827900000000000091e+03 7.070168228886699724e-16 1.484000000000000047e-32
3.853400000000000091e+03 7.601549543557771674e-16 8.826999999999999960e-33
3.879000000000000000e+03 9.526827948923917016e-16 7.932000000000000036e-33
3.904599999999999909e+03 1.729506342066272680e-15 4.936000000000000544e-32
3.930099999999999909e+03 2.791150273903847751e-15 5.257000000000000109e-32
3.955699999999999818e+03 3.395246926372014360e-15 4.159000000000000249e-32
3.981300000000000182e+03 3.734212270256930394e-15 4.939000000000000060e-32
4.006800000000000182e+03 4.170504297039495978e-15 4.627999999999999791e-32
4.032400000000000091e+03 4.338308922725096609e-15 3.663999999999999800e-32
4.058000000000000000e+03 3.455656591618831770e-15 3.404000000000000045e-32
4.083599999999999909e+03 3.037263724909396657e-15 2.659000000000000233e-32
4.109100000000000364e+03 2.650194388327942432e-15 2.521999999999999754e-32
4.134699999999999818e+03 2.700535776033622227e-15 1.768999999999999957e-32
4.160300000000000182e+03 2.624464345722815556e-15 2.176000000000000034e-32
4.185800000000000182e+03 2.575241655521706169e-15 1.962999999999999981e-32
4.211399999999999636e+03 2.542799427889156056e-15 1.644000000000000002e-32
4.237000000000000000e+03 2.621108253209104332e-15 1.287999999999999891e-32
4.262600000000000364e+03 2.701654473538193424e-15 1.344000000000000053e-32
4.288100000000000364e+03 2.748639768730161995e-15 1.290000000000000024e-32
4.313699999999999818e+03 2.721791028620465894e-15 1.097000000000000068e-32
4.339300000000000182e+03 2.963429689607731985e-15 9.225000000000000397e-33
4.364800000000000182e+03 2.886239561792355695e-15 1.059000000000000007e-32
4.390399999999999636e+03 2.579716445539988984e-15 9.420000000000000349e-33
4.416000000000000000e+03 2.118813073656868115e-15 8.443999999999999835e-33
4.441600000000000364e+03 1.947652355457554289e-15 7.661999999999999891e-33
4.467100000000000364e+03 2.049453828373485469e-15 8.791000000000000305e-33
4.492699999999999818e+03 2.442116652477794889e-15 7.438999999999999447e-33
4.518300000000000182e+03 2.878408679260360867e-15 8.204000000000000314e-33
4.543800000000000182e+03 3.316938101052067267e-15 7.384999999999999965e-33
4.569399999999999636e+03 3.821470675613444300e-15 7.247999999999999760e-33
4.595000000000000000e+03 4.428923420595322921e-15 8.009999999999999744e-33
4.620500000000000000e+03 4.756701789434532510e-15 7.921999999999999372e-33
4.646100000000000364e+03 4.843960194791044838e-15 8.202000000000000181e-33
4.671699999999999818e+03 4.996103055412657391e-15 7.546999999999999779e-33
4.697300000000000182e+03 4.677274266610013432e-15 6.753000000000000406e-33
4.722800000000000182e+03 3.868455970805414054e-15 6.000999999999999718e-33
4.748399999999999636e+03 3.191643980540151209e-15 5.447999999999999933e-33
4.774000000000000000e+03 2.797862458931271382e-15 5.055999999999999894e-33
4.799500000000000000e+03 2.474558880110345396e-15 5.114000000000000326e-33
4.825100000000000364e+03 2.308991649433884793e-15 5.050000000000000180e-33
4.850699999999999818e+03 2.579716445539988984e-15 4.327000000000000050e-33
4.876300000000000182e+03 2.809049433976977827e-15 4.540999999999999896e-33
4.901800000000000182e+03 2.670330943410214508e-15 4.121000000000000051e-33
4.927399999999999636e+03 2.998109312249423702e-15 3.736999999999999860e-33
4.953000000000000000e+03 3.679396092532966601e-15 5.143000000000000200e-33
4.978500000000000000e+03 4.101145051756114910e-15 5.151000000000000047e-33
5.004100000000000364e+03 3.981444418767050103e-15 3.929000000000000297e-33
5.029699999999999818e+03 3.589900292167312669e-15 2.957000000000000048e-33
5.055300000000000182e+03 2.922037881938616243e-15 2.897000000000000168e-33
5.080800000000000182e+03 2.736334096179884747e-15 3.015999999999999862e-33
5.106399999999999636e+03 2.797862458931271382e-15 2.804999999999999873e-33
5.132000000000000000e+03 2.913088301902052190e-15 3.105000000000000300e-33
5.157500000000000000e+03 2.924275276947758242e-15 2.579999999999999980e-33
5.183100000000000364e+03 3.187169190521868000e-15 2.197999999999999922e-33
5.208699999999999818e+03 3.293445453456083573e-15 2.259999999999999935e-33
5.234199999999999818e+03 3.615630334772441123e-15 2.757999999999999830e-33
5.259800000000000182e+03 4.091076774214978478e-15 3.015999999999999862e-33
5.285399999999999636e+03 4.478146110796433491e-15 2.555000000000000030e-33
5.311000000000000000e+03 4.795856202094507437e-15 3.582999999999999893e-33
5.336500000000000000e+03 5.017358307999501058e-15 2.949999999999999926e-33
5.362100000000000364e+03 5.222079951335936589e-15 4.221999999999999917e-33
5.387699999999999818e+03 5.133702848474852670e-15 3.626000000000000013e-33
5.413199999999999818e+03 4.907725952551575050e-15 2.707999999999999930e-33
5.438800000000000182e+03 4.776838344516805375e-15 3.363999999999999715e-33
5.464399999999999636e+03 4.859621959855033705e-15 3.211999999999999881e-33
5.490000000000000000e+03 4.847316287304757245e-15 3.321999999999999662e-33
5.515500000000000000e+03 4.821586244699631947e-15 2.581000000000000047e-33
5.541100000000000364e+03 4.808161874644783107e-15 2.700000000000000083e-33
5.566699999999999818e+03 4.819348849690491131e-15 3.083000000000000207e-33
5.592199999999999818e+03 4.648188131491177304e-15 4.164000000000000170e-33
5.617800000000000182e+03 4.129112489370381813e-15 5.971999999999999844e-33
5.643399999999999636e+03 3.669327814991831747e-15 1.940999999999999956e-33
5.668899999999999636e+03 3.367279488757747062e-15 1.522000000000000006e-33
5.694500000000000000e+03 3.051806792468816299e-15 1.517000000000000016e-33
5.720100000000000364e+03 2.600971698126831862e-15 1.654000000000000050e-33
5.745699999999999818e+03 2.147899208775706610e-15 1.070999999999999983e-33
5.771199999999999818e+03 1.926397102870711016e-15 1.242999999999999947e-33
5.796800000000000182e+03 2.044979038355204232e-15 1.059000000000000041e-33
5.822399999999999636e+03 2.238513706645931739e-15 1.481999999999999915e-33
5.847899999999999636e+03 2.543918125393726464e-15 1.386000000000000038e-33
5.873500000000000000e+03 2.809049433976977827e-15 1.427000000000000024e-33
5.899100000000000364e+03 3.065231162523663955e-15 1.463000000000000021e-33
5.924699999999999818e+03 3.245341460759544989e-15 1.320999999999999997e-33
5.950199999999999818e+03 3.358329908721183010e-15 1.640000000000000147e-33
5.975800000000000182e+03 3.389653438849161531e-15 1.427000000000000024e-33
6.001399999999999636e+03 3.391890833858303136e-15 1.448000000000000051e-33
6.026899999999999636e+03 3.143539987843612230e-15 1.219000000000000063e-33
6.052500000000000000e+03 2.991397127221999677e-15 1.327999999999999948e-33
6.078100000000000364e+03 2.937699647002607081e-15 8.608000000000000123e-34
6.103699999999999818e+03 2.915325696911193401e-15 8.813999999999999438e-34
6.129199999999999818e+03 2.950005319552884329e-15 1.095999999999999933e-33
6.154800000000000182e+03 3.196118770558434024e-15 9.920000000000000377e-34
6.180399999999999636e+03 3.447825709086836153e-15 1.283999999999999934e-33
6.205899999999999636e+03 3.483624029233097490e-15 2.291999999999999922e-34
6.231500000000000000e+03 3.327006378593202911e-15 1.916000000000000006e-34
6.257100000000000364e+03 3.182694400503584790e-15 1.193999999999999942e-33
6.282600000000000364e+03 3.040619817423108670e-15 1.129000000000000072e-33
6.308199999999999818e+03 2.943293134525460304e-15 1.276999999999999982e-33
6.333800000000000182e+03 2.982447547185433258e-15 1.123000000000000016e-33
6.359399999999999636e+03 3.233035788209265769e-15 9.554000000000000698e-34
6.384899999999999636e+03 3.593256384681025865e-15 1.118000000000000026e-33
6.410500000000000000e+03 3.993750091317329718e-15 1.087000000000000019e-33
6.436100000000000364e+03 4.345021107752521423e-15 1.353999999999999965e-33
6.461600000000000364e+03 4.565404516152946608e-15 1.304000000000000065e-33
6.487199999999999818e+03 4.650425526500318909e-15 1.435000000000000043e-33
6.512800000000000182e+03 4.691817334169433074e-15 1.769999999999999887e-33
6.538399999999999636e+03 4.730971746829407212e-15 1.702000000000000160e-33
6.563899999999999636e+03 4.777957042021376177e-15 2.280999999999999961e-33
6.589500000000000000e+03 4.649306828995747318e-15 2.844000000000000069e-33
6.615100000000000364e+03 4.411024260522193239e-15 9.125999999999999978e-34
6.640600000000000364e+03 4.131349884379523418e-15 5.335000000000000295e-34
6.666199999999999818e+03 3.727500085229508736e-15 2.682999999999999980e-34
6.691800000000000182e+03 3.313582008538355255e-15 7.592000000000000031e-34
6.717399999999999636e+03 3.007058892285988938e-15 7.564999999999999606e-34
6.742899999999999636e+03 2.845966451627810360e-15 8.287999999999999394e-34
6.768500000000000000e+03 2.697179683519910214e-15 9.029000000000000035e-34
6.794100000000000364e+03 2.540562032880015635e-15 1.521000000000000068e-34
6.819600000000000364e+03 2.513713292770318745e-15 1.293000000000000018e-34
6.845199999999999818e+03 2.501407620220041497e-15 1.446000000000000004e-34
6.870800000000000182e+03 2.521544175302312784e-15 1.821999999999999920e-34
6.896300000000000182e+03 2.526018965320596388e-15 1.535999999999999995e-34
6.921899999999999636e+03 2.480152367633199014e-15 9.156999999999999643e-34
6.947500000000000000e+03 2.432048374936659246e-15 7.518000000000000418e-34
6.973100000000000364e+03 2.386181777249260688e-15 7.083999999999999985e-34
6.998600000000000364e+03 2.362689129653276600e-15 9.694999999999999544e-35
7.024199999999999818e+03 2.390656567267543503e-15 1.092999999999999990e-34
7.049800000000000182e+03 2.439879257468653679e-15 1.270999999999999925e-34
7.075300000000000182e+03 2.496932830201757893e-15 1.205000000000000074e-34
7.100899999999999636e+03 2.547274217907439660e-15 1.002999999999999999e-34
7.126500000000000000e+03 2.521544175302312784e-15 1.125000000000000106e-34
7.152100000000000364e+03 2.419742702386381998e-15 1.130000000000000010e-34
7.177600000000000364e+03 2.372757407194413427e-15 1.136999999999999962e-34
7.203199999999999818e+03 2.454422325028072532e-15 1.549000000000000089e-34
7.228800000000000182e+03 2.654669178346224853e-15 8.073000000000000507e-34
7.254300000000000182e+03 2.847085149132381557e-15 8.171999999999999215e-34
7.279899999999999636e+03 3.088723810119648043e-15 9.613999999999999551e-34
7.305500000000000000e+03 3.419858271472569645e-15 1.031000000000000062e-33
7.331100000000000364e+03 3.702888740128953451e-15 8.469999999999999851e-34
7.356600000000000364e+03 3.899779500933390998e-15 1.967999999999999953e-34
7.382199999999999818e+03 3.914322568492810640e-15 1.649000000000000103e-34
7.407800000000000182e+03 3.768891892898622112e-15 2.071999999999999848e-34
7.433300000000000182e+03 3.588781594662743444e-15 1.592000000000000037e-34
7.458899999999999636e+03 3.490336214260521515e-15 1.830999999999999919e-34
7.484500000000000000e+03 3.442232221563984114e-15 1.754000000000000022e-34
7.510000000000000000e+03 3.378466463803455480e-15 1.746000000000000046e-34
7.535600000000000364e+03 3.255409738300680632e-15 1.429000000000000029e-34
7.561199999999999818e+03 2.972379269644297221e-15 1.737000000000000047e-34
7.586800000000000182e+03 2.832542081572963493e-15 1.493000000000000047e-34
7.612300000000000182e+03 2.523781570311453994e-15 1.488999999999999952e-34
7.637899999999999636e+03 2.300042069397318768e-15 9.912000000000000188e-34
7.663500000000000000e+03 2.277668119305905088e-15 1.100000000000000027e-33
7.689000000000000000e+03 2.293329884369894743e-15 1.144000000000000042e-33
7.714600000000000364e+03 2.371638709689842230e-15 2.041999999999999994e-34
7.740199999999999818e+03 2.573004260512564959e-15 1.031000000000000062e-33
7.765800000000000182e+03 2.890714351810637721e-15 9.377999999999999954e-34
7.791300000000000182e+03 3.269952805860099091e-15 1.013999999999999960e-33
7.816899999999999636e+03 3.689464370074102245e-15 1.956000000000000097e-34
7.842500000000000000e+03 3.990393998803617311e-15 2.471999999999999905e-34
7.868000000000000000e+03 4.177216482066920003e-15 2.147000000000000126e-34
7.893600000000000364e+03 4.318172367642827688e-15 2.107999999999999845e-34
7.919199999999999818e+03 4.449059975677594997e-15 2.570999999999999896e-34
7.944699999999999818e+03 4.484858295823857517e-15 2.478000000000000047e-34
7.970300000000000182e+03 4.287967535019416814e-15 2.410000000000000149e-34
7.995899999999999636e+03 3.837132440677432377e-15 1.805999999999999969e-34
8.021500000000000000e+03 3.349380328684616985e-15 1.566000000000000063e-34
8.047000000000000000e+03 2.950005319552884329e-15 1.100999999999999965e-34
8.072600000000000364e+03 2.684874010969632966e-15 1.304000000000000065e-34
8.098199999999999818e+03 2.503645015229182707e-15 1.196000000000000075e-34
8.123699999999999818e+03 2.370520012185271428e-15 1.395000000000000080e-34
8.149300000000000182e+03 2.276549421801335074e-15 1.375000000000000034e-34
8.174899999999999636e+03 2.180341436408256328e-15 1.240000000000000047e-34
8.200500000000000000e+03 2.094201728556313619e-15 1.345999999999999989e-34
8.226000000000000000e+03 2.065115593437476702e-15 1.306999999999999922e-34
8.251600000000000364e+03 2.033792063309496603e-15 1.847999999999999894e-34
8.277200000000000728e+03 1.911854035311291769e-15 2.170000000000000029e-34
8.302700000000000728e+03 1.682521046874303123e-15 2.480000000000000094e-34
8.328299999999999272e+03 1.427458015832188390e-15 2.224999999999999834e-34
8.353899999999999636e+03 1.252941205119162156e-15 2.327000000000000109e-34
8.379500000000000000e+03 1.235042045046030896e-15 9.593999999999999933e-34
8.405000000000000000e+03 1.346911795503099298e-15 2.098999999999999846e-34
8.430600000000000364e+03 1.493461168601857839e-15 1.566000000000000063e-34
8.456200000000000728e+03 1.661265794287460837e-15 1.541999999999999923e-34
8.481700000000000728e+03 1.872699622651318814e-15 1.268000000000000068e-34
8.507299999999999272e+03 2.142305721252852598e-15 1.116000000000000107e-34
8.532899999999999636e+03 2.505882410238324312e-15 1.505999999999999927e-34
8.558399999999999636e+03 2.922037881938616243e-15 2.224999999999999834e-34
8.584000000000000000e+03 3.243104065750402990e-15 2.756000000000000210e-34
8.609600000000000364e+03 3.409789993931433212e-15 3.618999999999999890e-34
8.635200000000000728e+03 3.508235374333653169e-15 3.123000000000000128e-34
8.660700000000000728e+03 3.634648192350140818e-15 2.221999999999999977e-34
8.686299999999999272e+03 3.768891892898622112e-15 1.796999999999999970e-34
8.711899999999999636e+03 3.846082020713997218e-15 2.293000000000000160e-34
8.737399999999999636e+03 3.787909750476322596e-15 4.864999999999999865e-34
8.763000000000000000e+03 3.671565210000971774e-15 7.471999999999999757e-34
8.788600000000000364e+03 3.540677601966204860e-15 8.237999999999999494e-34
8.814200000000000728e+03 3.369516883766890244e-15 7.280999999999999728e-34
8.839700000000000728e+03 3.145777382852753046e-15 5.735000000000000352e-34
8.865299999999999272e+03 2.919800486929475821e-15 4.701999999999999643e-34
8.890899999999999636e+03 2.674805733428496928e-15 3.051999999999999944e-34
8.916399999999999636e+03 2.487983250165193447e-15 2.579999999999999895e-34
8.942000000000000000e+03 2.339196482057292512e-15 2.433999999999999861e-34
8.967600000000000364e+03 2.260887656737344630e-15 1.920999999999999910e-34
8.993200000000000728e+03 2.057284710905481086e-15 1.450999999999999908e-34
9.018700000000000728e+03 1.867106135128465197e-15 1.430000000000000053e-34
9.044299999999999272e+03 1.744049409625690941e-15 1.397999999999999937e-34
9.069899999999999636e+03 1.675808861846879295e-15 1.911000000000000101e-34
9.095399999999999636e+03 1.659028399278318246e-15 1.603999999999999893e-34
9.121000000000000000e+03 1.732862434579984298e-15 1.983999999999999904e-34
9.146600000000000364e+03 1.851444370064476725e-15 2.476000000000000000e-34
9.172100000000000364e+03 1.970026305548968758e-15 2.059000000000000182e-34
9.197700000000000728e+03 2.109863493620302485e-15 1.931000000000000147e-34
9.223299999999999272e+03 2.253056774205349803e-15 2.806000000000000111e-34
