3.776699999999999818e+03 1.351248382853246897e-15 4.573999999999999762e-32
3.802300000000000182e+03 1.363029101099570287e-15 3.410000000000000170e-32
3.827900000000000091e+03 8.696526209435632956e-16 1.231999999999999949e-31
3.853400000000000091e+03 6.449943239861841319e-16 2.024999999999999994e-32
3.879000000000000000e+03 8.260639634321682694e-16 1.691999999999999906e-32
3.904599999999999909e+03 1.423110764155817488e-15 1.650000000000000127e-32
3.930099999999999909e+03 1.960311516188145437e-15 2.213999999999999958e-33
3.955699999999999818e+03 2.364390152037025148e-15 1.359000000000000092e-32
3.981300000000000182e+03 2.832084666416047933e-15 1.539999999999999936e-32
4.006800000000000182e+03 3.217314153070808957e-15 1.325999999999999952e-32
4.032400000000000091e+03 3.357504700202053477e-15 9.343000000000000024e-33
4.058000000000000000e+03 2.994658578215304647e-15 9.965000000000000287e-33
4.083599999999999909e+03 2.542278997556501915e-15 9.588000000000000561e-33
4.109100000000000364e+03 2.113460853390345569e-15 6.999000000000000325e-33
4.134699999999999818e+03 2.159405654551004149e-15 5.661999999999999779e-33
4.160300000000000182e+03 2.032173897490716028e-15 5.841000000000000037e-33
4.185800000000000182e+03 2.135844218058359340e-15 5.086999999999999901e-33
4.211399999999999636e+03 2.121707356162771114e-15 3.125000000000000260e-32
4.237000000000000000e+03 2.066337980405052401e-15 3.786999999999999760e-33
4.262600000000000364e+03 2.291349698909822730e-15 1.329999999999999944e-32
4.288100000000000364e+03 2.277212837014234504e-15 4.250999999999999791e-33
4.313699999999999818e+03 2.286637411611293453e-15 3.311000000000000300e-33
4.339300000000000182e+03 2.472772759903195765e-15 4.391000000000000196e-33
4.364800000000000182e+03 2.614141378859072112e-15 3.765999999999999733e-33
4.390399999999999636e+03 2.412691096846950536e-15 3.061999999999999839e-33
4.416000000000000000e+03 2.081652914125272454e-15 3.072000000000000161e-33
4.441600000000000364e+03 1.760039306000656082e-15 2.107000000000000035e-33
4.467100000000000364e+03 1.757683162351390852e-15 2.494000000000000083e-33
4.492699999999999818e+03 1.987407168154688091e-15 3.041999999999999879e-33
4.518300000000000182e+03 2.470416616253932112e-15 2.836999999999999946e-33
4.543800000000000182e+03 2.919261981438838182e-15 2.676999999999999923e-33
4.569399999999999636e+03 3.312737970866025540e-15 2.506999999999999921e-33
4.595000000000000000e+03 3.977170479958642990e-15 2.855999999999999840e-33
4.620500000000000000e+03 4.483741364550531031e-15 2.553999999999999964e-33
4.646100000000000364e+03 4.620397696207876523e-15 2.677999999999999990e-33
4.671699999999999818e+03 4.708753083055300177e-15 2.888999999999999979e-33
4.697300000000000182e+03 4.742917165969636944e-15 2.629999999999999880e-33
4.722800000000000182e+03 4.106758380668195947e-15 1.193000000000000013e-32
4.748399999999999636e+03 3.251478235985146119e-15 1.150999999999999960e-32
4.774000000000000000e+03 2.843865384662371323e-15 2.474000000000000123e-33
4.799500000000000000e+03 2.512827201940694030e-15 2.306999999999999978e-33
4.825100000000000364e+03 2.234802251327472191e-15 2.891000000000000112e-33
4.850699999999999818e+03 2.226555748555045068e-15 1.887000000000000132e-33
4.876300000000000182e+03 2.698962550232597920e-15 2.236000000000000051e-33
4.901800000000000182e+03 2.707209053005023465e-15 1.037000000000000051e-32
4.927399999999999636e+03 2.624744025280763281e-15 1.996999999999999913e-33
4.953000000000000000e+03 3.192574644753530349e-15 2.182999999999999952e-33
4.978500000000000000e+03 3.819308855457914370e-15 8.547999999999999901e-33
5.004100000000000364e+03 3.966567833536952215e-15 8.031000000000000454e-33
5.029699999999999818e+03 3.793391275316003936e-15 6.800000000000000107e-33
5.055300000000000182e+03 3.263258954231469115e-15 7.460000000000000158e-33
5.080800000000000182e+03 2.665976539142892979e-15 5.266000000000000159e-33
5.106399999999999636e+03 2.647127389948776264e-15 1.386000000000000038e-33
5.132000000000000000e+03 2.751975782341051402e-15 1.337999999999999928e-33
5.157500000000000000e+03 2.840331169188473872e-15 5.281999999999999854e-33
5.183100000000000364e+03 2.942823417931482202e-15 4.366999999999999970e-33
5.208699999999999818e+03 3.194930788402795974e-15 1.258999999999999984e-33
5.234199999999999818e+03 3.419942506907563542e-15 4.159999999999999904e-33
5.259800000000000182e+03 3.769829838823357155e-15 4.129999999999999964e-33
5.285399999999999636e+03 4.213962916709735921e-15 4.970000000000000340e-33
5.311000000000000000e+03 4.609795049786187325e-15 5.542000000000000019e-33
5.336500000000000000e+03 4.837162911940221701e-15 5.779000000000000024e-33
5.362100000000000364e+03 5.036257050303081202e-15 5.804999999999999699e-33
5.387699999999999818e+03 5.122256293501235681e-15 6.121000000000000163e-33
5.413199999999999818e+03 4.904313005944261438e-15 5.714999999999999879e-33
5.438800000000000182e+03 4.688725862036550058e-15 5.343999999999999867e-33
5.464399999999999636e+03 4.642781060875891872e-15 4.653999999999999876e-33
5.490000000000000000e+03 4.567384464099425802e-15 4.762000000000000208e-33
5.515500000000000000e+03 4.573274823222586905e-15 4.828999999999999869e-33
5.541100000000000364e+03 4.550891458554570767e-15 3.087999999999999855e-33
5.566699999999999818e+03 4.580343254170379441e-15 4.447999999999999877e-33
5.592199999999999818e+03 4.536754596658983330e-15 3.420000000000000014e-33
5.617800000000000182e+03 4.094977662421874528e-15 6.859999999999999987e-33
5.643399999999999636e+03 3.594297136953146013e-15 3.400000000000000053e-33
5.668899999999999636e+03 3.170191280085517761e-15 2.047000000000000155e-33
5.694500000000000000e+03 2.870961036628913977e-15 2.542999999999999917e-33
5.720100000000000364e+03 2.522251776537752585e-15 5.403999999999999576e-34
5.745699999999999818e+03 2.101680135144022573e-15 4.351000000000000105e-34
5.771199999999999818e+03 1.734121725858745648e-15 1.240999999999999985e-33
5.796800000000000182e+03 1.672861990977864846e-15 1.696000000000000103e-33
5.822399999999999636e+03 1.842504333724916265e-15 1.231000000000000005e-33
5.847899999999999636e+03 2.140556505356887434e-15 1.530999999999999919e-33
5.873500000000000000e+03 2.327869925473423939e-15 1.286000000000000067e-33
5.899100000000000364e+03 2.542278997556501915e-15 1.391999999999999923e-33
5.924699999999999818e+03 2.849755743785531638e-15 1.614999999999999854e-33
5.950199999999999818e+03 2.975809429021188327e-15 1.803000000000000026e-33
5.975800000000000182e+03 3.008795440110892873e-15 1.479999999999999953e-33
6.001399999999999636e+03 3.034713020252803307e-15 1.538999999999999938e-33
6.026899999999999636e+03 2.934576915159057052e-15 1.814000000000000073e-33
6.052500000000000000e+03 2.774359147009064779e-15 4.511999999999999852e-34
6.078100000000000364e+03 2.651839677247306724e-15 3.934999999999999669e-34
6.103699999999999818e+03 2.627100168930027723e-15 1.146000000000000004e-33
6.129199999999999818e+03 2.658908108195099654e-15 1.345999999999999947e-33
6.154800000000000182e+03 2.845043456487002361e-15 1.510000000000000064e-33
6.180399999999999636e+03 3.093616611484418287e-15 1.542999999999999861e-33
6.205899999999999636e+03 3.272683528828528458e-15 1.453999999999999936e-33
6.231500000000000000e+03 3.238519445914191691e-15 2.853000000000000154e-34
6.257100000000000364e+03 3.058274456745449299e-15 3.474000000000000094e-34
6.282600000000000364e+03 2.880385611225972138e-15 1.477999999999999991e-33
6.308199999999999818e+03 2.734304704971566908e-15 1.276999999999999982e-33
6.333800000000000182e+03 2.697784478407965305e-15 1.317999999999999968e-33
6.359399999999999636e+03 2.788496008904652216e-15 1.173999999999999982e-33
6.384899999999999636e+03 3.071233246816404121e-15 1.242000000000000052e-33
6.410500000000000000e+03 3.494161031859398969e-15 1.167000000000000030e-33
6.436100000000000364e+03 3.879390518514160782e-15 1.289999999999999990e-33
6.461600000000000364e+03 4.152703181828853344e-15 1.257999999999999917e-33
6.487199999999999818e+03 4.317633237277376866e-15 1.312999999999999978e-33
6.512800000000000182e+03 4.382427187632153738e-15 1.453000000000000041e-33
6.538399999999999636e+03 4.436618491565238258e-15 1.146000000000000004e-33
6.563899999999999636e+03 4.487275580024428482e-15 1.291000000000000057e-33
6.589500000000000000e+03 4.446043066162298390e-15 4.853999999999999819e-34
6.615100000000000364e+03 4.295249872609362306e-15 5.746000000000000398e-34
6.640600000000000364e+03 4.029005640242465435e-15 5.541999999999999848e-34
6.666199999999999818e+03 3.680296380151302070e-15 3.555999999999999896e-34
6.691800000000000182e+03 3.206711506649119365e-15 2.172999999999999886e-34
6.717399999999999636e+03 2.807345158098769720e-15 2.210999999999999930e-34
6.742899999999999636e+03 2.548169356679663413e-15 2.413999999999999816e-34
6.768500000000000000e+03 2.437430605164227565e-15 2.338999999999999965e-34
6.794100000000000364e+03 2.237158394976736238e-15 3.413000000000000147e-34
6.819600000000000364e+03 2.153515295427843045e-15 2.012000000000000139e-34
6.845199999999999818e+03 2.046310759386303466e-15 1.853000000000000012e-34
6.870800000000000182e+03 1.977982593557630720e-15 2.271000000000000067e-34
6.896300000000000182e+03 1.866065770217561863e-15 1.620000000000000058e-34
6.921899999999999636e+03 1.771820024246977895e-15 7.169999999999999881e-34
6.947500000000000000e+03 1.765929665123816791e-15 8.408999999999999905e-34
6.973100000000000364e+03 1.830723615478593269e-15 4.942000000000000190e-34
6.998600000000000364e+03 1.921435145975280181e-15 6.002999999999999851e-34
7.024199999999999818e+03 1.996831742751746646e-15 7.370999999999999719e-34
7.049800000000000182e+03 2.056913405807994241e-15 6.848999999999999770e-34
7.075300000000000182e+03 2.098145919670125122e-15 7.827000000000000246e-34
7.100899999999999636e+03 2.145268792655416317e-15 7.646000000000000026e-34
7.126500000000000000e+03 2.184145162868282756e-15 2.195999999999999789e-34
7.152100000000000364e+03 2.187679378342180207e-15 2.050999999999999993e-34
7.177600000000000364e+03 2.174720588271224990e-15 2.565999999999999991e-34
7.203199999999999818e+03 2.187679378342180207e-15 8.093999999999999507e-34
7.228800000000000182e+03 2.287815483435924885e-15 6.682000000000000308e-34
7.254300000000000182e+03 2.473950831727828774e-15 6.640999999999999980e-34
7.279899999999999636e+03 2.684825688337009693e-15 6.643999999999999837e-34
7.305500000000000000e+03 2.931042699685160784e-15 8.223999999999999590e-34
7.331100000000000364e+03 3.191396572928899312e-15 7.749000000000000538e-34
7.356600000000000364e+03 3.382244208519330901e-15 9.073000000000000221e-34
7.382199999999999818e+03 3.454106589821901098e-15 6.782000000000000109e-34
7.407800000000000182e+03 3.417586363258301467e-15 1.858999999999999940e-34
7.433300000000000182e+03 3.264437026056100941e-15 2.102999999999999940e-34
7.458899999999999636e+03 3.111287688853903176e-15 8.967000000000000706e-34
7.484500000000000000e+03 3.062986744043977393e-15 7.874999999999999671e-34
7.510000000000000000e+03 3.033534948428170692e-15 2.304000000000000206e-34
7.535600000000000364e+03 3.072411318641036342e-15 2.928999999999999814e-34
7.561199999999999818e+03 3.087726252361256395e-15 3.238000000000000069e-34
7.586800000000000182e+03 2.989946290916775370e-15 4.193999999999999597e-34
7.612300000000000182e+03 2.603538732437381336e-15 3.171999999999999790e-34
7.637899999999999636e+03 2.102858206968653610e-15 2.131999999999999985e-34
7.663500000000000000e+03 1.791847245265726830e-15 7.579999999999999747e-34
7.689000000000000000e+03 1.775354239720874360e-15 2.168999999999999792e-34
7.714600000000000364e+03 1.915544786852118289e-15 8.586000000000000030e-34
7.740199999999999818e+03 2.102858206968653610e-15 2.527999999999999947e-34
7.765800000000000182e+03 2.334938356421217263e-15 9.610000000000000312e-34
7.791300000000000182e+03 2.677757257389216369e-15 8.211000000000000779e-34
7.816899999999999636e+03 3.051206025797655186e-15 9.338000000000000718e-34
7.842500000000000000e+03 3.349258197429627538e-15 1.041000000000000043e-33
7.868000000000000000e+03 3.508297893754986801e-15 1.026999999999999968e-33
7.893600000000000364e+03 3.608433998848731873e-15 1.093000000000000076e-33
7.919199999999999818e+03 3.666159518255716210e-15 1.242000000000000052e-33
7.944699999999999818e+03 3.679118308326671427e-15 1.368000000000000040e-33
7.970300000000000182e+03 3.636707722639907537e-15 2.831000000000000061e-34
7.995899999999999636e+03 3.313916042690657366e-15 2.941000000000000098e-34
8.021500000000000000e+03 2.971097141722657866e-15 2.608000000000000130e-34
8.047000000000000000e+03 2.584689583243263833e-15 2.118999999999999891e-34
8.072600000000000364e+03 2.309020776279306830e-15 1.411000000000000031e-34
8.098199999999999818e+03 2.138200361707623387e-15 1.863000000000000035e-34
8.123699999999999818e+03 2.041598472087774583e-15 1.873000000000000058e-34
8.149300000000000182e+03 1.950886941591088066e-15 1.838000000000000085e-34
8.174899999999999636e+03 1.844860477374180707e-15 1.496999999999999927e-34
8.200500000000000000e+03 1.755327018702126213e-15 1.956999999999999907e-34
8.226000000000000000e+03 1.698779571119775083e-15 7.725999999999999353e-34
8.251600000000000364e+03 1.685820781048819669e-15 8.306999999999999629e-34
8.277200000000000728e+03 1.657547057257644991e-15 9.339999999999999483e-34
8.302700000000000728e+03 1.542096018443679472e-15 2.379999999999999866e-34
8.328299999999999272e+03 1.358316813801041207e-15 2.374000000000000152e-34
8.353899999999999636e+03 1.149209064928807633e-15 2.084000000000000132e-34
8.379500000000000000e+03 1.015026684103189449e-15 6.721000000000000162e-34
8.405000000000000000e+03 1.016911599022600845e-15 2.023000000000000186e-34
8.430600000000000364e+03 1.100908120118883625e-15 1.444999999999999980e-34
8.456200000000000728e+03 1.234619272214649946e-15 6.689000000000000260e-34
8.481700000000000728e+03 1.378344034819790537e-15 8.121999999999999315e-34
8.507299999999999272e+03 1.589218891428971850e-15 7.813000000000000342e-34
8.532899999999999636e+03 1.868421913866826699e-15 7.750999999999999303e-34
8.558399999999999636e+03 2.192391665640709090e-15 9.427999999999999854e-34
8.584000000000000000e+03 2.523429848362384805e-15 9.017000000000000607e-34
8.609600000000000364e+03 2.769646859710535896e-15 1.146000000000000004e-33
8.635200000000000728e+03 2.861536462031855423e-15 1.415000000000000083e-33
8.660700000000000728e+03 2.954604136177806382e-15 1.479999999999999953e-33
8.686299999999999272e+03 3.027644589305009588e-15 1.371000000000000068e-33
8.711899999999999636e+03 3.092438539659785672e-15 1.126999999999999939e-33
8.737399999999999636e+03 3.098328898782947564e-15 2.887999999999999913e-34
8.763000000000000000e+03 3.039425307551332584e-15 3.006000000000000139e-34
8.788600000000000364e+03 2.919261981438838182e-15 3.690000000000000073e-34
8.814200000000000728e+03 2.761400356938109562e-15 3.537000000000000088e-34
8.839700000000000728e+03 2.572908864996941231e-15 3.478999999999999998e-34
8.865299999999999272e+03 2.383239301231141074e-15 3.164999999999999838e-34
8.890899999999999636e+03 2.232446107678206172e-15 2.790999999999999969e-34
8.916399999999999636e+03 2.121707356162771114e-15 2.467000000000000001e-34
8.942000000000000000e+03 2.007434389173437815e-15 3.231000000000000117e-34
8.967600000000000364e+03 1.884914919411678578e-15 3.067999999999999895e-34
8.993200000000000728e+03 1.744724372280435043e-15 3.159000000000000124e-34
9.018700000000000728e+03 1.569191670410222718e-15 3.809999999999999919e-34
9.044299999999999272e+03 1.450206416122360339e-15 3.721999999999999975e-34
9.069899999999999636e+03 1.420754620506553244e-15 3.852999999999999867e-34
9.095399999999999636e+03 1.419576548681920629e-15 3.659999999999999791e-34
9.121000000000000000e+03 1.416042333208023966e-15 4.288999999999999921e-34
9.146600000000000364e+03 1.461987134368683533e-15 1.479999999999999953e-33
9.172100000000000364e+03 1.540917946619047646e-15 1.820999999999999854e-33
9.197700000000000728e+03 1.596287322376765175e-15 1.945999999999999946e-33
9.223299999999999272e+03 1.690533068347349537e-15 2.079999999999999952e-33
