3.776699999999999818e+03 6.894501550653859816e-16 2.039999999999999977e-31
3.802300000000000182e+03 1.049339092313594311e-15 1.695999999999999898e-31
3.827900000000000091e+03 7.710822665339049110e-16 1.119999999999999953e-31
3.853400000000000091e+03 5.857040815117419642e-16 8.479000000000000381e-32
3.879000000000000000e+03 6.056698301371693724e-16 7.352000000000000099e-32
3.904599999999999909e+03 1.020906855347004561e-15 7.294999999999999461e-32
3.930099999999999909e+03 1.594732580081594161e-15 6.660999999999999769e-32
3.955699999999999818e+03 1.882845914676367608e-15 5.566000000000000518e-32
3.981300000000000182e+03 2.232878343109488539e-15 2.334000000000000184e-31
4.006800000000000182e+03 2.764877088128785848e-15 2.155999999999999910e-31
4.032400000000000091e+03 2.852069281492994154e-15 2.472999999999999975e-31
4.058000000000000000e+03 2.847014661587821240e-15 2.032000000000000103e-31
4.083599999999999909e+03 2.331443431260330773e-15 1.957999999999999949e-31
4.109100000000000364e+03 1.909382669178517516e-15 5.474000000000000428e-32
4.134699999999999818e+03 2.004156792400480459e-15 1.005000000000000005e-31
4.160300000000000182e+03 1.975092727945747250e-15 1.144999999999999999e-31
4.185800000000000182e+03 2.045857406618147137e-15 1.032000000000000019e-31
4.211399999999999636e+03 2.240460272967247121e-15 7.515000000000000390e-32
4.237000000000000000e+03 1.911909979131102395e-15 6.972999999999999693e-32
4.262600000000000364e+03 2.194968693820703914e-15 6.482999999999999714e-32
4.288100000000000364e+03 2.224032758275439490e-15 6.400000000000000358e-32
4.313699999999999818e+03 2.092612640740983572e-15 5.776999999999999618e-32
4.339300000000000182e+03 2.646093520357254720e-15 4.883999999999999827e-32
4.364800000000000182e+03 2.768668053057663166e-15 4.643000000000000103e-32
4.390399999999999636e+03 2.422426589553417582e-15 5.316000000000000059e-32
4.416000000000000000e+03 2.010475067281946207e-15 4.054999999999999909e-32
4.441600000000000364e+03 1.838617990506117235e-15 4.360000000000000052e-32
4.467100000000000364e+03 1.764062346904836480e-15 3.334000000000000048e-32
4.492699999999999818e+03 2.029429891926337928e-15 3.962000000000000163e-32
4.518300000000000182e+03 2.455281618937034421e-15 3.313000000000000159e-32
4.543800000000000182e+03 2.812895977227914328e-15 3.440999999999999903e-32
4.569399999999999636e+03 3.106063931727857335e-15 3.510000000000000244e-32
4.595000000000000000e+03 3.669654051154475888e-15 3.218000000000000006e-32
4.620500000000000000e+03 3.955240075796667414e-15 4.269999999999999822e-32
4.646100000000000364e+03 4.077814608497073099e-15 4.476000000000000095e-32
4.671699999999999818e+03 4.125833497596201580e-15 4.299999999999999899e-32
4.697300000000000182e+03 3.868047882432453980e-15 5.141999999999999723e-32
4.722800000000000182e+03 3.106063931727857335e-15 3.569000000000000195e-32
4.748399999999999636e+03 2.574065186708563182e-15 4.026000000000000035e-32
4.774000000000000000e+03 2.095139950693566479e-15 3.502999999999999916e-32
4.799500000000000000e+03 2.025638926997458637e-15 3.394999999999999858e-32
4.825100000000000364e+03 1.656651673919943421e-15 3.572000000000000257e-32
4.850699999999999818e+03 1.803235651169917489e-15 3.763999999999999874e-32
4.876300000000000182e+03 2.266997027469396240e-15 3.132000000000000041e-32
4.901800000000000182e+03 2.260678752587935225e-15 3.006999999999999812e-32
4.927399999999999636e+03 2.285951852113789933e-15 2.583000000000000111e-32
4.953000000000000000e+03 2.708012614195605163e-15 2.031000000000000118e-32
4.978500000000000000e+03 3.181883230305428558e-15 2.672000000000000139e-32
5.004100000000000364e+03 3.418186710872196008e-15 2.289999999999999943e-32
5.029699999999999818e+03 3.267811768693343636e-15 1.916000000000000006e-32
5.055300000000000182e+03 2.817950597133082903e-15 1.421000000000000105e-32
5.080800000000000182e+03 2.317543226521114333e-15 1.371000000000000068e-32
5.106399999999999636e+03 2.200023313725874461e-15 9.914000000000000321e-33
5.132000000000000000e+03 2.189914073915531000e-15 1.031000000000000062e-32
5.157500000000000000e+03 2.361771150691364311e-15 1.134999999999999992e-32
5.183100000000000364e+03 2.403471764909026255e-15 1.105000000000000052e-32
5.208699999999999818e+03 2.654939105191308896e-15 1.140000000000000050e-32
5.234199999999999818e+03 2.987280363956329757e-15 1.012999999999999962e-32
5.259800000000000182e+03 3.190728815139479974e-15 1.195999999999999938e-32
5.285399999999999636e+03 3.435877880540296078e-15 1.263000000000000010e-32
5.311000000000000000e+03 3.684817910869992263e-15 1.181000000000000037e-32
5.336500000000000000e+03 3.876893467266508551e-15 1.409000000000000129e-32
5.362100000000000364e+03 4.007049929824670452e-15 1.418000000000000042e-32
5.387699999999999818e+03 3.941339871057435984e-15 1.305000000000000063e-32
5.413199999999999818e+03 3.729045835040243819e-15 1.154000000000000022e-32
5.438800000000000182e+03 3.518015453999331076e-15 1.197000000000000005e-32
5.464399999999999636e+03 3.477578494757959600e-15 1.037000000000000051e-32
5.490000000000000000e+03 3.343631067270914464e-15 1.037000000000000051e-32
5.515500000000000000e+03 3.303194108029544565e-15 1.055000000000000015e-32
5.541100000000000364e+03 3.253911563954123251e-15 9.885999999999999829e-33
5.566699999999999818e+03 3.377749751630824531e-15 6.359999999999999617e-33
5.592199999999999818e+03 3.234956739309730346e-15 8.018999999999999657e-33
5.617800000000000182e+03 2.839432731730065419e-15 1.099999999999999993e-32
5.643399999999999636e+03 2.414844659695662550e-15 7.300999999999999859e-33
5.668899999999999636e+03 2.100194570598738998e-15 5.267000000000000226e-33
5.694500000000000000e+03 1.920755563965153022e-15 4.073000000000000283e-33
5.720100000000000364e+03 1.714779802829415560e-15 3.837999999999999726e-33
5.745699999999999818e+03 1.416557228424301019e-15 3.626000000000000013e-33
5.771199999999999818e+03 1.175957320938138013e-15 2.782000000000000056e-33
5.796800000000000182e+03 1.129960279801077554e-15 2.581000000000000047e-33
5.822399999999999636e+03 1.191500277146540304e-15 3.208999999999999682e-33
5.847899999999999636e+03 1.431721088139814435e-15 3.414999999999999681e-33
5.873500000000000000e+03 1.584623340271250109e-15 2.860999999999999830e-33
5.899100000000000364e+03 1.790599101406987966e-15 3.745999999999999773e-33
5.924699999999999818e+03 2.007947757329359356e-15 2.964999999999999896e-33
5.950199999999999818e+03 2.162113664437089047e-15 3.595000000000000006e-33
5.975800000000000182e+03 2.129258635053475363e-15 3.192999999999999988e-33
6.001399999999999636e+03 2.135576909934938350e-15 2.332999999999999994e-33
6.026899999999999636e+03 2.026902581973751077e-15 2.923999999999999909e-33
6.052500000000000000e+03 1.891691499510417840e-15 2.450999999999999964e-33
6.078100000000000364e+03 1.895482464439296342e-15 2.262000000000000068e-33
6.103699999999999818e+03 1.884109569652661625e-15 2.155000000000000145e-33
6.129199999999999818e+03 1.940974043585839549e-15 3.114000000000000214e-33
6.154800000000000182e+03 2.098930915622447347e-15 2.262000000000000068e-33
6.180399999999999636e+03 2.337761706141796521e-15 2.866000000000000162e-33
6.205899999999999636e+03 2.499509543107284005e-15 2.914999999999999996e-33
6.231500000000000000e+03 2.460336238842206940e-15 2.670999999999999867e-33
6.257100000000000364e+03 2.351661910881018484e-15 3.661999999999999667e-33
6.282600000000000364e+03 2.296061091924133394e-15 2.758999999999999896e-33
6.308199999999999818e+03 2.150740769650455119e-15 2.181999999999999885e-33
6.333800000000000182e+03 2.068603196191417359e-15 2.618999999999999834e-33
6.359399999999999636e+03 2.136840564911230395e-15 2.139000000000000108e-33
6.384899999999999636e+03 2.393362525098684372e-15 2.268999999999999849e-33
6.410500000000000000e+03 2.681475859693456832e-15 3.135000000000000240e-33
6.436100000000000364e+03 2.969589194288229687e-15 2.557999999999999887e-33
6.461600000000000364e+03 3.243802324143781368e-15 3.283999999999999875e-33
6.487199999999999818e+03 3.285502938361447256e-15 3.242999999999999888e-33
6.512800000000000182e+03 3.288030248314032135e-15 3.271999999999999762e-33
6.538399999999999636e+03 3.333521827460573370e-15 2.737999999999999870e-33
6.563899999999999636e+03 3.352476652104967063e-15 2.180000000000000095e-33
6.589500000000000000e+03 3.265284458740759151e-15 3.039000000000000022e-33
6.615100000000000364e+03 3.061836007557606962e-15 3.807999999999999786e-33
6.640600000000000364e+03 2.860914866327043203e-15 3.398999999999999987e-33
6.666199999999999818e+03 2.509618782917625493e-15 3.021999999999999919e-33
6.691800000000000182e+03 2.131785945006060637e-15 1.928999999999999843e-33
6.717399999999999636e+03 1.867682054960852811e-15 1.835000000000000099e-33
6.742899999999999636e+03 1.688243048327264665e-15 2.069999999999999972e-33
6.768500000000000000e+03 1.507540386717386250e-15 1.687999999999999914e-33
6.794100000000000364e+03 1.435512053068693332e-15 1.625999999999999901e-33
6.819600000000000364e+03 1.383702199040685561e-15 1.862999999999999907e-33
6.845199999999999818e+03 1.369801994301463401e-15 2.641999999999999993e-33
6.870800000000000182e+03 1.310410210415699809e-15 2.785999999999999979e-33
6.896300000000000182e+03 1.237118221790713268e-15 3.042999999999999945e-33
6.921899999999999636e+03 1.212856046245889909e-15 2.014000000000000016e-33
6.947500000000000000e+03 1.235349104823902590e-15 2.138000000000000042e-33
6.973100000000000364e+03 1.290191730795012887e-15 2.256000000000000011e-33
6.998600000000000364e+03 1.338210619894142945e-15 2.499000000000000073e-33
7.024199999999999818e+03 1.358429099514827895e-15 2.181999999999999885e-33
7.049800000000000182e+03 1.387493163969565246e-15 1.903000000000000169e-33
7.075300000000000182e+03 1.448148602831620686e-15 1.889999999999999989e-33
7.100899999999999636e+03 1.493640181978164879e-15 2.129999999999999852e-33
7.126500000000000000e+03 1.526495211361779351e-15 3.051999999999999859e-33
7.152100000000000364e+03 1.530286176290657261e-15 3.061999999999999839e-33
7.177600000000000364e+03 1.535340796195829583e-15 2.890000000000000045e-33
7.203199999999999818e+03 1.582096030318666808e-15 2.629000000000000156e-33
7.228800000000000182e+03 1.705934217995366313e-15 2.396000000000000074e-33
7.254300000000000182e+03 1.894218809463000353e-15 2.448999999999999831e-33
7.279899999999999636e+03 2.106512845480201196e-15 2.310999999999999901e-33
7.305500000000000000e+03 2.336498051165504476e-15 2.059999999999999992e-33
7.331100000000000364e+03 2.637247935523206065e-15 2.433000000000000137e-33
7.356600000000000364e+03 2.805314047370155746e-15 2.541999999999999851e-33
7.382199999999999818e+03 2.785095567749470008e-15 2.634999999999999870e-33
7.407800000000000182e+03 2.659993725096476288e-15 2.531000000000000146e-33
7.433300000000000182e+03 2.494454923202113458e-15 2.145999999999999889e-33
7.458899999999999636e+03 2.322597846426280147e-15 1.954000000000000135e-33
7.484500000000000000e+03 2.226560068228025158e-15 1.917000000000000072e-33
7.510000000000000000e+03 2.202550623678462890e-15 2.414999999999999968e-33
7.535600000000000364e+03 2.163377319413379120e-15 6.609000000000000078e-34
7.561199999999999818e+03 2.163377319413379120e-15 8.740000000000000681e-34
7.586800000000000182e+03 2.093876295717274828e-15 1.206999999999999951e-33
7.612300000000000182e+03 1.842408955434996131e-15 9.962000000000000088e-34
7.637899999999999636e+03 1.453203222736793205e-15 6.700999999999999689e-34
7.663500000000000000e+03 1.306619245486821110e-15 3.208999999999999682e-33
7.689000000000000000e+03 1.317992140273457799e-15 2.959999999999999906e-33
7.714600000000000364e+03 1.432984743116106283e-15 3.001999999999999959e-33
7.740199999999999818e+03 1.579568720366078970e-15 2.677999999999999990e-33
7.765800000000000182e+03 1.786808136478107491e-15 2.493000000000000017e-33
7.791300000000000182e+03 2.062284921309952795e-15 2.467000000000000001e-33
7.816899999999999636e+03 2.345343635999556286e-15 2.648000000000000050e-33
7.842500000000000000e+03 2.574065186708563182e-15 2.641999999999999993e-33
7.868000000000000000e+03 2.684003169646042500e-15 3.231999999999999842e-33
7.893600000000000364e+03 2.709276269171898391e-15 3.332000000000000326e-33
7.919199999999999818e+03 2.723176473911121143e-15 3.187000000000000273e-33
7.944699999999999818e+03 2.686530479598627379e-15 2.941000000000000012e-33
7.970300000000000182e+03 2.452754308984447964e-15 2.316999999999999958e-33
7.995899999999999636e+03 2.189914073915531000e-15 6.059000000000000321e-34
8.021500000000000000e+03 1.898009774391880038e-15 5.238000000000000352e-34
8.047000000000000000e+03 1.622532989560037692e-15 4.708000000000000213e-34
8.072600000000000364e+03 1.429193778187228570e-15 4.947999999999999905e-34
8.098199999999999818e+03 1.329365035060090938e-15 5.008999999999999851e-34
8.123699999999999818e+03 1.297773660652770088e-15 2.985999999999999922e-33
8.149300000000000182e+03 1.247859289089203343e-15 3.063999999999999972e-33
8.174899999999999636e+03 1.173177279990295000e-15 4.896000000000000385e-34
8.200500000000000000e+03 1.138426768142240291e-15 3.280000000000000293e-33
8.226000000000000000e+03 1.170776335535338695e-15 3.444000000000000239e-33
8.251600000000000364e+03 1.221448900084682403e-15 3.885000000000000111e-33
8.277200000000000728e+03 1.220185245108388583e-15 4.030000000000000164e-33
8.302700000000000728e+03 1.154980648331676692e-15 7.916999999999999382e-34
8.328299999999999272e+03 1.026340571745062800e-15 8.333000000000000672e-34
8.353899999999999636e+03 8.568844394241907251e-16 7.569999999999999938e-34
8.379500000000000000e+03 7.252115908944743076e-16 2.589999999999999960e-33
8.405000000000000000e+03 7.295080178138696670e-16 2.633000000000000080e-33
8.430600000000000364e+03 8.057064128843302584e-16 2.572000000000000133e-33
8.456200000000000728e+03 9.279018490918495336e-16 3.030999999999999832e-33
8.481700000000000728e+03 1.072211247384495869e-15 2.666999999999999943e-33
8.507299999999999272e+03 1.260622204349761045e-15 2.311999999999999968e-33
8.532899999999999636e+03 1.483530942167820826e-15 2.706999999999999863e-33
8.558399999999999636e+03 1.728680007568636536e-15 2.737999999999999870e-33
8.584000000000000000e+03 1.987729277708674801e-15 3.446999999999999754e-33
8.609600000000000364e+03 2.155795389555626060e-15 4.747999999999999962e-33
8.635200000000000728e+03 2.231614688133198466e-15 4.716999999999999955e-33
8.660700000000000728e+03 2.248042202825002152e-15 4.966000000000000074e-33
8.686299999999999272e+03 2.279633577232326552e-15 3.838999999999999793e-33
8.711899999999999636e+03 2.304906676758185598e-15 3.768999999999999932e-33
8.737399999999999636e+03 2.299852056853012685e-15 9.128999999999999836e-34
8.763000000000000000e+03 2.249305857801296959e-15 1.165000000000000069e-33
8.788600000000000364e+03 2.148213459697868662e-15 1.255000000000000060e-33
8.814200000000000728e+03 2.016793342163409588e-15 1.185999999999999924e-33
8.839700000000000728e+03 1.866418399984559583e-15 9.741999999999999159e-34
8.865299999999999272e+03 1.732470972497516813e-15 1.036000000000000053e-33
8.890899999999999636e+03 1.633905884346671818e-15 8.560000000000000698e-34
8.916399999999999636e+03 1.539131761124708480e-15 8.253000000000000490e-34
8.942000000000000000e+03 1.460785152594549814e-15 1.031999999999999958e-33
8.967600000000000364e+03 1.401393368708786025e-15 1.085999999999999953e-33
8.993200000000000728e+03 1.291455385771306707e-15 1.229000000000000043e-33
9.018700000000000728e+03 1.159150709753444267e-15 1.227000000000000082e-33
9.044299999999999272e+03 1.090534244540740187e-15 1.110000000000000007e-33
9.069899999999999636e+03 1.092808823498066933e-15 1.350999999999999937e-33
9.095399999999999636e+03 1.109362703687504912e-15 1.654000000000000050e-33
9.121000000000000000e+03 1.142596829564005696e-15 9.843000000000000394e-33
9.146600000000000364e+03 1.225871692501706336e-15 1.037999999999999980e-32
9.172100000000000364e+03 1.266182286245449041e-15 1.721000000000000053e-33
9.197700000000000728e+03 1.328101380083800076e-15 1.047000000000000031e-32
9.223299999999999272e+03 1.472158047381185517e-15 1.125999999999999941e-32
