3.776699999999999818e+03 1.669225649700511426e-15 5.694000000000000263e-32
3.802300000000000182e+03 1.328080916294516713e-15 5.129999999999999473e-32
3.827900000000000091e+03 1.020454770231905360e-15 4.013000000000000232e-34
3.853400000000000091e+03 9.504381655590598595e-16 5.818000000000000391e-34
3.879000000000000000e+03 9.586315980207754677e-16 2.726000000000000168e-32
3.904599999999999909e+03 1.312438908867604254e-15 2.804000000000000149e-32
3.930099999999999909e+03 2.003666665637829427e-15 2.303000000000000123e-32
3.955699999999999818e+03 2.480375463410399043e-15 1.926000000000000123e-32
3.981300000000000182e+03 2.966022551141202433e-15 2.122999999999999935e-32
4.006800000000000182e+03 3.281842129665530577e-15 1.577999999999999997e-32
4.032400000000000091e+03 3.278862699679452783e-15 2.005000000000000034e-32
4.058000000000000000e+03 2.909413381405710552e-15 1.702999999999999952e-32
4.083599999999999909e+03 2.396206566303679586e-15 1.372999999999999927e-32
4.109100000000000364e+03 2.049847830422046861e-15 1.352999999999999967e-32
4.134699999999999818e+03 2.046868400435968673e-15 1.041000000000000043e-32
4.160300000000000182e+03 1.987279800714397027e-15 8.468999999999999443e-33
4.185800000000000182e+03 2.075172985303715008e-15 8.592000000000000087e-33
4.211399999999999636e+03 2.025267533036898261e-15 7.003000000000000591e-33
4.237000000000000000e+03 2.002921808141309486e-15 5.874000000000000177e-33
4.262600000000000364e+03 2.119864435094893742e-15 5.260999999999999827e-33
4.288100000000000364e+03 2.127313010060090000e-15 4.361000000000000256e-33
4.313699999999999818e+03 2.178708177319945052e-15 3.280000000000000293e-33
4.339300000000000182e+03 2.273305079377938560e-15 3.555000000000000086e-33
4.364800000000000182e+03 2.387268276345442262e-15 3.480999999999999960e-33
4.390399999999999636e+03 2.253193926971908425e-15 3.072999999999999885e-33
4.416000000000000000e+03 1.762332836765466234e-15 2.367999999999999925e-33
4.441600000000000364e+03 1.554517595236487191e-15 2.490000000000000160e-33
4.467100000000000364e+03 1.493439280521876649e-15 1.636000000000000018e-32
4.492699999999999818e+03 1.730303964415121574e-15 1.302999999999999930e-32
4.518300000000000182e+03 2.119119577598373012e-15 2.484000000000000103e-33
4.543800000000000182e+03 2.429725153647063538e-15 2.442000000000000050e-33
4.569399999999999636e+03 2.785022179486930827e-15 2.332999999999999994e-33
4.595000000000000000e+03 3.256516974783863613e-15 2.332999999999999994e-33
4.620500000000000000e+03 3.756316354948540368e-15 2.241000000000000041e-33
4.646100000000000364e+03 3.780151794837169815e-15 2.373999999999999981e-33
4.671699999999999818e+03 3.925399006658497644e-15 2.577999999999999847e-33
4.697300000000000182e+03 3.723542625101676357e-15 1.598000000000000094e-33
4.722800000000000182e+03 3.159685500236308703e-15 1.407999999999999960e-33
4.748399999999999636e+03 2.545922923104125881e-15 1.185000000000000029e-33
4.774000000000000000e+03 2.208502477180730086e-15 1.154999999999999918e-33
4.799500000000000000e+03 1.979086368252681222e-15 1.335999999999999967e-33
4.825100000000000364e+03 1.720620816960366674e-15 1.229000000000000043e-33
4.850699999999999818e+03 1.904600618600716665e-15 1.067000000000000059e-33
4.876300000000000182e+03 2.287457371811812319e-15 1.173999999999999982e-33
4.901800000000000182e+03 2.221909912118082720e-15 1.003000000000000084e-33
4.927399999999999636e+03 2.166790457375630328e-15 8.810000000000000199e-34
4.953000000000000000e+03 2.671058982519426336e-15 9.295999999999999297e-34
4.978500000000000000e+03 3.155961212753711363e-15 1.051000000000000023e-33
5.004100000000000364e+03 3.169368647691064786e-15 1.100000000000000027e-33
5.029699999999999818e+03 2.969001981127281804e-15 8.705999999999999449e-34
5.055300000000000182e+03 2.562309788027559464e-15 7.005000000000000040e-34
5.080800000000000182e+03 2.088580420241068825e-15 4.031999999999999613e-34
5.106399999999999636e+03 2.091559850227146618e-15 4.561000000000000370e-34
5.132000000000000000e+03 2.167535314872150664e-15 5.905999999999999908e-34
5.157500000000000000e+03 2.285222799322252889e-15 6.037999999999999610e-34
5.183100000000000364e+03 2.363432836456815181e-15 7.078000000000000270e-34
5.208699999999999818e+03 2.562309788027559464e-15 4.019000000000000118e-33
5.234199999999999818e+03 2.723943864772320876e-15 2.963999999999999829e-33
5.259800000000000182e+03 3.017417718401058667e-15 2.743999999999999926e-33
5.285399999999999636e+03 3.470291076284999624e-15 7.205999999999999878e-34
5.311000000000000000e+03 3.714604335143438638e-15 5.702000000000000212e-34
5.336500000000000000e+03 3.906777569245507787e-15 5.396999999999999624e-34
5.362100000000000364e+03 4.036382773639926314e-15 5.112000000000000364e-34
5.387699999999999818e+03 4.043086491108600264e-15 5.940999999999999667e-34
5.413199999999999818e+03 3.820374099649229295e-15 4.857999999999999913e-34
5.438800000000000182e+03 3.687044607772215795e-15 4.488000000000000139e-34
5.464399999999999636e+03 3.640118585491476842e-15 4.367999999999999865e-34
5.490000000000000000e+03 3.599896280679414995e-15 4.257000000000000019e-34
5.515500000000000000e+03 3.519451671055295640e-15 4.096000000000000272e-34
5.541100000000000364e+03 3.593937420707258620e-15 5.803999999999999632e-34
5.566699999999999818e+03 3.705666045185204075e-15 1.098999999999999961e-33
5.592199999999999818e+03 3.438262203934653977e-15 1.850000000000000069e-33
5.617800000000000182e+03 3.009224285939342467e-15 3.046000000000000144e-33
5.643399999999999636e+03 2.660630977568150312e-15 4.957999999999999714e-34
5.668899999999999636e+03 2.403655141268876239e-15 3.294000000000000111e-34
5.694500000000000000e+03 2.131037297542687735e-15 2.865999999999999820e-34
5.720100000000000364e+03 1.838308301410469491e-15 2.912999999999999863e-34
5.745699999999999818e+03 1.523233580382662077e-15 3.755999999999999924e-34
5.771199999999999818e+03 1.288603468978975596e-15 2.629999999999999795e-34
5.796800000000000182e+03 1.275196034041621976e-15 1.890000000000000032e-34
5.822399999999999636e+03 1.448002973234178762e-15 2.646000000000000173e-34
5.847899999999999636e+03 1.690826517099580457e-15 2.999999999999999997e-34
5.873500000000000000e+03 1.820431721493998392e-15 1.903000000000000169e-33
5.899100000000000364e+03 2.039419825470771626e-15 2.725999999999999928e-34
5.924699999999999818e+03 2.238296777041516303e-15 2.840000000000000060e-34
5.950199999999999818e+03 2.324700246637794006e-15 2.628999999999999985e-34
5.975800000000000182e+03 2.369391696428972346e-15 2.442999999999999860e-34
6.001399999999999636e+03 2.343321684050785835e-15 3.325000000000000203e-34
6.026899999999999636e+03 2.225634199600682032e-15 2.667000000000000029e-34
6.052500000000000000e+03 2.093794422716705654e-15 2.095000000000000179e-34
6.078100000000000364e+03 2.075172985303715008e-15 2.503999999999999807e-34
6.103699999999999818e+03 2.111671002633177936e-15 2.210999999999999930e-34
6.129199999999999818e+03 2.195095042243376268e-15 2.075000000000000133e-34
6.154800000000000182e+03 2.325445104134312764e-15 2.044000000000000041e-34
6.180399999999999636e+03 2.548157495593685705e-15 2.289999999999999875e-34
6.205899999999999636e+03 2.607746095315256167e-15 2.404000000000000007e-34
6.231500000000000000e+03 2.552626640572804959e-15 2.156999999999999935e-34
6.257100000000000364e+03 2.416317718709709721e-15 2.446000000000000145e-34
6.282600000000000364e+03 2.271070506888379130e-15 2.379999999999999866e-34
6.308199999999999818e+03 2.151148449948717081e-15 2.086999999999999990e-34
6.333800000000000182e+03 2.195839899739896209e-15 4.574000000000000036e-34
6.359399999999999636e+03 2.306823666721322118e-15 1.857999999999999917e-34
6.384899999999999636e+03 2.557840643048441787e-15 2.525999999999999900e-34
6.410500000000000000e+03 2.887812514006640535e-15 2.298999999999999874e-34
6.436100000000000364e+03 3.191714372586653167e-15 1.730000000000000095e-34
6.461600000000000364e+03 3.409212761570386912e-15 2.035000000000000042e-34
6.487199999999999818e+03 3.532114248496127544e-15 2.269000000000000020e-34
6.512800000000000182e+03 3.566377693336031832e-15 2.217999999999999882e-34
6.538399999999999636e+03 3.578295413280347739e-15 2.287000000000000018e-34
6.563899999999999636e+03 3.619262575588927161e-15 3.157000000000000077e-34
6.589500000000000000e+03 3.543287110943924298e-15 5.839999999999999629e-34
6.615100000000000364e+03 3.349624161848816845e-15 7.258999999999999635e-34
6.640600000000000364e+03 3.056150308220079448e-15 4.287000000000000301e-34
6.666199999999999818e+03 2.688190704939377889e-15 1.691000000000000028e-34
6.691800000000000182e+03 2.332148821602991053e-15 1.354999999999999989e-34
6.717399999999999636e+03 2.039419825470771626e-15 1.648000000000000079e-34
6.742899999999999636e+03 1.878530606222529760e-15 1.714999999999999954e-34
6.768500000000000000e+03 1.758608549282867711e-15 1.821999999999999920e-34
6.794100000000000364e+03 1.644645352315362826e-15 2.021999999999999948e-34
6.819600000000000364e+03 1.593995042552028308e-15 1.343999999999999942e-34
6.845199999999999818e+03 1.561966170201683647e-15 1.177000000000000053e-34
6.870800000000000182e+03 1.503122427976632140e-15 1.416999999999999959e-34
6.896300000000000182e+03 1.395862948477803769e-15 1.403000000000000055e-34
6.921899999999999636e+03 1.337764063749272204e-15 6.085999999999999890e-34
6.947500000000000000e+03 1.372027508589175111e-15 1.109999999999999965e-34
6.973100000000000364e+03 1.417463815876873392e-15 1.315999999999999921e-34
6.998600000000000364e+03 1.469603840633248188e-15 1.291999999999999995e-34
7.024199999999999818e+03 1.551538165250408609e-15 1.235999999999999953e-34
7.049800000000000182e+03 1.611871622468499604e-15 1.011999999999999998e-34
7.075300000000000182e+03 1.658797644749236585e-15 8.849999999999999862e-35
7.100899999999999636e+03 1.690826517099580457e-15 1.070999999999999897e-34
7.126500000000000000e+03 1.713172241995170021e-15 1.205000000000000074e-34
7.152100000000000364e+03 1.724345104442964803e-15 9.927999999999999284e-35
7.177600000000000364e+03 1.730303964415121574e-15 1.155999999999999984e-34
7.203199999999999818e+03 1.781699131674977611e-15 9.176999999999999261e-34
7.228800000000000182e+03 1.938864063440619770e-15 1.334000000000000005e-33
7.254300000000000182e+03 2.090070135234107130e-15 1.213000000000000007e-33
7.279899999999999636e+03 2.230103344579799314e-15 2.030999999999999947e-34
7.305500000000000000e+03 2.413338288723630744e-15 8.057000000000000129e-34
7.331100000000000364e+03 2.631581535203884825e-15 9.942999999999999852e-34
7.356600000000000364e+03 2.730647582240997588e-15 1.621000000000000082e-34
7.382199999999999818e+03 2.718729862296682864e-15 1.793000000000000089e-34
7.407800000000000182e+03 2.621898387749129137e-15 1.388999999999999938e-34
7.433300000000000182e+03 2.475906318431280972e-15 1.318999999999999992e-34
7.458899999999999636e+03 2.385778561352404351e-15 7.042000000000000274e-34
7.484500000000000000e+03 2.368646838932452799e-15 1.008999999999999970e-33
7.510000000000000000e+03 2.421531721185348127e-15 2.224999999999999834e-34
7.535600000000000364e+03 2.414083146220150685e-15 2.336000000000000108e-34
7.561199999999999818e+03 2.299375091756126254e-15 2.181000000000000076e-34
7.586800000000000182e+03 2.139975587500923482e-15 2.190999999999999885e-34
7.612300000000000182e+03 1.818942006500958115e-15 1.878999999999999986e-34
7.637899999999999636e+03 1.506846715459229875e-15 7.618999999999999601e-34
7.663500000000000000e+03 1.449492688227217856e-15 1.131000000000000034e-33
7.689000000000000000e+03 1.564945600187761835e-15 1.724999999999999977e-33
7.714600000000000364e+03 1.677419082162226639e-15 1.430000000000000053e-33
7.740199999999999818e+03 1.879275463719050096e-15 4.706999999999999975e-34
7.765800000000000182e+03 2.128057867556608364e-15 3.880999999999999675e-34
7.791300000000000182e+03 2.338107681575148218e-15 9.657999999999999737e-34
7.816899999999999636e+03 2.618918957763051344e-15 7.330999999999999628e-34
7.842500000000000000e+03 2.747034447164429199e-15 1.665000000000000054e-34
7.868000000000000000e+03 2.849824781684139696e-15 1.288999999999999924e-33
7.893600000000000364e+03 2.913882526384827834e-15 1.443000000000000061e-33
7.919199999999999818e+03 2.944421683742133598e-15 1.445000000000000023e-33
7.944699999999999818e+03 2.904944236426593665e-15 1.515999999999999949e-33
7.970300000000000182e+03 2.705322427359329835e-15 1.838999999999999895e-34
7.995899999999999636e+03 2.400675711282797657e-15 1.686999999999999933e-34
8.021500000000000000e+03 2.081876702772390930e-15 7.899000000000000239e-34
8.047000000000000000e+03 1.811493431535762251e-15 6.956000000000000377e-34
8.072600000000000364e+03 1.637941634846687101e-15 6.794999999999999775e-34
8.098199999999999818e+03 1.567925030173840220e-15 5.091999999999999891e-34
8.123699999999999818e+03 1.509826145445308457e-15 6.387000000000000384e-34
8.149300000000000182e+03 1.479286988088003284e-15 7.153000000000000120e-34
8.174899999999999636e+03 1.410015240911677331e-15 6.315000000000000391e-34
8.200500000000000000e+03 1.384690086030008790e-15 7.402000000000000239e-34
8.226000000000000000e+03 1.434595538296825536e-15 7.772999999999999396e-34
8.251600000000000364e+03 1.446513258241138879e-15 9.444000000000000233e-34
8.277200000000000728e+03 1.393628375988244931e-15 2.601000000000000178e-34
8.302700000000000728e+03 1.290093183972014690e-15 4.204000000000000261e-34
8.328299999999999272e+03 1.105368524835144560e-15 4.864999999999999865e-34
8.353899999999999636e+03 9.414998756008243099e-16 2.238999999999999908e-33
8.379500000000000000e+03 8.752075584105760513e-16 6.715999999999999830e-34
8.405000000000000000e+03 8.945738533200869347e-16 1.126000000000000044e-33
8.430600000000000364e+03 9.839567529024434171e-16 8.472999999999999709e-34
8.456200000000000728e+03 1.112817099800341016e-15 5.998999999999999756e-34
8.481700000000000728e+03 1.269237174069465403e-15 8.073999999999999889e-34
8.507299999999999272e+03 1.454706690702855276e-15 7.416000000000000143e-34
8.532899999999999636e+03 1.696785377071738410e-15 6.382000000000000052e-34
8.558399999999999636e+03 2.003666665637829427e-15 8.447000000000000376e-34
8.584000000000000000e+03 2.262877074426663719e-15 1.337000000000000033e-33
8.609600000000000364e+03 2.392482278821081851e-15 1.473000000000000001e-33
8.635200000000000728e+03 2.440898016094857926e-15 1.636999999999999947e-33
8.660700000000000728e+03 2.528046343187655176e-15 1.608000000000000074e-33
8.686299999999999272e+03 2.607746095315256167e-15 9.884999999999999763e-34
8.711899999999999636e+03 2.624877817735208508e-15 7.957000000000000328e-34
8.737399999999999636e+03 2.604021807832659221e-15 4.298999999999999729e-34
8.763000000000000000e+03 2.528791200684173934e-15 1.036999999999999948e-33
8.788600000000000364e+03 2.408124286247993521e-15 1.275999999999999915e-33
8.814200000000000728e+03 2.260642501937105473e-15 1.141000000000000014e-33
8.839700000000000728e+03 2.085600990254989848e-15 9.762999999999999870e-34
8.865299999999999272e+03 1.941843493426699141e-15 7.852000000000000196e-34
8.890899999999999636e+03 1.848736306361743937e-15 5.173999999999999693e-34
8.916399999999999636e+03 1.781699131674977611e-15 4.005000000000000043e-34
8.942000000000000000e+03 1.754884261800270173e-15 3.416999999999999814e-34
8.967600000000000364e+03 1.732538536904681003e-15 3.884999999999999769e-34
8.993200000000000728e+03 1.623789342412812750e-15 2.174000000000000038e-33
9.018700000000000728e+03 1.507591572955749619e-15 1.944999999999999880e-33
9.044299999999999272e+03 1.398842378463882351e-15 1.698999999999999960e-33
9.069899999999999636e+03 1.351916356183145174e-15 3.402999999999999911e-34
9.095399999999999636e+03 1.425657248338589000e-15 3.891999999999999721e-34
9.121000000000000000e+03 1.557497025222565182e-15 1.769000000000000163e-33
9.146600000000000364e+03 1.675184509672669576e-15 2.507999999999999987e-33
9.172100000000000364e+03 1.753394546807230290e-15 4.705000000000000356e-34
9.197700000000000728e+03 1.817452291507919021e-15 4.385999999999999864e-34
9.223299999999999272e+03 1.958975215846651087e-15 4.113000000000000032e-34
