3.776699999999999818e+03 9.591503240969541967e-16 1.314999999999999906e-32
3.802300000000000182e+03 8.800521984909974116e-16 1.202000000000000063e-32
3.827900000000000091e+03 8.636263825431595209e-16 1.183999999999999962e-32
3.853400000000000091e+03 6.093195534936000803e-16 8.372999999999999908e-33
3.879000000000000000e+03 6.071685537861452394e-16 7.602000000000000011e-33
3.904599999999999909e+03 5.563267425190282169e-16 5.857999999999999798e-33
3.930099999999999909e+03 8.382054769096013055e-16 7.599999999999999878e-33
3.955699999999999818e+03 1.232913923227583210e-15 5.377000000000000006e-33
3.981300000000000182e+03 1.512543885196725552e-15 5.683999999999999872e-33
4.006800000000000182e+03 1.487122979563167337e-15 1.928999999999999912e-32
4.032400000000000091e+03 1.574140695001117667e-15 5.537999999999999753e-33
4.058000000000000000e+03 1.492011615261928312e-15 2.056999999999999930e-32
4.083599999999999909e+03 1.256379374581636917e-15 1.597999999999999957e-32
4.109100000000000364e+03 1.077455308006975676e-15 3.775000000000000331e-33
4.134699999999999818e+03 1.013903043923079842e-15 2.907999999999999873e-33
4.160300000000000182e+03 9.796825940317516340e-16 9.484000000000000495e-33
4.185800000000000182e+03 1.127319392134340346e-15 2.563999999999999944e-33
4.211399999999999636e+03 1.137096663531863085e-15 7.865999999999999757e-33
4.237000000000000000e+03 1.089188033684002924e-15 9.588000000000000561e-33
4.262600000000000364e+03 1.054967583792674125e-15 7.223000000000000152e-33
4.288100000000000364e+03 1.177183476261705410e-15 5.569000000000000273e-34
4.313699999999999818e+03 1.149807116348642094e-15 8.494999999999999801e-33
4.339300000000000182e+03 1.286688915913956897e-15 7.586999999999999699e-33
4.364800000000000182e+03 1.329708910063055097e-15 6.388000000000000108e-33
4.390399999999999636e+03 1.301354823010240020e-15 5.326000000000000039e-33
4.416000000000000000e+03 1.110698030758551728e-15 5.174000000000000206e-33
4.441600000000000364e+03 9.608124602345327626e-16 5.860999999999999998e-33
4.467100000000000364e+03 8.767279262158396881e-16 1.371999999999999963e-33
4.492699999999999818e+03 9.268853284851299058e-16 4.990999999999999682e-33
4.518300000000000182e+03 1.097987577941772916e-15 4.920999999999999822e-33
4.543800000000000182e+03 1.234869377507087324e-15 4.856000000000000294e-33
4.569399999999999636e+03 1.435303441156298159e-15 4.232999999999999964e-33
4.595000000000000000e+03 1.535031609411027301e-15 1.479999999999999953e-33
4.620500000000000000e+03 1.712977948845935992e-15 4.950999999999999762e-33
4.646100000000000364e+03 1.655292047600553683e-15 4.883000000000000034e-33
4.671699999999999818e+03 1.693423406050891302e-15 4.187000000000000329e-33
4.697300000000000182e+03 1.475390253886140089e-15 3.425999999999999728e-33
4.722800000000000182e+03 1.161539842025669145e-15 2.943999999999999869e-33
4.748399999999999636e+03 9.697097772062778718e-16 3.558000000000000285e-33
4.774000000000000000e+03 8.246150696670451591e-16 2.578999999999999914e-33
4.799500000000000000e+03 7.648759414281826330e-16 4.305999999999999681e-34
4.825100000000000364e+03 6.745339537150750723e-16 5.968000000000000092e-34
4.850699999999999818e+03 7.913723469154684169e-16 2.747000000000000126e-33
4.876300000000000182e+03 9.410623720115374442e-16 5.395000000000000004e-34
4.901800000000000182e+03 9.454621441404224403e-16 1.924999999999999920e-33
4.927399999999999636e+03 9.008777865677201998e-16 3.955000000000000143e-34
4.953000000000000000e+03 1.124386210715083682e-15 2.578999999999999914e-33
4.978500000000000000e+03 1.266156645979159065e-15 5.440999999999999810e-34
5.004100000000000364e+03 1.340463908600330189e-15 2.043999999999999956e-33
5.029699999999999818e+03 1.373706631351906833e-15 2.558999999999999954e-33
5.055300000000000182e+03 1.205537563314520092e-15 4.402000000000000242e-34
5.080800000000000182e+03 9.164236480897809533e-16 1.686000000000000123e-33
5.106399999999999636e+03 8.696882908096237732e-16 1.557000000000000107e-33
5.132000000000000000e+03 8.856252431875850931e-16 1.334000000000000005e-33
5.157500000000000000e+03 1.022702588180850425e-15 1.670000000000000087e-33
5.183100000000000364e+03 1.204559836174767936e-15 1.495999999999999989e-33
5.208699999999999818e+03 1.338508454320825878e-15 1.320999999999999997e-33
5.234199999999999818e+03 1.376639812771163497e-15 1.733000000000000166e-33
5.259800000000000182e+03 1.483212071004158123e-15 1.701000000000000093e-33
5.285399999999999636e+03 1.548719789367558663e-15 1.334000000000000005e-33
5.311000000000000000e+03 1.640626140504269377e-15 1.544999999999999994e-33
5.336500000000000000e+03 1.668002500417333087e-15 1.680000000000000067e-33
5.362100000000000364e+03 1.649425684762040552e-15 1.459999999999999993e-33
5.387699999999999818e+03 1.560452515044585319e-15 1.872000000000000162e-33
5.413199999999999818e+03 1.427481624038280519e-15 4.038000000000000182e-34
5.438800000000000182e+03 1.335575272901568622e-15 1.258999999999999984e-33
5.464399999999999636e+03 1.220203470410803807e-15 1.458000000000000031e-33
5.490000000000000000e+03 1.097009850802020958e-15 8.212999999999999543e-34
5.515500000000000000e+03 1.025635769600106498e-15 1.008000000000000074e-33
5.541100000000000364e+03 1.058878492351683142e-15 1.188999999999999952e-33
5.566699999999999818e+03 1.104831667920038794e-15 1.620999999999999911e-33
5.592199999999999818e+03 1.046168039534904132e-15 1.605999999999999941e-33
5.617800000000000182e+03 8.656796095366392449e-16 8.292000000000000344e-34
5.643399999999999636e+03 6.959461780756492525e-16 8.779000000000000534e-34
5.668899999999999636e+03 6.318072777079017303e-16 7.082999999999999747e-34
5.694500000000000000e+03 5.653218322047491332e-16 7.401000000000000002e-34
5.720100000000000364e+03 5.100802488087471146e-16 1.848999999999999917e-34
5.745699999999999818e+03 4.002814910145698329e-16 1.548000000000000065e-34
5.771199999999999818e+03 3.156103207120252185e-16 1.202000000000000003e-34
5.796800000000000182e+03 3.157080934260004833e-16 5.012999999999999946e-34
5.822399999999999636e+03 3.869844019139391360e-16 1.905999999999999983e-34
5.847899999999999636e+03 4.166095342484323601e-16 1.525999999999999972e-34
5.873500000000000000e+03 5.292437007478912383e-16 9.175000000000000496e-34
5.899100000000000364e+03 6.480375482277890913e-16 2.831000000000000061e-34
5.924699999999999818e+03 7.127630848793878082e-16 2.606000000000000082e-34
5.950199999999999818e+03 7.459080349169891377e-16 2.287000000000000018e-34
5.975800000000000182e+03 7.221492654210093896e-16 5.486000000000000233e-34
6.001399999999999636e+03 6.804003165535884004e-16 1.513999999999999902e-34
6.026899999999999636e+03 6.294607325724963596e-16 1.578999999999999943e-34
6.052500000000000000e+03 6.005200092358296937e-16 4.951999999999999999e-34
6.078100000000000364e+03 5.993467366681271069e-16 5.875999999999999625e-34
6.103699999999999818e+03 6.158703253299401146e-16 5.541999999999999848e-34
6.129199999999999818e+03 6.751205899989263657e-16 5.455999999999999951e-34
6.154800000000000182e+03 7.988030731775851940e-16 8.068000000000000175e-34
6.180399999999999636e+03 8.590310649863239951e-16 4.975999999999999712e-34
6.205899999999999636e+03 8.572711561347700164e-16 1.083999999999999991e-34
6.231500000000000000e+03 8.972601961506363366e-16 4.947999999999999905e-34
6.257100000000000364e+03 9.699053226342286973e-16 5.717000000000000353e-34
6.282600000000000364e+03 1.022702588180850425e-15 5.155999999999999695e-34
6.308199999999999818e+03 1.012925316783327883e-15 5.382999999999999720e-34
6.333800000000000182e+03 9.506440979811093581e-16 4.821999999999999917e-34
6.359399999999999636e+03 9.392046904460084471e-16 5.346000000000000342e-34
6.384899999999999636e+03 9.845712297305124121e-16 4.968000000000000378e-34
6.410500000000000000e+03 1.051056675233665305e-15 5.144000000000000266e-34
6.436100000000000364e+03 1.140029844951120144e-15 5.026999999999999850e-34
6.461600000000000364e+03 1.197715746196502058e-15 5.543000000000000085e-34
6.487199999999999818e+03 1.248557557463619278e-15 6.041999999999999705e-34
6.512800000000000182e+03 1.233891650367335169e-15 5.011000000000000326e-34
6.538399999999999636e+03 1.260290283140646131e-15 5.856000000000000008e-34
6.563899999999999636e+03 1.282778007354947288e-15 7.965999999999999900e-34
6.589500000000000000e+03 1.277889371656186708e-15 3.953999999999999905e-34
6.615100000000000364e+03 1.201626654755511075e-15 4.442000000000000333e-34
6.640600000000000364e+03 1.044212585255399230e-15 2.664999999999999982e-34
6.666199999999999818e+03 8.480805210210987675e-16 1.193000000000000004e-34
6.691800000000000182e+03 6.639745006057507070e-16 8.779000000000000107e-35
6.717399999999999636e+03 5.449851076979024228e-16 8.856000000000000218e-35
6.742899999999999636e+03 4.657892093779704222e-16 1.055999999999999970e-34
6.768500000000000000e+03 4.351863499037248946e-16 8.213999999999999567e-35
6.794100000000000364e+03 3.936329464642546323e-16 8.495000000000000015e-35
6.819600000000000364e+03 3.692875406844235416e-16 6.351999999999999984e-35
6.845199999999999818e+03 3.724162675316307354e-16 8.407000000000000499e-35
6.870800000000000182e+03 3.736873128133086856e-16 1.014000000000000045e-34
6.896300000000000182e+03 3.748605853810114202e-16 2.561999999999999896e-34
6.921899999999999636e+03 3.742739490971601269e-16 3.202000000000000072e-34
6.947500000000000000e+03 3.840512204946824719e-16 2.916000000000000147e-34
6.973100000000000364e+03 4.056589902832070832e-16 2.660999999999999887e-34
6.998600000000000364e+03 4.182716703860111233e-16 2.331000000000000204e-34
7.024199999999999818e+03 4.422259853099411053e-16 2.869999999999999914e-34
7.049800000000000182e+03 4.769352987711458837e-16 2.498000000000000093e-34
7.075300000000000182e+03 5.089069762410444293e-16 2.579999999999999895e-34
7.100899999999999636e+03 5.205419292040960672e-16 2.671000000000000123e-34
7.126500000000000000e+03 5.409764264249179932e-16 2.635000000000000127e-34
7.152100000000000364e+03 5.573044696587804711e-16 3.013999999999999900e-34
7.177600000000000364e+03 5.886895108448277232e-16 3.305000000000000158e-34
7.203199999999999818e+03 6.451043668085323286e-16 3.487000000000000188e-34
7.228800000000000182e+03 6.865599975340275725e-16 4.803999999999999919e-34
7.254300000000000182e+03 7.584229423058175185e-16 5.036999999999999659e-34
7.279899999999999636e+03 8.912960605981480887e-16 4.705999999999999738e-34
7.305500000000000000e+03 1.045190312395151188e-15 4.036999999999999945e-34
7.331100000000000364e+03 1.185005293379723246e-15 4.205999999999999881e-34
7.356600000000000364e+03 1.263223464559902796e-15 3.924999999999999860e-34
7.382199999999999818e+03 1.240735740345600850e-15 4.598999999999999986e-34
7.407800000000000182e+03 1.146873934929385233e-15 1.449000000000000075e-34
7.433300000000000182e+03 1.001192591106300635e-15 3.559999999999999991e-34
7.458899999999999636e+03 8.744791537944097302e-16 3.164000000000000029e-34
7.484500000000000000e+03 7.919589831993197102e-16 2.606000000000000082e-34
7.510000000000000000e+03 7.376951269430700445e-16 2.768999999999999876e-34
7.535600000000000364e+03 6.900798152371355299e-16 7.307000000000000129e-35
7.561199999999999818e+03 6.423667308172262929e-16 8.369000000000000027e-35
7.586800000000000182e+03 5.824320571504134343e-16 1.243999999999999928e-34
7.612300000000000182e+03 5.102757942366974471e-16 3.521000000000000137e-34
7.637899999999999636e+03 4.520032567074637461e-16 3.683000000000000121e-34
7.663500000000000000e+03 4.526876657052902551e-16 5.799000000000000156e-34
7.689000000000000000e+03 5.119379303742764075e-16 5.836000000000000390e-34
7.714600000000000364e+03 5.778367395935778098e-16 5.188999999999999834e-34
7.740199999999999818e+03 6.623123644681720424e-16 3.739999999999999973e-34
7.765800000000000182e+03 7.953810281884527479e-16 3.087999999999999941e-34
7.791300000000000182e+03 9.474175984199269488e-16 4.165999999999999790e-34
7.816899999999999636e+03 1.075499853727471562e-15 5.466999999999999997e-34
7.842500000000000000e+03 1.098965305081525466e-15 5.375999999999999769e-34
7.868000000000000000e+03 1.040301676696390410e-15 4.947999999999999905e-34
7.893600000000000364e+03 9.845712297305124121e-16 5.746000000000000398e-34
7.919199999999999818e+03 9.087973763997131534e-16 5.436000000000000333e-34
7.944699999999999818e+03 8.194331158263579455e-16 3.737000000000000116e-34
7.970300000000000182e+03 7.181405841480251572e-16 1.207999999999999931e-34
7.995899999999999636e+03 6.114705532010551185e-16 1.188999999999999910e-34
8.021500000000000000e+03 5.440073805581500700e-16 3.982999999999999950e-34
8.047000000000000000e+03 4.813350709000309784e-16 2.498000000000000093e-34
8.072600000000000364e+03 4.283422599254593615e-16 9.175000000000000069e-35
8.098199999999999818e+03 3.946106736040068865e-16 2.867999999999999867e-34
8.123699999999999818e+03 3.774026759443672220e-16 1.945000000000000051e-34
8.149300000000000182e+03 3.765227215185901834e-16 6.611999999999999721e-35
8.174899999999999636e+03 3.774026759443672220e-16 2.066000000000000134e-34
8.200500000000000000e+03 3.813135845033762389e-16 3.027999999999999804e-34
8.226000000000000000e+03 3.987171275909660881e-16 2.790999999999999969e-34
8.251600000000000364e+03 4.449636213012475354e-16 1.315999999999999921e-34
8.277200000000000728e+03 4.750776172056166895e-16 1.824999999999999991e-34
8.302700000000000728e+03 4.572829832621257809e-16 3.209999999999999834e-34
8.328299999999999272e+03 4.038013087176778889e-16 3.137999999999999841e-34
8.353899999999999636e+03 3.383913630682525644e-16 2.489000000000000093e-34
8.379500000000000000e+03 2.967401869148068894e-16 8.295000000000000201e-34
8.405000000000000000e+03 3.301784550943337177e-16 1.884000000000000104e-34
8.430600000000000364e+03 4.055612175692319169e-16 3.218999999999999833e-34
8.456200000000000728e+03 4.857348430289159746e-16 9.810999999999999295e-35
8.481700000000000728e+03 6.400201856818206263e-16 3.463000000000000047e-34
8.507299999999999272e+03 7.705467588387457273e-16 4.532000000000000325e-34
8.532899999999999636e+03 9.787048668919992812e-16 4.079999999999999893e-34
8.558399999999999636e+03 1.162517569165421498e-15 4.290000000000000158e-34
8.584000000000000000e+03 1.300377095870487864e-15 8.444999999999999901e-34
8.609600000000000364e+03 1.364907087094136446e-15 1.051999999999999918e-33
8.635200000000000728e+03 1.378595267050668202e-15 1.003000000000000084e-33
8.660700000000000728e+03 1.360996178535127429e-15 7.081000000000000127e-34
8.686299999999999272e+03 1.350241179997852731e-15 6.081999999999999796e-34
8.711899999999999636e+03 1.342419362879834303e-15 6.902999999999999764e-34
8.737399999999999636e+03 1.307221185848753940e-15 5.364000000000000340e-34
8.763000000000000000e+03 1.231936196087830858e-15 2.414999999999999968e-33
8.788600000000000364e+03 1.136118936392110732e-15 3.360000000000000133e-33
8.814200000000000728e+03 1.025635769600106498e-15 3.293999999999999855e-33
8.839700000000000728e+03 9.167169662317066986e-16 2.105999999999999969e-33
8.865299999999999272e+03 8.317524777872361910e-16 1.811999999999999940e-33
8.890899999999999636e+03 7.258646285520678768e-16 2.415000000000000053e-34
8.916399999999999636e+03 6.302429142842980841e-16 6.227000000000000019e-34
8.942000000000000000e+03 5.573044696587804711e-16 6.251999999999999969e-34
8.967600000000000364e+03 5.214218836298732045e-16 7.257000000000000015e-34
8.993200000000000728e+03 4.653981185220695600e-16 7.118999999999999744e-34
9.018700000000000728e+03 4.436925760195696838e-16 5.374000000000000149e-34
9.044299999999999272e+03 4.074188991347613084e-16 1.059000000000000041e-34
9.069899999999999636e+03 4.098632169841418454e-16 1.306999999999999922e-34
9.095399999999999636e+03 4.331331229102454171e-16 1.552999999999999970e-34
9.121000000000000000e+03 4.644203913823170099e-16 1.938999999999999909e-34
9.146600000000000364e+03 4.831927524655603699e-16 5.037999999999999896e-34
9.172100000000000364e+03 5.399986992851657389e-16 6.171999999999999787e-34
9.197700000000000728e+03 5.530024702438707892e-16 6.131000000000000314e-34
9.223299999999999272e+03 6.290696417165953987e-16 9.737999999999999920e-34
