3.776699999999999818e+03 5.537844182869087615e-16 2.907999999999999941e-32
3.802300000000000182e+03 4.878166861176896967e-16 2.410999999999999907e-32
3.827900000000000091e+03 4.985579758410962465e-16 4.097999999999999891e-32
3.853400000000000091e+03 2.837321813729818663e-16 2.925000000000000112e-32
3.879000000000000000e+03 4.511341683830406768e-16 1.639000000000000080e-32
3.904599999999999909e+03 3.797957913521197670e-16 3.097000000000000043e-32
3.930099999999999909e+03 6.674799566799394084e-16 1.051999999999999952e-32
3.955699999999999818e+03 7.520929464822392913e-16 2.339000000000000051e-32
3.981300000000000182e+03 9.699587286079209444e-16 1.846000000000000009e-32
4.006800000000000182e+03 1.141008700807062109e-15 1.113000000000000036e-32
4.032400000000000091e+03 1.050822400299222580e-15 1.744000000000000076e-32
4.058000000000000000e+03 1.106555507354630092e-15 1.500000000000000016e-32
4.083599999999999909e+03 1.016369206846785829e-15 1.255999999999999955e-32
4.109100000000000364e+03 8.010367477690787686e-16 1.111999999999999969e-32
4.134699999999999818e+03 7.133837703092111691e-16 1.392999999999999887e-32
4.160300000000000182e+03 8.082313852253214211e-16 1.002999999999999982e-32
4.185800000000000182e+03 7.483436283712387756e-16 1.039000000000000047e-32
4.211399999999999636e+03 7.972874296580776612e-16 7.097999999999999375e-33
4.237000000000000000e+03 7.844181485743756722e-16 8.707999999999999581e-33
4.262600000000000364e+03 7.282797098312926549e-16 7.336000000000000131e-33
4.288100000000000364e+03 8.348819436899984654e-16 8.993000000000000039e-33
4.313699999999999818e+03 8.314366243447552439e-16 6.248999999999999770e-33
4.339300000000000182e+03 9.097669729880817934e-16 7.081999999999999681e-33
4.364800000000000182e+03 9.270949026362159141e-16 7.229000000000000550e-33
4.390399999999999636e+03 9.259802404951092864e-16 5.745999999999999885e-33
4.416000000000000000e+03 8.837244120549188446e-16 6.072999999999999711e-33
4.441600000000000364e+03 8.486632210709713512e-16 4.206000000000000223e-33
4.467100000000000364e+03 6.828825608116154971e-16 5.347000000000000066e-33
4.492699999999999818e+03 7.199704102339410080e-16 5.299999999999999681e-33
4.518300000000000182e+03 8.366046033626200761e-16 4.298000000000000176e-33
4.543800000000000182e+03 9.742147113285151756e-16 4.294999999999999977e-33
4.569399999999999636e+03 1.041702437326516965e-15 4.352000000000000342e-33
4.595000000000000000e+03 1.138982042368683106e-15 4.793000000000000214e-33
4.620500000000000000e+03 1.056902375614356041e-15 5.152000000000000113e-33
4.646100000000000364e+03 1.093382227505167850e-15 4.197000000000000309e-33
4.671699999999999818e+03 9.398628507980009745e-16 3.354999999999999801e-33
4.697300000000000182e+03 8.253566490296196136e-16 2.875000000000000075e-33
4.722800000000000182e+03 6.776132488718315668e-16 3.197000000000000254e-33
4.748399999999999636e+03 6.237041344109652563e-16 3.146999999999999669e-33
4.774000000000000000e+03 5.041312865466370766e-16 2.979000000000000141e-33
4.799500000000000000e+03 4.610647947310945404e-16 3.008000000000000015e-33
4.825100000000000364e+03 4.654221103736086587e-16 2.462000000000000011e-33
4.850699999999999818e+03 5.638163775568822163e-16 2.830000000000000165e-33
4.876300000000000182e+03 5.784083183132069008e-16 2.193999999999999998e-33
4.901800000000000182e+03 5.709096820912056721e-16 1.964000000000000115e-33
4.927399999999999636e+03 6.495440295002900089e-16 2.264999999999999925e-33
4.953000000000000000e+03 7.317250291765355805e-16 2.108000000000000102e-33
4.978500000000000000e+03 7.703328724276450976e-16 1.695000000000000037e-33
5.004100000000000364e+03 8.512978770408637601e-16 2.015000000000000082e-33
5.029699999999999818e+03 8.717671272684860760e-16 1.650000000000000127e-33
5.055300000000000182e+03 7.398316629300494256e-16 2.117000000000000015e-33
5.080800000000000182e+03 5.889469421927748599e-16 1.497999999999999951e-33
5.106399999999999636e+03 5.312885096209085267e-16 1.631999999999999957e-33
5.132000000000000000e+03 6.377894105576940559e-16 1.567000000000000087e-33
5.157500000000000000e+03 7.036558098049954030e-16 2.088999999999999866e-33
5.183100000000000364e+03 8.490685527586478422e-16 1.806999999999999950e-33
5.208699999999999818e+03 9.732013821093261669e-16 1.638000000000000014e-33
5.234199999999999818e+03 9.710733907490295443e-16 1.666000000000000163e-33
5.259800000000000182e+03 9.876919899437320491e-16 1.549999999999999984e-33
5.285399999999999636e+03 1.005931915889138743e-15 2.113000000000000092e-33
5.311000000000000000e+03 1.010593230297408972e-15 1.578999999999999858e-33
5.336500000000000000e+03 9.687427335448929506e-16 1.785999999999999923e-33
5.362100000000000364e+03 9.534414623351372418e-16 1.499000000000000018e-33
5.387699999999999818e+03 8.340712803146473570e-16 1.518000000000000082e-33
5.413199999999999818e+03 7.519916135603195030e-16 1.397999999999999980e-33
5.438800000000000182e+03 7.061891328529675305e-16 1.525999999999999929e-33
5.464399999999999636e+03 6.316081023206412996e-16 1.481999999999999915e-33
5.490000000000000000e+03 5.354431594195831668e-16 1.214999999999999969e-33
5.515500000000000000e+03 5.262218635249615107e-16 1.054999999999999946e-33
5.541100000000000364e+03 5.361524898730162618e-16 8.668000000000000688e-34
5.566699999999999818e+03 5.649310396979897315e-16 1.250999999999999965e-33
5.592199999999999818e+03 5.350378277319076619e-16 1.268999999999999964e-33
5.617800000000000182e+03 4.100943350058776372e-16 1.234000000000000033e-33
5.643399999999999636e+03 3.433159394613076120e-16 7.908999999999999193e-34
5.668899999999999636e+03 3.707771613013359126e-16 8.051999999999999797e-34
5.694500000000000000e+03 3.204146991076309848e-16 9.261000000000000393e-34
5.720100000000000364e+03 2.509003146712506359e-16 7.434000000000000141e-34
5.745699999999999818e+03 1.763192841389243803e-16 4.968000000000000378e-34
5.771199999999999818e+03 2.222230977681958699e-16 8.677000000000000259e-34
5.796800000000000182e+03 1.768259487485186875e-16 7.722000000000000113e-34
5.822399999999999636e+03 2.243510891284933800e-16 5.609999999999999746e-34
5.847899999999999636e+03 2.875828324059004940e-16 8.353000000000000290e-34
5.873500000000000000e+03 2.923454797360899199e-16 8.345000000000000101e-34
5.899100000000000364e+03 4.071556802702282299e-16 7.819000000000000056e-34
5.924699999999999818e+03 4.284355938732023937e-16 9.261999999999999775e-34
5.950199999999999818e+03 4.237742794649319180e-16 9.441000000000000376e-34
5.975800000000000182e+03 4.022917000181201497e-16 8.276999999999999347e-34
6.001399999999999636e+03 3.479772538695782849e-16 7.535000000000000179e-34
6.026899999999999636e+03 3.229480221556040491e-16 7.927999999999999428e-34
6.052500000000000000e+03 2.933588089552791259e-16 6.117999999999999792e-34
6.078100000000000364e+03 2.790708669647112919e-16 5.653999999999999932e-34
6.103699999999999818e+03 3.062280900389821504e-16 5.727000000000000162e-34
6.129199999999999818e+03 3.632785250793353742e-16 7.348999999999999626e-34
6.154800000000000182e+03 3.915504102947143394e-16 8.649999999999999834e-34
6.180399999999999636e+03 4.254969391375532329e-16 6.065000000000000035e-34
6.205899999999999636e+03 4.539714901967701972e-16 8.325999999999999865e-34
6.231500000000000000e+03 4.783927243792309291e-16 6.110999999999999840e-34
6.257100000000000364e+03 5.476031100498543289e-16 8.118000000000000075e-34
6.282600000000000364e+03 6.137735080629100121e-16 8.359999999999999387e-34
6.308199999999999818e+03 6.359654179631547276e-16 8.347999999999999958e-34
6.333800000000000182e+03 6.223868064260192491e-16 1.013999999999999960e-33
6.359399999999999636e+03 6.074908669039366786e-16 8.330000000000000815e-34
6.384899999999999636e+03 5.677683615117193505e-16 6.358000000000000339e-34
6.410500000000000000e+03 5.872242825201527562e-16 5.691000000000000166e-34
6.436100000000000364e+03 6.118481825464508955e-16 5.166999999999999741e-34
6.461600000000000364e+03 6.183334895492619321e-16 5.844999999999999961e-34
6.487199999999999818e+03 6.310001047891271055e-16 4.222000000000000260e-34
6.512800000000000182e+03 6.246161307082349697e-16 6.124999999999999744e-34
6.538399999999999636e+03 6.448827150920192866e-16 7.013000000000000229e-34
6.563899999999999636e+03 6.521786854701823191e-16 1.186999999999999990e-33
6.589500000000000000e+03 6.128615117656405945e-16 1.008000000000000074e-33
6.615100000000000364e+03 5.322005059181784374e-16 8.150000000000000832e-34
6.640600000000000364e+03 4.506275037734460738e-16 5.143000000000000029e-34
6.666199999999999818e+03 3.886117555590658196e-16 4.413000000000000289e-34
6.691800000000000182e+03 2.901161554538737555e-16 3.663000000000000076e-34
6.717399999999999636e+03 2.341803825546288358e-16 2.865000000000000010e-34
6.742899999999999636e+03 2.110764763571144808e-16 3.198999999999999788e-34
6.768500000000000000e+03 1.765219499827621574e-16 3.359000000000000152e-34
6.794100000000000364e+03 1.767246158266000824e-16 3.303999999999999920e-34
6.819600000000000364e+03 1.957752051473571697e-16 3.094999999999999893e-34
6.845199999999999818e+03 1.905058932075734120e-16 3.357999999999999915e-34
6.870800000000000182e+03 1.881752360034383960e-16 2.502000000000000187e-34
6.896300000000000182e+03 1.798659364060867245e-16 3.139000000000000079e-34
6.921899999999999636e+03 1.940525454747355836e-16 3.152999999999999982e-34
6.947500000000000000e+03 1.895938969103031069e-16 2.842000000000000107e-34
6.973100000000000364e+03 1.808792656252758812e-16 2.647999999999999793e-34
6.998600000000000364e+03 2.214124343928447122e-16 3.054999999999999801e-34
7.024199999999999818e+03 2.414763529327911780e-16 2.831999999999999870e-34
7.049800000000000182e+03 2.478603270136828700e-16 2.685999999999999837e-34
7.075300000000000182e+03 2.662015858810084647e-16 3.739999999999999973e-34
7.100899999999999636e+03 2.780575377455222339e-16 3.562999999999999848e-34
7.126500000000000000e+03 2.851508422798464785e-16 3.312999999999999919e-34
7.152100000000000364e+03 2.998441159580902118e-16 2.300000000000000112e-34
7.177600000000000364e+03 3.229480221556040491e-16 3.335000000000000012e-34
7.203199999999999818e+03 3.630758592354976217e-16 3.902999999999999768e-34
7.228800000000000182e+03 3.939824004207685028e-16 3.038000000000000041e-34
7.254300000000000182e+03 4.511341683830406768e-16 3.060999999999999943e-34
7.279899999999999636e+03 5.038272877808806698e-16 2.835000000000000155e-34
7.305500000000000000e+03 5.863122862228820566e-16 4.113000000000000032e-34
7.331100000000000364e+03 6.228934710356136548e-16 4.304000000000000062e-34
7.356600000000000364e+03 5.924935944599361934e-16 4.453999999999999762e-34
7.382199999999999818e+03 5.208512186632584823e-16 4.348000000000000247e-34
7.407800000000000182e+03 4.576194753858517134e-16 3.649000000000000172e-34
7.433300000000000182e+03 3.966170563906606159e-16 3.022999999999999900e-34
7.458899999999999636e+03 3.668251773464976937e-16 2.442999999999999860e-34
7.484500000000000000e+03 3.292306633145774319e-16 2.795000000000000064e-34
7.510000000000000000e+03 3.056200925074688930e-16 3.605999999999999796e-34
7.535600000000000364e+03 2.656949212714133194e-16 3.350999999999999963e-34
7.561199999999999818e+03 2.225270965339526711e-16 4.131000000000000031e-34
7.586800000000000182e+03 2.001325207898709674e-16 4.276999999999999637e-34
7.612300000000000182e+03 1.914178895048436925e-16 2.914000000000000100e-34
7.637899999999999636e+03 2.112791422009524551e-16 4.693000000000000072e-34
7.663500000000000000e+03 2.540416352507374505e-16 5.136000000000000077e-34
7.689000000000000000e+03 3.105854056814956769e-16 4.727999999999999831e-34
7.714600000000000364e+03 3.428092748517132062e-16 3.202999999999999882e-34
7.740199999999999818e+03 4.023930329400391491e-16 3.721999999999999975e-34
7.765800000000000182e+03 4.732247453613658011e-16 3.829000000000000155e-34
7.791300000000000182e+03 5.291605182606112139e-16 3.623999999999999794e-34
7.816899999999999636e+03 5.424351310319890037e-16 3.476999999999999951e-34
7.842500000000000000e+03 5.160885713330684648e-16 4.197999999999999692e-34
7.868000000000000000e+03 4.569101449324193087e-16 4.060999999999999657e-34
7.893600000000000364e+03 4.058383522852825678e-16 4.453999999999999762e-34
7.919199999999999818e+03 3.590225423587407978e-16 3.593999999999999940e-34
7.944699999999999818e+03 2.876841653278195921e-16 3.415000000000000195e-34
7.970300000000000182e+03 2.601216105658725385e-16 3.526000000000000041e-34
7.995899999999999636e+03 2.413750200108718827e-16 3.593999999999999940e-34
8.021500000000000000e+03 2.210071027051689854e-16 3.128000000000000032e-34
8.047000000000000000e+03 1.774339462800326597e-16 7.598999999999999983e-35
8.072600000000000364e+03 1.739886269347891425e-16 2.500000000000000140e-34
8.098199999999999818e+03 1.694286454484373951e-16 2.572999999999999943e-34
8.123699999999999818e+03 1.642606664305726122e-16 2.709999999999999977e-34
8.149300000000000182e+03 1.667939894785454792e-16 2.964000000000000000e-34
8.174899999999999636e+03 1.682126503854104859e-16 2.685000000000000027e-34
8.200500000000000000e+03 1.911138907390867187e-16 3.233999999999999974e-34
8.226000000000000000e+03 2.155351249215470808e-16 2.646000000000000173e-34
8.251600000000000364e+03 2.191831101106282519e-16 3.229000000000000070e-34
8.277200000000000728e+03 2.203991051736552104e-16 4.442999999999999716e-34
8.302700000000000728e+03 1.866552421746544638e-16 5.457000000000000188e-34
8.328299999999999272e+03 1.347727861521660968e-16 6.209000000000000021e-34
8.353899999999999636e+03 1.415620919207340086e-16 5.306000000000000250e-34
8.379500000000000000e+03 1.665913236347079979e-16 5.273000000000000111e-34
8.405000000000000000e+03 2.017538475405737513e-16 4.672999999999999599e-34
8.430600000000000364e+03 2.658975871152512197e-16 3.398000000000000006e-34
8.456200000000000728e+03 3.405799505694969925e-16 4.438999999999999621e-34
8.481700000000000728e+03 4.318809132184457631e-16 5.102999999999999937e-34
8.507299999999999272e+03 5.434484602511788999e-16 4.420999999999999623e-34
8.532899999999999636e+03 6.779172476375885653e-16 4.520000000000000041e-34
8.558399999999999636e+03 7.901941251237530221e-16 3.938999999999999764e-34
8.584000000000000000e+03 8.507912124312688613e-16 5.289999999999999872e-34
8.609600000000000364e+03 8.748071149260538911e-16 6.478999999999999995e-34
8.635200000000000728e+03 8.848390741960265571e-16 6.285000000000000109e-34
8.660700000000000728e+03 8.630524959834585298e-16 5.576999999999999607e-34
8.686299999999999272e+03 8.280926379214312192e-16 6.473999999999999663e-34
8.711899999999999636e+03 8.216073309186205770e-16 8.167999999999999975e-34
8.737399999999999636e+03 8.129940325555112414e-16 9.928999999999999949e-34
8.763000000000000000e+03 7.460129711671040554e-16 1.484999999999999943e-33
8.788600000000000364e+03 6.396134031522351591e-16 1.474000000000000067e-33
8.814200000000000728e+03 5.399018079840164817e-16 1.525000000000000034e-33
8.839700000000000728e+03 4.673474358900681697e-16 1.319000000000000035e-33
8.865299999999999272e+03 4.016837024866070402e-16 8.671999999999999927e-34
8.890899999999999636e+03 3.505105769175513492e-16 6.739000000000000160e-34
8.916399999999999636e+03 3.017694414745497229e-16 6.718999999999999687e-34
8.942000000000000000e+03 2.803881949496566089e-16 7.623999999999999933e-34
8.967600000000000364e+03 2.437056772150075397e-16 7.490999999999999993e-34
8.993200000000000728e+03 2.017538475405737513e-16 1.455000000000000003e-34
9.018700000000000728e+03 2.155351249215470808e-16 6.642999999999999599e-34
9.044299999999999272e+03 2.263777475668715454e-16 5.285999999999999777e-34
9.069899999999999636e+03 1.956738722254382688e-16 5.392000000000000147e-34
9.095399999999999636e+03 1.816899290006272361e-16 4.790000000000000015e-34
9.121000000000000000e+03 1.934445479432220798e-16 6.296000000000000155e-34
9.146600000000000364e+03 2.024631779940062300e-16 1.456000000000000026e-34
9.172100000000000364e+03 2.254657512696015361e-16 1.676999999999999910e-34
9.197700000000000728e+03 2.601216105658725385e-16 6.412000000000000334e-34
9.223299999999999272e+03 3.011614439430364656e-16 9.000000000000000846e-34
