3.776699999999999818e+03 1.735924463576927663e-15 1.958999999999999989e-32
3.802300000000000182e+03 1.278421335981111170e-15 1.146000000000000038e-32
3.827900000000000091e+03 7.432955697700665483e-16 1.484000000000000047e-32
3.853400000000000091e+03 7.991603475613293893e-16 8.826999999999999960e-33
3.879000000000000000e+03 1.001567258253463260e-15 7.932000000000000036e-33
3.904599999999999909e+03 1.818251504532473733e-15 4.936000000000000544e-32
3.930099999999999909e+03 2.934370959772652474e-15 5.257000000000000109e-32
3.955699999999999818e+03 3.569465275715429848e-15 4.159000000000000249e-32
3.981300000000000182e+03 3.925823752994433635e-15 4.939000000000000060e-32
4.006800000000000182e+03 4.384502981175328209e-15 4.627999999999999791e-32
4.032400000000000091e+03 4.560918068937210615e-15 3.663999999999999800e-32
4.058000000000000000e+03 3.632974707309708493e-15 3.404000000000000045e-32
4.083599999999999909e+03 3.193113088490079767e-15 2.659000000000000233e-32
4.109100000000000364e+03 2.786182286052671205e-15 2.521999999999999754e-32
4.134699999999999818e+03 2.839106812381235296e-15 1.768999999999999957e-32
4.160300000000000182e+03 2.759131972595848147e-15 2.176000000000000034e-32
4.185800000000000182e+03 2.707383546852362531e-15 1.962999999999999981e-32
4.211399999999999636e+03 2.673276629885065076e-15 1.644000000000000002e-32
4.237000000000000000e+03 2.755603670840610751e-15 1.287999999999999891e-32
4.262600000000000364e+03 2.840282912966314559e-15 1.344000000000000053e-32
4.288100000000000364e+03 2.889679137539641649e-15 1.290000000000000024e-32
4.313699999999999818e+03 2.861452723497740511e-15 1.097000000000000068e-32
4.339300000000000182e+03 3.115490449874851540e-15 9.225000000000000397e-33
4.364800000000000182e+03 3.034339509504385917e-15 1.059000000000000007e-32
4.390399999999999636e+03 2.712087949192679979e-15 9.420000000000000349e-33
4.416000000000000000e+03 2.227534508140040822e-15 8.443999999999999835e-33
4.441600000000000364e+03 2.047591118622920231e-15 7.661999999999999891e-33
4.467100000000000364e+03 2.154616271865128859e-15 8.791000000000000305e-33
4.492699999999999818e+03 2.567427577227935711e-15 7.438999999999999447e-33
4.518300000000000182e+03 3.026106805408831467e-15 8.204000000000000314e-33
4.543800000000000182e+03 3.487138234759884567e-15 7.384999999999999965e-33
4.569399999999999636e+03 4.017559598630613023e-15 7.247999999999999760e-33
4.595000000000000000e+03 4.656182216328628188e-15 8.009999999999999744e-33
4.620500000000000000e+03 5.000779687756840130e-15 7.921999999999999372e-33
4.646100000000000364e+03 5.092515533393017940e-15 8.202000000000000181e-33
4.671699999999999818e+03 5.252465212963792237e-15 7.546999999999999779e-33
4.697300000000000182e+03 4.917276546216215191e-15 6.753000000000000406e-33
4.722800000000000182e+03 4.066955823203941296e-15 6.000999999999999718e-33
4.748399999999999636e+03 3.355414969231012591e-15 5.447999999999999933e-33
4.774000000000000000e+03 2.941427563283126871e-15 5.055999999999999894e-33
4.799500000000000000e+03 2.601534494195233560e-15 5.114000000000000326e-33
4.825100000000000364e+03 2.427471607603508891e-15 5.050000000000000180e-33
4.850699999999999818e+03 2.712087949192679979e-15 4.327000000000000050e-33
4.876300000000000182e+03 2.953188569133919110e-15 4.540999999999999896e-33
4.901800000000000182e+03 2.807352096584096762e-15 4.121000000000000051e-33
4.927399999999999636e+03 3.151949568012307916e-15 3.736999999999999860e-33
4.953000000000000000e+03 3.868194824325550913e-15 5.143000000000000200e-33
4.978500000000000000e+03 4.311584744900417823e-15 5.151000000000000047e-33
5.004100000000000364e+03 4.185741982296939403e-15 3.929000000000000297e-33
5.029699999999999818e+03 3.774106777519213787e-15 2.957000000000000048e-33
5.055300000000000182e+03 3.071974728226919978e-15 2.897000000000000168e-33
5.080800000000000182e+03 2.876742031103770541e-15 3.015999999999999862e-33
5.106399999999999636e+03 2.941427563283126871e-15 2.804999999999999873e-33
5.132000000000000000e+03 3.062565923546287449e-15 3.105000000000000300e-33
5.157500000000000000e+03 3.074326929397078899e-15 2.579999999999999980e-33
5.183100000000000364e+03 3.350710566890695538e-15 2.197999999999999922e-33
5.208699999999999818e+03 3.462440122473222009e-15 2.259999999999999935e-33
5.234199999999999818e+03 3.801157090976038028e-15 2.757999999999999830e-33
5.259800000000000182e+03 4.300999839634705636e-15 3.015999999999999862e-33
5.285399999999999636e+03 4.707930642072114988e-15 2.555000000000000030e-33
5.311000000000000000e+03 5.041943208234613165e-15 3.582999999999999893e-33
5.336500000000000000e+03 5.274811124080297058e-15 2.949999999999999926e-33
5.362100000000000364e+03 5.490037531149795551e-15 4.221999999999999917e-33
5.387699999999999818e+03 5.397125584928538083e-15 3.626000000000000013e-33
5.413199999999999818e+03 5.159553266742534769e-15 2.707999999999999930e-33
5.438800000000000182e+03 5.021949498288266871e-15 3.363999999999999715e-33
5.464399999999999636e+03 5.108980941584126839e-15 3.211999999999999881e-33
5.490000000000000000e+03 5.096043835148256914e-15 3.321999999999999662e-33
5.515500000000000000e+03 5.068993521691434250e-15 2.581000000000000047e-33
5.541100000000000364e+03 5.054880314670483090e-15 2.700000000000000083e-33
5.566699999999999818e+03 5.066641320521276512e-15 3.083000000000000207e-33
5.592199999999999818e+03 4.886697931004156710e-15 4.164000000000000170e-33
5.617800000000000182e+03 4.340987259527398225e-15 5.971999999999999844e-33
5.643399999999999636e+03 3.857609919059838726e-15 1.940999999999999956e-33
5.668899999999999636e+03 3.540062761088449053e-15 1.522000000000000006e-33
5.694500000000000000e+03 3.208402396096110586e-15 1.517000000000000016e-33
5.720100000000000364e+03 2.734433860309184800e-15 1.654000000000000050e-33
5.745699999999999818e+03 2.258113123352101276e-15 1.070999999999999983e-33
5.771199999999999818e+03 2.025245207506415016e-15 1.242999999999999947e-33
5.796800000000000182e+03 2.149911869524813384e-15 1.059000000000000041e-33
5.822399999999999636e+03 2.353377270743518059e-15 1.481999999999999915e-33
5.847899999999999636e+03 2.674452730470143945e-15 1.386000000000000038e-33
5.873500000000000000e+03 2.953188569133919110e-15 1.427000000000000024e-33
5.899100000000000364e+03 3.222515603117060563e-15 1.463000000000000021e-33
5.924699999999999818e+03 3.411867797314816050e-15 1.320999999999999997e-33
5.950199999999999818e+03 3.530653956407816523e-15 1.640000000000000147e-33
5.975800000000000182e+03 3.563584772790033926e-15 1.427000000000000024e-33
6.001399999999999636e+03 3.565936973960193241e-15 1.448000000000000051e-33
6.026899999999999636e+03 3.304842644072606238e-15 1.219000000000000063e-33
6.052500000000000000e+03 3.144892964501832335e-15 1.327999999999999948e-33
6.078100000000000364e+03 3.088440136418030060e-15 8.608000000000000123e-34
6.103699999999999818e+03 3.064918124716445581e-15 8.813999999999999438e-34
6.129199999999999818e+03 3.101377242853901168e-15 1.095999999999999933e-33
6.154800000000000182e+03 3.360119371571329645e-15 9.920000000000000377e-34
6.180399999999999636e+03 3.624742003214153255e-15 1.283999999999999934e-33
6.205899999999999636e+03 3.662377221936687316e-15 2.291999999999999922e-34
6.231500000000000000e+03 3.497723140025597938e-15 1.916000000000000006e-34
6.257100000000000364e+03 3.346006164550378090e-15 1.193999999999999942e-33
6.282600000000000364e+03 3.196641390245317557e-15 1.129000000000000072e-33
6.308199999999999818e+03 3.094320639343425982e-15 1.276999999999999982e-33
6.333800000000000182e+03 3.135484159821197439e-15 1.123000000000000016e-33
6.359399999999999636e+03 3.398930690878942970e-15 9.554000000000000698e-34
6.384899999999999636e+03 3.777635079274452761e-15 1.118000000000000026e-33
6.410500000000000000e+03 4.198679088732813272e-15 1.087000000000000019e-33
6.436100000000000364e+03 4.567974672447686984e-15 1.353999999999999965e-33
6.461600000000000364e+03 4.799666487708293587e-15 1.304000000000000065e-33
6.487199999999999818e+03 4.889050132174314448e-15 1.435000000000000043e-33
6.512800000000000182e+03 4.932565853822245221e-15 1.769999999999999887e-33
6.538399999999999636e+03 4.973729374300018256e-15 1.702000000000000160e-33
6.563899999999999636e+03 5.023125598873344951e-15 2.280999999999999961e-33
6.589500000000000000e+03 4.887874031589235579e-15 2.844000000000000069e-33
6.615100000000000364e+03 4.637364606967362340e-15 9.125999999999999978e-34
6.640600000000000364e+03 4.343339460697557540e-15 5.335000000000000295e-34
6.666199999999999818e+03 3.918767149483959633e-15 2.682999999999999980e-34
6.691800000000000182e+03 3.483609933004647172e-15 7.592000000000000031e-34
6.717399999999999636e+03 3.161358372692941234e-15 7.564999999999999606e-34
6.742899999999999636e+03 2.991999888441533224e-15 8.287999999999999394e-34
6.768500000000000000e+03 2.835578510625997506e-15 9.029000000000000035e-34
6.794100000000000364e+03 2.670924428714907338e-15 1.521000000000000068e-34
6.819600000000000364e+03 2.642698014673005412e-15 1.293000000000000018e-34
6.845199999999999818e+03 2.629760908237134698e-15 1.446000000000000004e-34
6.870800000000000182e+03 2.650930718768559466e-15 1.821999999999999920e-34
6.896300000000000182e+03 2.655635121108877309e-15 1.535999999999999995e-34
6.921899999999999636e+03 2.607414997120629877e-15 9.156999999999999643e-34
6.947500000000000000e+03 2.556842671962222340e-15 7.518000000000000418e-34
6.973100000000000364e+03 2.508622547973974120e-15 7.083999999999999985e-34
6.998600000000000364e+03 2.483924435687310772e-15 9.694999999999999544e-35
7.024199999999999818e+03 2.513326950314291173e-15 1.092999999999999990e-34
7.049800000000000182e+03 2.565075376057777184e-15 1.270999999999999925e-34
7.075300000000000182e+03 2.625056505896816855e-15 1.205000000000000074e-34
7.100899999999999636e+03 2.677981032225382524e-15 1.002999999999999999e-34
7.126500000000000000e+03 2.650930718768559466e-15 1.125000000000000106e-34
7.152100000000000364e+03 2.543905565526351232e-15 1.130000000000000010e-34
7.177600000000000364e+03 2.494509340953024143e-15 1.136999999999999962e-34
7.203199999999999818e+03 2.580364683663807214e-15 1.549000000000000089e-34
7.228800000000000182e+03 2.790886688392987469e-15 8.073000000000000507e-34
7.254300000000000182e+03 2.993175989026612882e-15 8.171999999999999215e-34
7.279899999999999636e+03 3.247213715403723910e-15 9.613999999999999551e-34
7.305500000000000000e+03 3.595339488587172854e-15 1.031000000000000062e-33
7.331100000000000364e+03 3.892892936612216627e-15 8.469999999999999851e-34
7.356600000000000364e+03 4.099886639586157515e-15 1.967999999999999953e-34
7.382199999999999818e+03 4.115175947192188334e-15 1.649000000000000103e-34
7.407800000000000182e+03 3.962282871131889617e-15 2.071999999999999848e-34
7.433300000000000182e+03 3.772930676934136496e-15 1.592000000000000037e-34
7.458899999999999636e+03 3.669433825447162897e-15 1.830999999999999919e-34
7.484500000000000000e+03 3.618861500288758121e-15 1.754000000000000022e-34
7.510000000000000000e+03 3.551823766939242475e-15 1.746000000000000046e-34
7.535600000000000364e+03 3.422452702580528632e-15 1.429000000000000029e-34
7.561199999999999818e+03 3.124899254555484858e-15 1.737000000000000047e-34
7.586800000000000182e+03 2.977886681420584036e-15 1.493000000000000047e-34
7.612300000000000182e+03 2.653282919938717993e-15 1.488999999999999952e-34
7.637899999999999636e+03 2.418062802922874784e-15 9.912000000000000188e-34
7.663500000000000000e+03 2.394540791221290305e-15 1.100000000000000027e-33
7.689000000000000000e+03 2.411006199412399598e-15 1.144000000000000042e-33
7.714600000000000364e+03 2.493333240367944879e-15 2.041999999999999994e-34
7.740199999999999818e+03 2.705031345682204398e-15 1.031000000000000062e-33
7.765800000000000182e+03 3.039043911844702181e-15 9.377999999999999954e-34
7.791300000000000182e+03 3.437742010186557872e-15 1.013999999999999960e-33
7.816899999999999636e+03 3.878779729591263889e-15 1.956000000000000097e-34
7.842500000000000000e+03 4.195150786977575877e-15 2.471999999999999905e-34
7.868000000000000000e+03 4.391559584685803789e-15 2.147000000000000126e-34
7.893600000000000364e+03 4.539748258405787030e-15 2.107999999999999845e-34
7.919199999999999818e+03 4.677352026860054140e-15 2.570999999999999896e-34
7.944699999999999818e+03 4.714987245582589779e-15 2.478000000000000047e-34
7.970300000000000182e+03 4.507993542608646524e-15 2.410000000000000149e-34
7.995899999999999636e+03 4.034025006821721133e-15 1.805999999999999969e-34
8.021500000000000000e+03 3.521245151727182416e-15 1.566000000000000063e-34
8.047000000000000000e+03 3.101377242853901168e-15 1.100999999999999965e-34
8.072600000000000364e+03 2.822641404190126003e-15 1.304000000000000065e-34
8.098199999999999818e+03 2.632113109407292830e-15 1.196000000000000075e-34
8.123699999999999818e+03 2.492157139782865221e-15 1.395000000000000080e-34
8.149300000000000182e+03 2.393364690636211436e-15 1.375000000000000034e-34
8.174899999999999636e+03 2.292220040319398730e-15 1.240000000000000047e-34
8.200500000000000000e+03 2.201660295268298211e-15 1.345999999999999989e-34
8.226000000000000000e+03 2.171081680056239730e-15 1.306999999999999922e-34
8.251600000000000364e+03 2.138150863674019961e-15 1.847999999999999894e-34
8.277200000000000728e+03 2.009955899900384986e-15 2.170000000000000029e-34
8.302700000000000728e+03 1.768855279959145657e-15 2.480000000000000094e-34
8.328299999999999272e+03 1.500704346561083863e-15 2.224999999999999834e-34
8.353899999999999636e+03 1.317232655288725678e-15 2.327000000000000109e-34
8.379500000000000000e+03 1.298415045927457859e-15 9.593999999999999933e-34
8.405000000000000000e+03 1.416025104435380055e-15 2.098999999999999846e-34
8.430600000000000364e+03 1.570094281080757246e-15 1.566000000000000063e-34
8.456200000000000728e+03 1.746509368842641034e-15 1.541999999999999923e-34
8.481700000000000728e+03 1.968792379422612740e-15 1.268000000000000068e-34
8.507299999999999272e+03 2.252232620426704564e-15 1.116000000000000107e-34
8.532899999999999636e+03 2.634465310577451357e-15 1.505999999999999927e-34
8.558399999999999636e+03 3.071974728226919978e-15 2.224999999999999834e-34
8.584000000000000000e+03 3.409515596144657129e-15 2.756000000000000210e-34
8.609600000000000364e+03 3.584754583321459878e-15 3.618999999999999890e-34
8.635200000000000728e+03 3.688251434808431111e-15 3.123000000000000128e-34
8.660700000000000728e+03 3.821150800922383534e-15 2.221999999999999977e-34
8.686299999999999272e+03 3.962282871131889617e-15 1.796999999999999970e-34
8.711899999999999636e+03 4.043433811502353662e-15 2.293000000000000160e-34
8.737399999999999636e+03 3.982276581078235911e-15 4.864999999999999865e-34
8.763000000000000000e+03 3.859962120229996464e-15 7.471999999999999757e-34
8.788600000000000364e+03 3.722358351775730143e-15 8.237999999999999494e-34
8.814200000000000728e+03 3.542414962258609157e-15 7.280999999999999728e-34
8.839700000000000728e+03 3.307194845242764370e-15 5.735000000000000352e-34
8.865299999999999272e+03 3.069622527056762240e-15 4.701999999999999643e-34
8.890899999999999636e+03 2.812056498924413027e-15 3.051999999999999944e-34
8.916399999999999636e+03 2.615647701216183932e-15 2.579999999999999895e-34
8.942000000000000000e+03 2.459226323400647425e-15 2.433999999999999861e-34
8.967600000000000364e+03 2.376899282445101749e-15 1.920999999999999910e-34
8.993200000000000728e+03 2.162848975960684098e-15 1.450999999999999908e-34
9.018700000000000728e+03 1.962911876497216818e-15 1.430000000000000053e-34
9.044299999999999272e+03 1.833540812138502974e-15 1.397999999999999937e-34
9.069899999999999636e+03 1.761798676448670472e-15 1.911000000000000101e-34
9.095399999999999636e+03 1.744157167672481521e-15 1.603999999999999893e-34
9.121000000000000000e+03 1.821779806287711129e-15 1.983999999999999904e-34
9.146600000000000364e+03 1.946446468306108314e-15 2.476000000000000000e-34
9.172100000000000364e+03 2.071113130324505498e-15 2.059000000000000182e-34
9.197700000000000728e+03 2.218125703459406715e-15 1.931000000000000147e-34
9.223299999999999272e+03 2.368666578349547300e-15 2.806000000000000111e-34
