3.776699999999999818e+03 2.111315608901929445e-15 5.711000000000000434e-32
3.802300000000000182e+03 1.704045401355399893e-15 5.490000000000000396e-32
3.827900000000000091e+03 1.066958433836184801e-15 2.745000000000000198e-32
3.853400000000000091e+03 1.351600029440132702e-15 4.116999999999999922e-32
3.879000000000000000e+03 1.596633478485984266e-15 2.377000000000000112e-32
3.904599999999999909e+03 2.425719258134276942e-15 1.768000000000000083e-31
3.930099999999999909e+03 3.285014641089591307e-15 1.530000000000000092e-31
3.955699999999999818e+03 3.996618630099467568e-15 1.306000000000000102e-31
3.981300000000000182e+03 4.642209041512509369e-15 1.708999999999999913e-31
4.006800000000000182e+03 4.952137193958629998e-15 1.187999999999999982e-31
4.032400000000000091e+03 4.735075599826689255e-15 1.240000000000000042e-31
4.058000000000000000e+03 3.947388165450984649e-15 2.013999999999999947e-32
4.083599999999999909e+03 3.226833182868664515e-15 1.270999999999999994e-32
4.109100000000000364e+03 2.985156356412477974e-15 8.350999999999999542e-32
4.134699999999999818e+03 3.047813311419639128e-15 1.105000000000000052e-32
4.160300000000000182e+03 2.989631853198705236e-15 7.117000000000000500e-32
4.185800000000000182e+03 3.091449405085337279e-15 8.873000000000000278e-33
4.211399999999999636e+03 2.843059333449813987e-15 4.900999999999999999e-32
4.237000000000000000e+03 3.059002053385203535e-15 3.949999999999999913e-32
4.262600000000000364e+03 3.232427553851441000e-15 3.338999999999999970e-32
4.288100000000000364e+03 3.189910334382299565e-15 3.288000000000000003e-32
4.313699999999999818e+03 3.195504705365081966e-15 2.755000000000000041e-32
4.339300000000000182e+03 3.451726896376499515e-15 2.953999999999999986e-32
4.364800000000000182e+03 3.537880209511342256e-15 2.519999999999999895e-32
4.390399999999999636e+03 3.174246095630509474e-15 2.651000000000000249e-32
4.416000000000000000e+03 2.519704690645015122e-15 1.689000000000000117e-32
4.441600000000000364e+03 2.335090448213210884e-15 1.550000000000000053e-32
4.467100000000000364e+03 2.449215616261963656e-15 1.577999999999999997e-32
4.492699999999999818e+03 2.752430523528748717e-15 1.573000000000000075e-32
4.518300000000000182e+03 3.486411996469744326e-15 1.570999999999999942e-32
4.543800000000000182e+03 3.787389155343418320e-15 1.711999999999999866e-32
4.569399999999999636e+03 4.402769963449439811e-15 1.716000000000000132e-32
4.595000000000000000e+03 5.203883888183819496e-15 2.189999999999999869e-32
4.620500000000000000e+03 5.645839195823600367e-15 1.658000000000000111e-32
4.646100000000000364e+03 5.679405421720291616e-15 1.842000000000000017e-32
4.671699999999999818e+03 5.730873634761880869e-15 2.211999999999999962e-32
4.697300000000000182e+03 5.537308398757625657e-15 1.520999999999999905e-32
4.722800000000000182e+03 4.584027583291579027e-15 1.495000000000000094e-32
4.748399999999999636e+03 3.697879219618905429e-15 1.029999999999999996e-32
4.774000000000000000e+03 3.371167954224430892e-15 8.917000000000000464e-33
4.799500000000000000e+03 2.960541124088237304e-15 8.076000000000000022e-33
4.825100000000000364e+03 2.731171913794174648e-15 8.669999999999999794e-33
4.850699999999999818e+03 2.903478540063863284e-15 9.644999999999999558e-33
4.876300000000000182e+03 3.467391135128290001e-15 8.729999999999999674e-33
4.901800000000000182e+03 3.175364969827068163e-15 6.882999999999999462e-33
4.927399999999999636e+03 3.342077225113969666e-15 8.614000000000000180e-33
4.953000000000000000e+03 4.262910688879887285e-15 8.273000000000000108e-33
4.978500000000000000e+03 4.844725271089219893e-15 8.335999999999999503e-33
5.004100000000000364e+03 4.763047454740600864e-15 6.773000000000000366e-33
5.029699999999999818e+03 4.234938833965977253e-15 6.230999999999999943e-33
5.055300000000000182e+03 3.494244115845638977e-15 5.357000000000000046e-33
5.080800000000000182e+03 3.191029208578856677e-15 4.833000000000000134e-33
5.106399999999999636e+03 3.324175237969067324e-15 4.730000000000000135e-33
5.132000000000000000e+03 3.402496431728013836e-15 4.843000000000000114e-33
5.157500000000000000e+03 3.466272260931729734e-15 3.694999999999999807e-33
5.183100000000000364e+03 3.646411006577312233e-15 5.364999999999999893e-33
5.208699999999999818e+03 3.835500745795337422e-15 4.090000000000000044e-33
5.234199999999999818e+03 4.185708369317492757e-15 4.948000000000000247e-33
5.259800000000000182e+03 4.663467651247082255e-15 5.977000000000000176e-33
5.285399999999999636e+03 5.140108058980103204e-15 5.039000000000000134e-33
5.311000000000000000e+03 5.350456407932708379e-15 5.202000000000000013e-33
5.336500000000000000e+03 5.663741182968499948e-15 5.720000000000000211e-33
5.362100000000000364e+03 5.782341847803481165e-15 6.448999999999999371e-33
5.387699999999999818e+03 5.708496150830759154e-15 5.395999999999999900e-33
5.413199999999999818e+03 5.426539853298546190e-15 4.607000000000000175e-33
5.438800000000000182e+03 5.325841175608473231e-15 5.218999999999999774e-33
5.464399999999999636e+03 5.424302104905428812e-15 5.000999999999999662e-33
5.490000000000000000e+03 5.447798463033117499e-15 4.946000000000000114e-33
5.515500000000000000e+03 5.395211375794961275e-15 5.707000000000000031e-33
5.541100000000000364e+03 5.416469985529537316e-15 5.020000000000000240e-33
5.566699999999999818e+03 5.236331239883950085e-15 1.840000000000000089e-33
5.592199999999999818e+03 4.968920306906983117e-15 1.935999999999999966e-33
5.617800000000000182e+03 4.682488512588537764e-15 1.729000000000000037e-32
5.643399999999999636e+03 4.246127575931543633e-15 3.541999999999999907e-33
5.668899999999999636e+03 3.871304720085147627e-15 2.308000000000000044e-33
5.694500000000000000e+03 3.492006367452529488e-15 2.910000000000000005e-33
5.720100000000000364e+03 3.054526556598976273e-15 2.088000000000000141e-33
5.745699999999999818e+03 2.582361645652172726e-15 1.722999999999999844e-33
5.771199999999999818e+03 2.360824554734003538e-15 1.737000000000000090e-33
5.796800000000000182e+03 2.505159326089781748e-15 2.521000000000000166e-33
5.822399999999999636e+03 2.756906020314971246e-15 1.504000000000000008e-33
5.847899999999999636e+03 3.138442121340703608e-15 1.925999999999999986e-33
5.873500000000000000e+03 3.373405702617549454e-15 1.892999999999999847e-33
5.899100000000000364e+03 3.612844780680615461e-15 1.944999999999999880e-33
5.924699999999999818e+03 3.763892797215734367e-15 2.824000000000000109e-33
5.950199999999999818e+03 3.861234852316141909e-15 2.670999999999999867e-33
5.975800000000000182e+03 3.890325581426613391e-15 2.373999999999999981e-33
6.001399999999999636e+03 3.807528890881439223e-15 2.036999999999999833e-33
6.026899999999999636e+03 3.592705045142607969e-15 2.119000000000000148e-33
6.052500000000000000e+03 3.395783186548681818e-15 1.873999999999999953e-33
6.078100000000000364e+03 3.355503715472647112e-15 1.682999999999999924e-33
6.103699999999999818e+03 3.336482854131184504e-15 1.978000000000000019e-33
6.129199999999999818e+03 3.413685173693578637e-15 1.643000000000000004e-33
6.154800000000000182e+03 3.658718622739428229e-15 1.829000000000000043e-33
6.180399999999999636e+03 3.895919952409392242e-15 2.372999999999999915e-33
6.205899999999999636e+03 3.839976242581565867e-15 1.770999999999999953e-33
6.231500000000000000e+03 3.507670606204312874e-15 1.688999999999999980e-33
6.257100000000000364e+03 3.242497421620452240e-15 1.826999999999999910e-33
6.282600000000000364e+03 3.064596424367982386e-15 1.481999999999999915e-33
6.308199999999999818e+03 3.037743443650628676e-15 1.371999999999999963e-33
6.333800000000000182e+03 3.249210666799787808e-15 2.000000000000000112e-33
6.359399999999999636e+03 3.645292132380753149e-15 1.568000000000000153e-33
6.384899999999999636e+03 4.078296446448081863e-15 1.903999999999999893e-33
6.410500000000000000e+03 4.542629238018989971e-15 1.746000000000000003e-33
6.436100000000000364e+03 4.962207061727632561e-15 2.062999999999999849e-33
6.461600000000000364e+03 5.143464681569774143e-15 2.373999999999999981e-33
6.487199999999999818e+03 5.165842165500902168e-15 2.148000000000000022e-33
6.512800000000000182e+03 5.219548126935611954e-15 2.773000000000000142e-33
6.538399999999999636e+03 5.226261372114949100e-15 2.191000000000000141e-33
6.563899999999999636e+03 5.238568988277069040e-15 2.968000000000000095e-33
6.589500000000000000e+03 5.103185210493747326e-15 3.939000000000000277e-33
6.615100000000000364e+03 4.812277919389086938e-15 9.959999999999999613e-34
6.640600000000000364e+03 4.506825263729186077e-15 6.491999999999999661e-34
6.666199999999999818e+03 4.136477904669017727e-15 3.362999999999999819e-34
6.691800000000000182e+03 3.767249419805408462e-15 1.286999999999999962e-33
6.717399999999999636e+03 3.485293122273192737e-15 1.334000000000000005e-33
6.742899999999999636e+03 3.319699741182842035e-15 1.433999999999999976e-33
6.768500000000000000e+03 3.140679869733819803e-15 1.255000000000000060e-33
6.794100000000000364e+03 3.092568279281893601e-15 1.373000000000000030e-33
6.819600000000000364e+03 3.019841456505725940e-15 1.088000000000000086e-33
6.845199999999999818e+03 2.924737149798432226e-15 1.252000000000000032e-33
6.870800000000000182e+03 2.774808007459874771e-15 1.175999999999999944e-33
6.896300000000000182e+03 2.641661978069663335e-15 1.003000000000000084e-33
6.921899999999999636e+03 2.601382506993633756e-15 8.065999999999999700e-34
6.947500000000000000e+03 2.630473236104101294e-15 9.422000000000000140e-34
6.973100000000000364e+03 2.711032178256160450e-15 1.137999999999999986e-33
6.998600000000000364e+03 2.817325226929015022e-15 1.093000000000000076e-33
7.024199999999999818e+03 2.893408672294852438e-15 8.212000000000000161e-34
7.049800000000000182e+03 2.990750727395259586e-15 1.098000000000000066e-33
7.075300000000000182e+03 3.057883179188642085e-15 1.069000000000000021e-33
7.100899999999999636e+03 3.069071921154207281e-15 8.118999999999999457e-34
7.126500000000000000e+03 3.025435827488508736e-15 1.013000000000000064e-33
7.152100000000000364e+03 2.965016620874461410e-15 1.178999999999999972e-33
7.177600000000000364e+03 2.937044765960551378e-15 1.268000000000000068e-33
7.203199999999999818e+03 3.036624569454073537e-15 1.267000000000000002e-33
7.228800000000000182e+03 3.254805037782570603e-15 1.980999999999999876e-33
7.254300000000000182e+03 3.486411996469744326e-15 1.628000000000000034e-33
7.279899999999999636e+03 3.710186835781024581e-15 1.479999999999999953e-33
7.305500000000000000e+03 4.007807372065032369e-15 1.660000000000000107e-33
7.331100000000000364e+03 4.341231882638840108e-15 1.640999999999999871e-33
7.356600000000000364e+03 4.408364334432219451e-15 1.667999999999999954e-33
7.382199999999999818e+03 4.284169298614468060e-15 1.688999999999999980e-33
7.407800000000000182e+03 4.129764659489678215e-15 1.330000000000000081e-33
7.433300000000000182e+03 3.992143133313237545e-15 1.196999999999999971e-33
7.458899999999999636e+03 3.917178562143962762e-15 1.291999999999999952e-33
7.484500000000000000e+03 3.792983526326198749e-15 1.056000000000000013e-33
7.510000000000000000e+03 3.818717632846998503e-15 1.219999999999999959e-33
7.535600000000000364e+03 3.618439151663401412e-15 1.409999999999999922e-33
7.561199999999999818e+03 3.374524576814102621e-15 2.588000000000000084e-34
7.586800000000000182e+03 3.007533840343606394e-15 2.168999999999999792e-34
7.612300000000000182e+03 2.458166609834410291e-15 2.370999999999999867e-34
7.637899999999999636e+03 2.237748393112800580e-15 8.913999999999999239e-34
7.663500000000000000e+03 2.323901706247646476e-15 1.693999999999999970e-33
7.689000000000000000e+03 2.526417935824355817e-15 1.969000000000000105e-33
7.714600000000000364e+03 2.732290787990732153e-15 1.706000000000000083e-33
7.740199999999999818e+03 2.972848740250358033e-15 1.641999999999999937e-33
7.765800000000000182e+03 3.364454709045101636e-15 1.471000000000000039e-33
7.791300000000000182e+03 3.798577897308983122e-15 1.774999999999999877e-33
7.816899999999999636e+03 4.162212011189807226e-15 1.651999999999999917e-33
7.842500000000000000e+03 4.502349766942961576e-15 1.702999999999999884e-33
7.868000000000000000e+03 4.725005732057681959e-15 1.942000000000000022e-33
7.893600000000000364e+03 4.886123616361805005e-15 2.428000000000000147e-33
7.919199999999999818e+03 4.971158055300091028e-15 2.571000000000000067e-33
7.944699999999999818e+03 4.827942158140868352e-15 2.275999999999999971e-33
7.970300000000000182e+03 4.553817979984554772e-15 2.191999999999999865e-33
7.995899999999999636e+03 4.115219294934445630e-15 3.995999999999999616e-34
8.021500000000000000e+03 3.693403722832681718e-15 1.499000000000000018e-33
8.047000000000000000e+03 3.321937489575955863e-15 1.080999999999999963e-33
8.072600000000000364e+03 3.089211656692227789e-15 9.120000000000000264e-34
8.098199999999999818e+03 2.939282514353664417e-15 9.975000000000000610e-34
8.123699999999999818e+03 2.827395094698024290e-15 8.773000000000000820e-34
8.149300000000000182e+03 2.655088468428342359e-15 8.885999999999999431e-34
8.174899999999999636e+03 2.623759990924762176e-15 9.705999999999999162e-34
8.200500000000000000e+03 2.602501381190189684e-15 1.185999999999999924e-33
8.226000000000000000e+03 2.537606677789917464e-15 1.049000000000000061e-33
8.251600000000000364e+03 2.423481509741167058e-15 1.370000000000000001e-33
8.277200000000000728e+03 2.253412631864593038e-15 2.229999999999999995e-33
8.302700000000000728e+03 1.990477195673837161e-15 6.242000000000000161e-34
8.328299999999999272e+03 1.709639772338180519e-15 6.661999999999999835e-34
8.353899999999999636e+03 1.570899371965187076e-15 2.871999999999999876e-33
8.379500000000000000e+03 1.567542749375517123e-15 2.306999999999999978e-33
8.405000000000000000e+03 1.692856659389835683e-15 1.613000000000000064e-33
8.430600000000000364e+03 1.855093417890512291e-15 1.036000000000000053e-33
8.456200000000000728e+03 2.031875540946422667e-15 1.087000000000000019e-33
8.481700000000000728e+03 2.227678525343793285e-15 1.175000000000000049e-33
8.507299999999999272e+03 2.514110319662234693e-15 1.101999999999999989e-33
8.532899999999999636e+03 2.873268936756836663e-15 1.116999999999999959e-33
8.558399999999999636e+03 3.227952057065215710e-15 1.285000000000000000e-33
8.584000000000000000e+03 3.528929215938887732e-15 2.417000000000000100e-33
8.609600000000000364e+03 3.730326571319042329e-15 3.255000000000000001e-33
8.635200000000000728e+03 3.909346442768067322e-15 3.093000000000000187e-33
8.660700000000000728e+03 4.017877239834034932e-15 2.820999999999999910e-33
8.686299999999999272e+03 4.151023269224250313e-15 1.891000000000000056e-33
8.711899999999999636e+03 4.212561350034853172e-15 1.989000000000000065e-33
8.737399999999999636e+03 4.121932540113781198e-15 5.218999999999999774e-33
8.763000000000000000e+03 4.030184855996154084e-15 9.717999999999999617e-33
8.788600000000000364e+03 3.873542468478263427e-15 1.138999999999999984e-32
8.814200000000000728e+03 3.677739484080885315e-15 9.679999999999999830e-33
8.839700000000000728e+03 3.438300406017824435e-15 8.007999999999999611e-33
8.865299999999999272e+03 3.234665302244554828e-15 1.159000000000000012e-33
8.890899999999999636e+03 3.050051059812749406e-15 3.124000000000000194e-33
8.916399999999999636e+03 2.910191785243198852e-15 3.989999999999999902e-34
8.942000000000000000e+03 2.888933175508626754e-15 4.308000000000000156e-34
8.967600000000000364e+03 2.867674565774057812e-15 6.081000000000000242e-33
8.993200000000000728e+03 2.741241781563183916e-15 3.077000000000000151e-33
9.018700000000000728e+03 2.479425219568985938e-15 2.438999999999999851e-33
9.044299999999999272e+03 2.318307335264864864e-15 2.128000000000000062e-33
9.069899999999999636e+03 2.275790115795719092e-15 2.042999999999999889e-33
9.095399999999999636e+03 2.397747403220371643e-15 1.726000000000000043e-33
9.121000000000000000e+03 2.642780852266219657e-15 2.521000000000000166e-33
9.146600000000000364e+03 2.924737149798432226e-15 3.010999999999999872e-33
9.172100000000000364e+03 3.125015630982031684e-15 3.546000000000000172e-33
9.197700000000000728e+03 3.204455698937530573e-15 3.165000000000000181e-33
9.223299999999999272e+03 3.304035502431053521e-15 3.610999999999999701e-33
