3.776699999999999818e+03 2.283507583247814051e-15 5.711000000000000434e-32
3.802300000000000182e+03 1.843021753728892842e-15 5.490000000000000396e-32
3.827900000000000091e+03 1.153976063267152229e-15 2.745000000000000198e-32
3.853400000000000091e+03 1.461832093568288009e-15 4.116999999999999922e-32
3.879000000000000000e+03 1.726849666822803645e-15 2.377000000000000112e-32
3.904599999999999909e+03 2.623552962629178795e-15 1.768000000000000083e-31
3.930099999999999909e+03 3.552929657877890793e-15 1.530000000000000092e-31
3.955699999999999818e+03 4.322569733630731920e-15 1.306000000000000102e-31
3.981300000000000182e+03 5.020812380972540064e-15 1.708999999999999913e-31
4.006800000000000182e+03 5.356017256732814537e-15 1.187999999999999982e-31
4.032400000000000091e+03 5.121252831110097318e-15 1.240000000000000042e-31
4.058000000000000000e+03 4.269324193798776015e-15 2.013999999999999947e-32
4.083599999999999909e+03 3.490003110803761840e-15 1.270999999999999994e-32
4.109100000000000364e+03 3.228615915265058780e-15 8.350999999999999542e-32
4.134699999999999818e+03 3.296382965960279188e-15 1.105000000000000052e-32
4.160300000000000182e+03 3.233456418886147474e-15 7.117000000000000500e-32
4.185800000000000182e+03 3.343577876265878565e-15 8.873000000000000278e-33
4.211399999999999636e+03 3.074929925295545621e-15 4.900999999999999999e-32
4.237000000000000000e+03 3.308484225012996582e-15 3.949999999999999913e-32
4.262600000000000364e+03 3.496053740330118368e-15 3.338999999999999970e-32
4.288100000000000364e+03 3.450068955929791953e-15 3.288000000000000003e-32
4.313699999999999818e+03 3.456119585456151242e-15 2.755000000000000041e-32
4.339300000000000182e+03 3.733238417763384666e-15 2.953999999999999986e-32
4.364800000000000182e+03 3.826418112469310459e-15 2.519999999999999895e-32
4.390399999999999636e+03 3.433127193255988232e-15 2.651000000000000249e-32
4.416000000000000000e+03 2.725203538672007040e-15 1.689000000000000117e-32
4.441600000000000364e+03 2.525532764302167465e-15 1.550000000000000053e-32
4.467100000000000364e+03 2.648965606639886152e-15 1.577999999999999997e-32
4.492699999999999818e+03 2.976909726968534291e-15 1.573000000000000075e-32
4.518300000000000182e+03 3.770752320826808629e-15 1.570999999999999942e-32
4.543800000000000182e+03 4.096276189344913604e-15 1.711999999999999866e-32
4.569399999999999636e+03 4.761845437244382534e-15 1.716000000000000132e-32
4.595000000000000000e+03 5.628295585418964395e-15 2.189999999999999869e-32
4.620500000000000000e+03 6.106295318001308779e-15 1.658000000000000111e-32
4.646100000000000364e+03 6.142599095159459779e-15 1.842000000000000017e-32
4.671699999999999818e+03 6.198264886801961609e-15 2.211999999999999962e-32
4.697300000000000182e+03 5.988913105189946620e-15 1.520999999999999905e-32
4.722800000000000182e+03 4.957885833898407561e-15 1.495000000000000094e-32
4.748399999999999636e+03 3.999466116923172081e-15 1.029999999999999996e-32
4.774000000000000000e+03 3.646109352583815796e-15 8.917000000000000464e-33
4.799500000000000000e+03 3.201993145349081617e-15 8.076000000000000022e-33
4.825100000000000364e+03 2.953917334768369703e-15 8.669999999999999794e-33
4.850699999999999818e+03 3.140276724180221682e-15 9.644999999999999558e-33
4.876300000000000182e+03 3.750180180437190360e-15 8.729999999999999674e-33
4.901800000000000182e+03 3.434337319161259222e-15 6.882999999999999462e-33
4.927399999999999636e+03 3.614646079046751123e-15 8.614000000000000180e-33
4.953000000000000000e+03 4.610579699085410566e-15 8.273000000000000108e-33
4.978500000000000000e+03 5.239845169826729284e-15 8.335999999999999503e-33
5.004100000000000364e+03 5.151505978741890607e-15 6.773000000000000366e-33
5.029699999999999818e+03 4.580326551453617276e-15 6.230999999999999943e-33
5.055300000000000182e+03 3.779223202163711476e-15 5.357000000000000046e-33
5.080800000000000182e+03 3.451279081835064521e-15 4.833000000000000134e-33
5.106399999999999636e+03 3.595284064562403449e-15 4.730000000000000135e-33
5.132000000000000000e+03 3.679992877931425606e-15 4.843000000000000114e-33
5.157500000000000000e+03 3.748970054531915820e-15 3.694999999999999807e-33
5.183100000000000364e+03 3.943800325280671040e-15 5.364999999999999893e-33
5.208699999999999818e+03 4.148311603271595758e-15 4.090000000000000044e-33
5.234199999999999818e+03 4.527081011621657427e-15 4.948000000000000247e-33
5.259800000000000182e+03 5.043804773172704257e-15 5.977000000000000176e-33
5.285399999999999636e+03 5.559318408818471026e-15 5.039000000000000134e-33
5.311000000000000000e+03 5.786822079009563093e-15 5.202000000000000013e-33
5.336500000000000000e+03 6.125657332485656452e-15 5.720000000000000211e-33
5.362100000000000364e+03 6.253930678444462649e-15 6.448999999999999371e-33
5.387699999999999818e+03 6.174062368696528397e-15 5.395999999999999900e-33
5.413199999999999818e+03 5.869110640568044847e-15 4.607000000000000175e-33
5.438800000000000182e+03 5.760199309093586324e-15 5.218999999999999774e-33
5.464399999999999636e+03 5.866690388757500500e-15 5.000999999999999662e-33
5.490000000000000000e+03 5.892103032768208252e-15 4.946000000000000114e-33
5.515500000000000000e+03 5.835227115220430305e-15 5.707000000000000031e-33
5.541100000000000364e+03 5.858219507420596865e-15 5.020000000000000240e-33
5.566699999999999818e+03 5.663389236671841645e-15 1.840000000000000089e-33
5.592199999999999818e+03 5.374169145311896348e-15 1.935999999999999966e-33
5.617800000000000182e+03 5.064376913562321738e-15 1.729000000000000037e-32
5.643399999999999636e+03 4.592427810506335854e-15 3.541999999999999907e-33
5.668899999999999636e+03 4.187035632240295049e-15 2.308000000000000044e-33
5.694500000000000000e+03 3.776802950353167918e-15 2.910000000000000005e-33
5.720100000000000364e+03 3.303643721391909467e-15 2.088000000000000141e-33
5.745699999999999818e+03 2.792970589367224686e-15 1.722999999999999844e-33
5.771199999999999818e+03 2.553365660123417197e-15 1.737000000000000090e-33
5.796800000000000182e+03 2.709471901903473520e-15 2.521000000000000166e-33
5.822399999999999636e+03 2.981750230589619434e-15 1.504000000000000008e-33
5.847899999999999636e+03 3.394403164287289729e-15 1.925999999999999986e-33
5.873500000000000000e+03 3.648529604394361721e-15 1.892999999999999847e-33
5.899100000000000364e+03 3.907496548122516095e-15 1.944999999999999880e-33
5.924699999999999818e+03 4.070863545334206641e-15 2.824000000000000109e-33
5.950199999999999818e+03 4.176144499092850223e-15 2.670999999999999867e-33
5.975800000000000182e+03 4.207607772629916474e-15 2.373999999999999981e-33
6.001399999999999636e+03 4.118058455639807202e-15 2.036999999999999833e-33
6.026899999999999636e+03 3.885714281827628019e-15 2.119000000000000148e-33
6.052500000000000000e+03 3.672732122499798088e-15 1.873999999999999953e-33
6.078100000000000364e+03 3.629167589910012470e-15 1.682999999999999924e-33
6.103699999999999818e+03 3.608595449520392623e-15 1.978000000000000019e-33
6.129199999999999818e+03 3.692094136984144972e-15 1.643000000000000004e-33
6.154800000000000182e+03 3.957111710238658636e-15 1.829000000000000043e-33
6.180399999999999636e+03 4.213658402156274974e-15 2.372999999999999915e-33
6.205899999999999636e+03 4.153152106892685240e-15 1.770999999999999953e-33
6.231500000000000000e+03 3.793744713026970456e-15 1.688999999999999980e-33
6.257100000000000364e+03 3.506944873477565561e-15 1.826999999999999910e-33
6.282600000000000364e+03 3.314534854539354688e-15 1.481999999999999915e-33
6.308199999999999818e+03 3.285491832812833178e-15 1.371999999999999963e-33
6.333800000000000182e+03 3.514205628909195446e-15 2.000000000000000112e-33
6.359399999999999636e+03 3.942590199375398867e-15 1.568000000000000153e-33
6.384899999999999636e+03 4.410908924715570597e-15 1.903999999999999893e-33
6.410500000000000000e+03 4.913111175403352925e-15 1.746000000000000003e-33
6.436100000000000364e+03 5.366908389880261730e-15 2.062999999999999849e-33
6.461600000000000364e+03 5.562948786534288335e-15 2.373999999999999981e-33
6.487199999999999818e+03 5.587151304639721546e-15 2.148000000000000022e-33
6.512800000000000182e+03 5.645237348092766933e-15 2.773000000000000142e-33
6.538399999999999636e+03 5.652498103524399185e-15 2.191000000000000141e-33
6.563899999999999636e+03 5.665809488482386780e-15 2.968000000000000095e-33
6.589500000000000000e+03 5.519384253944505872e-15 3.939000000000000277e-33
6.615100000000000364e+03 5.204751518573848090e-15 9.959999999999999613e-34
6.640600000000000364e+03 4.874387146434656789e-15 6.491999999999999661e-34
6.666199999999999818e+03 4.473835471789703888e-15 3.362999999999999819e-34
6.691800000000000182e+03 4.074493923050024739e-15 1.286999999999999962e-33
6.717399999999999636e+03 3.769542194921538033e-15 1.334000000000000005e-33
6.742899999999999636e+03 3.590443560941316334e-15 1.433999999999999976e-33
6.768500000000000000e+03 3.396823416097835653e-15 1.255000000000000060e-33
6.794100000000000364e+03 3.344788002171149949e-15 1.373000000000000030e-33
6.819600000000000364e+03 3.266129818328484715e-15 1.088000000000000086e-33
6.845199999999999818e+03 3.163269116380385086e-15 1.252000000000000032e-33
6.870800000000000182e+03 3.001112245073968685e-15 1.175999999999999944e-33
6.896300000000000182e+03 2.857107262346629757e-15 1.003000000000000084e-33
6.921899999999999636e+03 2.813542729756846505e-15 8.065999999999999700e-34
6.947500000000000000e+03 2.845006003293911968e-15 9.422000000000000140e-34
6.973100000000000364e+03 2.932135068473478866e-15 1.137999999999999986e-33
6.998600000000000364e+03 3.047097029474294706e-15 1.093000000000000076e-33
7.024199999999999818e+03 3.129385591032775277e-15 8.212000000000000161e-34
7.049800000000000182e+03 3.234666544791418069e-15 1.098000000000000066e-33
7.075300000000000182e+03 3.307274099107723620e-15 1.069000000000000021e-33
7.100899999999999636e+03 3.319375358160441015e-15 8.118999999999999457e-34
7.126500000000000000e+03 3.272180447854842821e-15 1.013000000000000064e-33
7.152100000000000364e+03 3.206833648970167943e-15 1.178999999999999972e-33
7.177600000000000364e+03 3.176580501338373076e-15 1.268000000000000068e-33
7.203199999999999818e+03 3.284281706907561004e-15 1.267000000000000002e-33
7.228800000000000182e+03 3.520256258435554735e-15 1.980999999999999876e-33
7.254300000000000182e+03 3.770752320826808629e-15 1.628000000000000034e-33
7.279899999999999636e+03 4.012777501881161254e-15 1.479999999999999953e-33
7.305500000000000000e+03 4.334670992683449709e-15 1.660000000000000107e-33
7.331100000000000364e+03 4.695288512454435089e-15 1.640999999999999871e-33
7.356600000000000364e+03 4.767896066770740245e-15 1.667999999999999954e-33
7.382199999999999818e+03 4.633572091285577126e-15 1.688999999999999980e-33
7.407800000000000182e+03 4.466574716358072426e-15 1.330000000000000081e-33
7.433300000000000182e+03 4.317729230009644804e-15 1.196999999999999971e-33
7.458899999999999636e+03 4.236650794356439168e-15 1.291999999999999952e-33
7.484500000000000000e+03 4.102326818871271315e-15 1.056000000000000013e-33
7.510000000000000000e+03 4.130159714692523413e-15 1.219999999999999959e-33
7.535600000000000364e+03 3.913547177648876173e-15 1.409999999999999922e-33
7.561199999999999818e+03 3.649739730299633105e-15 2.588000000000000084e-34
7.586800000000000182e+03 3.252818433370494358e-15 2.168999999999999792e-34
7.612300000000000182e+03 2.658646613882058806e-15 2.370999999999999867e-34
7.637899999999999636e+03 2.420251810543522701e-15 8.913999999999999239e-34
7.663500000000000000e+03 2.513431505249448887e-15 1.693999999999999970e-33
7.689000000000000000e+03 2.732464294103638108e-15 1.969000000000000105e-33
7.714600000000000364e+03 2.955127460673642665e-15 1.706000000000000083e-33
7.740199999999999818e+03 3.215304530307070790e-15 1.641999999999999937e-33
7.765800000000000182e+03 3.638848597152187490e-15 1.471000000000000039e-33
7.791300000000000182e+03 4.108377448397631393e-15 1.774999999999999877e-33
7.816899999999999636e+03 4.501668367610952042e-15 1.651999999999999917e-33
7.842500000000000000e+03 4.869546642813570462e-15 1.702999999999999884e-33
7.868000000000000000e+03 5.110361697962650125e-15 1.942000000000000022e-33
7.893600000000000364e+03 5.284619828321786287e-15 2.428000000000000147e-33
7.919199999999999818e+03 5.376589397122436750e-15 2.571000000000000067e-33
7.944699999999999818e+03 5.221693281247650628e-15 2.275999999999999971e-33
7.970300000000000182e+03 4.925212434456070714e-15 2.191999999999999865e-33
7.995899999999999636e+03 4.450843079589538906e-15 3.995999999999999616e-34
8.021500000000000000e+03 3.994625613302086543e-15 1.499000000000000018e-33
8.047000000000000000e+03 3.592863812751859891e-15 1.080999999999999963e-33
8.072600000000000364e+03 3.341157624455334218e-15 9.120000000000000264e-34
8.098199999999999818e+03 3.179000753148916240e-15 9.975000000000000610e-34
8.123699999999999818e+03 3.057988162621740716e-15 8.773000000000000820e-34
8.149300000000000182e+03 2.871628773209891893e-15 8.885999999999999431e-34
8.174899999999999636e+03 2.837745247862280900e-15 9.705999999999999162e-34
8.200500000000000000e+03 2.814752855662117495e-15 1.185999999999999924e-33
8.226000000000000000e+03 2.744565553156355502e-15 1.049000000000000061e-33
8.251600000000000364e+03 2.621132710818635632e-15 1.370000000000000001e-33
8.277200000000000728e+03 2.437193573217328394e-15 2.229999999999999995e-33
8.302700000000000728e+03 2.152813985478463508e-15 6.242000000000000161e-34
8.328299999999999272e+03 1.849072383255251736e-15 6.661999999999999835e-34
8.353899999999999636e+03 1.699016771001552927e-15 2.871999999999999876e-33
8.379500000000000000e+03 1.695386393285737393e-15 2.306999999999999978e-33
8.405000000000000000e+03 1.830920494676175447e-15 1.613000000000000064e-33
8.430600000000000364e+03 2.006388750940580627e-15 1.036000000000000053e-33
8.456200000000000728e+03 2.197588643973518933e-15 1.087000000000000019e-33
8.481700000000000728e+03 2.409360677396077085e-15 1.175000000000000049e-33
8.507299999999999272e+03 2.719152909145648540e-15 1.101999999999999989e-33
8.532899999999999636e+03 3.107603324737882073e-15 1.116999999999999959e-33
8.558399999999999636e+03 3.491213236709032041e-15 1.285000000000000000e-33
8.584000000000000000e+03 3.816737105227135438e-15 2.417000000000000100e-33
8.609600000000000364e+03 4.034559768176053274e-15 3.255000000000000001e-33
8.635200000000000728e+03 4.228179913019535532e-15 3.093000000000000187e-33
8.660700000000000728e+03 4.345562125830894536e-15 2.820999999999999910e-33
8.686299999999999272e+03 4.489567108558235042e-15 1.891000000000000056e-33
8.711899999999999636e+03 4.556124033348184065e-15 1.989000000000000065e-33
8.737399999999999636e+03 4.458103835021168790e-15 5.218999999999999774e-33
8.763000000000000000e+03 4.358873510788884498e-15 9.717999999999999617e-33
8.788600000000000364e+03 4.189455884050840185e-15 1.138999999999999984e-32
8.814200000000000728e+03 3.977683850628277694e-15 9.679999999999999830e-33
8.839700000000000728e+03 3.718716906900124108e-15 8.007999999999999611e-33
8.865299999999999272e+03 3.498473992140661926e-15 1.159000000000000012e-33
8.890899999999999636e+03 3.298803217770821957e-15 3.124000000000000194e-33
8.916399999999999636e+03 3.147537479611851566e-15 3.989999999999999902e-34
8.942000000000000000e+03 3.124545087411688950e-15 4.308000000000000156e-34
8.967600000000000364e+03 3.101552695211525151e-15 6.081000000000000242e-33
8.993200000000000728e+03 2.964808467915816896e-15 3.077000000000000151e-33
9.018700000000000728e+03 2.681639006082224972e-15 2.438999999999999851e-33
9.044299999999999272e+03 2.507380875723089599e-15 2.128000000000000062e-33
9.069899999999999636e+03 2.461396091322762789e-15 2.042999999999999889e-33
9.095399999999999636e+03 2.593299814997385901e-15 1.726000000000000043e-33
9.121000000000000000e+03 2.858317388251901142e-15 2.521000000000000166e-33
9.146600000000000364e+03 3.163269116380385086e-15 3.010999999999999872e-33
9.172100000000000364e+03 3.379881653424031143e-15 3.546000000000000172e-33
9.197700000000000728e+03 3.465800592698323895e-15 3.165000000000000181e-33
9.223299999999999272e+03 3.573501798267513007e-15 3.610999999999999701e-33
