3.776699999999999818e+03 1.033834688114452656e-15 9.400999999999999771e-33
3.802300000000000182e+03 1.066720085748312361e-15 9.101000000000000370e-33
3.827900000000000091e+03 9.318899554494888522e-16 4.042000000000000116e-36
3.853400000000000091e+03 7.394076124238057539e-16 7.170000000000000052e-33
3.879000000000000000e+03 6.353047755391199841e-16 8.789000000000000277e-37
3.904599999999999909e+03 6.444510267560369773e-16 1.702999999999999944e-37
3.930099999999999909e+03 8.705381354888200087e-16 3.006999999999999949e-33
3.955699999999999818e+03 1.272253820959932904e-15 1.803000000000000026e-32
3.981300000000000182e+03 1.695653315495871503e-15 1.585999999999999981e-32
4.006800000000000182e+03 1.794309508397450224e-15 1.951000000000000005e-32
4.032400000000000091e+03 1.647352887721140894e-15 1.966999999999999973e-32
4.058000000000000000e+03 1.604190803326700191e-15 1.593000000000000035e-32
4.083599999999999909e+03 1.433597803101055473e-15 1.391000000000000028e-32
4.109100000000000364e+03 1.213676706424621100e-15 1.092000000000000009e-32
4.134699999999999818e+03 1.098577814706113414e-15 9.323999999999999446e-33
4.160300000000000182e+03 1.170514622030180397e-15 7.748000000000000130e-33
4.185800000000000182e+03 1.163320941297773975e-15 8.084000000000000554e-33
4.211399999999999636e+03 1.220870387157027522e-15 8.694000000000000020e-33
4.237000000000000000e+03 1.241423760678189714e-15 6.563999999999999483e-33
4.262600000000000364e+03 1.201344682311923784e-15 5.561999999999999979e-33
4.288100000000000364e+03 1.323637254762837892e-15 5.824999999999999659e-33
4.313699999999999818e+03 1.377076025917859395e-15 6.058000000000000083e-33
4.339300000000000182e+03 1.419210441636242037e-15 4.850999999999999962e-33
4.364800000000000182e+03 1.596997122594293966e-15 5.300999999999999747e-33
4.390399999999999636e+03 1.399684736791137905e-15 4.966000000000000074e-33
4.416000000000000000e+03 1.348301302988232720e-15 3.568000000000000265e-33
4.441600000000000364e+03 1.090356465297648931e-15 4.347000000000000010e-33
4.467100000000000364e+03 1.133518549692088254e-15 1.003000000000000084e-33
4.492699999999999818e+03 1.082135115889183857e-15 4.123000000000000184e-33
4.518300000000000182e+03 1.332886272847361027e-15 3.301000000000000320e-33
4.543800000000000182e+03 1.428459459720764383e-15 4.049000000000000058e-33
4.569399999999999636e+03 1.677155279326825826e-15 3.612999999999999833e-33
4.595000000000000000e+03 1.862135641017284966e-15 3.299000000000000187e-33
4.620500000000000000e+03 1.925851098932887466e-15 3.497999999999999721e-33
4.646100000000000364e+03 1.928934104961063028e-15 3.458999999999999867e-33
4.671699999999999818e+03 1.866246315721517207e-15 2.999000000000000101e-33
4.697300000000000182e+03 1.610356815383049144e-15 2.704000000000000006e-33
4.722800000000000182e+03 1.306166887269849881e-15 2.679000000000000056e-33
4.748399999999999636e+03 1.046166712227150563e-15 1.989000000000000065e-33
4.774000000000000000e+03 9.553208012636133374e-16 2.356999999999999878e-33
4.799500000000000000e+03 8.546092710099189892e-16 2.220000000000000015e-33
4.825100000000000364e+03 8.289175541084669883e-16 2.262000000000000068e-33
4.850699999999999818e+03 9.208939006156670349e-16 1.795999999999999903e-33
4.876300000000000182e+03 1.058498736339846695e-15 1.929999999999999910e-33
4.901800000000000182e+03 1.156127260565366764e-15 1.644000000000000070e-33
4.927399999999999636e+03 1.076996772508893753e-15 1.995999999999999846e-33
4.953000000000000000e+03 1.271226152283874844e-15 1.801999999999999960e-33
4.978500000000000000e+03 1.461344857354623891e-15 1.765999999999999963e-33
5.004100000000000364e+03 1.538420008058981964e-15 1.774999999999999877e-33
5.029699999999999818e+03 1.581582092453421878e-15 2.021000000000000138e-33
5.055300000000000182e+03 1.387352712678440590e-15 1.350999999999999937e-33
5.080800000000000182e+03 1.084190453241299781e-15 1.546000000000000061e-33
5.106399999999999636e+03 1.020063927855274293e-15 1.185999999999999924e-33
5.132000000000000000e+03 1.051305055607440667e-15 1.360999999999999917e-33
5.157500000000000000e+03 1.205455357016156223e-15 1.263000000000000078e-33
5.183100000000000364e+03 1.472649212791263146e-15 1.409000000000000026e-33
5.208699999999999818e+03 1.606246140678817100e-15 1.350999999999999937e-33
5.234199999999999818e+03 1.650435893749315272e-15 1.638000000000000014e-33
5.259800000000000182e+03 1.716206689017034090e-15 1.209999999999999979e-33
5.285399999999999636e+03 1.797392514425623419e-15 1.471999999999999935e-33
5.311000000000000000e+03 1.899131713355376320e-15 1.296999999999999942e-33
5.336500000000000000e+03 1.921740424228654831e-15 1.193999999999999942e-33
5.362100000000000364e+03 1.867273984397575070e-15 1.028999999999999930e-33
5.387699999999999818e+03 1.757313436059357489e-15 1.293000000000000018e-33
5.413199999999999818e+03 1.591858779214003270e-15 1.257999999999999917e-33
5.438800000000000182e+03 1.492174917636367278e-15 1.170000000000000059e-33
5.464399999999999636e+03 1.323637254762837892e-15 1.043000000000000004e-33
5.490000000000000000e+03 1.240396092002131654e-15 1.280000000000000010e-33
5.515500000000000000e+03 1.182846646142877910e-15 1.010000000000000036e-33
5.541100000000000364e+03 1.186957320847110348e-15 1.619999999999999844e-33
5.566699999999999818e+03 1.216759712452795083e-15 1.348999999999999975e-33
5.592199999999999818e+03 1.149961248509018402e-15 1.677999999999999934e-33
5.617800000000000182e+03 9.157555572353765361e-16 2.711000000000000129e-33
5.643399999999999636e+03 7.565696793139762289e-16 7.133999999999999885e-34
5.668899999999999636e+03 6.780557924631371076e-16 7.330000000000000246e-34
5.694500000000000000e+03 6.231782851616344582e-16 6.971999999999999900e-34
5.720100000000000364e+03 5.652177718319570363e-16 8.131999999999999979e-34
5.745699999999999818e+03 4.215496909190343667e-16 1.085000000000000015e-34
5.771199999999999818e+03 3.569093311949796020e-16 6.184000000000000071e-34
5.796800000000000182e+03 3.539290920344111186e-16 5.930999999999999858e-34
5.822399999999999636e+03 3.963718083556107057e-16 7.973000000000000707e-34
5.847899999999999636e+03 5.138343380290521470e-16 5.903000000000000051e-34
5.873500000000000000e+03 6.048857827278000774e-16 5.307999999999999870e-34
5.899100000000000364e+03 7.292336925308307990e-16 8.566999999999999795e-34
5.924699999999999818e+03 8.309728914605829117e-16 6.023000000000000324e-34
5.950199999999999818e+03 8.132969902323834065e-16 6.041999999999999705e-34
5.975800000000000182e+03 7.960321564746072832e-16 5.925000000000000143e-34
6.001399999999999636e+03 7.482455630379059009e-16 4.938000000000000096e-34
6.026899999999999636e+03 7.027198406885316398e-16 6.094000000000000080e-34
6.052500000000000000e+03 6.640794984687467576e-16 6.114999999999999935e-34
6.078100000000000364e+03 6.676763388349500673e-16 4.042999999999999659e-34
6.103699999999999818e+03 6.872020436800541994e-16 3.811000000000000157e-34
6.129199999999999818e+03 7.664352986041339431e-16 5.335000000000000295e-34
6.154800000000000182e+03 8.913998096127993431e-16 4.507000000000000375e-34
6.180399999999999636e+03 9.479215867959952242e-16 5.882999999999999577e-34
6.205899999999999636e+03 9.762852422551989116e-16 5.400000000000000336e-34
6.231500000000000000e+03 1.007115302536942496e-15 5.393999999999999767e-34
6.257100000000000364e+03 1.070830760452544602e-15 5.759000000000000064e-34
6.282600000000000364e+03 1.109882170142751880e-15 4.892000000000000290e-34
6.308199999999999818e+03 1.066720085748312361e-15 4.987999999999999996e-34
6.333800000000000182e+03 1.038973031494743549e-15 4.557000000000000275e-34
6.359399999999999636e+03 1.074941435156777041e-15 3.755999999999999924e-34
6.384899999999999636e+03 1.117075850875158894e-15 3.449000000000000144e-34
6.410500000000000000e+03 1.208538363044330009e-15 4.592000000000000034e-34
6.436100000000000364e+03 1.313360568002257092e-15 4.809000000000000251e-34
6.461600000000000364e+03 1.363716333129104611e-15 5.533000000000000276e-34
6.487199999999999818e+03 1.368854676509394715e-15 4.420000000000000241e-34
6.512800000000000182e+03 1.391463387382673028e-15 4.524000000000000136e-34
6.538399999999999636e+03 1.447985164565868318e-15 6.484999999999999710e-34
6.563899999999999636e+03 1.429487128396823035e-15 8.629000000000000834e-34
6.589500000000000000e+03 1.369882345185452578e-15 2.399000000000000102e-34
6.615100000000000364e+03 1.254783453466945484e-15 3.461000000000000000e-34
6.640600000000000364e+03 1.058498736339846695e-15 1.535999999999999995e-34
6.666199999999999818e+03 8.669412951226164032e-16 4.705000000000000356e-34
6.691800000000000182e+03 6.897712153701993502e-16 3.263999999999999829e-34
6.717399999999999636e+03 5.688146121981605432e-16 2.766999999999999829e-34
6.742899999999999636e+03 5.102374976628485415e-16 3.060000000000000134e-34
6.768500000000000000e+03 4.395338927500510631e-16 2.981000000000000189e-34
6.794100000000000364e+03 4.105536360852125987e-16 2.694999999999999836e-34
6.819600000000000364e+03 4.029488878823825974e-16 2.754000000000000163e-34
6.845199999999999818e+03 3.892808944908097345e-16 4.617999999999999794e-35
6.870800000000000182e+03 3.956524402823700832e-16 5.422999999999999598e-35
6.896300000000000182e+03 3.889725938879923953e-16 3.398999999999999816e-34
6.921899999999999636e+03 3.928777348570130935e-16 4.104999999999999843e-34
6.947500000000000000e+03 4.192888198317064565e-16 2.763000000000000162e-34
6.973100000000000364e+03 4.564904259050096993e-16 3.269999999999999971e-34
6.998600000000000364e+03 4.774548668965951750e-16 3.013000000000000091e-34
7.024199999999999818e+03 5.024272157248071450e-16 2.575999999999999800e-34
7.049800000000000182e+03 5.545300176009529526e-16 2.583999999999999989e-34
7.075300000000000182e+03 5.870043477643886841e-16 3.011999999999999853e-34
7.100899999999999636e+03 6.009806417587791327e-16 2.500000000000000140e-34
7.126500000000000000e+03 6.323245363785514514e-16 2.725000000000000118e-34
7.152100000000000364e+03 6.467118978433649861e-16 2.640999999999999841e-34
7.177600000000000364e+03 6.633601303955062337e-16 3.253000000000000210e-34
7.203199999999999818e+03 7.380716431449303543e-16 3.908000000000000100e-34
7.228800000000000182e+03 8.085697143225161910e-16 5.021000000000000135e-34
7.254300000000000182e+03 8.921191776860399656e-16 4.562999999999999989e-34
7.279899999999999636e+03 1.045139043551091714e-15 3.719999999999999928e-34
7.305500000000000000e+03 1.226008730537318218e-15 3.764000000000000114e-34
7.331100000000000364e+03 1.375020688565743669e-15 3.377000000000000151e-34
7.356600000000000364e+03 1.444902158537694728e-15 3.724999999999999832e-34
7.382199999999999818e+03 1.381186700622092031e-15 3.949999999999999811e-34
7.407800000000000182e+03 1.221898055833086174e-15 3.750000000000000210e-34
7.433300000000000182e+03 1.045139043551091714e-15 3.623999999999999794e-34
7.458899999999999636e+03 9.036290668578911089e-16 3.105999999999999939e-34
7.484500000000000000e+03 8.300479896521304010e-16 2.894000000000000055e-34
7.510000000000000000e+03 7.822613962154290186e-16 2.820000000000000014e-34
7.535600000000000364e+03 7.158739997420753246e-16 2.527000000000000137e-34
7.561199999999999818e+03 6.370518122884187655e-16 5.174999999999999503e-35
7.586800000000000182e+03 5.745695567840860162e-16 6.890000000000000526e-35
7.612300000000000182e+03 5.332572760065501378e-16 3.496000000000000187e-34
7.637899999999999636e+03 5.202058838206123970e-16 2.840999999999999870e-34
7.663500000000000000e+03 5.628541338770236751e-16 3.708000000000000071e-34
7.689000000000000000e+03 6.105379604461195078e-16 4.442999999999999716e-34
7.714600000000000364e+03 6.736368171560872313e-16 4.892999999999999672e-34
7.740199999999999818e+03 7.765064516295033484e-16 3.514999999999999995e-34
7.765800000000000182e+03 9.509018259565634611e-16 3.249999999999999925e-34
7.791300000000000182e+03 1.133518549692088254e-15 3.524999999999999804e-34
7.816899999999999636e+03 1.227036399213376475e-15 3.679000000000000027e-34
7.842500000000000000e+03 1.229091736565492596e-15 3.737000000000000116e-34
7.868000000000000000e+03 1.155099591889309098e-15 4.034000000000000088e-34
7.893600000000000364e+03 1.055415730311672909e-15 4.569999999999999941e-34
7.919199999999999818e+03 9.748465061087174694e-16 4.060000000000000275e-34
7.944699999999999818e+03 8.903721409367410856e-16 3.658999999999999981e-34
7.970300000000000182e+03 7.755815498210510349e-16 3.832000000000000012e-34
7.995899999999999636e+03 6.450676279616720501e-16 4.294000000000000253e-34
8.021500000000000000e+03 5.445616314431894915e-16 4.280000000000000349e-34
8.047000000000000000e+03 4.938975657135248302e-16 3.164999999999999838e-34
8.072600000000000364e+03 4.599844994036071635e-16 2.646999999999999983e-34
8.098199999999999818e+03 4.246326969472085476e-16 2.617999999999999939e-34
8.123699999999999818e+03 4.075733969246439181e-16 2.705999999999999883e-34
8.149300000000000182e+03 4.044903908964697371e-16 2.419999999999999958e-34
8.174899999999999636e+03 4.154864457302914558e-16 2.925999999999999956e-34
8.200500000000000000e+03 4.512493156571136508e-16 2.941000000000000098e-34
8.226000000000000000e+03 4.891702898036576147e-16 3.357999999999999915e-34
8.251600000000000364e+03 5.226722886431516037e-16 4.874999999999999674e-34
8.277200000000000728e+03 5.336683434769735197e-16 5.900000000000000193e-34
8.302700000000000728e+03 5.019133813867781149e-16 7.162999999999999929e-34
8.328299999999999272e+03 4.208303228457935470e-16 7.251999999999999683e-34
8.353899999999999636e+03 3.575259324006143297e-16 6.574999999999999701e-34
8.379500000000000000e+03 3.570120980625852996e-16 5.202999999999999738e-34
8.405000000000000000e+03 4.014073848682954083e-16 3.841000000000000011e-34
8.430600000000000364e+03 4.873204861867528892e-16 3.312000000000000109e-34
8.456200000000000728e+03 6.118739297249951045e-16 3.002000000000000044e-34
8.481700000000000728e+03 7.550281762998888426e-16 2.314000000000000015e-34
8.507299999999999272e+03 9.606646783791155271e-16 3.287999999999999969e-34
8.532899999999999636e+03 1.141739899100553722e-15 3.847000000000000153e-34
8.558399999999999636e+03 1.310277561974082714e-15 5.079999999999999607e-34
8.584000000000000000e+03 1.413044429579892887e-15 6.472000000000000043e-34
8.609600000000000364e+03 1.458261851326449315e-15 5.502999999999999994e-34
8.635200000000000728e+03 1.439763815157404032e-15 5.432999999999999621e-34
8.660700000000000728e+03 1.431542465748938958e-15 4.240999999999999640e-34
8.686299999999999272e+03 1.431542465748938958e-15 4.665000000000000265e-34
8.711899999999999636e+03 1.414072098255951538e-15 7.185000000000000022e-34
8.737399999999999636e+03 1.373993019889685608e-15 1.535000000000000014e-33
8.763000000000000000e+03 1.279447501692339524e-15 2.009000000000000026e-33
8.788600000000000364e+03 1.148933579832960144e-15 2.813000000000000062e-33
8.814200000000000728e+03 1.018727958576398597e-15 2.181999999999999885e-33
8.839700000000000728e+03 9.059927048128246673e-16 1.624000000000000110e-33
8.865299999999999272e+03 8.013760335901094730e-16 1.206999999999999951e-33
8.890899999999999636e+03 6.984036322490876090e-16 7.016000000000000086e-34
8.916399999999999636e+03 6.077632550207627646e-16 7.144999999999999931e-34
8.942000000000000000e+03 5.738501887108451965e-16 6.149999999999999694e-34
8.967600000000000364e+03 5.847434766770611683e-16 6.404000000000000145e-34
8.993200000000000728e+03 5.310991717868281716e-16 5.919999999999999811e-34
9.018700000000000728e+03 4.703639530317944010e-16 4.384999999999999626e-34
9.044299999999999272e+03 4.516603831275365397e-16 4.417000000000000383e-34
9.069899999999999636e+03 4.566959596402213902e-16 4.369000000000000103e-34
9.095399999999999636e+03 4.805378729247694545e-16 3.883000000000000150e-34
9.121000000000000000e+03 5.139371048966578939e-16 6.250000000000000350e-34
9.146600000000000364e+03 5.488778398826335223e-16 7.985000000000000136e-34
9.172100000000000364e+03 6.126960646658415725e-16 6.427999999999999858e-34
9.197700000000000728e+03 6.874075774152658903e-16 6.055000000000000226e-34
9.223299999999999272e+03 7.514313359336858287e-16 1.038000000000000014e-33
