5.791776646234365217e+03 1.247510413445019672e+00
5.791969764514345115e+03 6.422977770607463111e-01
5.792162882794325014e+03 8.740610648487051604e-01
5.792356001074304004e+03 8.908376967615809772e-01
5.792549119354283903e+03 1.362728584297345114e+00
5.792742237634263802e+03 1.378798879396235799e+00
5.792935355914243701e+03 7.227376326423772257e-01
5.793128474194223600e+03 7.389399306345285634e-01
5.793321592474203499e+03 1.321588791444215483e+00
5.793514710754183398e+03 9.787309019552488110e-01
5.793707829034163296e+03 5.445063462142811783e-01
5.793900947314143195e+03 7.411703479968598796e-01
5.794094065594123094e+03 1.191579194267266217e+00
5.794287183874102993e+03 1.150977493700701570e+00
5.794480302154082892e+03 1.317682185938382933e+00
5.794673420434062791e+03 8.859674397609538232e-01
5.794866538714042690e+03 1.254643424516170613e+00
5.795059656994022589e+03 1.069470010239794044e+00
5.795252775274002488e+03 1.111376049907089270e+00
5.795445893553982387e+03 1.062134947634810311e+00
5.795639011833962286e+03 1.269106670452938790e+00
5.795832130113942185e+03 1.243214963475528512e+00
5.796025248393922084e+03 9.977462030358597023e-01
5.796218366673901983e+03 7.061704427136327178e-01
5.796411484953881882e+03 8.213452809953758482e-01
5.796604603233861781e+03 7.820703016160980292e-01
5.796797721513841680e+03 6.767997110216010803e-01
5.796990839793821578e+03 1.075049377689157426e+00
5.797183958073801477e+03 1.234246828212399727e+00
5.797377076353781376e+03 7.771853352791469050e-01
5.797570194633761275e+03 8.003484731473640146e-01
5.797763312913741174e+03 1.061318892766953903e+00
5.797956431193721073e+03 1.050656355106906803e+00
5.798149549473700972e+03 1.078355360398750573e+00
5.798342667753680871e+03 1.018603162043905774e+00
5.798535786033660770e+03 7.907136530920343409e-01
5.798728904313640669e+03 5.793056583023075135e-01
5.798922022593620568e+03 9.596809618062798197e-01
5.799115140873600467e+03 1.093947771525759505e+00
5.799308259153580366e+03 1.024217094491891134e+00
5.799501377433560265e+03 9.899765809756871926e-01
5.799694495713540164e+03 8.386107401067883771e-01
5.799887613993520063e+03 8.848902093133981239e-01
5.800080732273499962e+03 9.467990647280533079e-01
5.800273850553479861e+03 1.055325215654561832e+00
5.800466968833459759e+03 1.314516100946274024e+00
5.800660087113439658e+03 1.037356338268443423e+00
5.800853205393419557e+03 1.070134335682088711e+00
5.801046323673399456e+03 8.505146671113066326e-01
5.801239441953379355e+03 6.845631090664769935e-01
5.801432560233359254e+03 9.189341428033253045e-01
5.801625678513339153e+03 1.340798119770852059e+00
5.801818796793319052e+03 1.145172062755153597e+00
5.802011915073298951e+03 1.016480368153109159e+00
5.802205033353278850e+03 1.066986167645516126e+00
5.802398151633258749e+03 9.913457156194197539e-01
5.802591269913238648e+03 1.044992058119217582e+00
5.802784388193217637e+03 1.014205694391373758e+00
5.802977506473197536e+03 9.579303093787535639e-01
5.803170624753177435e+03 1.069293689962725002e+00
5.803363743033157334e+03 9.455351700257925707e-01
5.803556861313137233e+03 8.945106750180383814e-01
5.803749979593117132e+03 1.116560153405715017e+00
5.803943097873097031e+03 1.157696771009480097e+00
5.804136216153076930e+03 1.276567112143096594e+00
5.804329334433056829e+03 1.184603529049439219e+00
5.804522452713036728e+03 1.143671954086387554e+00
5.804715570993016627e+03 9.046022591018845205e-01
5.804908689272996526e+03 6.680690918017737623e-01
5.805101807552976425e+03 9.208641416986789174e-01
5.805294925832956324e+03 9.736039131358391607e-01
5.805488044112936223e+03 8.869409978900347769e-01
5.805681162392916121e+03 1.003406892316665688e+00
5.805874280672896020e+03 1.230064701842857433e+00
5.806067398952875919e+03 1.269417562698573754e+00
5.806260517232855818e+03 1.113066225713421620e+00
5.806453635512835717e+03 1.008511742204011519e+00
5.806646753792815616e+03 9.220643352377624336e-01
5.806839872072795515e+03 9.939004770870207839e-01
5.807032990352775414e+03 8.697662767271731044e-01
5.807226108632755313e+03 7.476550054656162514e-01
5.807419226912735212e+03 1.110420693425299588e+00
5.807612345192715111e+03 1.242647780910489663e+00
5.807805463472695010e+03 1.011492743224495117e+00
5.807998581752674909e+03 1.077776251064200386e+00
5.808191700032654808e+03 1.224587070279348655e+00
5.808384818312634707e+03 9.583859151177466229e-01
5.808577936592614606e+03 1.186280974307212244e+00
5.808771054872594505e+03 1.232983127634772025e+00
5.808964173152574404e+03 9.706780746854604125e-01
5.809157291432554302e+03 1.043910719786921737e+00
5.809350409712534201e+03 1.045603300227791577e+00
5.809543527992514100e+03 9.805698906567608120e-01
5.809736646272493999e+03 1.122366790075070453e+00
5.809929764552473898e+03 1.311936569178104195e+00
5.810122882832453797e+03 1.010504661991872499e+00
5.810316001112433696e+03 8.840842195616960275e-01
5.810509119392413595e+03 1.347245498768310679e+00
5.810702237672393494e+03 1.195069288927477213e+00
5.810895355952372483e+03 6.937517561431726376e-01
5.811088474232352382e+03 8.591034889182067591e-01
5.811281592512332281e+03 8.818627185392727830e-01
5.811474710792312180e+03 8.190433032536655888e-01
5.811667829072292079e+03 7.773081184689628609e-01
5.811860947352271978e+03 7.186359251443331653e-01
5.812054065632251877e+03 9.159789506253094293e-01
5.812247183912231776e+03 9.402956608937768079e-01
5.812440302192211675e+03 7.986263574666579990e-01
5.812633420472191574e+03 7.951840868471143908e-01
5.812826538752171473e+03 1.082147649602086981e+00
5.813019657032151372e+03 1.246933576707759395e+00
5.813212775312131271e+03 7.928440919666912556e-01
5.813405893592111170e+03 6.550386417247564541e-01
5.813599011872091069e+03 1.231000978529338319e+00
5.813792130152070968e+03 1.350843187862380557e+00
5.813985248432050867e+03 1.039938090052884734e+00
5.814178366712030765e+03 8.625148941623153043e-01
5.814371484992010664e+03 1.024212972152382051e+00
5.814564603271990563e+03 4.247777486536827851e-01
5.814757721551970462e+03 2.585603091888594718e-01
5.814950839831950361e+03 1.166871859137609047e+00
5.815143958111930260e+03 1.171433977782448510e+00
5.815337076391910159e+03 9.143124013434316133e-01
5.815530194671890058e+03 7.542522644930862441e-01
5.815723312951869957e+03 1.065178948795441727e+00
5.815916431231849856e+03 1.116590194584566653e+00
5.816109549511829755e+03 1.016295806837421267e+00
5.816302667791809654e+03 1.139460596393284453e+00
5.816495786071789553e+03 1.204933564018503489e+00
5.816688904351769452e+03 1.235349491222929919e+00
5.816882022631749351e+03 1.001097685180680763e+00
5.817075140911729250e+03 9.698628056748919146e-01
5.817268259191709149e+03 9.929167657116235723e-01
5.817461377471689048e+03 9.328237573178195241e-01
5.817654495751668946e+03 7.986905931823650162e-01
5.817847614031648845e+03 6.836224923092620864e-01
5.818040732311628744e+03 1.028432003684699669e+00
5.818233850591608643e+03 9.381294466990343084e-01
5.818426968871588542e+03 9.165720970413289148e-01
5.818620087151568441e+03 1.270363980921233482e+00
5.818813205431548340e+03 1.152780192720084473e+00
5.819006323711528239e+03 1.003992930426642838e+00
5.819199441991508138e+03 1.107342098014661547e+00
5.819392560271488037e+03 1.094482596997366608e+00
5.819585678551467936e+03 8.136938499583848960e-01
5.819778796831447835e+03 8.982416388216789560e-01
5.819971915111427734e+03 9.494774995004684470e-01
5.820165033391407633e+03 1.078988954981448201e+00
5.820358151671387532e+03 1.385893356432058354e+00
5.820551269951367431e+03 1.057815357219334951e+00
5.820744388231347330e+03 9.053173675844498058e-01
5.820937506511327229e+03 1.060527880374472209e+00
5.821130624791307127e+03 9.713757888266718599e-01
5.821323743071286117e+03 8.683461136784850209e-01
5.821516861351266016e+03 9.534504938756711567e-01
5.821709979631245915e+03 1.165113372880118625e+00
5.821903097911225814e+03 1.214686404445812551e+00
5.822096216191205713e+03 1.128347430616010172e+00
5.822289334471185612e+03 9.760787458622260937e-01
5.822482452751165511e+03 1.304027278164455739e+00
5.822675571031145410e+03 1.007787564521715584e+00
5.822868689311125308e+03 8.091905069538619655e-01
5.823061807591105207e+03 1.085134336141314382e+00
5.823254925871085106e+03 1.109021519188098326e+00
5.823448044151065005e+03 8.774918311702316620e-01
5.823641162431044904e+03 7.999292231268649855e-01
5.823834280711024803e+03 1.004164077247887255e+00
5.824027398991004702e+03 9.641940616031841049e-01
5.824220517270984601e+03 9.591202313235926979e-01
5.824413635550964500e+03 9.031829854429695992e-01
5.824606753830944399e+03 1.099458698825462433e+00
5.824799872110924298e+03 1.028323654894807149e+00
5.824992990390904197e+03 9.570915437015391491e-01
5.825186108670884096e+03 8.993825499726566530e-01
5.825379226950863995e+03 8.771134880789370758e-01
5.825572345230843894e+03 9.172728738175973673e-01
5.825765463510823793e+03 1.054938392922379675e+00
5.825958581790803692e+03 8.929283893059821731e-01
5.826151700070783590e+03 9.898343721300598697e-01
5.826344818350763489e+03 1.050987909505052942e+00
5.826537936630743388e+03 9.986796234441890352e-01
5.826731054910723287e+03 9.927927511007201833e-01
5.826924173190703186e+03 9.732056248652043440e-01
5.827117291470683085e+03 1.123682756483599166e+00
5.827310409750662984e+03 1.056007998802052095e+00
5.827503528030642883e+03 8.683713847664963348e-01
5.827696646310622782e+03 1.013859802470501226e+00
5.827889764590602681e+03 1.061864682594920728e+00
5.828082882870582580e+03 1.000684207376678625e+00
5.828276001150562479e+03 8.740283187203160553e-01
5.828469119430542378e+03 1.060532898415606828e+00
5.828662237710522277e+03 9.334737336021111664e-01
5.828855355990502176e+03 9.357889635354508240e-01
5.829048474270482075e+03 9.353469673269091400e-01
5.829241592550461974e+03 1.120249897830088326e+00
5.829434710830440963e+03 9.391832347439340589e-01
5.829627829110420862e+03 9.974900615602353415e-01
5.829820947390400761e+03 8.253993122842732122e-01
5.830014065670380660e+03 9.438948461333174222e-01
5.830207183950360559e+03 1.077642694746183016e+00
5.830400302230340458e+03 1.152796477986449020e+00
5.830593420510320357e+03 1.032567777426688371e+00
5.830786538790300256e+03 1.159499503898628880e+00
5.830979657070280155e+03 1.067305800608109534e+00
5.831172775350260054e+03 9.881941452290090577e-01
5.831365893630239952e+03 1.171249192377345372e+00
5.831559011910219851e+03 9.607924573468544782e-01
5.831752130190199750e+03 7.814443005035260903e-01
