5.892391270103882562e+03 1.055326136379943547e+00
5.892584388383862461e+03 1.034306556645989028e+00
5.892777506663842360e+03 9.715527989691944422e-01
5.892970624943822259e+03 8.877166379426771892e-01
5.893163743223802157e+03 8.437974526319113044e-01
5.893356861503782056e+03 1.028778163829991321e+00
5.893549979783761955e+03 1.100820809052645233e+00
5.893743098063741854e+03 1.085195957514947018e+00
5.893936216343721753e+03 1.025846020833163674e+00
5.894129334623701652e+03 8.970599795132551124e-01
5.894322452903681551e+03 1.181673843969936133e+00
5.894515571183661450e+03 1.087908505310824836e+00
5.894708689463641349e+03 1.012251829711144024e+00
5.894901807743621248e+03 1.002621735034861850e+00
5.895094926023601147e+03 9.505994248862543738e-01
5.895288044303581046e+03 1.026078400935389379e+00
5.895481162583560035e+03 1.003151542965603937e+00
5.895674280863539934e+03 9.782067419565548816e-01
5.895867399143519833e+03 1.060495855726691916e+00
5.896060517423499732e+03 1.100985962853235467e+00
5.896253635703479631e+03 9.343086481835336521e-01
5.896446753983459530e+03 9.278967845947528881e-01
5.896639872263439429e+03 8.935813970696239172e-01
5.896832990543419328e+03 8.346437620185488404e-01
5.897026108823399227e+03 9.026371816129288295e-01
5.897219227103379126e+03 1.074393537117583675e+00
5.897412345383359025e+03 9.239350962045874693e-01
5.897605463663338924e+03 1.008125845586024694e+00
5.897798581943318823e+03 1.024631592001196800e+00
5.897991700223298722e+03 1.161925521177784359e+00
5.898184818503278620e+03 1.051273778024545580e+00
5.898377936783258519e+03 9.761148743970128328e-01
5.898571055063238418e+03 1.026114479981805827e+00
5.898764173343218317e+03 9.612592562427786369e-01
5.898957291623198216e+03 9.179589713741035384e-01
5.899150409903178115e+03 9.610864007567238021e-01
5.899343528183158014e+03 1.120538076432189056e+00
5.899536646463137913e+03 1.068235713175015755e+00
5.899729764743117812e+03 9.490942500619780064e-01
5.899922883023097711e+03 1.004368405148378107e+00
5.900116001303077610e+03 9.770825241315395093e-01
5.900309119583057509e+03 9.852571668400581517e-01
5.900502237863037408e+03 8.658872060992948150e-01
5.900695356143017307e+03 8.902187891470153547e-01
5.900888474422997206e+03 1.097819617594201436e+00
5.901081592702977105e+03 1.029260951692020809e+00
5.901274710982957004e+03 9.373786449640787444e-01
5.901467829262936903e+03 9.131194265870026250e-01
5.901660947542916801e+03 1.042840298243186581e+00
5.901854065822896700e+03 9.574930834019853565e-01
5.902047184102876599e+03 8.689902729138537785e-01
5.902240302382856498e+03 9.098181169295617154e-01
5.902433420662836397e+03 9.818838118943409299e-01
5.902626538942816296e+03 1.092025694816187276e+00
5.902819657222796195e+03 9.974541906718840112e-01
5.903012775502776094e+03 1.078458674090396086e+00
5.903205893782755993e+03 1.116112350465402248e+00
5.903399012062735892e+03 1.018379435536602928e+00
5.903592130342714881e+03 1.056528961132124023e+00
5.903785248622694780e+03 1.097160349143643687e+00
5.903978366902674679e+03 1.004033995991437278e+00
5.904171485182654578e+03 1.014624708657054786e+00
5.904364603462634477e+03 9.683351354975588965e-01
5.904557721742614376e+03 9.430012401145762002e-01
5.904750840022594275e+03 1.001102496506360406e+00
5.904943958302574174e+03 9.537187874535465459e-01
5.905137076582554073e+03 1.001874323937201883e+00
5.905330194862533972e+03 9.858799593943614603e-01
5.905523313142513871e+03 1.009619881536014230e+00
5.905716431422493770e+03 1.058922990575202228e+00
5.905909549702473669e+03 1.097017237658684419e+00
5.906102667982453568e+03 1.087499138174161661e+00
5.906295786262433467e+03 1.061462531604982606e+00
5.906488904542413366e+03 1.028078036951689977e+00
5.906682022822393265e+03 1.018150794126007064e+00
5.906875141102373163e+03 9.392483370620225980e-01
5.907068259382353062e+03 9.752825005079446274e-01
5.907261377662332961e+03 9.808331703845273308e-01
5.907454495942312860e+03 9.326021385636703576e-01
5.907647614222292759e+03 9.815472662774223922e-01
5.907840732502272658e+03 1.035485206689812143e+00
5.908033850782252557e+03 1.058925715270647050e+00
5.908226969062232456e+03 9.884205072248630763e-01
5.908420087342212355e+03 9.931941053053155999e-01
5.908613205622192254e+03 1.068157195498103951e+00
5.908806323902172153e+03 1.049987376803028560e+00
5.908999442182152052e+03 1.088588418494415677e+00
5.909192560462131951e+03 9.962235323440250534e-01
5.909385678742111850e+03 9.196985210821836398e-01
5.909578797022091749e+03 9.871294899211692231e-01
5.909771915302071648e+03 9.633850927209888226e-01
5.909965033582051547e+03 9.779311613028253136e-01
5.910158151862031445e+03 9.168763737148808435e-01
5.910351270142011344e+03 1.016248525298261818e+00
5.910544388421991243e+03 1.087299865085250117e+00
5.910737506701971142e+03 1.021924355932553707e+00
5.910930624981951041e+03 8.751112092042954149e-01
5.911123743261930940e+03 9.198060163147213641e-01
5.911316861541910839e+03 1.070903661955110442e+00
5.911509979821890738e+03 1.054949856332358937e+00
5.911703098101870637e+03 1.039417290996665688e+00
5.911896216381850536e+03 1.068096451028685889e+00
5.912089334661830435e+03 9.986678119810553644e-01
5.912282452941810334e+03 9.728453676994902599e-01
5.912475571221790233e+03 1.024141711904992924e+00
5.912668689501770132e+03 9.827904411319562383e-01
5.912861807781750031e+03 9.368457289154373813e-01
5.913054926061729930e+03 9.887222570577905989e-01
5.913248044341709829e+03 1.055118059314791301e+00
5.913441162621689728e+03 9.765076360929202393e-01
5.913634280901669626e+03 9.839456847678457185e-01
5.913827399181649525e+03 9.862284409690720288e-01
5.914020517461628515e+03 9.112656128814927703e-01
5.914213635741608414e+03 9.312518302359545919e-01
5.914406754021588313e+03 1.052902722666057667e+00
5.914599872301568212e+03 9.928129956539855083e-01
5.914792990581548111e+03 8.635843138865910706e-01
5.914986108861528010e+03 9.980187239573875546e-01
5.915179227141507909e+03 1.007519460957137181e+00
5.915372345421487807e+03 1.014611780250147755e+00
5.915565463701467706e+03 1.006456251912075439e+00
5.915758581981447605e+03 9.371406687374477240e-01
5.915951700261427504e+03 1.004118689037615475e+00
5.916144818541407403e+03 9.526436456191426094e-01
5.916337936821387302e+03 9.651592632637346902e-01
5.916531055101367201e+03 1.100967028752294130e+00
5.916724173381347100e+03 1.025090684744468073e+00
5.916917291661326999e+03 9.835195566429157932e-01
5.917110409941306898e+03 1.073256111944258739e+00
5.917303528221286797e+03 9.954832276336788022e-01
5.917496646501266696e+03 1.024822606007262271e+00
5.917689764781246595e+03 1.065095619677009831e+00
5.917882883061226494e+03 9.554830255631399094e-01
5.918076001341206393e+03 1.071233851022322270e+00
5.918269119621186292e+03 1.096775626927771308e+00
5.918462237901166191e+03 1.073448432837257771e+00
5.918655356181146090e+03 1.042186632870295337e+00
5.918848474461125988e+03 9.775256204810187644e-01
5.919041592741105887e+03 1.097072199038829243e+00
5.919234711021085786e+03 9.766942641985675300e-01
5.919427829301065685e+03 9.370842494886760798e-01
5.919620947581045584e+03 9.282228253287574393e-01
5.919814065861025483e+03 9.874031090663178967e-01
5.920007184141005382e+03 9.480275363892709528e-01
5.920200302420985281e+03 9.081481327399316683e-01
5.920393420700965180e+03 9.920502699060549379e-01
5.920586538980945079e+03 8.829269616467095849e-01
5.920779657260924978e+03 8.759134963754274805e-01
5.920972775540904877e+03 9.115179786146316854e-01
5.921165893820884776e+03 8.910546554765871319e-01
5.921359012100864675e+03 7.437241779939053332e-01
5.921552130380844574e+03 6.560259117059781264e-01
5.921745248660824473e+03 4.609720386418999505e-01
5.921938366940804372e+03 4.710995553600029750e-01
5.922131485220783361e+03 4.620054813749825962e-01
5.922324603500763260e+03 4.254139992114056024e-01
5.922517721780743159e+03 5.089682555221397564e-01
5.922710840060723058e+03 8.499031896277448039e-01
5.922903958340702957e+03 9.864397482707701892e-01
5.923097076620682856e+03 9.823716970501378265e-01
5.923290194900662755e+03 1.048194295784083296e+00
5.923483313180642654e+03 9.461970846086772413e-01
5.923676431460622553e+03 1.043689028462274626e+00
5.923869549740602451e+03 1.040632021114912931e+00
5.924062668020582350e+03 1.072876985111823833e+00
5.924255786300562249e+03 1.042075189833889803e+00
5.924448904580542148e+03 1.048228273563634572e+00
5.924642022860522047e+03 1.101144507054687693e+00
5.924835141140501946e+03 1.120990420995852554e+00
5.925028259420481845e+03 1.049450502613350489e+00
5.925221377700461744e+03 1.051619189408092847e+00
5.925414495980441643e+03 9.936424925540475739e-01
5.925607614260421542e+03 9.080903901388465149e-01
5.925800732540401441e+03 9.260181064614402269e-01
5.925993850820381340e+03 8.821116663826145121e-01
5.926186969100361239e+03 9.721124686534688975e-01
5.926380087380341138e+03 1.048694872705508763e+00
5.926573205660321037e+03 1.025127394173462658e+00
5.926766323940300936e+03 9.359157607664164713e-01
5.926959442220280835e+03 9.047215930806805639e-01
5.927152560500260734e+03 8.372927490286686814e-01
5.927345678780240632e+03 7.656924165069390886e-01
5.927538797060220531e+03 7.763936532826805070e-01
5.927731915340200430e+03 6.322177017823119582e-01
5.927925033620180329e+03 5.569475708518486501e-01
5.928118151900160228e+03 5.704900544479943880e-01
5.928311270180140127e+03 6.116609698841743992e-01
5.928504388460120026e+03 7.710995045978216167e-01
5.928697506740099925e+03 9.258222457911853276e-01
5.928890625020079824e+03 9.256768129668651035e-01
5.929083743300059723e+03 1.013513924663873356e+00
5.929276861580039622e+03 1.047370248201429765e+00
5.929469979860019521e+03 1.045975964733016017e+00
5.929663098139999420e+03 9.766878291318260574e-01
5.929856216419979319e+03 1.021506957188077047e+00
5.930049334699959218e+03 1.050498136716744302e+00
5.930242452979939117e+03 9.986645549372548114e-01
5.930435571259919016e+03 9.967097127241251187e-01
5.930628689539898915e+03 1.070082446227217599e+00
5.930821807819878813e+03 1.027186971490309464e+00
5.931014926099858712e+03 1.010160935769770063e+00
5.931208044379838611e+03 9.241615966162912699e-01
5.931401162659818510e+03 9.493010871174633047e-01
5.931594280939798409e+03 1.036294589209751926e+00
5.931787399219778308e+03 1.021242162117969032e+00
5.931980517499758207e+03 1.033101333021099411e+00
5.932173635779738106e+03 1.016475596068847853e+00
5.932366754059717096e+03 1.046329017934964023e+00
5.932559872339696994e+03 9.758530397014315572e-01
5.932752990619676893e+03 9.474178915408326684e-01
5.932946108899656792e+03 1.038004672241189086e+00
5.933139227179636691e+03 1.042208228157302408e+00
5.933332345459616590e+03 1.032204144527310685e+00
5.933525463739596489e+03 9.579009807734076842e-01
5.933718582019576388e+03 9.057040869832319041e-01
5.933911700299556287e+03 9.676521248018391530e-01
5.934104818579536186e+03 9.867717891961502730e-01
5.934297936859516085e+03 9.411262778562907716e-01
5.934491055139495984e+03 9.141165271293697492e-01
5.934684173419475883e+03 9.081569697484681569e-01
5.934877291699455782e+03 9.880436118146723734e-01
5.935070409979435681e+03 9.417063707484014667e-01
5.935263528259415580e+03 8.996228933998671184e-01
5.935456646539395479e+03 1.035886142126173359e+00
5.935649764819375378e+03 1.070717860938298793e+00
5.935842883099355276e+03 1.059764374151437982e+00
5.936036001379335175e+03 1.010871932231214743e+00
5.936229119659315074e+03 9.836953517224955590e-01
5.936422237939294973e+03 1.037842947723296660e+00
5.936615356219274872e+03 9.743704100253907097e-01
5.936808474499254771e+03 1.012002947403186637e+00
5.937001592779234670e+03 1.065784843670659399e+00
5.937194711059214569e+03 1.059562453445340502e+00
5.937387829339194468e+03 1.047128676936122105e+00
5.937580947619174367e+03 9.931320536638410523e-01
5.937774065899154266e+03 1.018129962440222913e+00
5.937967184179134165e+03 1.000149029216903518e+00
5.938160302459114064e+03 9.774301932378746116e-01
5.938353420739093963e+03 1.061463217965394890e+00
5.938546539019073862e+03 1.074797787109233571e+00
5.938739657299053761e+03 1.012240227968964401e+00
5.938932775579033660e+03 9.840912854928448583e-01
5.939125893859013559e+03 9.842544710439432576e-01
5.939319012138993457e+03 1.040238272217973492e+00
5.939512130418973356e+03 1.021502164735531792e+00
5.939705248698953255e+03 1.051192334949357265e+00
5.939898366978933154e+03 1.068880715089172373e+00
5.940091485258913053e+03 9.879707071747670932e-01
5.940284603538892952e+03 9.845231824599051107e-01
5.940477721818871942e+03 9.630433958982297371e-01
5.940670840098851841e+03 9.707720047654545548e-01
5.940863958378831740e+03 9.595128183820327283e-01
5.941057076658811638e+03 9.681006789571144910e-01
5.941250194938791537e+03 9.966700648828048514e-01
5.941443313218771436e+03 1.030232757003936461e+00
5.941636431498751335e+03 9.749585756393562841e-01
5.941829549778731234e+03 9.650443921022189286e-01
5.942022668058711133e+03 1.014942540208723099e+00
5.942215786338691032e+03 9.974021833189128383e-01
5.942408904618670931e+03 8.829618116209745349e-01
5.942602022898650830e+03 9.497090530143766918e-01
5.942795141178630729e+03 9.665228842027447920e-01
5.942988259458610628e+03 1.008157002512677369e+00
5.943181377738590527e+03 1.041465907742961550e+00
5.943374496018570426e+03 9.594654774709711065e-01
5.943567614298550325e+03 1.027722772754873892e+00
5.943760732578530224e+03 1.024938005440394928e+00
5.943953850858510123e+03 9.281939176589860674e-01
5.944146969138490022e+03 9.813462659909804042e-01
5.944340087418469921e+03 1.077247130146229193e+00
5.944533205698449819e+03 1.035004675922730044e+00
5.944726323978429718e+03 9.567431894089919453e-01
5.944919442258409617e+03 9.572550499189943496e-01
5.945112560538389516e+03 9.710331665381808364e-01
5.945305678818369415e+03 1.104312802225745571e+00
5.945498797098349314e+03 1.010200050601951061e+00
5.945691915378329213e+03 9.388911228129105391e-01
5.945885033658309112e+03 1.002576674903511211e+00
5.946078151938289011e+03 1.039245554272733463e+00
5.946271270218268910e+03 1.081131213080128273e+00
5.946464388498248809e+03 1.006502876196812668e+00
5.946657506778228708e+03 9.561840524424539689e-01
