8.647485014862766548e+03 1.011719903624454187e+00
8.647676475706148267e+03 1.037837953111063971e+00
8.647867936549529986e+03 1.060158408077353398e+00
8.648059397392913525e+03 1.052345008013129801e+00
8.648250858236295244e+03 9.337187353235577580e-01
8.648442319079676963e+03 9.830314786465369492e-01
8.648633779923060501e+03 1.027611422933093710e+00
8.648825240766442221e+03 9.947851453114877618e-01
8.649016701609823940e+03 9.753055340445007104e-01
8.649208162453207478e+03 9.558531711958380139e-01
8.649399623296589198e+03 1.000088959911187736e+00
8.649591084139970917e+03 9.458325145619528307e-01
8.649782544983354455e+03 9.558351551867750873e-01
8.649974005826736175e+03 1.030179027145233350e+00
8.650165466670117894e+03 9.802147007675920953e-01
8.650356927513501432e+03 9.845271944385376450e-01
8.650548388356883152e+03 9.776059366756746360e-01
8.650739849200264871e+03 9.664530258794979956e-01
8.650931310043648409e+03 9.573438550731949714e-01
8.651122770887030129e+03 9.303958777318324103e-01
8.651314231730411848e+03 1.005707520182456349e+00
8.651505692573795386e+03 1.059408406141167269e+00
8.651697153417177105e+03 1.027727886768214693e+00
8.651888614260558825e+03 1.018722471064630319e+00
8.652080075103942363e+03 9.723247140110373721e-01
8.652271535947324082e+03 1.011212484784487442e+00
8.652462996790707621e+03 1.019768565897352763e+00
8.652654457634089340e+03 1.021926492045131418e+00
8.652845918477471059e+03 1.039239585079165806e+00
8.653037379320854598e+03 1.033860008824780463e+00
8.653228840164236317e+03 1.055547337486979043e+00
8.653420301007618036e+03 1.048532041126459369e+00
8.653611761851001575e+03 1.020342458874223368e+00
8.653803222694383294e+03 9.662485223802519396e-01
8.653994683537765013e+03 9.421021847680535188e-01
8.654186144381148551e+03 1.015050370304129812e+00
8.654377605224530271e+03 1.074999686825938383e+00
8.654569066067911990e+03 1.014474104614887073e+00
8.654760526911295528e+03 9.741284259303558679e-01
8.654951987754677248e+03 9.892530210380939826e-01
8.655143448598060786e+03 1.029113984817559224e+00
8.655334909441442505e+03 9.947122341270850931e-01
8.655526370284824225e+03 9.304315830500551332e-01
8.655717831128207763e+03 9.664175707880374722e-01
8.655909291971589482e+03 9.890085216889016317e-01
8.656100752814971202e+03 9.869966748985944394e-01
8.656292213658354740e+03 9.906483954554399229e-01
8.656483674501736459e+03 1.007535621982791563e+00
8.656675135345118179e+03 1.047786132384728175e+00
8.656866596188501717e+03 1.028500406950798807e+00
8.657058057031883436e+03 9.730276373713270255e-01
8.657249517875265155e+03 9.825052572304511234e-01
8.657440978718648694e+03 1.063738960517756071e+00
8.657632439562030413e+03 1.053027145898951522e+00
8.657823900405412132e+03 1.022742178371450761e+00
8.658015361248795671e+03 1.020205094415977731e+00
8.658206822092177390e+03 1.012037196157906438e+00
8.658398282935559109e+03 1.000223718561494390e+00
8.658589743778942648e+03 9.607069305416552352e-01
8.658781204622324367e+03 9.613476921734503966e-01
8.658972665465706086e+03 9.630599416285737790e-01
8.659164126309089625e+03 1.013970289306360684e+00
8.659355587152471344e+03 1.014867566416375988e+00
8.659547047995853063e+03 9.568300442544973583e-01
8.659738508839236601e+03 9.973237952973227349e-01
8.659929969682618321e+03 9.927386350803190096e-01
8.660121430526000040e+03 9.812780534231880791e-01
8.660312891369383578e+03 9.940365092971080729e-01
8.660504352212765298e+03 9.774335735433220540e-01
8.660695813056147017e+03 1.003638661104812035e+00
8.660887273899530555e+03 1.020072278132220234e+00
8.661078734742912275e+03 9.490081897072263351e-01
8.661270195586293994e+03 9.512013801454929363e-01
8.661461656429677532e+03 1.001417351257900545e+00
8.661653117273059252e+03 1.025801554691252448e+00
8.661844578116442790e+03 9.641440264857900067e-01
8.662036038959824509e+03 9.723609702764564044e-01
8.662227499803206229e+03 1.021844199461204639e+00
8.662418960646589767e+03 1.033313259252651273e+00
8.662610421489971486e+03 1.027131691436544036e+00
8.662801882333353205e+03 1.008884389209806498e+00
8.662993343176736744e+03 1.039708880422025139e+00
8.663184804020118463e+03 1.050851957341572884e+00
8.663376264863500182e+03 1.014210946501473032e+00
8.663567725706883721e+03 9.913149122654890677e-01
8.663759186550265440e+03 1.031984137285696379e+00
8.663950647393647159e+03 1.020956851228420170e+00
8.664142108237030698e+03 9.467316991731338227e-01
8.664333569080412417e+03 9.566422592180934270e-01
8.664525029923794136e+03 9.782179020111387846e-01
8.664716490767177675e+03 9.613060986162643706e-01
8.664907951610559394e+03 1.000265274440743868e+00
8.665099412453942932e+03 1.031946062349774262e+00
8.665290873297324652e+03 9.970035786805261369e-01
8.665482334140706371e+03 1.008113349358623845e+00
8.665673794984089909e+03 9.900634863465099800e-01
8.665865255827471628e+03 9.715708124280267866e-01
8.666056716670853348e+03 1.004873134687587877e+00
8.666248177514236886e+03 9.731275653308089080e-01
8.666439638357618605e+03 9.518784627879605109e-01
8.666631099201000325e+03 9.613811484230437854e-01
8.666822560044383863e+03 9.597514642374433969e-01
8.667014020887765582e+03 9.566016668929645528e-01
8.667205481731147302e+03 9.578128763031968917e-01
8.667396942574530840e+03 9.460823964754404569e-01
8.667588403417912559e+03 9.538508145255661930e-01
8.667779864261294279e+03 9.112597365781196501e-01
8.667971325104677817e+03 9.212464699220985764e-01
8.668162785948059536e+03 9.730219205591046361e-01
8.668354246791441255e+03 9.107805905780377298e-01
8.668545707634824794e+03 8.954853258496713320e-01
8.668737168478206513e+03 9.279329441010795154e-01
8.668928629321588232e+03 9.465457297816102233e-01
8.669120090164971771e+03 9.459077325559828164e-01
8.669311551008353490e+03 9.026119316423063532e-01
8.669503011851735209e+03 9.298025886571599230e-01
8.669694472695118748e+03 9.425694111649677298e-01
8.669885933538500467e+03 9.216056711082323272e-01
8.670077394381882186e+03 9.066071665114474598e-01
8.670268855225265725e+03 9.582681647576359873e-01
8.670460316068647444e+03 1.025634111125878212e+00
8.670651776912029163e+03 1.000351812509197025e+00
8.670843237755412702e+03 1.001210461782330086e+00
8.671034698598794421e+03 9.875443868924574931e-01
8.671226159442177959e+03 1.018557379239622973e+00
8.671417620285559678e+03 9.620185253743077647e-01
8.671609081128941398e+03 9.791943167375078971e-01
8.671800541972324936e+03 1.026196248391265886e+00
8.671992002815706655e+03 9.950376192942282927e-01
8.672183463659088375e+03 9.666059237029047679e-01
8.672374924502471913e+03 9.594022659221842497e-01
8.672566385345853632e+03 9.438722900520113424e-01
8.672757846189235352e+03 1.011937719856336626e+00
8.672949307032618890e+03 9.995544541548718742e-01
8.673140767876000609e+03 9.494997508711588985e-01
8.673332228719382329e+03 9.505765040767796270e-01
8.673523689562765867e+03 1.055713697546166507e+00
8.673715150406147586e+03 1.080203646270992079e+00
8.673906611249529305e+03 1.075975187968332802e+00
8.674098072092912844e+03 1.072671218585542929e+00
8.674289532936294563e+03 1.036020398154704258e+00
8.674480993779678101e+03 9.688849096835642216e-01
8.674672454623059821e+03 9.674540241443586597e-01
8.674863915466441540e+03 1.030687280106761028e+00
8.675055376309825078e+03 1.058969262894626562e+00
8.675246837153206798e+03 1.031921979160452807e+00
8.675438297996588517e+03 9.814724954192128870e-01
8.675629758839972055e+03 9.975208064330123303e-01
8.675821219683353775e+03 1.024271851539021227e+00
8.676012680526735494e+03 9.726417866926497791e-01
8.676204141370119032e+03 9.832962787818867456e-01
8.676395602213500752e+03 1.003357826753563220e+00
8.676587063056882471e+03 9.865173193277987362e-01
8.676778523900266009e+03 9.617469031436215454e-01
8.676969984743647728e+03 1.019968596898549240e+00
8.677161445587029448e+03 1.043948222010310234e+00
8.677352906430412986e+03 1.000240539964181163e+00
8.677544367273794705e+03 9.504630030211447256e-01
8.677735828117176425e+03 9.795968346719710063e-01
8.677927288960559963e+03 9.949605816707802752e-01
8.678118749803941682e+03 9.680032112905916364e-01
8.678310210647323402e+03 9.701145220985153417e-01
8.678501671490706940e+03 1.023912746211577796e+00
8.678693132334088659e+03 9.827686025295392369e-01
8.678884593177470379e+03 9.920149340023399764e-01
8.679076054020853917e+03 1.006218781300078247e+00
8.679267514864235636e+03 1.042231957815639154e+00
8.679458975707617356e+03 1.080710801933446374e+00
8.679650436551000894e+03 1.008373842111130791e+00
8.679841897394382613e+03 9.450509736758703205e-01
8.680033358237764332e+03 9.667845108930966935e-01
8.680224819081147871e+03 9.915770768043620231e-01
8.680416279924529590e+03 9.596048062790201172e-01
8.680607740767911309e+03 9.733136934010225838e-01
8.680799201611294848e+03 9.849684954725185237e-01
8.680990662454676567e+03 1.000566477078869143e+00
8.681182123298060105e+03 1.020475010154195505e+00
8.681373584141441825e+03 9.674519860227307477e-01
8.681565044984823544e+03 1.053377211988724138e+00
8.681756505828207082e+03 1.062781243373033924e+00
8.681947966671588802e+03 9.560958288403704763e-01
8.682139427514970521e+03 1.001150712742329363e+00
8.682330888358354059e+03 1.021503379102998821e+00
8.682522349201735778e+03 9.891478160593584201e-01
8.682713810045117498e+03 9.917993898676593645e-01
8.682905270888501036e+03 9.135754994354020608e-01
8.683096731731882755e+03 9.596107660074590928e-01
8.683288192575264475e+03 9.786970524857823150e-01
8.683479653418648013e+03 9.976036164794063188e-01
8.683671114262029732e+03 1.052569921162912259e+00
8.683862575105413271e+03 1.079519221726775724e+00
8.684054035948794990e+03 1.007688746907667854e+00
8.684245496792176709e+03 9.708198522907396377e-01
8.684436957635560248e+03 9.901214311893501430e-01
8.684628418478941967e+03 1.019903656371762946e+00
8.684819879322323686e+03 1.010607665220345508e+00
8.685011340165707225e+03 1.017823634523615572e+00
8.685202801009088944e+03 1.032394826435977686e+00
8.685394261852470663e+03 1.063711850550986604e+00
8.685585722695854201e+03 9.819891103025163437e-01
8.685777183539235921e+03 9.784470076040446829e-01
8.685968644382617640e+03 1.011711044542984217e+00
8.686160105226001178e+03 1.013143762750621679e+00
8.686351566069382898e+03 9.559079119821149995e-01
8.686543026912764617e+03 1.005329706166821602e+00
8.686734487756148155e+03 9.732345182155548446e-01
8.686925948599529875e+03 9.904924123304780226e-01
8.687117409442911594e+03 9.653042844093946417e-01
8.687308870286295132e+03 9.805206463887429225e-01
8.687500331129676852e+03 1.049901264601513562e+00
