6.297553421501670528e+03 9.758214107604785692e-01
6.297746539781650426e+03 9.491432605936412914e-01
6.297939658061630325e+03 9.708113699176361688e-01
6.298132776341610224e+03 1.033280574309488609e+00
6.298325894621590123e+03 9.868196818106772517e-01
6.298519012901570022e+03 9.594124126585943380e-01
6.298712131181549921e+03 1.022813431241080151e+00
6.298905249461529820e+03 9.269621345067895479e-01
6.299098367741509719e+03 9.231545739794825289e-01
6.299291486021489618e+03 9.778094061648545665e-01
6.299484604301469517e+03 1.027357657057796025e+00
6.299677722581449416e+03 1.127868906311085162e+00
6.299870840861429315e+03 9.975358064576449468e-01
6.300063959141409214e+03 1.028206277922203649e+00
6.300257077421389113e+03 1.090248082254568374e+00
6.300450195701369012e+03 1.122938467821177122e+00
6.300643313981348911e+03 9.648630647037621522e-01
6.300836432261328810e+03 9.896308828972901761e-01
6.301029550541308708e+03 1.020950416490106205e+00
6.301222668821288607e+03 1.004982651008882621e+00
6.301415787101268506e+03 9.742098390185599532e-01
6.301608905381248405e+03 1.027827404508989684e+00
6.301802023661228304e+03 1.086789765873516833e+00
6.301995141941208203e+03 1.004651880598676383e+00
6.302188260221188102e+03 9.244800066793935622e-01
6.302381378501168001e+03 9.839390272009947980e-01
6.302574496781147900e+03 1.013779953227790465e+00
6.302767615061127799e+03 1.031533580428012575e+00
6.302960733341107698e+03 1.019097631640319301e+00
6.303153851621087597e+03 9.634046849554066538e-01
6.303346969901067496e+03 1.025597939982624274e+00
6.303540088181047395e+03 1.017248323637844010e+00
6.303733206461026384e+03 1.016226558175501671e+00
6.303926324741006283e+03 9.701774208768912944e-01
6.304119443020986182e+03 1.039516384535109417e+00
6.304312561300966081e+03 9.896855059600213611e-01
6.304505679580945980e+03 9.609673572402661623e-01
6.304698797860925879e+03 1.007560310867049003e+00
6.304891916140905778e+03 1.074320080008723810e+00
6.305085034420885677e+03 1.049842654756785176e+00
6.305278152700865576e+03 9.721126892875981973e-01
6.305471270980845475e+03 9.537256441409457386e-01
6.305664389260825374e+03 9.696759084849879695e-01
6.305857507540805273e+03 9.303698163086258077e-01
6.306050625820785172e+03 9.868770079776798543e-01
6.306243744100765070e+03 9.678684187446962017e-01
6.306436862380744969e+03 9.997419575712874762e-01
6.306629980660724868e+03 9.642702543034898932e-01
6.306823098940704767e+03 9.994966083950428404e-01
6.307016217220684666e+03 9.562636828304651448e-01
6.307209335500664565e+03 1.058326770484221413e+00
6.307402453780644464e+03 1.007125054849681289e+00
6.307595572060624363e+03 9.718971701649919970e-01
6.307788690340604262e+03 9.594084143009027343e-01
6.307981808620584161e+03 1.020570960236212077e+00
6.308174926900564060e+03 9.938350363905497087e-01
6.308368045180543959e+03 9.928877688213237906e-01
6.308561163460523858e+03 1.025238550800225745e+00
6.308754281740503757e+03 1.015055576240882163e+00
6.308947400020483656e+03 9.859018905634833185e-01
6.309140518300463555e+03 1.001247231475966393e+00
6.309333636580443454e+03 9.594477744094310756e-01
6.309526754860423353e+03 9.584389311782738341e-01
6.309719873140403251e+03 9.815073828591432958e-01
6.309912991420383150e+03 9.690251005205274826e-01
6.310106109700363049e+03 9.717921323893773389e-01
6.310299227980342948e+03 9.899780534472272242e-01
6.310492346260322847e+03 9.730606182298562334e-01
6.310685464540301837e+03 1.016916323251150001e+00
6.310878582820281736e+03 1.041005626800669770e+00
6.311071701100261635e+03 9.778273015721599126e-01
6.311264819380241534e+03 9.751721587175089523e-01
6.311457937660221432e+03 1.022605827087083918e+00
6.311651055940201331e+03 9.521894092030838141e-01
6.311844174220181230e+03 9.452948598909819422e-01
6.312037292500161129e+03 9.958400563032604458e-01
6.312230410780141028e+03 9.813940359905568567e-01
6.312423529060120927e+03 1.019400766136276060e+00
6.312616647340100826e+03 1.008225115531327765e+00
6.312809765620080725e+03 1.003203000660831457e+00
6.313002883900060624e+03 1.003162614965304789e+00
6.313196002180040523e+03 9.777110046546263478e-01
6.313389120460020422e+03 1.071475490684918652e+00
6.313582238740000321e+03 1.083089058021680540e+00
6.313775357019980220e+03 1.026579801355146371e+00
6.313968475299960119e+03 1.052733789868311343e+00
6.314161593579940018e+03 9.719682436531844605e-01
6.314354711859919917e+03 1.035254865044796135e+00
6.314547830139899816e+03 1.016625697222119928e+00
6.314740948419879714e+03 9.770165341693145544e-01
6.314934066699859613e+03 9.890973215100232752e-01
6.315127184979839512e+03 1.078028085895468280e+00
6.315320303259819411e+03 9.868397917920174178e-01
6.315513421539799310e+03 9.710751102069642426e-01
6.315706539819779209e+03 1.021243435394233900e+00
6.315899658099759108e+03 1.018638796482022935e+00
6.316092776379739007e+03 9.514559979342837037e-01
6.316285894659718906e+03 9.151793949326847422e-01
6.316479012939698805e+03 9.626114709142119530e-01
6.316672131219678704e+03 1.015097361282115473e+00
6.316865249499658603e+03 9.954497435617053469e-01
6.317058367779638502e+03 9.397987726596415126e-01
6.317251486059618401e+03 9.130743096784900148e-01
6.317444604339598300e+03 8.424212836037845431e-01
6.317637722619578199e+03 9.341529726555583002e-01
6.317830840899558098e+03 9.577108075568947498e-01
6.318023959179537997e+03 9.549555836119023589e-01
6.318217077459517895e+03 9.263587446229136768e-01
6.318410195739497794e+03 9.644188467171191936e-01
6.318603314019477693e+03 9.356054100246316008e-01
6.318796432299457592e+03 9.064536145858888005e-01
6.318989550579437491e+03 9.202641715907706743e-01
6.319182668859417390e+03 9.075746062417464621e-01
6.319375787139397289e+03 9.449168020618099462e-01
6.319568905419377188e+03 9.057595410104487543e-01
6.319762023699357087e+03 8.821668242327449505e-01
6.319955141979336986e+03 9.247548629347197569e-01
6.320148260259316885e+03 9.677048983465713627e-01
6.320341378539296784e+03 9.508764876305847435e-01
6.320534496819276683e+03 9.867855609346758428e-01
6.320727615099256582e+03 9.773680014919846615e-01
6.320920733379236481e+03 9.829594969123591763e-01
6.321113851659216380e+03 9.748397058750474242e-01
6.321306969939196279e+03 1.053295728265867037e+00
6.321500088219176178e+03 1.100122280130377828e+00
6.321693206499156076e+03 1.043720158673698384e+00
6.321886324779135975e+03 1.003893199522029045e+00
6.322079443059115874e+03 1.046583702750097267e+00
6.322272561339094864e+03 1.071814162290013916e+00
6.322465679619074763e+03 1.010343200127070684e+00
6.322658797899054662e+03 9.308535538795641440e-01
6.322851916179034561e+03 9.843161522511549855e-01
6.323045034459014460e+03 1.027379081209323308e+00
6.323238152738994359e+03 1.037417504094374721e+00
6.323431271018974257e+03 1.011391311883696353e+00
6.323624389298954156e+03 1.061161367953611601e+00
6.323817507578934055e+03 9.975026299686109432e-01
6.324010625858913954e+03 9.865295848422754865e-01
6.324203744138893853e+03 9.935825460273987053e-01
6.324396862418873752e+03 9.806178138288901280e-01
6.324589980698853651e+03 1.009688244350071873e+00
6.324783098978833550e+03 9.747444655856882800e-01
6.324976217258813449e+03 9.707931828892814030e-01
6.325169335538793348e+03 9.886299928441760754e-01
6.325362453818773247e+03 9.825869375962213992e-01
6.325555572098753146e+03 1.020475072232565283e+00
6.325748690378733045e+03 1.019038782867289772e+00
6.325941808658712944e+03 9.964819375536797530e-01
6.326134926938692843e+03 1.005367144213118902e+00
6.326328045218672742e+03 1.026983637695171092e+00
6.326521163498652641e+03 9.774815223148598520e-01
6.326714281778632539e+03 9.634162637490806258e-01
6.326907400058612438e+03 1.010585696590774241e+00
6.327100518338592337e+03 9.702386811736990468e-01
6.327293636618572236e+03 9.777103908100359675e-01
6.327486754898552135e+03 9.126721696979186449e-01
6.327679873178532034e+03 9.170159187138343659e-01
6.327872991458511933e+03 9.184169644406707800e-01
6.328066109738491832e+03 9.764678463898617267e-01
6.328259228018471731e+03 9.487860420103787495e-01
6.328452346298451630e+03 9.294491387826522288e-01
6.328645464578431529e+03 1.005421718127294195e+00
6.328838582858411428e+03 1.015606724687941664e+00
6.329031701138390417e+03 9.823039731343080616e-01
6.329224819418370316e+03 9.951172115550175334e-01
6.329417937698350215e+03 1.015689992288263843e+00
6.329611055978330114e+03 9.797794425677759378e-01
6.329804174258310013e+03 1.016409626674386502e+00
6.329997292538289912e+03 9.860379888358298262e-01
6.330190410818269811e+03 9.483996024978699202e-01
6.330383529098249710e+03 9.321904349200281770e-01
6.330576647378229609e+03 9.548910067621165787e-01
6.330769765658209508e+03 1.002190389269053794e+00
6.330962883938189407e+03 1.000920117643868235e+00
6.331156002218169306e+03 1.072114521039350121e+00
6.331349120498149205e+03 1.089107728992468438e+00
6.331542238778129104e+03 1.027444979703911576e+00
6.331735357058109003e+03 1.016708588217795084e+00
6.331928475338088901e+03 1.018457397785979879e+00
6.332121593618068800e+03 1.042991365026753492e+00
6.332314711898048699e+03 1.062742087200239993e+00
6.332507830178028598e+03 1.007391000700511796e+00
6.332700948458008497e+03 9.739775081102967080e-01
6.332894066737988396e+03 9.950869392039739525e-01
6.333087185017968295e+03 1.032343139854520198e+00
6.333280303297948194e+03 9.892310655247880113e-01
6.333473421577928093e+03 1.033452465315302993e+00
6.333666539857907992e+03 1.021387193030846241e+00
6.333859658137887891e+03 9.971936050225972403e-01
6.334052776417867790e+03 1.029070147094522936e+00
6.334245894697847689e+03 9.805851936423931603e-01
6.334439012977827588e+03 1.048377496303404266e+00
6.334632131257807487e+03 1.020896144259652472e+00
6.334825249537787386e+03 9.657037085615707284e-01
6.335018367817767285e+03 1.036992965440022729e+00
6.335211486097747184e+03 1.040193772724543830e+00
6.335404604377727082e+03 1.080420042907843881e+00
6.335597722657706981e+03 1.045448750013747485e+00
6.335790840937686880e+03 9.934682545996941228e-01
6.335983959217666779e+03 1.006784907845975408e+00
6.336177077497646678e+03 9.746237986111629947e-01
6.336370195777626577e+03 9.727150059858634679e-01
6.336563314057606476e+03 9.519795271534905456e-01
6.336756432337586375e+03 9.710212382708369727e-01
6.336949550617566274e+03 9.625237040721248416e-01
6.337142668897546173e+03 9.247166505890043187e-01
6.337335787177526072e+03 9.627066937682717818e-01
6.337528905457505971e+03 9.978535766807457019e-01
6.337722023737485870e+03 1.055141040769480121e+00
6.337915142017465769e+03 1.016418681496634502e+00
6.338108260297445668e+03 9.717534897325049714e-01
6.338301378577425567e+03 1.031575298131372831e+00
6.338494496857405466e+03 9.768262571414777495e-01
