5.892399999999999636e+03 8.512466646909423451e-01
5.892600000000000364e+03 9.123734688443861929e-01
5.892799999999999272e+03 1.060855322432135761e+00
5.893000000000000000e+03 9.830376654632935196e-01
5.893199999999998909e+03 9.290877210459220770e-01
5.893399999999999636e+03 1.187802291181640157e+00
5.893600000000000364e+03 1.102211844625047288e+00
5.893800000000000182e+03 1.097405101376187408e+00
5.894000000000000000e+03 7.772050114851840608e-01
5.894199999999999818e+03 1.139937330510236047e+00
5.894399999999999636e+03 9.799434800225967912e-01
5.894599999999999454e+03 8.556065799921716009e-01
5.894800000000000182e+03 9.512297212492178966e-01
5.895000000000000000e+03 8.653738369661903018e-01
5.895199999999999818e+03 1.007376169264624588e+00
5.895399999999999636e+03 1.052384809031422064e+00
5.895599999999999454e+03 8.950474478938204026e-01
5.895799999999999272e+03 7.365652848768939887e-01
5.895999999999999091e+03 1.053893876440815447e+00
5.896199999999999818e+03 1.792224664680588830e+00
5.896399999999999636e+03 8.223179558132689415e-01
5.896599999999999454e+03 1.063084272101879613e+00
5.896799999999999272e+03 9.520708951585319380e-01
5.896999999999999091e+03 9.760981143038146568e-01
5.897200000000000728e+03 1.154816943994203982e+00
5.897399999999999636e+03 1.037913840857995096e+00
5.897600000000000364e+03 9.902381270459817975e-01
5.897799999999999272e+03 9.790021122440768497e-01
5.898000000000000000e+03 1.190346127732309522e+00
5.898199999999998909e+03 6.648199900009772456e-01
5.898399999999999636e+03 7.814668403120105244e-01
5.898600000000000364e+03 1.199138840838847919e+00
5.898800000000000182e+03 1.152662198134869920e+00
5.899000000000000000e+03 1.175325016649392484e+00
5.899199999999999818e+03 9.772798671663133208e-01
5.899399999999999636e+03 1.039429854797842445e+00
5.899599999999999454e+03 8.829814230056086677e-01
5.899800000000000182e+03 1.048934280990782675e+00
5.900000000000000000e+03 8.863953928035326335e-01
5.900199999999999818e+03 9.414294377920203738e-01
5.900399999999999636e+03 6.997307229057099232e-01
5.900599999999999454e+03 1.068742933541450890e+00
5.900799999999999272e+03 9.441114123412824854e-01
5.900999999999999091e+03 9.050891014305835203e-01
5.901199999999999818e+03 9.191341069095942951e-01
5.901399999999999636e+03 8.140389925768384272e-01
5.901599999999999454e+03 1.250125220390737368e+00
5.901799999999999272e+03 9.545765743389990066e-01
5.901999999999999091e+03 1.006959796551744279e+00
5.902200000000000728e+03 9.719238754202296215e-01
5.902399999999999636e+03 8.602527009759142196e-01
5.902600000000000364e+03 9.210774785957969168e-01
5.902799999999999272e+03 1.089378824628732145e+00
5.903000000000000000e+03 1.114000554371604945e+00
5.903199999999998909e+03 1.079022926738076871e+00
5.903399999999999636e+03 1.104958156278962544e+00
5.903600000000000364e+03 1.039226480993290735e+00
5.903800000000000182e+03 1.003614127320947791e+00
5.904000000000000000e+03 1.226745625004034501e+00
5.904199999999999818e+03 1.068070680378349069e+00
5.904399999999999636e+03 1.066965784604860801e+00
5.904599999999999454e+03 9.759144217374166042e-01
5.904800000000000182e+03 1.255966590973524699e+00
5.905000000000000000e+03 1.107572669866367265e+00
5.905199999999999818e+03 9.466335229479317936e-01
5.905399999999999636e+03 1.142112040444779320e+00
5.905599999999999454e+03 1.122673800116137155e+00
5.905799999999999272e+03 1.080566604232011674e+00
5.905999999999999091e+03 9.266571250414594729e-01
5.906199999999999818e+03 1.119797190624642003e+00
5.906399999999999636e+03 1.119555080060257390e+00
5.906599999999999454e+03 1.171833525897392425e+00
5.906799999999999272e+03 8.554379610949508494e-01
5.906999999999999091e+03 7.961874195337721449e-01
5.907200000000000728e+03 9.837691261256958919e-01
5.907399999999999636e+03 8.201717344178812708e-01
5.907600000000000364e+03 7.198321727507742684e-01
5.907799999999999272e+03 7.580307531277823418e-01
5.908000000000000000e+03 8.625793246263848690e-01
5.908199999999998909e+03 1.015965872283574711e+00
5.908399999999999636e+03 9.841155793372465821e-01
5.908600000000000364e+03 9.884254017723455021e-01
5.908800000000000182e+03 9.714747588014847057e-01
5.909000000000000000e+03 8.504113047825828664e-01
5.909199999999999818e+03 1.107244651807058000e+00
5.909399999999999636e+03 1.117511928705828606e+00
5.909599999999999454e+03 9.227449097174784676e-01
5.909800000000000182e+03 9.778174071831557956e-01
5.910000000000000000e+03 1.077068282493398588e+00
5.910199999999999818e+03 8.256569439268692800e-01
5.910399999999999636e+03 1.045658864505702335e+00
5.910599999999999454e+03 9.774236838503959079e-01
5.910799999999999272e+03 9.896784439005213985e-01
5.910999999999999091e+03 9.279553010988840223e-01
5.911199999999999818e+03 1.177519360483348265e+00
5.911399999999999636e+03 9.977496332590815031e-01
5.911599999999999454e+03 8.482042444342896559e-01
5.911799999999999272e+03 1.160285758307844306e+00
5.911999999999999091e+03 9.070041366411326633e-01
5.912200000000000728e+03 1.178932400611360398e+00
5.912399999999999636e+03 1.040277911366153329e+00
5.912600000000000364e+03 9.216753645965554131e-01
5.912799999999999272e+03 1.086932312992372696e+00
5.913000000000000000e+03 1.018084744901156080e+00
5.913199999999998909e+03 9.855418313839430233e-01
5.913399999999999636e+03 9.804273209504262843e-01
5.913600000000000364e+03 8.659477766422097877e-01
5.913800000000000182e+03 7.630093327209626075e-01
5.914000000000000000e+03 9.748394638634704235e-01
5.914199999999999818e+03 9.104034758432131280e-01
5.914399999999999636e+03 1.159407201391334796e+00
5.914599999999999454e+03 9.461303365959178313e-01
5.914800000000000182e+03 9.378761732755548364e-01
5.915000000000000000e+03 8.801016092718183526e-01
5.915199999999999818e+03 8.985863101134540232e-01
5.915399999999999636e+03 1.072149681894499107e+00
5.915599999999999454e+03 1.033076402158907836e+00
5.915799999999999272e+03 1.054407140978332436e+00
5.915999999999999091e+03 9.175935023512319377e-01
5.916199999999999818e+03 1.121658825373704538e+00
5.916399999999999636e+03 1.023599110709771498e+00
5.916599999999999454e+03 8.834469689356554412e-01
5.916799999999999272e+03 1.130658806022889262e+00
5.916999999999999091e+03 1.089992904527333328e+00
5.917200000000000728e+03 8.284652747990408628e-01
5.917399999999999636e+03 1.246311361353612535e+00
5.917600000000000364e+03 9.710938637179665767e-01
5.917799999999999272e+03 9.047774460863607926e-01
5.918000000000000000e+03 1.025898688698335670e+00
5.918199999999998909e+03 1.020814434940181314e+00
5.918399999999999636e+03 1.207403922736274504e+00
5.918600000000000364e+03 7.849904971208458981e-01
5.918800000000000182e+03 1.163870045174223655e+00
5.919000000000000000e+03 9.042863982768570841e-01
5.919199999999999818e+03 9.651439682285415378e-01
5.919399999999999636e+03 1.091067868810195129e+00
5.919599999999999454e+03 9.408860383297646957e-01
5.919800000000000182e+03 9.596006004523716104e-01
5.920000000000000000e+03 9.810824317890728397e-01
5.920199999999999818e+03 1.004977683346336415e+00
5.920399999999999636e+03 8.998278010018891937e-01
5.920599999999999454e+03 1.069407137157486920e+00
5.920799999999999272e+03 1.062299639354442826e+00
5.920999999999999091e+03 9.553361837425642378e-01
5.921199999999999818e+03 7.174427612842426694e-01
5.921399999999999636e+03 5.407335898750392778e-01
5.921599999999999454e+03 4.068269837617629614e-01
5.921799999999999272e+03 5.149100835933552167e-01
5.921999999999999091e+03 3.893100993405136934e-01
5.922200000000000728e+03 3.501810539904886554e-01
5.922399999999999636e+03 7.276966686766447312e-01
5.922600000000000364e+03 1.002862324284859774e+00
5.922799999999999272e+03 9.557566258546300597e-01
5.923000000000000000e+03 9.106956842347130321e-01
5.923199999999998909e+03 1.016134866186118257e+00
5.923399999999999636e+03 1.105030970133306312e+00
5.923600000000000364e+03 1.168359322385772670e+00
5.923800000000000182e+03 9.944891758136227278e-01
5.924000000000000000e+03 9.435383507808825509e-01
5.924199999999999818e+03 1.082532870219718113e+00
5.924399999999999636e+03 1.102781247382440766e+00
5.924599999999999454e+03 1.037978512761936312e+00
5.924800000000000182e+03 1.095790893196582738e+00
5.925000000000000000e+03 9.934847181149598638e-01
5.925199999999999818e+03 1.190389110348260004e+00
5.925399999999999636e+03 9.527835511706927996e-01
5.925599999999999454e+03 1.113589335913767187e+00
5.925799999999999272e+03 1.121100461868806075e+00
5.925999999999999091e+03 9.059804769123032120e-01
5.926199999999999818e+03 8.881119016779267517e-01
5.926399999999999636e+03 1.049449780802100163e+00
5.926599999999999454e+03 1.071025988137582097e+00
5.926799999999999272e+03 9.124829679080300737e-01
5.926999999999999091e+03 1.014267195782651676e+00
5.927200000000000728e+03 9.104222328490245708e-01
5.927399999999999636e+03 7.943531723424207547e-01
5.927600000000000364e+03 6.696916837014005308e-01
5.927799999999999272e+03 6.075647232170254819e-01
5.928000000000000000e+03 5.314681230506653753e-01
5.928199999999998909e+03 6.274938741741653558e-01
5.928399999999999636e+03 6.706978292028595856e-01
5.928600000000000364e+03 9.269858118842014827e-01
5.928800000000000182e+03 9.856606900275697303e-01
5.929000000000000000e+03 1.012893303328055827e+00
5.929199999999999818e+03 9.781743435425339639e-01
5.929399999999999636e+03 1.162262438251445928e+00
5.929599999999999454e+03 1.001858392092422667e+00
5.929800000000000182e+03 9.388854945241652539e-01
5.930000000000000000e+03 8.988625896903778001e-01
5.930199999999999818e+03 1.047263027303753757e+00
5.930399999999999636e+03 9.729247550702952996e-01
5.930599999999999454e+03 9.551388490855120539e-01
5.930799999999999272e+03 1.086798288017040814e+00
5.930999999999999091e+03 9.550365511679068664e-01
5.931199999999999818e+03 1.185362229041011517e+00
5.931399999999999636e+03 1.139298942898906208e+00
5.931599999999999454e+03 9.747816465770210437e-01
5.931799999999999272e+03 1.051863259692193298e+00
5.931999999999999091e+03 7.990467253982072027e-01
5.932200000000000728e+03 1.039854680294090228e+00
5.932399999999999636e+03 9.702878118767171989e-01
5.932600000000000364e+03 1.029749050981055625e+00
5.932799999999999272e+03 9.267221924944771816e-01
5.933000000000000000e+03 8.942648140261078016e-01
5.933199999999998909e+03 1.003966650833220342e+00
5.933399999999999636e+03 9.049250618075551644e-01
5.933600000000000364e+03 1.002150095892367032e+00
5.933800000000000182e+03 1.068492417586942578e+00
5.934000000000000000e+03 8.746068333200223144e-01
5.934199999999999818e+03 8.849047212163907439e-01
5.934399999999999636e+03 9.686682811222285805e-01
5.934599999999999454e+03 9.649255694663050331e-01
5.934800000000000182e+03 9.131786154447466552e-01
5.935000000000000000e+03 1.068188967948525026e+00
5.935199999999999818e+03 8.341189702110746174e-01
5.935399999999999636e+03 9.679276678703971903e-01
5.935599999999999454e+03 9.881004995268951596e-01
5.935799999999999272e+03 8.627388716947256286e-01
5.935999999999999091e+03 1.017472894025964525e+00
5.936199999999999818e+03 1.025282242452981940e+00
5.936399999999999636e+03 1.106825391104852674e+00
5.936599999999999454e+03 8.932996125261010167e-01
5.936799999999999272e+03 9.487712827609616761e-01
5.936999999999999091e+03 9.995466640581384121e-01
5.937200000000000728e+03 1.045441211487924793e+00
5.937399999999999636e+03 9.502197636134380732e-01
5.937600000000000364e+03 1.008666200917672562e+00
5.937799999999999272e+03 9.742502834471775675e-01
5.938000000000000000e+03 1.114986221485495976e+00
5.938199999999998909e+03 9.659565610217197840e-01
5.938399999999999636e+03 9.387584924853328294e-01
5.938600000000000364e+03 1.007590434736197027e+00
5.938800000000000182e+03 1.087845747272392583e+00
5.939000000000000000e+03 9.481774602974060162e-01
5.939199999999999818e+03 9.657806105994756196e-01
5.939399999999999636e+03 1.067834502716988654e+00
5.939599999999999454e+03 9.693843613433068551e-01
5.939800000000000182e+03 9.386215857451489786e-01
5.940000000000000000e+03 1.071057010891554251e+00
5.940199999999999818e+03 1.119214162550117742e+00
5.940399999999999636e+03 1.004515172627302499e+00
5.940599999999999454e+03 9.343665464117754116e-01
5.940799999999999272e+03 9.810862219163387632e-01
5.940999999999999091e+03 9.515072841641541990e-01
5.941199999999999818e+03 1.082739865647162292e+00
5.941399999999999636e+03 9.881940053512139333e-01
5.941599999999999454e+03 1.082121542393509994e+00
5.941799999999999272e+03 8.653172731628362424e-01
5.941999999999999091e+03 9.799114398111722357e-01
5.942200000000000728e+03 1.193828388128284512e+00
5.942399999999999636e+03 1.015070548469246603e+00
5.942600000000000364e+03 9.473055793152929116e-01
5.942799999999999272e+03 1.072314089976968976e+00
5.943000000000000000e+03 1.056131136105012969e+00
5.943199999999998909e+03 9.068563441527226487e-01
5.943399999999999636e+03 9.485230889389691944e-01
5.943600000000000364e+03 1.120124179957143085e+00
5.943800000000000182e+03 8.374102907482314784e-01
5.944000000000000000e+03 1.022949877721144762e+00
5.944199999999999818e+03 9.677484040935868670e-01
5.944399999999999636e+03 1.174563674601183161e+00
5.944599999999999454e+03 9.194836675172106677e-01
5.944800000000000182e+03 9.646311885960079380e-01
5.945000000000000000e+03 1.054487209328595965e+00
5.945199999999999818e+03 9.562750051080057823e-01
5.945399999999999636e+03 7.408887708492845059e-01
5.945599999999999454e+03 1.328087909965870228e+00
5.945799999999999272e+03 1.142024632307507614e+00
5.945999999999999091e+03 9.815717326538243581e-01
5.946199999999999818e+03 1.073960628413842100e+00
5.946399999999999636e+03 9.311406259426396881e-01
5.946599999999999454e+03 1.049632461810963813e+00
5.946799999999999272e+03 1.070904454747671597e+00
5.946999999999999091e+03 9.003461184347906210e-01
5.947200000000000728e+03 8.704350921703256638e-01
5.947399999999999636e+03 9.756238599829032410e-01
5.947600000000000364e+03 1.109146228780382160e+00
5.947799999999999272e+03 9.766409288591900717e-01
5.948000000000000000e+03 9.751493631825068897e-01
5.948199999999998909e+03 9.584725060737848690e-01
5.948399999999999636e+03 1.214224982704620537e+00
5.948600000000000364e+03 9.466694933996808725e-01
5.948800000000000182e+03 9.464788846675260547e-01
5.949000000000000000e+03 9.152806618889877122e-01
5.949199999999999818e+03 1.186825748235259326e+00
5.949399999999999636e+03 9.788484216415798134e-01
5.949599999999999454e+03 1.048328497330445641e+00
5.949800000000000182e+03 1.077262173017614177e+00
5.950000000000000000e+03 9.055434823561780977e-01
5.950199999999999818e+03 1.004775394671671762e+00
5.950399999999999636e+03 1.208774257639712246e+00
5.950599999999999454e+03 7.478820576016522725e-01
5.950799999999999272e+03 9.153104338849648025e-01
5.950999999999999091e+03 1.159132176476550313e+00
5.951199999999999818e+03 8.020825637546995512e-01
5.951399999999999636e+03 1.119611948748522767e+00
5.951599999999999454e+03 1.087946255674943741e+00
5.951799999999999272e+03 8.478325000263098321e-01
5.951999999999999091e+03 1.009484100758259117e+00
5.952200000000000728e+03 9.909970300096304641e-01
5.952399999999999636e+03 9.501620848555381027e-01
