8.647399999999999636e+03 9.710236365592160857e-01
8.647600000000000364e+03 1.048365607386568366e+00
8.647799999999999272e+03 9.927717046525827982e-01
8.648000000000000000e+03 1.020968297297859539e+00
8.648199999999998909e+03 1.002057372940371227e+00
8.648399999999999636e+03 1.040756972659754087e+00
8.648599999999998545e+03 1.030385191159564950e+00
8.648799999999999272e+03 1.004983875873728394e+00
8.649000000000000000e+03 1.021292622802502992e+00
8.649199999999998909e+03 9.546334072330608933e-01
8.649400000000001455e+03 1.012072076217855665e+00
8.649600000000000364e+03 9.595426523965994159e-01
8.649799999999999272e+03 9.760652173473695070e-01
8.650000000000000000e+03 9.865026361651920705e-01
8.650200000000000728e+03 9.667937094410751220e-01
8.650399999999999636e+03 1.032269022717004825e+00
8.650599999999998545e+03 1.017644279855332234e+00
8.650799999999999272e+03 9.581370017232347935e-01
8.651000000000000000e+03 9.397418267662293045e-01
8.651199999999998909e+03 9.864368497887437970e-01
8.651399999999999636e+03 1.005984918687297558e+00
8.651600000000000364e+03 9.955735075801072087e-01
8.651799999999999272e+03 1.021575169023827279e+00
8.652000000000000000e+03 9.897401471877886880e-01
8.652200000000000728e+03 1.007341272450911873e+00
8.652399999999999636e+03 1.014917698913591515e+00
8.652600000000000364e+03 9.752517314793965886e-01
8.652799999999999272e+03 9.781024402332110235e-01
8.653000000000000000e+03 9.694332462780019810e-01
8.653199999999998909e+03 1.020420268963852406e+00
8.653399999999999636e+03 1.030339476243176788e+00
8.653599999999998545e+03 9.458740899207469521e-01
8.653799999999999272e+03 9.724303029128462672e-01
8.654000000000000000e+03 9.829957831345823571e-01
8.654199999999998909e+03 1.015505273557044452e+00
8.654400000000001455e+03 9.897391050915118615e-01
8.654600000000000364e+03 9.886646806592502834e-01
8.654799999999999272e+03 9.868627451154693420e-01
8.655000000000000000e+03 1.090562963546803266e+00
8.655200000000000728e+03 9.672858631748592062e-01
8.655399999999999636e+03 1.005645139814426159e+00
8.655599999999998545e+03 9.702286140472531351e-01
8.655799999999999272e+03 1.015339865197676383e+00
8.656000000000000000e+03 1.013367424831185470e+00
8.656199999999998909e+03 1.063223932228364310e+00
8.656399999999999636e+03 1.015338691629500190e+00
8.656600000000000364e+03 9.976208340813337294e-01
8.656799999999999272e+03 1.013073164099106860e+00
8.657000000000000000e+03 9.817405571425713573e-01
8.657200000000000728e+03 1.015235781008416716e+00
8.657399999999999636e+03 1.057714990505341568e+00
8.657600000000000364e+03 9.818120596216473039e-01
8.657799999999999272e+03 9.858643536932198970e-01
8.658000000000000000e+03 1.033211987064531767e+00
8.658199999999998909e+03 1.035974488302688679e+00
8.658399999999999636e+03 1.019910135795647266e+00
8.658599999999998545e+03 1.021868558198615107e+00
8.658799999999999272e+03 1.039090795216052854e+00
8.659000000000000000e+03 1.036697667319885552e+00
8.659199999999998909e+03 9.747646760920793962e-01
8.659400000000001455e+03 1.024828405815675580e+00
8.659600000000000364e+03 1.005760838900225940e+00
8.659799999999999272e+03 9.738697799447002534e-01
8.660000000000000000e+03 1.031486733451523641e+00
8.660200000000000728e+03 1.033051531762326336e+00
8.660399999999999636e+03 1.026710046926743614e+00
8.660599999999998545e+03 9.433996243477839050e-01
8.660799999999999272e+03 1.013157565091202139e+00
8.661000000000000000e+03 1.024724844080019626e+00
8.661199999999998909e+03 9.144607783652327626e-01
8.661399999999999636e+03 1.005713558942802788e+00
8.661600000000000364e+03 1.022525436875924898e+00
8.661799999999999272e+03 9.771241765075305841e-01
8.662000000000000000e+03 9.979761897678490756e-01
8.662200000000000728e+03 1.032631066023168787e+00
8.662399999999999636e+03 9.716179903244699378e-01
8.662600000000000364e+03 1.005240220429020948e+00
8.662799999999999272e+03 9.833310374411983190e-01
8.663000000000000000e+03 9.891857772922517666e-01
8.663199999999998909e+03 9.919112119269710703e-01
8.663399999999999636e+03 9.716055403682766212e-01
8.663599999999998545e+03 9.842326459977879249e-01
8.663799999999999272e+03 9.779396136876816747e-01
8.664000000000000000e+03 9.980547852362301464e-01
8.664199999999998909e+03 9.775575910965836890e-01
8.664400000000001455e+03 9.844986777984304771e-01
8.664600000000000364e+03 9.757441327961919875e-01
8.664799999999999272e+03 9.647782647465255046e-01
8.665000000000000000e+03 1.001139097402341083e+00
8.665200000000000728e+03 9.907710913191163371e-01
8.665399999999999636e+03 9.726457173728015881e-01
8.665599999999998545e+03 9.900549141131191888e-01
8.665799999999999272e+03 9.942497134873181652e-01
8.666000000000000000e+03 9.737375672857644382e-01
8.666199999999998909e+03 9.940165208477697023e-01
8.666399999999999636e+03 9.792311124691103208e-01
8.666600000000000364e+03 9.750023900697397661e-01
8.666799999999999272e+03 9.269546392807678226e-01
8.667000000000000000e+03 9.759166110268260308e-01
8.667200000000000728e+03 9.094154356519693616e-01
8.667399999999999636e+03 9.881423864230568510e-01
8.667600000000000364e+03 9.773749393757042991e-01
8.667799999999999272e+03 9.446127864554223486e-01
8.668000000000000000e+03 9.487268972051667859e-01
8.668199999999998909e+03 9.174346900633044699e-01
8.668399999999999636e+03 9.812620272145440303e-01
8.668599999999998545e+03 9.560274863585734861e-01
8.668799999999999272e+03 9.297261712302667958e-01
8.669000000000000000e+03 1.020823686115926998e+00
8.669199999999998909e+03 1.016928595719638562e+00
8.669400000000001455e+03 9.269623367794165292e-01
8.669600000000000364e+03 9.951379250585768999e-01
8.669799999999999272e+03 1.009861669359066072e+00
8.670000000000000000e+03 9.898206787136555329e-01
8.670200000000000728e+03 9.939013304175278174e-01
8.670399999999999636e+03 1.004918528515856613e+00
8.670599999999998545e+03 9.937852612823743215e-01
8.670799999999999272e+03 9.849363563276969380e-01
8.671000000000000000e+03 1.016087150130326355e+00
8.671199999999998909e+03 1.052384037281334228e+00
8.671399999999999636e+03 1.002906205173024867e+00
8.671600000000000364e+03 9.800237801733087117e-01
8.671799999999999272e+03 9.813582577862344225e-01
8.672000000000000000e+03 9.851819956256614441e-01
8.672200000000000728e+03 9.756596726440707190e-01
8.672399999999999636e+03 1.005478063485240270e+00
8.672600000000000364e+03 1.027851197381114190e+00
8.672799999999999272e+03 1.029877686074912368e+00
8.673000000000000000e+03 9.979810287034986960e-01
8.673199999999998909e+03 9.923703164925044007e-01
8.673399999999999636e+03 9.497699682908886665e-01
8.673599999999998545e+03 1.016876548237797717e+00
8.673799999999999272e+03 9.992442780366669330e-01
8.674000000000000000e+03 9.884681028299634464e-01
8.674199999999998909e+03 1.046958146158433633e+00
8.674400000000001455e+03 9.996973835642936068e-01
8.674600000000000364e+03 9.916494416158615488e-01
8.674799999999999272e+03 1.063128650267894049e+00
8.675000000000000000e+03 1.009012083861677178e+00
8.675200000000000728e+03 1.010231814155510000e+00
8.675399999999999636e+03 1.052711308845563076e+00
8.675599999999998545e+03 1.009040330431262067e+00
8.675799999999999272e+03 1.011626062747705168e+00
8.676000000000000000e+03 9.906349799504682307e-01
8.676199999999998909e+03 9.858678020493110150e-01
8.676399999999999636e+03 1.026818897517564944e+00
8.676600000000000364e+03 1.006766204190113312e+00
8.676799999999999272e+03 1.005616981949423616e+00
8.677000000000000000e+03 1.002667151394677658e+00
8.677200000000000728e+03 9.597310119529237626e-01
8.677399999999999636e+03 1.024715948759190143e+00
8.677600000000000364e+03 1.001389724604059062e+00
8.677799999999999272e+03 1.013136081783255760e+00
8.678000000000000000e+03 1.034025674192930566e+00
8.678199999999998909e+03 1.000752768989029873e+00
8.678399999999999636e+03 9.863353941038007777e-01
8.678599999999998545e+03 9.501106612653282824e-01
8.678799999999999272e+03 1.020664174227916776e+00
8.679000000000000000e+03 9.846064312821500852e-01
8.679199999999998909e+03 9.853493432978215338e-01
8.679400000000001455e+03 9.718364391840481620e-01
8.679600000000000364e+03 1.002569922370987854e+00
8.679799999999999272e+03 1.022109253418920671e+00
8.680000000000000000e+03 1.004531926413012366e+00
8.680200000000000728e+03 1.045231499917550710e+00
8.680399999999999636e+03 9.542638928850715185e-01
8.680599999999998545e+03 9.687414412309279799e-01
8.680799999999999272e+03 1.028532920091794312e+00
8.681000000000000000e+03 9.582455068834684342e-01
8.681199999999998909e+03 9.740643801050895556e-01
8.681399999999999636e+03 9.831574263249278633e-01
8.681600000000000364e+03 9.700833956874567177e-01
8.681799999999999272e+03 9.836111871576175281e-01
8.682000000000000000e+03 1.001892699876610004e+00
8.682200000000000728e+03 9.804888566720950660e-01
8.682399999999999636e+03 1.004841825927676568e+00
8.682600000000000364e+03 9.950407904743170384e-01
8.682799999999999272e+03 9.910615051742290849e-01
8.683000000000000000e+03 1.000760316343084044e+00
8.683199999999998909e+03 1.009324990575404035e+00
8.683399999999999636e+03 9.743972580315635179e-01
8.683599999999998545e+03 1.009691685709297237e+00
8.683799999999999272e+03 1.040360706587263762e+00
8.684000000000000000e+03 1.002247794907695999e+00
8.684199999999998909e+03 1.051389565690539651e+00
8.684400000000001455e+03 1.006364233965742594e+00
8.684600000000000364e+03 9.984970049154683336e-01
8.684799999999999272e+03 1.034804397778543716e+00
8.685000000000000000e+03 9.730570276091050630e-01
8.685200000000000728e+03 1.018344487392939257e+00
8.685399999999999636e+03 9.712035408682913040e-01
8.685599999999998545e+03 1.006232162010274767e+00
8.685799999999999272e+03 1.016686180735335343e+00
8.686000000000000000e+03 9.988229756280578853e-01
8.686199999999998909e+03 9.948339180606976528e-01
8.686399999999999636e+03 1.002540131806153978e+00
8.686600000000000364e+03 9.564445818889257822e-01
8.686799999999999272e+03 1.010558016006695592e+00
8.687000000000000000e+03 1.027101801964711125e+00
8.687200000000000728e+03 9.577528423778806088e-01
8.687399999999999636e+03 1.028505000173255413e+00
