5.791799999999999272e+03 6.782526088603014758e-01
5.791999999999999091e+03 6.866587884930603902e-01
5.792200000000000728e+03 1.956741840981632174e+00
5.792399999999999636e+03 -5.348412554844489408e-01
5.792600000000000364e+03 -5.921523184991780986e-02
5.792799999999999272e+03 2.899168172193523074e-01
5.793000000000000000e+03 2.359734802495347061e+00
5.793199999999998909e+03 1.540118083733246213e+00
5.793399999999999636e+03 2.221513953718798007e+00
5.793600000000000364e+03 2.619851906206040582e+00
5.793800000000000182e+03 5.503527912786740917e-01
5.794000000000000000e+03 9.920664064035213947e-01
5.794199999999999818e+03 9.515189440491812478e-01
5.794399999999999636e+03 -2.134282626241170155e-01
5.794599999999999454e+03 1.306717016000927822e+00
5.794800000000000182e+03 2.984367209726565218e+00
5.795000000000000000e+03 1.639733194240439618e+00
5.795199999999999818e+03 1.131855579894976982e+00
5.795399999999999636e+03 1.044235200728050872e+00
5.795599999999999454e+03 -1.164593136017993448e-02
5.795799999999999272e+03 2.656984466654399024e-01
5.795999999999999091e+03 3.987976953099434674e-01
5.796199999999999818e+03 8.983141563880816527e-01
5.796399999999999636e+03 2.015050589828940586e-01
5.796599999999999454e+03 1.308263252462510406e+00
5.796799999999999272e+03 1.062551274531635448e+00
5.796999999999999091e+03 3.182455943718034419e-01
5.797200000000000728e+03 1.323463581493794505e+00
5.797399999999999636e+03 4.304713658643845586e-01
5.797600000000000364e+03 2.018124144797059927e+00
5.797799999999999272e+03 9.198332248017446755e-01
5.798000000000000000e+03 2.873424487392620130e-01
5.798199999999998909e+03 1.588440542059219585e+00
5.798399999999999636e+03 5.142212387906407445e-01
5.798600000000000364e+03 1.386404979624773715e+00
5.798800000000000182e+03 1.313107018118773450e-01
5.799000000000000000e+03 9.333627730286004898e-01
5.799199999999999818e+03 9.515968046908056532e-01
5.799399999999999636e+03 1.587715088755142556e+00
5.799599999999999454e+03 1.015349139744780027e+00
5.799800000000000182e+03 8.912681400047294256e-01
5.800000000000000000e+03 4.466525630767910482e-02
5.800199999999999818e+03 1.000314025000470064e+00
5.800399999999999636e+03 2.383060047200863174e+00
5.800599999999999454e+03 2.067268113107883221e-01
5.800799999999999272e+03 7.501123694449000068e-01
5.800999999999999091e+03 1.801631983273144444e+00
5.801199999999999818e+03 5.654771001145524334e-01
5.801399999999999636e+03 4.076392763312443046e-01
5.801599999999999454e+03 1.223459467622458385e+00
5.801799999999999272e+03 6.307271556376556898e-01
5.801999999999999091e+03 7.526372525591469298e-01
5.802200000000000728e+03 1.568045321646560186e+00
5.802399999999999636e+03 2.328671082528911640e+00
5.802600000000000364e+03 1.946599992799172840e+00
5.802799999999999272e+03 -2.591323691890757286e-01
5.803000000000000000e+03 -4.515986028181087075e-01
5.803199999999998909e+03 1.693199322902391390e+00
5.803399999999999636e+03 5.077723225870617307e-01
5.803600000000000364e+03 7.413029022616864916e-01
5.803800000000000182e+03 1.884306596585659355e+00
5.804000000000000000e+03 2.004004894853755658e+00
5.804199999999999818e+03 8.502045481755984291e-01
5.804399999999999636e+03 -1.881539955774183259e-01
5.804599999999999454e+03 4.882592083109846826e-01
5.804800000000000182e+03 2.076055548153198149e+00
5.805000000000000000e+03 1.571193036316001601e+00
5.805199999999999818e+03 7.961092013265914646e-01
5.805399999999999636e+03 9.483566313852725971e-01
5.805599999999999454e+03 2.008232730545593814e+00
5.805799999999999272e+03 1.943717649355282795e+00
5.805999999999999091e+03 5.824360136076769390e-01
5.806199999999999818e+03 3.174470925756903705e-01
5.806399999999999636e+03 3.272563941660795728e-02
5.806599999999999454e+03 7.268655579483817020e-01
5.806799999999999272e+03 1.308236144614294938e+00
5.806999999999999091e+03 1.205311451100329334e+00
5.807200000000000728e+03 1.302785243541089821e+00
5.807399999999999636e+03 5.291395416571939014e-01
5.807600000000000364e+03 1.336556466788021869e+00
5.807799999999999272e+03 1.644376776925288386e+00
5.808000000000000000e+03 1.427004201520772231e+00
5.808199999999998909e+03 8.865549198304970568e-01
5.808399999999999636e+03 9.288881836577839168e-01
5.809599999999999454e+03 7.141401595665290980e-01
5.809800000000000182e+03 1.490523538355614130e+00
5.810000000000000000e+03 3.568575625465979506e-01
5.810199999999999818e+03 9.450515458789997547e-01
5.810399999999999636e+03 7.859563114916126025e-01
5.810599999999999454e+03 6.624969138893783693e-01
5.810799999999999272e+03 8.145473375371566904e-01
5.810999999999999091e+03 1.057020641285102203e+00
5.811199999999999818e+03 1.031121611597052290e+00
5.811399999999999636e+03 9.840493192525410215e-01
5.811599999999999454e+03 4.748085949489850854e-01
5.811799999999999272e+03 4.104998530778923294e-01
5.811999999999999091e+03 1.319788212291449936e+00
5.812200000000000728e+03 1.560026088737561101e-01
5.812399999999999636e+03 1.814113284626411859e+00
5.812600000000000364e+03 6.177938535852376400e-01
5.812799999999999272e+03 5.735420097562470287e-01
5.813000000000000000e+03 1.789790459667650324e-01
5.813199999999998909e+03 8.695196222846116596e-01
5.813399999999999636e+03 1.330023550632702722e+00
5.813600000000000364e+03 8.982554079003697289e-01
5.813800000000000182e+03 6.871790402466753100e-01
5.814000000000000000e+03 1.108947808813022018e+00
5.814199999999999818e+03 1.600664303101613450e+00
5.814399999999999636e+03 7.366386527449935162e-01
5.814599999999999454e+03 -7.808151465877634367e-02
5.814800000000000182e+03 6.366518356872765683e-01
5.815000000000000000e+03 1.119312770418068981e+00
5.815199999999999818e+03 1.638030576041688890e+00
5.815399999999999636e+03 9.487817174273245335e-01
5.815599999999999454e+03 9.973344809656593535e-01
5.815799999999999272e+03 9.493053048650131887e-01
5.815999999999999091e+03 3.940216781938183366e-01
5.816199999999999818e+03 1.887090674853796113e+00
5.816399999999999636e+03 1.167636183762249091e+00
5.816599999999999454e+03 3.823018104050249777e-01
5.816799999999999272e+03 6.851955766091795130e-01
5.816999999999999091e+03 5.092698945046801873e-01
5.817200000000000728e+03 1.538359087607970688e+00
5.817399999999999636e+03 1.238759308748097032e+00
5.817600000000000364e+03 1.192001257704054629e+00
5.817799999999999272e+03 1.208636199512105991e+00
5.818000000000000000e+03 4.155024478823921563e-01
5.818199999999998909e+03 1.129752294088375075e+00
5.818399999999999636e+03 7.137496155677512943e-01
5.818600000000000364e+03 1.510135256397171055e+00
5.818800000000000182e+03 1.588156144630862521e+00
5.819000000000000000e+03 1.290065259760232896e+00
5.819199999999999818e+03 9.877844267881000229e-02
5.819399999999999636e+03 1.102866600974020450e+00
5.819599999999999454e+03 2.322384338556257033e-01
5.819800000000000182e+03 1.579965153827725732e+00
5.820000000000000000e+03 1.030394949674174665e+00
5.820199999999999818e+03 5.690958090226811983e-01
5.820399999999999636e+03 1.263818664267579495e+00
5.820599999999999454e+03 1.402311034829751168e+00
5.820799999999999272e+03 1.118896090870164395e+00
5.820999999999999091e+03 5.317217312805339047e-01
5.821199999999999818e+03 1.391948269393944448e+00
5.821399999999999636e+03 9.130312845634381835e-01
5.821599999999999454e+03 1.500685330534217377e+00
5.821799999999999272e+03 4.997748732638158109e-01
5.821999999999999091e+03 1.428919079479823440e+00
5.822200000000000728e+03 6.858481752894727279e-01
5.822399999999999636e+03 1.621742539401578975e+00
5.822600000000000364e+03 4.717114201926906891e-01
5.822799999999999272e+03 1.833458906127418908e+00
5.823000000000000000e+03 4.120882477694827739e-01
5.823199999999998909e+03 6.129471959539635195e-01
5.823399999999999636e+03 1.104669440942272596e+00
5.823600000000000364e+03 5.854711062411217526e-01
5.823800000000000182e+03 8.178417880937326467e-01
5.824000000000000000e+03 1.246236156108806226e+00
5.824199999999999818e+03 1.215399245685067076e+00
5.824399999999999636e+03 6.776882538562558622e-01
5.824599999999999454e+03 2.510999367667735571e-01
5.824800000000000182e+03 1.316689972736875935e+00
5.825000000000000000e+03 1.411516583174033279e+00
5.825199999999999818e+03 9.452032890724461067e-01
5.825399999999999636e+03 1.658380988431728431e+00
5.825599999999999454e+03 8.968359493894171308e-01
5.825799999999999272e+03 6.264367980989712370e-01
5.825999999999999091e+03 8.442511832886326895e-01
5.826199999999999818e+03 8.183734185195020716e-01
5.826399999999999636e+03 1.277616391955107344e+00
5.826599999999999454e+03 5.916751398906140436e-01
5.826799999999999272e+03 1.607937909296031753e+00
5.826999999999999091e+03 1.595585172639729210e+00
5.827200000000000728e+03 1.060792536764462834e+00
5.827399999999999636e+03 1.421656517271230546e+00
5.827600000000000364e+03 8.578482037385813941e-01
5.827799999999999272e+03 1.673790798135249780e+00
5.828000000000000000e+03 7.913053626833238541e-01
5.828199999999998909e+03 6.370201785583745613e-01
5.828399999999999636e+03 5.337322379373168335e-01
5.828600000000000364e+03 3.236734241933643119e-01
5.828800000000000182e+03 8.115697532877707010e-01
5.829000000000000000e+03 2.703051251529636767e-01
5.829199999999999818e+03 1.110808681877626825e+00
5.829399999999999636e+03 1.238217116633752113e+00
5.829599999999999454e+03 1.571523148277078397e+00
5.829800000000000182e+03 8.912452982021767944e-01
5.830000000000000000e+03 5.503856750799382969e-01
5.830199999999999818e+03 1.657686009983956321e+00
5.830399999999999636e+03 2.587671021687060757e-01
5.830599999999999454e+03 1.542425337203297664e+00
5.830799999999999272e+03 1.644573391013750108e+00
5.830999999999999091e+03 8.897831440963929195e-01
5.831199999999999818e+03 3.085354678412696172e-01
5.831399999999999636e+03 1.392426338884961146e+00
5.831599999999999454e+03 1.094853258473025504e+00
5.831799999999999272e+03 8.870476811919649762e-01
