5.892399999999999636e+03 8.533409746954845332e-01
5.892599999999999454e+03 9.161706070725313955e-01
5.892799999999999272e+03 1.067915023393371410e+00
5.892999999999999091e+03 9.899318985020969519e-01
5.893199999999999818e+03 9.346135870542587876e-01
5.893399999999999636e+03 1.193996489837511943e+00
5.893599999999999454e+03 1.108978342708966114e+00
5.893799999999999272e+03 1.107273635790667399e+00
5.893999999999999091e+03 7.859336018025657733e-01
5.894199999999999818e+03 1.151975520845121892e+00
5.894399999999999636e+03 9.880713718315613514e-01
5.894599999999999454e+03 8.609453052477616941e-01
5.894799999999999272e+03 9.550693267411303200e-01
5.894999999999999091e+03 8.673669734449883650e-01
5.895199999999999818e+03 1.010821604678700192e+00
5.895399999999999636e+03 1.059976247940331850e+00
5.895599999999999454e+03 9.045725263276573891e-01
5.895799999999999272e+03 7.449920815216589665e-01
5.895999999999999091e+03 1.063201900303488490e+00
5.896199999999999818e+03 1.796862505178728586e+00
5.896399999999999636e+03 8.176034134219131166e-01
5.896599999999999454e+03 1.050275010844831991e+00
5.896799999999999272e+03 9.397545154578113014e-01
5.896999999999999091e+03 9.670688253456142247e-01
5.897199999999999818e+03 1.148904301970040231e+00
5.897399999999999636e+03 1.034023619135974625e+00
5.897599999999999454e+03 9.845018461724405201e-01
5.897799999999999272e+03 9.678405149521546180e-01
5.897999999999999091e+03 1.167580394011628719e+00
5.898199999999999818e+03 6.498294073129762261e-01
5.898399999999999636e+03 7.678224086438835139e-01
5.898599999999999454e+03 1.187069684466336428e+00
5.898799999999999272e+03 1.144109718333944814e+00
5.898999999999999091e+03 1.167134669014991522e+00
5.899199999999999818e+03 9.734700732662926459e-01
5.899399999999999636e+03 1.038106021294073589e+00
5.899599999999999454e+03 8.773333375707409454e-01
5.899799999999999272e+03 1.028227110209135153e+00
5.899999999999999091e+03 8.594665588933991796e-01
5.900199999999999818e+03 9.156193104480434553e-01
5.900399999999999636e+03 6.896893371530762318e-01
5.900599999999999454e+03 1.065518398435753467e+00
5.900799999999999272e+03 9.443898336898044477e-01
5.900999999999999091e+03 9.011016063268081355e-01
5.901199999999999818e+03 9.053847401051636767e-01
5.901399999999999636e+03 7.933839984657413691e-01
5.901599999999999454e+03 1.216359071337719699e+00
5.901799999999999272e+03 9.363054237859796958e-01
5.901999999999999091e+03 9.966902169067091144e-01
5.902199999999999818e+03 9.674889206935807229e-01
5.902399999999999636e+03 8.604014353377127389e-01
5.902599999999999454e+03 9.256697828882829437e-01
5.902799999999999272e+03 1.098666826045595402e+00
5.902999999999999091e+03 1.125017705115660016e+00
5.903199999999999818e+03 1.088065385208086377e+00
5.903399999999999636e+03 1.109588027440202795e+00
5.903599999999999454e+03 1.039386240518724192e+00
5.903799999999999272e+03 1.003314607030576067e+00
5.903999999999999091e+03 1.230448615418694436e+00
5.904199999999999818e+03 1.076000013697990365e+00
5.904399999999999636e+03 1.078180792000026589e+00
5.904599999999999454e+03 9.871625858822593580e-01
5.904799999999999272e+03 1.269021393093948014e+00
5.904999999999999091e+03 1.115519280448078243e+00
5.905199999999999818e+03 9.499381385209795248e-01
5.905399999999999636e+03 1.145057847668405904e+00
5.905599999999999454e+03 1.128954542696632091e+00
5.905799999999999272e+03 1.091146109620853899e+00
5.905999999999999091e+03 9.380217468709862727e-01
5.906199999999999818e+03 1.134328938741683279e+00
5.906399999999999636e+03 1.134373507407227200e+00
5.906599999999999454e+03 1.187369399541458259e+00
5.906799999999999272e+03 8.657668985046991228e-01
5.906999999999999091e+03 8.034510260467448983e-01
5.907199999999999818e+03 9.888913072657745662e-01
5.907399999999999636e+03 8.218682434923364477e-01
5.907599999999999454e+03 7.202323774123486899e-01
5.907799999999999272e+03 7.578529094513556386e-01
5.907999999999999091e+03 8.619009731751979819e-01
5.908199999999999818e+03 1.016038639668286336e+00
5.908399999999999636e+03 9.863780733044035243e-01
5.908599999999999454e+03 9.910172664571119672e-01
5.908799999999999272e+03 9.706620911313419420e-01
5.908999999999999091e+03 8.474683987243993855e-01
5.909199999999999818e+03 1.106569105085290827e+00
5.909399999999999636e+03 1.123682428483686380e+00
5.909599999999999454e+03 9.315949419861901948e-01
5.909799999999999272e+03 9.868123459455938606e-01
5.909999999999999091e+03 1.082578795662683557e+00
5.910199999999999818e+03 8.255485443039258797e-01
5.910399999999999636e+03 1.040959008719663625e+00
5.910599999999999454e+03 9.705079264315117360e-01
5.910799999999999272e+03 9.838440511267321220e-01
5.910999999999999091e+03 9.280380163746093647e-01
5.911199999999999818e+03 1.186334401571593311e+00
5.911399999999999636e+03 1.009830899097058143e+00
5.911599999999999454e+03 8.593719507479667952e-01
5.911799999999999272e+03 1.174559543504125614e+00
5.911999999999999091e+03 9.173994100011494401e-01
5.912199999999999818e+03 1.191922781309255885e+00
5.912399999999999636e+03 1.049689011013360318e+00
5.912599999999999454e+03 9.253932530739799045e-01
5.912799999999999272e+03 1.085033340495374699e+00
5.912999999999999091e+03 1.014792844288700646e+00
5.913199999999999818e+03 9.870669256007754688e-01
5.913399999999999636e+03 9.887416410522318344e-01
5.913599999999999454e+03 8.766678326693785328e-01
5.913799999999999272e+03 7.719306688215314960e-01
5.913999999999999091e+03 9.828495593806917396e-01
5.914199999999999818e+03 9.155166654372053348e-01
5.914399999999999636e+03 1.166295269399447720e+00
5.914599999999999454e+03 9.527081156046912636e-01
5.914799999999999272e+03 9.433049737711912686e-01
5.914999999999999091e+03 8.825864112338671630e-01
5.915199999999999818e+03 8.981117237110946006e-01
5.915399999999999636e+03 1.068553680115982063e+00
5.915599999999999454e+03 1.029386125262359508e+00
5.915799999999999272e+03 1.054458987951940596e+00
5.915999999999999091e+03 9.223246980238507531e-01
5.916199999999999818e+03 1.131152955666227200e+00
5.916399999999999636e+03 1.032959384542004644e+00
5.916599999999999454e+03 8.913145896400448409e-01
5.916799999999999272e+03 1.141230160228981605e+00
5.916999999999999091e+03 1.100829570601150387e+00
5.917199999999999818e+03 8.364707167848850489e-01
5.917399999999999636e+03 1.257636279988605610e+00
5.917599999999999454e+03 9.795917048696343166e-01
5.917799999999999272e+03 9.110668394513464774e-01
5.917999999999999091e+03 1.027154367908604371e+00
5.918199999999999818e+03 1.012542351581453115e+00
5.918399999999999636e+03 1.187647425703983739e+00
5.918599999999999454e+03 7.692649794288997089e-01
5.918799999999999272e+03 1.137841420281451743e+00
5.918999999999999091e+03 8.803419194725176089e-01
5.919199999999999818e+03 9.363359481227203629e-01
5.919399999999999636e+03 1.057016845333291766e+00
5.919599999999999454e+03 9.121130635685350541e-01
5.919799999999999272e+03 9.362660847738657477e-01
5.919999999999999091e+03 9.687142204440161164e-01
5.920199999999999818e+03 1.002014463594035343e+00
5.920399999999999636e+03 9.001836298816829895e-01
5.920599999999999454e+03 1.070672109542424533e+00
5.920799999999999272e+03 1.066186123946925690e+00
5.920999999999999091e+03 9.619892559379832342e-01
5.921199999999999818e+03 7.237914470505812936e-01
5.921399999999999636e+03 5.457398390267047539e-01
5.921599999999999454e+03 4.105020293583300783e-01
5.921799999999999272e+03 5.192406854434755692e-01
5.921999999999999091e+03 3.917362085326534515e-01
5.922199999999999818e+03 3.504489848304028210e-01
5.922399999999999636e+03 7.228789358738776372e-01
5.922599999999999454e+03 9.924037552919968697e-01
5.922799999999999272e+03 9.485062336024349117e-01
5.922999999999999091e+03 9.085274001882415185e-01
5.923199999999999818e+03 1.014531260985923389e+00
5.923399999999999636e+03 1.096016052945821162e+00
5.923599999999999454e+03 1.145909487850753639e+00
5.923799999999999272e+03 9.672814391482733587e-01
5.923999999999999091e+03 9.166365808045792152e-01
5.924199999999999818e+03 1.054839767931184280e+00
5.924399999999999636e+03 1.079530350511938463e+00
5.924599999999999454e+03 1.021607506543646293e+00
5.924799999999999272e+03 1.082561717100581244e+00
5.924999999999999091e+03 9.842327882327212007e-01
5.925199999999999818e+03 1.185638931696789466e+00
5.925399999999999636e+03 9.556809915674878697e-01
5.925599999999999454e+03 1.122663321860682517e+00
5.925799999999999272e+03 1.132673126124072782e+00
5.925999999999999091e+03 9.156778593709127279e-01
5.926199999999999818e+03 8.971768367611426820e-01
5.926399999999999636e+03 1.059173788305992181e+00
5.926599999999999454e+03 1.080134537488422586e+00
5.926799999999999272e+03 9.203007303678291118e-01
5.926999999999999091e+03 1.023774436430436419e+00
5.927199999999999818e+03 9.197433849940135353e-01
5.927399999999999636e+03 8.027702435304917561e-01
5.927599999999999454e+03 6.764159632759986218e-01
5.927799999999999272e+03 6.122489061028872914e-01
5.927999999999999091e+03 5.328776372580101839e-01
5.928199999999999818e+03 6.251234661038869156e-01
5.928399999999999636e+03 6.659232739782418031e-01
5.928599999999999454e+03 9.222685060261875956e-01
5.928799999999999272e+03 9.845974499266006985e-01
5.928999999999999091e+03 1.014277785552243127e+00
5.929199999999999818e+03 9.809184824805543546e-01
5.929399999999999636e+03 1.167938146657673482e+00
5.929599999999999454e+03 1.009256043235962297e+00
5.929799999999999272e+03 9.475016738623802670e-01
5.929999999999999091e+03 9.076511017127318892e-01
5.930199999999999818e+03 1.056932593145284205e+00
5.930399999999999636e+03 9.805678130625162803e-01
5.930599999999999454e+03 9.612873971410854645e-01
5.930799999999999272e+03 1.093137989725193382e+00
5.930999999999999091e+03 9.610593522777325370e-01
5.931199999999999818e+03 1.194169353796444621e+00
5.931399999999999636e+03 1.148311669874336083e+00
5.931599999999999454e+03 9.801154899380991603e-01
5.931799999999999272e+03 1.049960763476571524e+00
5.931999999999999091e+03 7.896560489548618555e-01
5.932199999999999818e+03 1.021808255585919145e+00
5.932399999999999636e+03 9.551666017026948508e-01
5.932599999999999454e+03 1.017848664250772694e+00
5.932799999999999272e+03 9.190894712024009205e-01
5.932999999999999091e+03 8.912846916863745861e-01
5.933199999999999818e+03 1.006627018777496163e+00
5.933399999999999636e+03 9.107493987636861021e-01
5.933599999999999454e+03 1.009264070148336856e+00
5.933799999999999272e+03 1.075034097166580382e+00
5.933999999999999091e+03 8.792062027557659976e-01
5.934199999999999818e+03 8.899093224625826970e-01
5.934399999999999636e+03 9.757199993424281459e-01
5.934599999999999454e+03 9.734806076570057254e-01
5.934799999999999272e+03 9.216553224449052228e-01
5.934999999999999091e+03 1.077371770271151830e+00
5.935199999999999818e+03 8.404153641046364642e-01
5.935399999999999636e+03 9.739919144506566928e-01
5.935599999999999454e+03 9.925321453227375912e-01
5.935799999999999272e+03 8.656979108090208097e-01
5.935999999999999091e+03 1.022387263345860831e+00
5.936199999999999818e+03 1.033491711745906150e+00
5.936399999999999636e+03 1.118755998146501396e+00
5.936599999999999454e+03 9.041352060832282822e-01
5.936799999999999272e+03 9.603952061799088114e-01
5.936999999999999091e+03 1.011042912814389627e+00
5.937199999999999818e+03 1.056270930405353914e+00
5.937399999999999636e+03 9.591282664584281914e-01
5.937599999999999454e+03 1.017014352694621815e+00
5.937799999999999272e+03 9.804026847034972292e-01
5.937999999999999091e+03 1.119833922009836114e+00
5.938199999999999818e+03 9.702438085728148920e-01
5.938399999999999636e+03 9.451480592525827173e-01
5.938599999999999454e+03 1.017410761716737388e+00
5.938799999999999272e+03 1.100970040828830765e+00
5.938999999999999091e+03 9.610469825045454551e-01
5.939199999999999818e+03 9.796040705544009075e-01
5.939399999999999636e+03 1.082965251158646725e+00
5.939599999999999454e+03 9.817424963088851042e-01
5.939799999999999272e+03 9.477837643119090272e-01
5.939999999999999091e+03 1.077132576805843955e+00
5.940199999999999818e+03 1.120965443322146537e+00
5.940399999999999636e+03 1.002947872215705694e+00
5.940599999999999454e+03 9.298116394010589314e-01
5.940799999999999272e+03 9.691316288011407876e-01
5.940999999999999091e+03 9.292314174229838741e-01
5.941199999999999818e+03 1.049155693776442355e+00
5.941399999999999636e+03 9.589166193144450512e-01
5.941599999999999454e+03 1.058431232506738429e+00
5.941799999999999272e+03 8.540607298162380401e-01
5.941999999999999091e+03 9.706760986481893783e-01
5.942199999999999818e+03 1.174141884023955251e+00
5.942399999999999636e+03 9.860983304010092487e-01
5.942599999999999454e+03 9.180655717744018451e-01
5.942799999999999272e+03 1.052937366685090748e+00
5.942999999999999091e+03 1.055664285464572805e+00
5.943199999999999818e+03 9.171809054231393477e-01
5.943399999999999636e+03 9.639729458748076407e-01
5.943599999999999454e+03 1.139609504070146384e+00
5.943799999999999272e+03 8.509416703881885757e-01
5.943999999999999091e+03 1.035405292453750459e+00
5.944199999999999818e+03 9.734701882958195496e-01
5.944399999999999636e+03 1.174892922786944016e+00
5.944599999999999454e+03 9.177090977394617433e-01
5.944799999999999272e+03 9.639917853684621951e-01
5.944999999999999091e+03 1.056395172406727756e+00
5.945199999999999818e+03 9.583525159745429622e-01
5.945399999999999636e+03 7.397632347325596713e-01
5.945599999999999454e+03 1.316117232880438026e+00
5.945799999999999272e+03 1.122214181461440585e+00
5.945999999999999091e+03 9.623696502378999984e-01
5.946199999999999818e+03 1.060868939107478814e+00
5.946399999999999636e+03 9.285725606722540215e-01
5.946599999999999454e+03 1.048408878627875129e+00
5.946799999999999272e+03 1.062542047741252160e+00
5.946999999999999091e+03 8.876021220253806909e-01
5.947199999999999818e+03 8.599663876277489072e-01
5.947399999999999636e+03 9.735878922655736289e-01
5.947599999999999454e+03 1.118102932388030490e+00
5.947799999999999272e+03 9.895856673698215644e-01
5.947999999999999091e+03 9.888527440726863071e-01
5.948199999999999818e+03 9.711020884388588126e-01
5.948399999999999636e+03 1.228579363791207246e+00
5.948599999999999454e+03 9.547652710331384629e-01
5.948799999999999272e+03 9.478327411628536536e-01
5.948999999999999091e+03 9.080573364873811837e-01
5.949199999999999818e+03 1.170865428061733660e+00
5.949399999999999636e+03 9.669331739474698040e-01
5.949599999999999454e+03 1.039711954788895110e+00
5.949799999999999272e+03 1.071570791726324856e+00
5.949999999999999091e+03 9.030772495974959124e-01
5.950199999999999818e+03 1.004753366660107172e+00
5.950399999999999636e+03 1.211964258346433621e+00
5.950599999999999454e+03 7.516391324607997193e-01
5.950799999999999272e+03 9.208207340426320942e-01
5.951000000000000000e+03 1.165076582633511659e+00
5.951199999999999818e+03 8.045746508871761682e-01
5.951399999999999636e+03 1.120845712620973655e+00
5.951599999999999454e+03 1.088986992414686883e+00
5.951799999999999272e+03 8.507999994681051392e-01
5.952000000000000000e+03 1.016245376449133042e+00
5.952199999999999818e+03 9.991788537035323214e-01
5.952399999999999636e+03 9.577460444870585787e-01
