5.860199999999999818e+03 1.298747630656861496e+00
5.860399999999999636e+03 1.101001734669201371e+00
5.860599999999999454e+03 7.197304411668723478e-01
5.860799999999999272e+03 1.002572703231184414e+00
5.860999999999999091e+03 8.370180239447492232e-01
5.861199999999999818e+03 8.567344130692706727e-01
5.861399999999999636e+03 1.015418201518957009e+00
5.861599999999999454e+03 9.660454991658684598e-01
5.861799999999999272e+03 1.128748463469192664e+00
5.861999999999999091e+03 4.965328664123654367e-01
5.862200000000000728e+03 8.481235423209155799e-01
5.862399999999999636e+03 1.238723896994374352e+00
5.862600000000000364e+03 1.126070598864129524e+00
5.862799999999999272e+03 1.376526837444126183e+00
5.863000000000000000e+03 6.095001865475834224e-01
5.863199999999998909e+03 1.158370573682117710e+00
5.863399999999999636e+03 1.232480048868106470e+00
5.863600000000000364e+03 9.390489568442833557e-01
5.863800000000000182e+03 9.638377486872794497e-01
5.864000000000000000e+03 7.153879702679925012e-01
5.864199999999999818e+03 8.306228091185994256e-01
5.864399999999999636e+03 1.197065903232431117e+00
5.864599999999999454e+03 1.146665952002505096e+00
5.864800000000000182e+03 1.247537852957097959e+00
5.865000000000000000e+03 1.404772676634590933e+00
5.865199999999999818e+03 1.320301549244932149e+00
5.865399999999999636e+03 9.894709218980652921e-01
5.865599999999999454e+03 9.394695814387091781e-01
5.865799999999999272e+03 4.933125384123113188e-01
5.865999999999999091e+03 1.035947026587515918e+00
5.866199999999999818e+03 9.315588027510229852e-01
5.866399999999999636e+03 1.334350389866466369e+00
5.866599999999999454e+03 1.278685180667397114e+00
5.866799999999999272e+03 8.042772140375489265e-01
5.866999999999999091e+03 8.773436329552841695e-01
5.867200000000000728e+03 1.155791560525107453e+00
5.867399999999999636e+03 9.359877783395519346e-01
5.867600000000000364e+03 1.771092163977743716e+00
5.867799999999999272e+03 4.057559261290293318e-01
5.868000000000000000e+03 6.017936513400916620e-01
5.868199999999998909e+03 1.118863748577340722e+00
5.868399999999999636e+03 8.683529918544787840e-01
5.868600000000000364e+03 9.088485720078184338e-01
5.868800000000000182e+03 1.190247130943793197e+00
5.869000000000000000e+03 5.903922304265716292e-01
5.869199999999999818e+03 9.432879557888812494e-01
5.869399999999999636e+03 1.258648527100316494e+00
5.869599999999999454e+03 1.245540215662168437e+00
5.869800000000000182e+03 1.321622137162378863e+00
5.870000000000000000e+03 1.326962276077833014e+00
5.870199999999999818e+03 1.015597389775278581e+00
5.870399999999999636e+03 9.103307989811227907e-01
5.870599999999999454e+03 7.667956745875322833e-01
5.870799999999999272e+03 4.242801462232617116e-01
5.870999999999999091e+03 5.682149977357779935e-01
5.871199999999999818e+03 7.747958095425974134e-01
5.871399999999999636e+03 8.173896111448291091e-01
5.871599999999999454e+03 8.553701636318810086e-01
5.871799999999999272e+03 1.821094708829688713e+00
5.871999999999999091e+03 1.154792494444863538e+00
5.872200000000000728e+03 8.389745290647924181e-01
5.872399999999999636e+03 9.273654400039388346e-01
5.872600000000000364e+03 1.229199245553681985e+00
5.872799999999999272e+03 6.286949150238744233e-01
5.873000000000000000e+03 5.865967292674910682e-01
5.873199999999998909e+03 7.883200848616583878e-01
5.873399999999999636e+03 7.107429130636888637e-01
5.873600000000000364e+03 1.222735673806739642e+00
5.873800000000000182e+03 1.182625619424151342e+00
5.874000000000000000e+03 1.235340309201635067e+00
5.874199999999999818e+03 1.162621705209567979e+00
5.874399999999999636e+03 9.163474649811887973e-01
5.874599999999999454e+03 1.001406436166556224e+00
5.874800000000000182e+03 7.873613594414003991e-01
5.875000000000000000e+03 6.825161623641781139e-01
5.875199999999999818e+03 1.083582430483192027e+00
5.875399999999999636e+03 8.372070416871051357e-01
5.875599999999999454e+03 4.088065190079048783e-01
5.875799999999999272e+03 1.168773754184724289e+00
5.875999999999999091e+03 8.065529835734648323e-01
5.876199999999999818e+03 1.734237530086954582e+00
5.876399999999999636e+03 9.933286386401309898e-01
5.876599999999999454e+03 1.069692856948537774e+00
5.876799999999999272e+03 8.279755570862239455e-01
5.876999999999999091e+03 8.567272976424716857e-01
5.877200000000000728e+03 7.580769895105371470e-01
5.877399999999999636e+03 1.065140614153232690e+00
5.877600000000000364e+03 8.890329438779317472e-01
5.877799999999999272e+03 1.047340297664778763e+00
5.878000000000000000e+03 8.076235522814252388e-01
5.878199999999998909e+03 1.174441285419017378e+00
5.878399999999999636e+03 1.406572995926527847e+00
5.878600000000000364e+03 7.913291693912479774e-01
5.878800000000000182e+03 1.075611095933332262e+00
5.879000000000000000e+03 9.534112140621615605e-01
5.879199999999999818e+03 1.413856857871326644e+00
5.879399999999999636e+03 1.284053054669345162e+00
5.879599999999999454e+03 9.304038279730927341e-01
5.879800000000000182e+03 7.199059964725732508e-01
5.880000000000000000e+03 1.113966925064521440e+00
5.880199999999999818e+03 1.012672339951824707e+00
5.880399999999999636e+03 1.545446745639534436e+00
5.880599999999999454e+03 7.607873033507638327e-01
5.880799999999999272e+03 9.355901044741585793e-01
5.880999999999999091e+03 1.274804127317594293e+00
5.881199999999999818e+03 1.102296293856583453e+00
5.881399999999999636e+03 1.096203361226682382e+00
5.881599999999999454e+03 1.317774824728299432e+00
5.881799999999999272e+03 9.601997738674342697e-01
5.881999999999999091e+03 9.633624181792884711e-01
5.882200000000000728e+03 1.309072269792459497e+00
5.882399999999999636e+03 1.379740358336628558e+00
5.882600000000000364e+03 7.223652266916110731e-01
5.882799999999999272e+03 1.088565171707735590e+00
5.883000000000000000e+03 1.106595232358125847e+00
5.883199999999998909e+03 1.032611077308604575e+00
5.883399999999999636e+03 1.395345936690186583e+00
5.883600000000000364e+03 1.127798095656696198e+00
5.883800000000000182e+03 9.583008761099773842e-01
5.884000000000000000e+03 1.432967580474910463e+00
5.884199999999999818e+03 1.133281919262394632e+00
5.884399999999999636e+03 1.071822896476839038e+00
5.884599999999999454e+03 1.043749168932549320e+00
5.884800000000000182e+03 9.998509728112907613e-01
5.885000000000000000e+03 7.064180890119993173e-01
5.885199999999999818e+03 6.992956718622321821e-01
5.885399999999999636e+03 7.214135003880656205e-01
5.885599999999999454e+03 7.786005340406216835e-01
5.885799999999999272e+03 1.421484521306497051e+00
5.885999999999999091e+03 1.272202405027790029e+00
5.886199999999999818e+03 6.723868062487464714e-01
5.886399999999999636e+03 6.449434011566818059e-01
5.886599999999999454e+03 6.122747501235200618e-01
5.886799999999999272e+03 7.436177739863997216e-01
5.886999999999999091e+03 6.897734967644146842e-01
5.887200000000000728e+03 9.631593261077916468e-01
5.887399999999999636e+03 1.325435022886019443e+00
5.887600000000000364e+03 1.091756140402521780e+00
5.887799999999999272e+03 1.460114911890423306e+00
5.888000000000000000e+03 1.175614331731769102e+00
5.888199999999998909e+03 1.300219523200963900e+00
5.888399999999999636e+03 1.069199057996252034e+00
5.888600000000000364e+03 8.921481806917461732e-01
5.888800000000000182e+03 4.873643305658743596e-01
5.889000000000000000e+03 7.663803461571150333e-01
5.889199999999999818e+03 6.432073444602027790e-01
5.889399999999999636e+03 1.025949359911643599e+00
5.889599999999999454e+03 5.450027503132784945e-01
5.889800000000000182e+03 1.225183846735767412e+00
5.890000000000000000e+03 1.161967269796576163e+00
5.890199999999999818e+03 8.879129105849167258e-01
5.890399999999999636e+03 1.037483085325776155e+00
5.890599999999999454e+03 4.280038357618557443e-01
5.890799999999999272e+03 9.092426630402903331e-01
5.890999999999999091e+03 1.467395381187394987e+00
5.891199999999999818e+03 6.945131416571853622e-01
5.891399999999999636e+03 9.488716200883958729e-01
5.891599999999999454e+03 1.196356744358210378e+00
5.891799999999999272e+03 1.085624332455459751e+00
5.891999999999999091e+03 9.861547045759786467e-01
5.892200000000000728e+03 8.690821811958227006e-01
5.892399999999999636e+03 6.653414971170195091e-01
5.892600000000000364e+03 1.160276275107068544e+00
5.892799999999999272e+03 6.911194745056150612e-01
5.893000000000000000e+03 1.041601750306750729e+00
5.893199999999998909e+03 1.510037970670236707e+00
5.893399999999999636e+03 1.425828752119011611e+00
5.893600000000000364e+03 7.960700722531941498e-01
5.893800000000000182e+03 8.240383886988172923e-01
5.894000000000000000e+03 1.476751297113947370e+00
5.894199999999999818e+03 9.323302851793557888e-01
5.894399999999999636e+03 1.137422945855547152e+00
5.894599999999999454e+03 8.237235944736434057e-01
5.894800000000000182e+03 1.079764308833494502e+00
5.895000000000000000e+03 8.100998790736300137e-01
5.895199999999999818e+03 1.000031791823557059e+00
5.895399999999999636e+03 7.266676594885449481e-01
5.895599999999999454e+03 9.926378015309039737e-01
5.895799999999999272e+03 1.055531143710397801e+00
5.895999999999999091e+03 6.988958254651459479e-01
5.896199999999999818e+03 1.022396301706146815e+00
5.896399999999999636e+03 7.036429380537497780e-01
5.896599999999999454e+03 9.311257382175068820e-01
5.896799999999999272e+03 8.034500341046497685e-01
5.896999999999999091e+03 1.265845481171777420e+00
5.897200000000000728e+03 1.223889134844770243e+00
5.897399999999999636e+03 1.279981266707752807e+00
5.897600000000000364e+03 5.987111596798118107e-01
5.897799999999999272e+03 1.045984300482792673e+00
5.898000000000000000e+03 1.253468174769413190e+00
5.898199999999998909e+03 7.285690919075431538e-01
5.898399999999999636e+03 6.882057930317665440e-01
5.898600000000000364e+03 1.011249207359968816e+00
5.898800000000000182e+03 1.068701534389504326e+00
5.899000000000000000e+03 1.038161122237147849e+00
5.899199999999999818e+03 1.095931704683982266e+00
5.899399999999999636e+03 9.035201750054082659e-01
5.899599999999999454e+03 1.057436906631606277e+00
5.899800000000000182e+03 9.426689874456744000e-01
5.900000000000000000e+03 1.158891544717451927e+00
5.900199999999999818e+03 1.076863040614006950e+00
5.900399999999999636e+03 1.191737706787711959e+00
5.900599999999999454e+03 1.044571403189365810e+00
5.900799999999999272e+03 8.506081342042066673e-01
5.900999999999999091e+03 1.020247360344030074e+00
5.901199999999999818e+03 1.103778391030115325e+00
5.901399999999999636e+03 6.077539344524551801e-01
5.901599999999999454e+03 1.013619896852028468e+00
5.901799999999999272e+03 1.176922657400820249e+00
5.901999999999999091e+03 1.178396741099821288e+00
5.902200000000000728e+03 1.258313296712541884e+00
5.902399999999999636e+03 1.305635561281219825e+00
5.902600000000000364e+03 1.130724640935719894e+00
5.902799999999999272e+03 1.085336928134265966e+00
5.903000000000000000e+03 1.045826995792382696e+00
5.903199999999998909e+03 6.718834272362870230e-01
5.903399999999999636e+03 6.606624933432837521e-01
5.903600000000000364e+03 9.146624296636610696e-01
5.903800000000000182e+03 7.059660109183633070e-01
5.904000000000000000e+03 6.321055498882991452e-01
5.904199999999999818e+03 1.004215503585993430e+00
5.904399999999999636e+03 1.066884393887146398e+00
5.904599999999999454e+03 1.363555754334563108e+00
5.904800000000000182e+03 1.520177802635893638e+00
5.905000000000000000e+03 9.618543011005220578e-01
5.905199999999999818e+03 1.123312947278334972e+00
5.905399999999999636e+03 1.236091562679925371e+00
5.905599999999999454e+03 1.029368540724685310e+00
5.905799999999999272e+03 1.131874335375223639e+00
5.905999999999999091e+03 7.009442038602049507e-01
5.906199999999999818e+03 1.228730062264317358e+00
5.906399999999999636e+03 1.148938356614661371e+00
5.906599999999999454e+03 1.082345653718329359e+00
5.906799999999999272e+03 7.364584799318859565e-01
5.906999999999999091e+03 1.002700332359798052e+00
5.907200000000000728e+03 1.248509749077454156e+00
5.907399999999999636e+03 1.180335463982407962e+00
5.907600000000000364e+03 9.406955099170228873e-01
5.907799999999999272e+03 5.159294788405647259e-01
5.908000000000000000e+03 8.649269285216676373e-01
5.908199999999998909e+03 8.937785887933740181e-01
5.908399999999999636e+03 8.662764282825383688e-01
5.908600000000000364e+03 8.338241413979164962e-01
5.908800000000000182e+03 8.157844494408740266e-01
5.909000000000000000e+03 1.185011897088039889e+00
5.909199999999999818e+03 9.809013287825251171e-01
5.909399999999999636e+03 1.014142062067523664e+00
5.909599999999999454e+03 1.292615422424624683e+00
5.909800000000000182e+03 1.135774780877561341e+00
5.910000000000000000e+03 8.803442248512504120e-01
5.910199999999999818e+03 1.082667451904303801e+00
5.910399999999999636e+03 1.205193086686581871e+00
5.910599999999999454e+03 1.371619283445000503e+00
5.910799999999999272e+03 6.894049543754280363e-01
5.910999999999999091e+03 8.683317795396012784e-01
5.911199999999999818e+03 1.250786585505736070e+00
5.911399999999999636e+03 9.635829867981267061e-01
5.911599999999999454e+03 9.992151587461221007e-01
5.911799999999999272e+03 7.140238944811978516e-01
5.911999999999999091e+03 1.067551609298921900e+00
5.912200000000000728e+03 9.869847007807851513e-01
5.912399999999999636e+03 1.047531518424922092e+00
5.912600000000000364e+03 1.018558393647366112e+00
5.912799999999999272e+03 9.457579708171355293e-01
5.913000000000000000e+03 8.051084854366753474e-01
5.913199999999998909e+03 8.419626470916461436e-01
5.913399999999999636e+03 1.087529184775675395e+00
5.913600000000000364e+03 9.971318879822558268e-01
5.913800000000000182e+03 1.144025392336164959e+00
5.914000000000000000e+03 9.097986164261364639e-01
5.914199999999999818e+03 8.212683065380065317e-01
5.914399999999999636e+03 1.174110969434645435e+00
5.914599999999999454e+03 7.196410003440026903e-01
5.914800000000000182e+03 8.233662719021089815e-01
5.915000000000000000e+03 1.130029879953646788e+00
5.915199999999999818e+03 1.277844644164925603e+00
5.915399999999999636e+03 8.317632640245071762e-01
5.915599999999999454e+03 8.887537119411283992e-01
5.915799999999999272e+03 1.096921609782447682e+00
5.915999999999999091e+03 1.169262741580375575e+00
5.916199999999999818e+03 1.183830101869322471e+00
5.916399999999999636e+03 1.111694658731268825e+00
5.916599999999999454e+03 8.955055126532955878e-01
5.916799999999999272e+03 9.580516535275167556e-01
5.916999999999999091e+03 8.674411355343734087e-01
5.917200000000000728e+03 1.152948858756860595e+00
5.917399999999999636e+03 1.170418786289797231e+00
5.917600000000000364e+03 8.854936850513428492e-01
5.917799999999999272e+03 7.832791812698705058e-01
5.918000000000000000e+03 8.122875926263783963e-01
5.918199999999998909e+03 8.815138399328096286e-01
5.918399999999999636e+03 1.035814489550312745e+00
5.918600000000000364e+03 9.084753158598493084e-01
5.918800000000000182e+03 1.114018436459427663e+00
5.919000000000000000e+03 8.873688458975762527e-01
5.919199999999999818e+03 1.111449512859756572e+00
5.919399999999999636e+03 1.188588471842490835e+00
5.919599999999999454e+03 9.977693365100500644e-01
5.919800000000000182e+03 1.068364744839778613e+00
