5.860199999999999818e+03 7.179781645050820060e-01
5.860399999999999636e+03 1.321004800480930941e+00
5.860599999999999454e+03 7.756891470645081998e-01
5.860799999999999272e+03 1.483483933810766375e+00
5.860999999999999091e+03 9.287196940578542614e-01
5.861199999999999818e+03 1.070637807965213018e+00
5.861399999999999636e+03 1.104016262770798562e+00
5.861599999999999454e+03 8.647995381492605826e-01
5.861799999999999272e+03 7.626287433649491243e-01
5.861999999999999091e+03 6.569602179714879586e-01
5.862200000000000728e+03 1.211851731578175606e+00
5.862399999999999636e+03 1.282032676725170406e+00
5.862600000000000364e+03 1.039901105258938863e+00
5.862799999999999272e+03 9.508601224613055791e-01
5.863000000000000000e+03 7.566432350151490738e-01
5.863199999999998909e+03 1.181594813321944271e+00
5.863399999999999636e+03 8.308465568641356658e-01
5.863600000000000364e+03 6.200469044236242011e-01
5.863800000000000182e+03 1.103597748521483624e+00
5.864000000000000000e+03 1.038156911474740429e+00
5.864199999999999818e+03 1.016933101040609522e+00
5.864399999999999636e+03 1.105289130305831202e+00
5.864599999999999454e+03 1.161197372617530865e+00
5.864800000000000182e+03 6.654974680853619207e-01
5.865000000000000000e+03 1.763493383377798818e+00
5.865199999999999818e+03 6.788681892450636468e-01
5.865399999999999636e+03 6.489070024028374961e-01
5.865599999999999454e+03 1.242059780552267290e+00
5.865799999999999272e+03 7.755563283444474321e-01
5.865999999999999091e+03 1.231426382361407112e+00
5.866199999999999818e+03 1.383169715881080508e+00
5.866399999999999636e+03 9.945182564853241036e-01
5.866599999999999454e+03 1.365552405399097724e+00
5.866799999999999272e+03 9.697117124213323613e-01
5.866999999999999091e+03 1.153039527964784705e+00
5.867200000000000728e+03 9.672159349921686244e-01
5.867399999999999636e+03 1.168532682909331433e+00
5.867600000000000364e+03 1.005453482915906749e+00
5.867799999999999272e+03 6.006973710215653961e-01
5.868000000000000000e+03 1.219705214221840084e+00
5.868199999999998909e+03 1.065683026873157635e+00
5.868399999999999636e+03 8.566632771653941436e-01
5.868600000000000364e+03 8.794872015574753954e-01
5.868800000000000182e+03 9.256301121748367056e-01
5.869000000000000000e+03 9.775846253778410766e-01
5.869199999999999818e+03 1.285766936834473073e+00
5.869399999999999636e+03 9.788339787846834783e-01
5.869599999999999454e+03 1.018494941477879889e+00
5.869800000000000182e+03 7.700490510798999599e-01
5.870000000000000000e+03 4.129116768056527720e-01
5.870199999999999818e+03 7.840241640956899793e-01
5.870399999999999636e+03 1.438292230116486214e+00
5.870599999999999454e+03 7.566421120569989389e-01
5.870799999999999272e+03 7.701483503899356764e-01
5.870999999999999091e+03 8.915770241939818819e-01
5.871199999999999818e+03 7.458164411912695524e-01
5.871399999999999636e+03 2.451993898912654679e-01
5.871599999999999454e+03 9.325183816163312711e-01
5.871799999999999272e+03 9.731733220425830000e-01
5.871999999999999091e+03 8.424579583132114635e-01
5.872200000000000728e+03 1.171681818707906775e+00
5.872399999999999636e+03 1.308358770940390992e+00
5.872600000000000364e+03 1.388668909584984013e+00
5.872799999999999272e+03 6.485237608828154920e-01
5.873000000000000000e+03 1.047835119202864540e+00
5.873199999999998909e+03 1.016393135173043527e+00
5.873399999999999636e+03 9.994831788445001086e-01
5.873600000000000364e+03 1.079830492551991927e+00
5.873800000000000182e+03 1.091374624453578024e+00
5.874000000000000000e+03 9.129302618003511949e-01
5.874199999999999818e+03 1.116979551997054454e+00
5.874399999999999636e+03 7.695813138113261065e-01
5.874599999999999454e+03 1.094002293981941154e+00
5.874800000000000182e+03 3.893763783428397240e-01
5.875000000000000000e+03 8.120941751744337189e-01
5.875199999999999818e+03 1.231523551862067745e+00
5.875399999999999636e+03 1.222525565834323480e+00
5.875599999999999454e+03 1.047321989981563339e+00
5.875799999999999272e+03 9.043520291488670315e-01
5.875999999999999091e+03 1.358800542669773792e+00
5.876199999999999818e+03 1.233372363133074634e+00
5.876399999999999636e+03 1.018994400882897944e+00
5.876599999999999454e+03 1.276535972145890208e+00
5.876799999999999272e+03 9.695935058376805582e-01
5.876999999999999091e+03 9.356803388631165230e-01
5.877200000000000728e+03 9.771563334061805772e-01
5.877399999999999636e+03 1.266977314692071310e+00
5.877600000000000364e+03 7.475818207743203381e-01
5.877799999999999272e+03 1.248955858968338273e+00
5.878000000000000000e+03 9.389668585621722130e-01
5.878199999999998909e+03 1.471567472148485711e+00
5.878399999999999636e+03 1.186630807366471974e+00
5.878600000000000364e+03 1.300751418874555254e+00
5.878800000000000182e+03 1.106686402626361643e+00
5.879000000000000000e+03 8.372845278328798768e-01
5.879199999999999818e+03 1.343916617640566580e+00
5.879399999999999636e+03 7.481523865183248301e-01
5.879599999999999454e+03 1.122666725924651665e+00
5.879800000000000182e+03 1.054324483945091817e+00
5.880000000000000000e+03 1.120087896475837175e+00
5.880199999999999818e+03 8.918618903464035075e-01
5.880399999999999636e+03 9.223208513593954549e-01
5.880599999999999454e+03 1.318680465434851179e+00
5.880799999999999272e+03 1.136754517205579074e+00
5.880999999999999091e+03 9.019829623059109069e-01
5.881199999999999818e+03 1.104614796716036018e+00
5.881399999999999636e+03 5.884360694318064855e-01
5.881599999999999454e+03 1.113964012303683360e+00
5.881799999999999272e+03 1.299941699722204858e+00
5.881999999999999091e+03 8.301993801702757247e-01
5.882200000000000728e+03 1.209890696522636588e+00
5.882399999999999636e+03 5.804118579655694887e-01
5.882600000000000364e+03 1.366974629196435087e+00
5.882799999999999272e+03 1.298343657936706474e+00
5.883000000000000000e+03 8.073050275129434183e-01
5.883199999999998909e+03 8.534138286498051951e-01
5.883399999999999636e+03 1.076994366489418820e+00
5.883600000000000364e+03 1.465201552950699426e+00
5.883800000000000182e+03 7.453469313106574345e-01
5.884000000000000000e+03 1.197555407130027172e+00
5.884199999999999818e+03 1.248423868975636175e+00
5.884399999999999636e+03 9.865629659163852594e-01
5.884599999999999454e+03 7.046617223180255962e-01
5.884800000000000182e+03 9.996562133685483742e-01
5.885000000000000000e+03 1.416084836736105412e+00
5.885199999999999818e+03 3.455473555978991751e-01
5.885399999999999636e+03 8.407622337292727233e-01
5.885599999999999454e+03 1.258271783198213090e+00
5.885799999999999272e+03 1.035267552689185910e+00
5.885999999999999091e+03 1.095668025593657280e+00
5.886199999999999818e+03 1.071406583391675715e+00
5.886399999999999636e+03 5.359547750678042011e-01
5.886599999999999454e+03 1.109628199385449765e+00
5.886799999999999272e+03 6.372587485709443333e-01
5.886999999999999091e+03 8.062236370109914230e-01
5.887200000000000728e+03 7.370174873499153456e-01
5.887399999999999636e+03 1.165717533375141945e+00
5.887600000000000364e+03 9.639144342022336609e-01
5.887799999999999272e+03 7.242240880918443535e-01
5.888000000000000000e+03 1.017081053174874183e+00
5.888199999999998909e+03 4.205623756434407889e-01
5.888399999999999636e+03 9.456536227259206839e-01
5.888600000000000364e+03 1.069654974024252247e+00
5.888800000000000182e+03 1.247433419644759178e+00
5.889000000000000000e+03 8.750633382009538330e-01
5.889199999999999818e+03 1.364731506002015093e+00
5.889399999999999636e+03 6.365246152003807278e-01
5.889599999999999454e+03 9.243534985847736696e-01
5.889800000000000182e+03 8.886628737724002747e-01
5.890000000000000000e+03 9.363940962489388786e-01
5.890199999999999818e+03 1.469523629918042529e+00
5.890399999999999636e+03 7.087913128122422801e-01
5.890599999999999454e+03 7.053449775986240233e-01
5.890799999999999272e+03 1.116312820180617615e+00
5.890999999999999091e+03 1.178937156579697554e+00
5.891199999999999818e+03 8.609002379164406582e-01
5.891399999999999636e+03 1.219565745396869350e+00
5.891599999999999454e+03 7.904032688082477387e-01
5.891799999999999272e+03 9.650334369064699214e-01
5.891999999999999091e+03 9.453732562892213087e-01
5.892200000000000728e+03 1.002318492202946665e+00
5.892399999999999636e+03 1.145128426245588305e+00
5.892600000000000364e+03 1.114942451652754851e+00
5.892799999999999272e+03 8.509548890882003835e-01
5.893000000000000000e+03 9.423004311264256971e-01
5.893199999999998909e+03 1.000336113092884949e+00
5.893399999999999636e+03 1.015786012961126250e+00
5.893600000000000364e+03 9.663463583615414798e-01
5.893800000000000182e+03 9.826642276869957948e-01
5.894000000000000000e+03 7.301954650465398711e-01
5.894199999999999818e+03 1.115225117823284151e+00
5.894399999999999636e+03 1.230252446685976997e+00
5.894599999999999454e+03 1.090870500064571536e+00
5.894800000000000182e+03 9.020084385691886641e-01
5.895000000000000000e+03 9.898669408384872526e-01
5.895199999999999818e+03 9.810533564932908401e-01
5.895399999999999636e+03 8.734356585394373873e-01
5.895599999999999454e+03 1.465249827883337241e+00
5.895799999999999272e+03 1.086031068255732146e+00
5.895999999999999091e+03 6.875094547816681390e-01
5.896199999999999818e+03 4.195377453456485828e-01
5.896399999999999636e+03 8.419424752733543071e-01
5.896599999999999454e+03 9.238758394376547223e-01
5.896799999999999272e+03 9.544503327191586894e-01
5.896999999999999091e+03 1.232547197118201598e+00
5.897200000000000728e+03 1.262594204828020095e+00
5.897399999999999636e+03 9.195572969314449452e-01
5.897600000000000364e+03 9.910257952838797957e-01
5.897799999999999272e+03 1.109628194252361144e+00
5.898000000000000000e+03 1.194114769388686881e+00
5.898199999999998909e+03 1.005929138714376503e+00
5.898399999999999636e+03 1.154017745514848814e+00
5.898600000000000364e+03 8.247663955057389362e-01
5.898800000000000182e+03 1.150497272437233098e+00
5.899000000000000000e+03 1.040436817332466957e+00
5.899199999999999818e+03 9.862930347243370477e-01
5.899399999999999636e+03 1.149938227531586588e+00
5.899599999999999454e+03 1.296578037039838094e+00
5.899800000000000182e+03 1.263237155945921453e+00
5.900000000000000000e+03 1.126150296886803792e+00
5.900199999999999818e+03 9.348688276366353689e-01
5.900399999999999636e+03 8.675150568448947164e-01
5.900599999999999454e+03 1.100690847257604466e+00
5.900799999999999272e+03 6.747400206248965748e-01
5.900999999999999091e+03 1.054693888039158756e+00
5.901199999999999818e+03 9.729331309963862306e-01
5.901399999999999636e+03 9.689880465538769361e-01
5.901599999999999454e+03 9.001031840037304610e-01
5.901799999999999272e+03 7.745344509224899587e-01
5.901999999999999091e+03 8.032645459884268924e-01
5.902200000000000728e+03 9.035186376454332757e-01
5.902399999999999636e+03 1.210992313289723121e+00
5.902600000000000364e+03 8.206427539437645136e-01
5.902799999999999272e+03 1.017498316740812037e+00
5.903000000000000000e+03 1.110551128610970162e+00
5.903199999999998909e+03 9.877631295080111506e-01
5.903399999999999636e+03 9.797936097547714773e-01
5.903600000000000364e+03 8.523551400911575371e-01
5.903800000000000182e+03 1.397315847392508692e+00
5.904000000000000000e+03 1.157182494096168135e+00
5.904199999999999818e+03 8.213894016467818693e-01
5.904399999999999636e+03 9.773439378071717698e-01
5.904599999999999454e+03 9.162153376694445184e-01
5.904800000000000182e+03 1.069516806935689290e+00
5.905000000000000000e+03 1.206210050329987293e+00
5.905199999999999818e+03 1.141614261647472039e+00
5.905399999999999636e+03 1.137914655810044362e+00
5.905599999999999454e+03 9.916218970515633391e-01
5.905799999999999272e+03 1.256386131185778465e+00
5.905999999999999091e+03 1.060088788892758371e+00
5.906199999999999818e+03 1.313546276104534671e+00
5.906399999999999636e+03 1.028414093694735465e+00
5.906599999999999454e+03 9.175461894009295793e-01
5.906799999999999272e+03 1.023976453070872594e+00
5.906999999999999091e+03 9.624785373282648271e-01
5.907200000000000728e+03 7.495943085729358524e-01
5.907399999999999636e+03 1.184215618304044648e+00
5.907600000000000364e+03 5.550854403503936441e-01
5.907799999999999272e+03 9.544220767824400653e-01
5.908000000000000000e+03 9.382387693107334670e-01
5.908199999999998909e+03 1.049594507349674410e+00
5.908399999999999636e+03 8.266289234211114945e-01
5.908600000000000364e+03 8.329155204710317895e-01
5.908800000000000182e+03 8.752853604022786671e-01
5.909000000000000000e+03 9.707815228383510631e-01
5.909199999999999818e+03 1.039348030878926021e+00
5.909399999999999636e+03 1.017134681361617998e+00
5.909599999999999454e+03 1.351694161403447225e+00
5.909800000000000182e+03 9.902358800035279129e-01
5.910000000000000000e+03 9.147108845855693726e-01
5.910199999999999818e+03 9.472640673044672166e-01
5.910399999999999636e+03 1.102114956884536312e+00
5.910599999999999454e+03 1.021914067283803407e+00
5.910799999999999272e+03 1.107178543093038536e+00
5.910999999999999091e+03 9.822966039777668579e-01
5.911199999999999818e+03 9.189361330084887536e-01
5.911399999999999636e+03 8.408275716716162584e-01
5.911599999999999454e+03 1.181363971909472177e+00
5.911799999999999272e+03 8.152191808450797161e-01
5.911999999999999091e+03 1.160423403155396826e+00
5.912200000000000728e+03 7.859728044263962765e-01
5.912399999999999636e+03 1.056203614541102231e+00
5.912600000000000364e+03 8.858038217616538423e-01
5.912799999999999272e+03 1.048855627875462160e+00
5.913000000000000000e+03 8.802482099259519854e-01
5.913199999999998909e+03 1.136782318929336011e+00
5.913399999999999636e+03 1.120542350244481122e+00
5.913600000000000364e+03 9.958820318765994051e-01
5.913800000000000182e+03 1.068893358870990573e+00
5.914000000000000000e+03 9.918474454127576001e-01
5.914199999999999818e+03 7.702129867383317174e-01
5.914399999999999636e+03 1.165743776290765421e+00
5.914599999999999454e+03 1.008221983511986775e+00
5.914800000000000182e+03 8.336644325737093686e-01
5.915000000000000000e+03 9.488424042574298278e-01
5.915199999999999818e+03 1.074757985643183922e+00
5.915399999999999636e+03 1.085421336015679916e+00
5.915599999999999454e+03 8.420290362908321447e-01
5.915799999999999272e+03 8.868730127663229101e-01
5.915999999999999091e+03 1.018905651177829164e+00
5.916199999999999818e+03 9.640551485231132478e-01
5.916399999999999636e+03 1.147187618296922507e+00
5.916599999999999454e+03 9.275446134822805666e-01
5.916799999999999272e+03 9.708822118502706822e-01
5.916999999999999091e+03 9.825018476017411961e-01
5.917200000000000728e+03 1.164644479720369663e+00
5.917399999999999636e+03 1.149743726781413233e+00
5.917600000000000364e+03 9.478919166910544369e-01
5.917799999999999272e+03 1.053588303261537407e+00
5.918000000000000000e+03 8.219930925076875949e-01
5.918199999999998909e+03 9.789694108891804358e-01
5.918399999999999636e+03 1.200206545667233504e+00
5.918600000000000364e+03 9.742892499605189105e-01
5.918800000000000182e+03 8.267286410883617487e-01
5.919000000000000000e+03 9.947230903816856040e-01
5.919199999999999818e+03 1.013719112613276518e+00
5.919399999999999636e+03 9.937483661685435621e-01
5.919599999999999454e+03 1.068623983542508205e+00
5.919800000000000182e+03 1.035990611868033096e+00
