8.647399999999999636e+03 1.014658149282580357e+00
8.647600000000000364e+03 1.019249001140802635e+00
8.647799999999999272e+03 1.005735788406438180e+00
8.648000000000000000e+03 9.996016359540084162e-01
8.648199999999998909e+03 1.021229123421334206e+00
8.648399999999999636e+03 9.872880352761683742e-01
8.648599999999998545e+03 9.915776302441972057e-01
8.648799999999999272e+03 9.794798458808454678e-01
8.649000000000000000e+03 9.666404931557026625e-01
8.649199999999998909e+03 9.934082235379854131e-01
8.649400000000001455e+03 1.013375888782945822e+00
8.649600000000000364e+03 1.015801865044345664e+00
8.649799999999999272e+03 1.044533494636007642e+00
8.650000000000000000e+03 9.863658524503995384e-01
8.650200000000000728e+03 1.020951038427334590e+00
8.650399999999999636e+03 9.910760286435430499e-01
8.650599999999998545e+03 1.002561910217430574e+00
8.650799999999999272e+03 1.002558147003411948e+00
8.651000000000000000e+03 9.832259827634709515e-01
8.651199999999998909e+03 1.018319322820587569e+00
8.651399999999999636e+03 9.800334612550885005e-01
8.651600000000000364e+03 9.766718418166071558e-01
8.651799999999999272e+03 9.567981214647752752e-01
8.652000000000000000e+03 1.015783370357008497e+00
8.652200000000000728e+03 9.892601472681834540e-01
8.652399999999999636e+03 9.492050191728506059e-01
8.652600000000000364e+03 9.638120828428724529e-01
8.652799999999999272e+03 9.821795867166491778e-01
8.653000000000000000e+03 9.863433476963920921e-01
8.653199999999998909e+03 1.007724676232402805e+00
8.653399999999999636e+03 1.021703350557867651e+00
8.653599999999998545e+03 9.694281023894165683e-01
8.653799999999999272e+03 9.918637126140025240e-01
8.654000000000000000e+03 9.863177618904986899e-01
8.654199999999998909e+03 9.818306564827303795e-01
8.654400000000001455e+03 1.072359780679737362e+00
8.654600000000000364e+03 9.800887214012323767e-01
8.654799999999999272e+03 1.014750351228029368e+00
8.655000000000000000e+03 9.989381040111013910e-01
8.655200000000000728e+03 1.043787618932449979e+00
8.655399999999999636e+03 9.764867454645692613e-01
8.655599999999998545e+03 1.001797746252112153e+00
8.655799999999999272e+03 9.991606071038968695e-01
8.656000000000000000e+03 1.032273814390378019e+00
8.656199999999998909e+03 1.005406184944259040e+00
8.656399999999999636e+03 1.018068803365763220e+00
8.656600000000000364e+03 9.918770223808835995e-01
8.656799999999999272e+03 1.021135929259869179e+00
8.657000000000000000e+03 9.925673923387692277e-01
8.657200000000000728e+03 1.004328265298456646e+00
8.657399999999999636e+03 1.033376858104561258e+00
8.657600000000000364e+03 1.034608480802544861e+00
8.657799999999999272e+03 1.038653127997475334e+00
8.658000000000000000e+03 9.999390469949770432e-01
8.658199999999998909e+03 1.012552327930452911e+00
8.658399999999999636e+03 9.869805562361496643e-01
8.658599999999998545e+03 9.858723192549234682e-01
8.658799999999999272e+03 1.006225435153211833e+00
8.659000000000000000e+03 1.035990476933356774e+00
8.659199999999998909e+03 1.046485382240446960e+00
8.659400000000001455e+03 9.767397113461826486e-01
8.659600000000000364e+03 9.786248923848104297e-01
8.659799999999999272e+03 1.022495018998442085e+00
8.660000000000000000e+03 9.705685951866480643e-01
8.660200000000000728e+03 1.046017751821206598e+00
8.660399999999999636e+03 9.638943918935223287e-01
8.660599999999998545e+03 9.743837446460544838e-01
8.660799999999999272e+03 1.017186464814617830e+00
8.661000000000000000e+03 1.005951119828191187e+00
8.661199999999998909e+03 1.054998916727556191e+00
8.661399999999999636e+03 9.884857930152523009e-01
8.661600000000000364e+03 1.011493755638887215e+00
8.661799999999999272e+03 1.027405628571954610e+00
8.662000000000000000e+03 1.018874467108171311e+00
8.662200000000000728e+03 9.997442508451632737e-01
8.662399999999999636e+03 9.940088158082850400e-01
8.662600000000000364e+03 9.818692324879160216e-01
8.662799999999999272e+03 9.778286426600385495e-01
8.663000000000000000e+03 9.942808752885162749e-01
8.663199999999998909e+03 9.618599910564576971e-01
8.663399999999999636e+03 9.887345324232524879e-01
8.663599999999998545e+03 9.662022990080714191e-01
8.663799999999999272e+03 9.579622828355105479e-01
8.664000000000000000e+03 1.021083924783499075e+00
8.664199999999998909e+03 9.632142714720191012e-01
8.664400000000001455e+03 9.725447954832652231e-01
8.664600000000000364e+03 1.012893789805735079e+00
8.664799999999999272e+03 9.677138604270076883e-01
8.665000000000000000e+03 9.661208210537826080e-01
8.665200000000000728e+03 1.004748824207613467e+00
8.665399999999999636e+03 9.711719505851604817e-01
8.665599999999998545e+03 9.797303750885524298e-01
8.665799999999999272e+03 1.021448402125237687e+00
8.666000000000000000e+03 9.638884007125742004e-01
8.666199999999998909e+03 9.830761967251792077e-01
8.666399999999999636e+03 9.824225540482262042e-01
8.666600000000000364e+03 9.582820872923105693e-01
8.666799999999999272e+03 9.757341929674243630e-01
8.667000000000000000e+03 9.556403700949636093e-01
8.667200000000000728e+03 9.312349918866774656e-01
8.667399999999999636e+03 9.676049077756770922e-01
8.667600000000000364e+03 9.062707522685198303e-01
8.667799999999999272e+03 9.397826605758431429e-01
8.668000000000000000e+03 9.597922830812906092e-01
8.668199999999998909e+03 9.484717465879384246e-01
8.668399999999999636e+03 9.374402034040394405e-01
8.668599999999998545e+03 9.516402917398700811e-01
8.668799999999999272e+03 9.793025046412490164e-01
8.669000000000000000e+03 9.688220135463789795e-01
8.669199999999998909e+03 9.832073210378394768e-01
8.669400000000001455e+03 9.793731688561180260e-01
8.669600000000000364e+03 9.889845668971234405e-01
8.669799999999999272e+03 1.026681131326722562e+00
8.670000000000000000e+03 1.007394863495812087e+00
8.670200000000000728e+03 9.386629911432771145e-01
8.670399999999999636e+03 1.003253289976825391e+00
8.670599999999998545e+03 1.047395846590466695e+00
8.670799999999999272e+03 9.618423568077303365e-01
8.671000000000000000e+03 9.769650280078067128e-01
8.671199999999998909e+03 1.067358108963106567e+00
8.671399999999999636e+03 9.944147682983962566e-01
8.671600000000000364e+03 1.018098577642140734e+00
8.671799999999999272e+03 9.866073343436604359e-01
8.672000000000000000e+03 1.014422357397256613e+00
8.672200000000000728e+03 9.733419751923110264e-01
8.672399999999999636e+03 9.734080767479255103e-01
8.672600000000000364e+03 9.978836094624345954e-01
8.672799999999999272e+03 1.001006395840216001e+00
8.673000000000000000e+03 1.050285251086018112e+00
8.673199999999998909e+03 9.739193431484324259e-01
8.673399999999999636e+03 9.887487698750936360e-01
8.673599999999998545e+03 9.979141845420439472e-01
8.673799999999999272e+03 1.042709940386694845e+00
8.674000000000000000e+03 1.007169088242642507e+00
8.674199999999998909e+03 1.066301823198826604e+00
8.674400000000001455e+03 9.803755690754442087e-01
8.674600000000000364e+03 1.033276954871329645e+00
8.674799999999999272e+03 1.019851521330062516e+00
8.675000000000000000e+03 9.890677392554129144e-01
8.675200000000000728e+03 1.007225933207293922e+00
8.675399999999999636e+03 9.624902938387536189e-01
8.675599999999998545e+03 9.784230342124039526e-01
8.675799999999999272e+03 1.042912526109844862e+00
8.676000000000000000e+03 9.853987511218483819e-01
8.676199999999998909e+03 1.018868641332806302e+00
8.676399999999999636e+03 9.957200934052905517e-01
8.676600000000000364e+03 1.042057080745071085e+00
8.676799999999999272e+03 1.006891739130562291e+00
8.677000000000000000e+03 1.020576756573756017e+00
8.677200000000000728e+03 9.727371817604698601e-01
8.677399999999999636e+03 9.735144597400527955e-01
8.677600000000000364e+03 1.017759710856801059e+00
8.677799999999999272e+03 1.002987332585130176e+00
8.678000000000000000e+03 9.968462215296398643e-01
8.678199999999998909e+03 1.002451303537279070e+00
8.678399999999999636e+03 1.017409010555720084e+00
8.678599999999998545e+03 9.803206554210461832e-01
8.678799999999999272e+03 1.007191391528479585e+00
8.679000000000000000e+03 1.020511396779559155e+00
8.679199999999998909e+03 9.857321934103822070e-01
8.679400000000001455e+03 9.812879804761710512e-01
8.679600000000000364e+03 9.876819843874270477e-01
8.679799999999999272e+03 9.680270466175687760e-01
8.680000000000000000e+03 9.753225977511466027e-01
8.680200000000000728e+03 9.992886852489629712e-01
8.680399999999999636e+03 9.455345347279385804e-01
8.680599999999998545e+03 9.791779850764380511e-01
8.680799999999999272e+03 9.958739037740590438e-01
8.681000000000000000e+03 9.972682825823373509e-01
8.681199999999998909e+03 9.839562965262591554e-01
8.681399999999999636e+03 1.016649999790355974e+00
8.681600000000000364e+03 1.010390002592725489e+00
8.681799999999999272e+03 1.025633067019761313e+00
8.682000000000000000e+03 9.795214963352346649e-01
8.682200000000000728e+03 9.903391680263463615e-01
8.682399999999999636e+03 9.985999164520040772e-01
8.682600000000000364e+03 9.869599835450854064e-01
8.682799999999999272e+03 1.013369011568877376e+00
8.683000000000000000e+03 9.738362507088256237e-01
8.683199999999998909e+03 1.001015542216710408e+00
8.683399999999999636e+03 9.886864341876397955e-01
8.683599999999998545e+03 1.012415714987473514e+00
8.683799999999999272e+03 1.003942749658057743e+00
8.684000000000000000e+03 1.035046650215114328e+00
8.684199999999998909e+03 1.010655519539692238e+00
8.684400000000001455e+03 1.009000459245581460e+00
8.684600000000000364e+03 9.871942995148739186e-01
8.684799999999999272e+03 1.006975976868672795e+00
8.685000000000000000e+03 1.006498102251625282e+00
8.685200000000000728e+03 1.025371203291034039e+00
8.685399999999999636e+03 1.014260373267465987e+00
8.685599999999998545e+03 1.030087389086890903e+00
8.685799999999999272e+03 9.665511642505663081e-01
8.686000000000000000e+03 1.030526232201801617e+00
8.686199999999998909e+03 9.893278995894309036e-01
8.686399999999999636e+03 1.000700031173807902e+00
8.686600000000000364e+03 1.000475483364900775e+00
8.686799999999999272e+03 9.848473012464228349e-01
8.687000000000000000e+03 1.007027468327505559e+00
8.687200000000000728e+03 9.734973598886511592e-01
8.687399999999999636e+03 9.977669576629822901e-01
