5.892399999999999636e+03 6.783668459535866502e-01
5.892600000000000364e+03 1.181086799228628914e+00
5.892799999999999272e+03 7.024178761627782874e-01
5.893000000000000000e+03 1.057030299889731628e+00
5.893199999999998909e+03 1.530163657617167772e+00
5.893399999999999636e+03 1.442787332935533184e+00
5.893600000000000364e+03 8.044360871607636465e-01
5.893800000000000182e+03 8.315972652735538206e-01
5.894000000000000000e+03 1.488394688851320868e+00
5.894199999999999818e+03 9.385235845447299496e-01
5.894399999999999636e+03 1.143618755730003711e+00
5.894599999999999454e+03 8.272630934023953442e-01
5.894800000000000182e+03 1.083210070966275751e+00
5.895000000000000000e+03 8.118248347387745367e-01
5.895199999999999818e+03 1.001142358792725062e+00
5.895399999999999636e+03 7.267651699810890875e-01
5.895599999999999454e+03 9.918433074892246681e-01
5.895799999999999272e+03 1.053743234009839602e+00
5.895999999999999091e+03 6.971158517748570205e-01
5.896199999999999818e+03 1.018961070775228794e+00
5.896399999999999636e+03 7.007341535429456592e-01
5.896599999999999454e+03 9.265919182156515665e-01
5.896799999999999272e+03 7.989776770981248388e-01
5.896999999999999091e+03 1.257964000078350297e+00
5.897200000000000728e+03 1.215506456421595605e+00
5.897399999999999636e+03 1.270463479735828960e+00
5.897600000000000364e+03 5.939293592738899008e-01
5.897799999999999272e+03 1.037090707140460255e+00
5.898000000000000000e+03 1.242207282812157532e+00
5.898199999999998909e+03 7.216980149355334273e-01
5.898399999999999636e+03 6.814307125759830885e-01
5.898600000000000364e+03 1.000908937062396697e+00
5.898800000000000182e+03 1.057401583029432102e+00
5.899000000000000000e+03 1.026855578770397903e+00
5.899199999999999818e+03 1.083684557259288583e+00
5.899399999999999636e+03 8.931934153508940266e-01
5.899599999999999454e+03 1.045113923295539315e+00
5.899800000000000182e+03 9.315001188785824171e-01
5.900000000000000000e+03 1.144969175190298838e+00
5.900199999999999818e+03 1.063778775160715062e+00
5.900399999999999636e+03 1.177127980145065367e+00
5.900599999999999454e+03 1.031680804452007383e+00
5.900799999999999272e+03 8.400647928317446222e-01
5.900999999999999091e+03 1.007572575967772277e+00
5.901199999999999818e+03 1.090063191071929616e+00
5.901399999999999636e+03 6.002159955091193044e-01
5.901599999999999454e+03 1.001096000738775249e+00
5.901799999999999272e+03 1.162465019882380712e+00
5.901999999999999091e+03 1.164032665258414312e+00
5.902200000000000728e+03 1.243123044065502558e+00
5.902399999999999636e+03 1.290056589569528844e+00
5.902600000000000364e+03 1.117415265720104189e+00
5.902799999999999272e+03 1.072759811370129324e+00
5.903000000000000000e+03 1.033919857815605248e+00
5.903199999999998909e+03 6.643833376043387640e-01
5.903399999999999636e+03 6.534473593950256287e-01
5.903600000000000364e+03 9.049113556850658657e-01
5.903800000000000182e+03 6.986361149191261388e-01
5.904000000000000000e+03 6.257291556497275309e-01
5.904199999999999818e+03 9.943985127852582595e-01
5.904399999999999636e+03 1.056804296862731807e+00
5.904599999999999454e+03 1.351140074859957796e+00
5.904800000000000182e+03 1.506879149702713860e+00
5.905000000000000000e+03 9.537968285925086942e-01
5.905199999999999818e+03 1.114334461851703040e+00
5.905399999999999636e+03 1.226701802905602046e+00
5.905599999999999454e+03 1.021969288862208947e+00
5.905799999999999272e+03 1.124212630681185487e+00
5.905999999999999091e+03 6.965003881497940919e-01
5.906199999999999818e+03 1.221479275640204420e+00
5.906399999999999636e+03 1.142672443545636352e+00
5.906599999999999454e+03 1.076935693029386742e+00
5.906799999999999272e+03 7.331179357858391699e-01
5.906999999999999091e+03 9.986221342313870153e-01
5.907200000000000728e+03 1.244023926898394805e+00
5.907399999999999636e+03 1.176659963426107680e+00
5.907600000000000364e+03 9.382204929139582594e-01
5.907799999999999272e+03 5.148227653547581273e-01
5.908000000000000000e+03 8.634938317775441297e-01
5.908199999999998909e+03 8.927352431726868209e-01
5.908399999999999636e+03 8.656897142385970856e-01
5.908600000000000364e+03 8.336677172735170727e-01
5.908800000000000182e+03 8.160298537993285750e-01
5.909000000000000000e+03 1.185944584947790759e+00
5.909199999999999818e+03 9.821473065780420564e-01
5.909399999999999636e+03 1.015916196067405464e+00
5.909599999999999454e+03 1.295489680461136661e+00
5.909800000000000182e+03 1.138832170890838880e+00
5.910000000000000000e+03 8.831202360937713269e-01
5.910199999999999818e+03 1.086572522456202172e+00
5.910399999999999636e+03 1.210076072651900869e+00
5.910599999999999454e+03 1.377773034976060407e+00
5.910799999999999272e+03 6.927902562987737767e-01
5.910999999999999091e+03 8.729535020701547632e-01
5.911199999999999818e+03 1.257943106345945639e+00
5.911399999999999636e+03 9.694672569330403666e-01
5.911599999999999454e+03 1.005686640922743402e+00
5.911799999999999272e+03 7.189008498700160121e-01
5.911999999999999091e+03 1.075202287889186703e+00
5.912200000000000728e+03 9.943716920739102960e-01
5.912399999999999636e+03 1.055684038134000469e+00
5.912600000000000364e+03 1.026767962707846760e+00
5.912799999999999272e+03 9.536223055961603468e-01
5.913000000000000000e+03 8.119901994855864835e-01
5.913199999999998909e+03 8.493342936157199929e-01
5.913399999999999636e+03 1.097248854933092987e+00
5.913600000000000364e+03 1.006198330286553588e+00
5.913800000000000182e+03 1.154572649802175333e+00
5.914000000000000000e+03 9.182750261984750084e-01
5.914199999999999818e+03 8.289745206769801866e-01
5.914399999999999636e+03 1.185168288636740508e+00
5.914599999999999454e+03 7.264188169064297318e-01
5.914800000000000182e+03 8.310928031684963191e-01
5.915000000000000000e+03 1.140554332764870171e+00
5.915199999999999818e+03 1.289607139029217864e+00
5.915399999999999636e+03 8.392966861643791354e-01
5.915599999999999454e+03 8.966357170323187020e-01
5.915799999999999272e+03 1.106396526213297093e+00
5.915999999999999091e+03 1.179041304661831990e+00
5.916199999999999818e+03 1.193351509632281982e+00
5.916399999999999636e+03 1.120227737925190814e+00
5.916599999999999454e+03 9.020068477601442813e-01
5.916799999999999272e+03 9.645605545555572258e-01
5.916999999999999091e+03 8.728850707603911241e-01
5.917200000000000728e+03 1.159525433652431659e+00
5.917399999999999636e+03 1.176360986073584858e+00
5.917600000000000364e+03 8.893833366387529082e-01
5.917799999999999272e+03 7.861375841319643287e-01
5.918000000000000000e+03 8.145986064878953936e-01
5.918199999999998909e+03 8.832575938086134615e-01
5.918399999999999636e+03 1.036898540854711781e+00
5.918600000000000364e+03 9.085193076437141357e-01
5.918800000000000182e+03 1.112884051989325052e+00
5.919000000000000000e+03 8.854560638127872974e-01
5.919199999999999818e+03 1.107708944456418321e+00
5.919399999999999636e+03 1.183061369257275564e+00
5.919599999999999454e+03 9.917710841430247282e-01
5.919800000000000182e+03 1.060403042924180639e+00
5.920000000000000000e+03 6.683716271490536265e-01
5.920199999999999818e+03 1.030960539240943108e+00
5.920399999999999636e+03 8.801643207910557765e-01
5.920599999999999454e+03 9.519026035365870664e-01
5.920799999999999272e+03 1.167775174462785337e+00
5.920999999999999091e+03 7.854209891781759323e-01
5.921199999999999818e+03 6.484987280866535420e-01
5.921399999999999636e+03 5.297098810417996129e-01
5.921599999999999454e+03 5.205673651150755088e-01
5.921799999999999272e+03 4.999875320575526416e-01
5.921999999999999091e+03 5.143488784921789181e-01
5.922200000000000728e+03 4.667010853081728361e-01
5.922399999999999636e+03 7.465302465572386525e-01
5.922600000000000364e+03 7.266600023684528509e-01
5.922799999999999272e+03 9.417434572768329515e-01
5.923000000000000000e+03 9.108304446554190692e-01
5.923199999999998909e+03 1.145938347230325949e+00
5.923399999999999636e+03 1.034299138073813129e+00
5.923600000000000364e+03 1.023057517022754048e+00
5.923800000000000182e+03 1.072407472005509899e+00
5.924000000000000000e+03 1.176407081496170015e+00
5.924199999999999818e+03 9.671331744810484077e-01
5.924399999999999636e+03 1.075310130434429912e+00
5.924599999999999454e+03 9.705539260264323120e-01
5.924800000000000182e+03 1.138172901034979922e+00
5.925000000000000000e+03 1.135079926506351367e+00
5.925199999999999818e+03 9.961512085029824437e-01
5.925399999999999636e+03 1.145345653832684940e+00
5.925599999999999454e+03 9.834667868535001967e-01
5.925799999999999272e+03 7.799715651894507662e-01
5.925999999999999091e+03 1.157602205402861406e+00
5.926199999999999818e+03 8.178626301366066498e-01
5.926399999999999636e+03 1.054756858345514470e+00
5.926599999999999454e+03 8.670617108429128361e-01
5.926799999999999272e+03 9.064154438824748583e-01
5.926999999999999091e+03 1.001062043135313218e+00
5.927200000000000728e+03 6.571467765781726644e-01
5.927399999999999636e+03 9.206271609368954500e-01
5.927600000000000364e+03 3.551161180607159129e-01
5.927799999999999272e+03 4.901684174761108959e-01
5.928000000000000000e+03 6.011370713820036737e-01
5.928199999999998909e+03 5.973356667332735404e-01
5.928399999999999636e+03 8.686439066381058671e-01
5.928600000000000364e+03 9.521154382041663311e-01
5.928800000000000182e+03 1.130223721980561979e+00
5.929000000000000000e+03 9.533566271644956513e-01
5.929199999999999818e+03 1.074205468937278640e+00
5.929399999999999636e+03 1.129588412508470308e+00
5.929599999999999454e+03 8.337196926983673206e-01
5.929800000000000182e+03 9.775248792566626488e-01
5.930000000000000000e+03 9.313232058867380037e-01
5.930199999999999818e+03 9.104365083063112873e-01
5.930399999999999636e+03 6.944346964794795296e-01
5.930599999999999454e+03 1.039635849803685286e+00
5.930799999999999272e+03 1.255711155340264895e+00
5.930999999999999091e+03 9.127390577081050393e-01
5.931199999999999818e+03 1.594048316233328100e+00
5.931399999999999636e+03 1.179855750022668959e+00
5.931599999999999454e+03 8.225663263137570347e-01
5.931799999999999272e+03 8.992827108842773587e-01
5.931999999999999091e+03 8.718394396761369736e-01
5.932200000000000728e+03 9.941253062872711377e-01
5.932399999999999636e+03 1.192074226280905425e+00
5.932600000000000364e+03 1.024377538139473520e+00
5.932799999999999272e+03 8.363716950042727749e-01
5.933000000000000000e+03 1.104611944918903799e+00
5.933199999999998909e+03 8.714807115828627770e-01
5.933399999999999636e+03 9.891383266985291911e-01
5.933600000000000364e+03 9.515736102704951405e-01
5.933800000000000182e+03 9.508016520645775627e-01
5.934000000000000000e+03 9.674496414611909456e-01
5.934199999999999818e+03 9.315218448733046941e-01
5.934399999999999636e+03 1.053590430942467293e+00
5.934599999999999454e+03 7.942035660235322592e-01
5.934800000000000182e+03 1.023053549467153767e+00
5.935000000000000000e+03 1.203201330545962122e+00
5.935199999999999818e+03 9.112742364759769398e-01
5.935399999999999636e+03 6.777586198209085699e-01
5.935599999999999454e+03 1.286290792145722062e+00
5.935799999999999272e+03 9.636602430750543791e-01
5.935999999999999091e+03 1.228253379185022087e+00
5.936199999999999818e+03 9.331630060341730148e-01
5.936399999999999636e+03 1.181816858339356680e+00
5.936599999999999454e+03 9.590059782253511633e-01
5.936799999999999272e+03 9.777472936440537721e-01
5.936999999999999091e+03 1.204669813764641439e+00
5.937200000000000728e+03 8.661941235366178438e-01
5.937399999999999636e+03 1.026510977539496716e+00
5.937600000000000364e+03 8.250767615565701707e-01
5.937799999999999272e+03 6.642581005688762419e-01
5.938000000000000000e+03 1.062528574529187031e+00
5.938199999999998909e+03 1.002800504491777378e+00
5.938399999999999636e+03 1.141390081822633684e+00
5.938600000000000364e+03 1.158962906213662158e+00
5.938800000000000182e+03 9.640423792369667844e-01
5.939000000000000000e+03 9.098679555928255169e-01
5.939199999999999818e+03 1.090195105407280485e+00
5.939399999999999636e+03 8.914737652709409099e-01
5.939599999999999454e+03 1.020474153746278034e+00
5.939800000000000182e+03 7.868311333421177389e-01
5.940000000000000000e+03 9.067427719861095303e-01
5.940199999999999818e+03 1.059269654604997779e+00
5.940399999999999636e+03 7.396726073604174001e-01
5.940599999999999454e+03 1.109065967063767921e+00
5.940799999999999272e+03 8.723534034485009858e-01
5.940999999999999091e+03 1.148539056437112515e+00
5.941199999999999818e+03 8.505931718182710988e-01
5.941399999999999636e+03 1.223917190209836248e+00
5.941599999999999454e+03 8.446456893458795800e-01
5.941799999999999272e+03 1.139214271743867579e+00
5.941999999999999091e+03 8.667609089076657725e-01
5.942200000000000728e+03 1.137507421170493860e+00
5.942399999999999636e+03 1.198907673163203791e+00
5.942600000000000364e+03 1.248383742463538004e+00
5.942799999999999272e+03 1.163876386795386297e+00
5.943000000000000000e+03 9.622129812399188298e-01
5.943199999999998909e+03 9.552801328406201886e-01
5.943399999999999636e+03 8.192566275001400555e-01
5.943600000000000364e+03 9.997956847539756220e-01
5.943800000000000182e+03 1.104877123973097452e+00
5.944000000000000000e+03 9.250036055525505674e-01
5.944199999999999818e+03 9.922106716018405104e-01
5.944399999999999636e+03 7.555894898464726728e-01
5.944599999999999454e+03 1.137526059776170939e+00
5.944800000000000182e+03 1.180487155937130384e+00
5.945000000000000000e+03 1.201207440023589479e+00
5.945199999999999818e+03 1.058981439203829256e+00
5.945399999999999636e+03 1.298110704145567951e+00
5.945599999999999454e+03 1.131037880768734238e+00
5.945799999999999272e+03 1.238889307335593770e+00
5.945999999999999091e+03 7.777502500333899338e-01
5.946199999999999818e+03 1.273463811419100589e+00
5.946399999999999636e+03 8.040060691797876746e-01
5.946599999999999454e+03 8.244648655601833909e-01
5.946799999999999272e+03 9.517733913221133601e-01
5.946999999999999091e+03 1.117380048268626247e+00
5.947200000000000728e+03 6.798875350513401417e-01
5.947399999999999636e+03 9.677694438170989510e-01
5.947600000000000364e+03 9.581117460762377247e-01
5.947799999999999272e+03 7.872693135984304424e-01
5.948000000000000000e+03 5.809765870556189427e-01
5.948199999999998909e+03 1.161718836064395299e+00
5.948399999999999636e+03 1.042753156131437597e+00
5.948600000000000364e+03 1.177873732967692266e+00
5.948800000000000182e+03 -1.752680972916226543e-01
5.949000000000000000e+03 1.272343496940095076e+00
5.949199999999999818e+03 9.958760437722846692e-01
5.949399999999999636e+03 1.342919506213988257e+00
5.949599999999999454e+03 1.568922021880755135e+00
5.949800000000000182e+03 7.291885865712879333e-01
5.950000000000000000e+03 1.149033655504494655e+00
5.950199999999999818e+03 1.075202818294846541e+00
5.950399999999999636e+03 1.022849631204795440e+00
5.950599999999999454e+03 9.919075626736767459e-01
5.950799999999999272e+03 8.391839037698580750e-01
5.950999999999999091e+03 8.554046124368773762e-01
5.951199999999999818e+03 8.883488346204575503e-01
5.951399999999999636e+03 1.005491557548028325e+00
5.951599999999999454e+03 1.232310956510054734e+00
5.951799999999999272e+03 8.137884866499156544e-01
5.951999999999999091e+03 1.002664582184079167e+00
5.952200000000000728e+03 1.281207941701394404e+00
5.952399999999999636e+03 9.941465874991414209e-01
