6.297600000000000364e+03 1.008724058056401862e+00
6.297799999999999272e+03 1.033231214118965680e+00
6.298000000000000000e+03 1.038863957995069365e+00
6.298199999999998909e+03 9.091176994376319875e-01
6.298399999999999636e+03 1.000144095423288304e+00
6.298600000000000364e+03 9.659478063040571882e-01
6.298800000000000182e+03 1.037338432882569661e+00
6.299000000000000000e+03 9.640274708320327735e-01
6.299199999999999818e+03 8.986660259711848342e-01
6.299399999999999636e+03 1.026478775857003978e+00
6.299599999999999454e+03 1.136009939645214795e+00
6.299800000000000182e+03 1.000452538021474380e+00
6.300000000000000000e+03 1.100620979942953825e+00
6.300199999999999818e+03 9.843689160922409753e-01
6.300399999999999636e+03 9.495931439843022792e-01
6.300599999999999454e+03 9.480249460210076196e-01
6.300799999999999272e+03 9.533828297513096128e-01
6.300999999999999091e+03 1.021037027673900921e+00
6.301199999999999818e+03 1.073921267255190548e+00
6.301399999999999636e+03 1.009463403408944471e+00
6.301599999999999454e+03 9.235643015988219684e-01
6.301799999999999272e+03 9.597127091472105187e-01
6.301999999999999091e+03 1.080568092957764348e+00
6.302200000000000728e+03 9.706418930876499207e-01
6.302399999999999636e+03 9.814967426479463963e-01
6.302600000000000364e+03 1.033060583518622177e+00
6.302799999999999272e+03 9.990827559940675950e-01
6.303000000000000000e+03 9.749230828469281906e-01
6.303199999999998909e+03 9.873634695173594267e-01
6.303399999999999636e+03 9.281176832433262192e-01
6.303600000000000364e+03 1.072593800980319756e+00
6.303800000000000182e+03 9.764943154082551535e-01
6.304000000000000000e+03 1.017144903570670333e+00
6.304199999999999818e+03 9.698568034005469185e-01
6.304399999999999636e+03 1.023006490976565042e+00
6.304599999999999454e+03 9.963182187633939924e-01
6.304800000000000182e+03 1.104552646909305436e+00
6.305000000000000000e+03 1.024846113731676001e+00
6.305199999999999818e+03 9.460153970019890002e-01
6.305399999999999636e+03 1.024279489789165387e+00
6.305599999999999454e+03 1.048756118493354705e+00
6.305799999999999272e+03 1.045203934079573571e+00
6.305999999999999091e+03 9.391155061743537980e-01
6.306199999999999818e+03 9.420086346344064276e-01
6.306399999999999636e+03 1.023189117203963105e+00
6.306599999999999454e+03 9.443508948596336383e-01
6.306799999999999272e+03 9.700214709570038618e-01
6.306999999999999091e+03 9.941702802286590535e-01
6.307200000000000728e+03 1.021348853532690226e+00
6.307399999999999636e+03 1.051839156703600731e+00
6.307600000000000364e+03 9.783391094693908441e-01
6.307799999999999272e+03 1.013192878662901197e+00
6.308000000000000000e+03 1.016003681430878824e+00
6.308199999999998909e+03 8.869961554704089979e-01
6.308399999999999636e+03 9.907805486626624081e-01
6.308600000000000364e+03 9.756369353456221249e-01
6.308800000000000182e+03 9.646873699380865697e-01
6.309000000000000000e+03 9.388894528492411906e-01
6.309199999999999818e+03 9.235152680468352582e-01
6.309399999999999636e+03 1.096481782704162633e+00
6.309599999999999454e+03 1.042026099673554640e+00
6.309800000000000182e+03 1.123800825579245100e+00
6.310000000000000000e+03 1.007378633076614127e+00
6.310199999999999818e+03 1.018932669342740960e+00
6.310399999999999636e+03 1.030725398511300517e+00
6.310599999999999454e+03 9.968558936065070597e-01
6.310799999999999272e+03 1.038131196651953747e+00
6.310999999999999091e+03 1.063012033563576209e+00
6.311199999999999818e+03 9.406761085178183546e-01
6.311399999999999636e+03 1.029820508982802973e+00
6.311599999999999454e+03 1.031563333926496240e+00
6.311799999999999272e+03 1.008549344645025991e+00
6.311999999999999091e+03 1.086531448903584884e+00
6.312200000000000728e+03 8.800809987390745270e-01
6.312399999999999636e+03 1.038189017593537322e+00
6.312600000000000364e+03 9.448585544199357145e-01
6.312799999999999272e+03 1.027085736996126819e+00
6.313000000000000000e+03 1.004031825144587220e+00
6.313199999999998909e+03 1.067510896798582687e+00
6.313399999999999636e+03 9.493551072810262337e-01
6.313600000000000364e+03 9.184001486456131458e-01
6.313800000000000182e+03 9.980868771242970006e-01
6.314000000000000000e+03 9.848872441136229394e-01
6.314199999999999818e+03 1.011041812314684929e+00
6.314399999999999636e+03 1.012932205303081590e+00
6.314599999999999454e+03 9.829460774116057786e-01
6.314800000000000182e+03 9.286066761354403454e-01
6.315000000000000000e+03 9.620247448549769098e-01
6.315199999999999818e+03 9.733422875684999420e-01
6.315399999999999636e+03 9.969895699495701091e-01
6.315599999999999454e+03 9.818189728029800278e-01
6.315799999999999272e+03 8.673150407456968747e-01
6.315999999999999091e+03 9.711436838756922763e-01
6.316199999999999818e+03 9.055684645199666427e-01
6.316399999999999636e+03 9.296906373608093688e-01
6.316599999999999454e+03 9.269522507818910295e-01
6.316799999999999272e+03 9.108544651110015433e-01
6.316999999999999091e+03 1.026378236790699727e+00
6.317200000000000728e+03 8.469533492376667416e-01
6.317399999999999636e+03 9.415312800706319152e-01
6.317600000000000364e+03 8.860866143226767688e-01
6.317799999999999272e+03 8.251162553825706070e-01
6.318000000000000000e+03 9.409057075643867396e-01
6.318199999999998909e+03 8.828747812649189175e-01
6.318399999999999636e+03 8.654897289721722453e-01
6.318600000000000364e+03 1.048045821064887972e+00
6.318800000000000182e+03 8.789102237019399411e-01
6.319000000000000000e+03 1.006476135570836705e+00
6.319199999999999818e+03 9.651022727092174458e-01
6.319399999999999636e+03 9.685324164746378361e-01
6.319599999999999454e+03 9.424127840122018540e-01
6.319800000000000182e+03 9.941100468351689035e-01
6.320000000000000000e+03 9.614091394790270639e-01
6.320199999999999818e+03 1.001685539694237681e+00
6.320399999999999636e+03 9.664698353602612091e-01
6.320599999999999454e+03 9.678218619597389605e-01
6.320799999999999272e+03 9.371161417699196416e-01
6.320999999999999091e+03 9.618923725625134757e-01
6.321199999999999818e+03 1.050906348287393488e+00
6.321399999999999636e+03 1.011748599774294988e+00
6.321599999999999454e+03 1.056586770162674105e+00
6.321799999999999272e+03 1.013869707354303928e+00
6.321999999999999091e+03 1.034227631802959957e+00
6.322200000000000728e+03 1.059985101239165006e+00
6.322399999999999636e+03 1.038801355143771810e+00
6.322600000000000364e+03 9.981422644142519118e-01
6.322799999999999272e+03 1.011576920560686155e+00
6.323000000000000000e+03 1.017819304439727457e+00
6.323199999999998909e+03 1.057747810461191929e+00
6.323399999999999636e+03 9.833674187589277471e-01
6.323600000000000364e+03 9.789716752068704508e-01
6.323800000000000182e+03 1.022152361406085674e+00
6.324000000000000000e+03 1.031030297813438024e+00
6.324199999999999818e+03 9.497582443733971758e-01
6.324399999999999636e+03 9.990082298464254551e-01
6.324599999999999454e+03 1.000751627062480775e+00
6.324800000000000182e+03 1.047112241611350081e+00
6.325000000000000000e+03 9.923724194598434467e-01
6.325199999999999818e+03 1.050330515546872512e+00
6.325399999999999636e+03 1.019584766828792510e+00
6.325599999999999454e+03 1.034855150165446602e+00
6.325799999999999272e+03 9.780514503000367066e-01
6.325999999999999091e+03 1.007178197701266820e+00
6.326199999999999818e+03 1.012084354666021868e+00
6.326399999999999636e+03 9.926312284142014830e-01
6.326599999999999454e+03 1.020661208731036940e+00
6.326799999999999272e+03 9.644968839926817417e-01
6.326999999999999091e+03 1.017098367758170196e+00
6.327200000000000728e+03 9.762330841384868618e-01
6.327399999999999636e+03 1.032680341175444161e+00
6.327600000000000364e+03 9.051850854204004371e-01
6.327799999999999272e+03 9.189418531980546589e-01
6.328000000000000000e+03 9.413318622603823460e-01
6.328199999999998909e+03 9.619801373372848241e-01
6.328399999999999636e+03 1.030679188970081706e+00
6.328600000000000364e+03 9.973098064253129724e-01
6.328800000000000182e+03 1.027932528411655166e+00
6.329000000000000000e+03 8.996771879170222252e-01
6.329199999999999818e+03 9.167970069741953054e-01
6.329399999999999636e+03 8.959499904884536958e-01
6.329599999999999454e+03 9.889374182082648623e-01
6.329800000000000182e+03 9.194914055329556080e-01
6.330000000000000000e+03 1.025492769949066352e+00
6.330199999999999818e+03 1.034274190798057935e+00
6.330399999999999636e+03 1.037298805149971859e+00
6.330599999999999454e+03 1.013526898251597474e+00
6.330799999999999272e+03 1.034641327045294323e+00
6.330999999999999091e+03 1.028936694652123007e+00
6.331199999999999818e+03 1.071573252361398332e+00
6.331399999999999636e+03 9.888396360104327876e-01
6.331599999999999454e+03 1.047950482645903181e+00
6.331799999999999272e+03 9.538864379484991440e-01
6.331999999999999091e+03 1.007024963757620073e+00
6.332200000000000728e+03 9.940994744257551918e-01
6.332399999999999636e+03 9.849579509326072957e-01
6.332600000000000364e+03 9.849483659819601167e-01
6.332799999999999272e+03 9.795986866632644396e-01
6.333000000000000000e+03 1.130470445450410200e+00
6.333199999999998909e+03 1.023498478924806943e+00
6.333399999999999636e+03 1.046264163177711204e+00
6.333600000000000364e+03 1.029938232687447108e+00
6.333800000000000182e+03 1.113638035954226835e+00
6.334000000000000000e+03 1.012200108702600243e+00
6.334199999999999818e+03 9.824744640445032262e-01
6.334399999999999636e+03 1.004253983331278244e+00
6.334599999999999454e+03 1.081948006727810219e+00
6.334800000000000182e+03 8.948533747791369564e-01
6.335000000000000000e+03 1.015785073526912941e+00
6.335199999999999818e+03 9.176311846543500073e-01
6.335399999999999636e+03 9.690207374256318840e-01
6.335599999999999454e+03 9.544829404561774311e-01
6.335799999999999272e+03 1.109510664021620574e+00
6.335999999999999091e+03 8.901698951539307458e-01
6.336199999999999818e+03 1.015584636917317374e+00
6.336399999999999636e+03 1.033787542837226292e+00
6.336599999999999454e+03 9.556283961193031695e-01
6.336799999999999272e+03 9.310575122256343761e-01
6.336999999999999091e+03 1.019475275080013787e+00
6.337200000000000728e+03 9.549514485633263661e-01
6.337399999999999636e+03 1.022517879264351670e+00
6.337600000000000364e+03 9.904275057303674190e-01
6.337799999999999272e+03 9.965437723230506917e-01
6.338000000000000000e+03 1.037378182390721548e+00
6.338199999999998909e+03 1.029887549457155771e+00
6.338399999999999636e+03 9.702129964016382724e-01
6.338600000000000364e+03 1.030769235419107810e+00
