6.297600000000000364e+03 1.071418552387287226e+00
6.297799999999999272e+03 1.021870133435027084e+00
6.298000000000000000e+03 1.006565990391313559e+00
6.298199999999998909e+03 1.032591024301301452e+00
6.298399999999999636e+03 1.054598950264307167e+00
6.298600000000000364e+03 9.558867973824117792e-01
6.298800000000000182e+03 9.443825484608537879e-01
6.299000000000000000e+03 1.037515890081734948e+00
6.299199999999999818e+03 9.222399317362458548e-01
6.299399999999999636e+03 9.886789772067288151e-01
6.299599999999999454e+03 1.047902507674660644e+00
6.299800000000000182e+03 9.193050345707470816e-01
6.300000000000000000e+03 8.923447107150868085e-01
6.300199999999999818e+03 9.917407277871292948e-01
6.300399999999999636e+03 1.044321354601758900e+00
6.300599999999999454e+03 8.429514831563629240e-01
6.300799999999999272e+03 1.061881961773305960e+00
6.300999999999999091e+03 1.118763009101603867e+00
6.301199999999999818e+03 1.055447898334500589e+00
6.301399999999999636e+03 9.673881602519698308e-01
6.301599999999999454e+03 1.016209578650814738e+00
6.301799999999999272e+03 9.727400936844273760e-01
6.301999999999999091e+03 1.035675316875066976e+00
6.302200000000000728e+03 9.690172371325009859e-01
6.302399999999999636e+03 9.607381874013357637e-01
6.302600000000000364e+03 9.514761503233352125e-01
6.302799999999999272e+03 9.835882030381160046e-01
6.303000000000000000e+03 1.067161307641735890e+00
6.303199999999998909e+03 9.922469620394369638e-01
6.303399999999999636e+03 9.482214927611832822e-01
6.303600000000000364e+03 9.332122105464371042e-01
6.303800000000000182e+03 1.022993728151429638e+00
6.304000000000000000e+03 1.001462843350491072e+00
6.304199999999999818e+03 1.030859214552540593e+00
6.304399999999999636e+03 9.045436256303887035e-01
6.304599999999999454e+03 9.827136673097551789e-01
6.304800000000000182e+03 1.048412604328843312e+00
6.305000000000000000e+03 1.041090431849832854e+00
6.305199999999999818e+03 1.020635230662472859e+00
6.305399999999999636e+03 1.035817836214606658e+00
6.305599999999999454e+03 9.841263152753446652e-01
6.305799999999999272e+03 9.850710971363583202e-01
6.305999999999999091e+03 1.090583473360347444e+00
6.306199999999999818e+03 9.432142151143778630e-01
6.306399999999999636e+03 1.133095038434051460e+00
6.306599999999999454e+03 1.078256598107607322e+00
6.306799999999999272e+03 9.514409955023381826e-01
6.306999999999999091e+03 1.078237771124065381e+00
6.307200000000000728e+03 9.813173653987813383e-01
6.307399999999999636e+03 1.055619808680363203e+00
6.307600000000000364e+03 1.024195951048164854e+00
6.307799999999999272e+03 9.974254153080041041e-01
6.308000000000000000e+03 9.536527457019364773e-01
6.308199999999998909e+03 1.059700474582898400e+00
6.308399999999999636e+03 9.287712944005197535e-01
6.308600000000000364e+03 1.008277146913256983e+00
6.308800000000000182e+03 9.653771645360037512e-01
6.309000000000000000e+03 1.080601669983117352e+00
6.309199999999999818e+03 1.019081167341022942e+00
6.309399999999999636e+03 9.603447798545922121e-01
6.309599999999999454e+03 9.901472982507206755e-01
6.309800000000000182e+03 9.490158510724807650e-01
6.310000000000000000e+03 9.593296942983667863e-01
6.310199999999999818e+03 1.068702421018421944e+00
6.310399999999999636e+03 9.496445611207275928e-01
6.310599999999999454e+03 9.316448423122541955e-01
6.310799999999999272e+03 1.007870219646331611e+00
6.310999999999999091e+03 1.010519719411486328e+00
6.311199999999999818e+03 1.012046845601619838e+00
6.311399999999999636e+03 1.005046566075838088e+00
6.311599999999999454e+03 9.589289683076556159e-01
6.311799999999999272e+03 1.043414397237318436e+00
6.311999999999999091e+03 9.782275226173762217e-01
6.312200000000000728e+03 9.903284606404277879e-01
6.312399999999999636e+03 1.062504681793724259e+00
6.312600000000000364e+03 9.572546701944663061e-01
6.312799999999999272e+03 9.793244907860995108e-01
6.313000000000000000e+03 9.715002746927978716e-01
6.313199999999998909e+03 9.355585620420927562e-01
6.313399999999999636e+03 9.982795114191912456e-01
6.313600000000000364e+03 9.970724651112564674e-01
6.313800000000000182e+03 1.051755153416559452e+00
6.314000000000000000e+03 9.966250432376907442e-01
6.314199999999999818e+03 9.205841672119815522e-01
6.314399999999999636e+03 1.017400524552383612e+00
6.314599999999999454e+03 1.089620828197665370e+00
6.314800000000000182e+03 9.431867472692830878e-01
6.315000000000000000e+03 9.657910783039292957e-01
6.315199999999999818e+03 1.071811533870001609e+00
6.315399999999999636e+03 9.729784680744574255e-01
6.315599999999999454e+03 1.056138192102076268e+00
6.315799999999999272e+03 9.679807811771227177e-01
6.315999999999999091e+03 9.995831467099914880e-01
6.316199999999999818e+03 9.575324701960755691e-01
6.316399999999999636e+03 1.009341521067524949e+00
6.316599999999999454e+03 1.024287043963644228e+00
6.316799999999999272e+03 9.649234985826063982e-01
6.316999999999999091e+03 8.935463574534721065e-01
6.317200000000000728e+03 9.810571065009106029e-01
6.317399999999999636e+03 9.165914717335267303e-01
6.317600000000000364e+03 9.226830830552023022e-01
6.317799999999999272e+03 8.445191253253357955e-01
6.318000000000000000e+03 8.720025239067977774e-01
6.318199999999998909e+03 9.172440597911142302e-01
6.318399999999999636e+03 9.118157839269083187e-01
6.318600000000000364e+03 9.568002126107292282e-01
6.318800000000000182e+03 9.861810331660255668e-01
6.319000000000000000e+03 9.165811565333559230e-01
6.319199999999999818e+03 9.602639655475996294e-01
6.319399999999999636e+03 9.654752798453655194e-01
6.319599999999999454e+03 1.000668048487794115e+00
6.319800000000000182e+03 9.820177114699105703e-01
6.320000000000000000e+03 9.550663532466814321e-01
6.320199999999999818e+03 9.565238042586691192e-01
6.320399999999999636e+03 1.001082563674537074e+00
6.320599999999999454e+03 9.694809992322001024e-01
6.320799999999999272e+03 9.624591322723016207e-01
6.320999999999999091e+03 1.056112714636601613e+00
6.321199999999999818e+03 1.054655347072328775e+00
6.321399999999999636e+03 8.539516593690276158e-01
6.321599999999999454e+03 1.058826105645074955e+00
6.321799999999999272e+03 9.304668631335570872e-01
6.321999999999999091e+03 1.060223270248964900e+00
6.322200000000000728e+03 9.836652617004499888e-01
6.322399999999999636e+03 1.046848889807512784e+00
6.322600000000000364e+03 9.415043472005525382e-01
6.322799999999999272e+03 1.049952209251838298e+00
6.323000000000000000e+03 1.030861161921627023e+00
6.323199999999998909e+03 1.050641876740256109e+00
6.323399999999999636e+03 1.002776260373525519e+00
6.323600000000000364e+03 9.434302289768812244e-01
6.323800000000000182e+03 1.034179698991499974e+00
6.324000000000000000e+03 1.108793528338946288e+00
6.324199999999999818e+03 1.080890990257503015e+00
6.324399999999999636e+03 1.007323250599588826e+00
6.324599999999999454e+03 1.025751707660469414e+00
6.324800000000000182e+03 9.863728965531106674e-01
6.325000000000000000e+03 1.005522570811408389e+00
6.325199999999999818e+03 9.593700150676083283e-01
6.325399999999999636e+03 1.040260353880700483e+00
6.325599999999999454e+03 9.418830821792896213e-01
6.325799999999999272e+03 1.043257098383323811e+00
6.325999999999999091e+03 9.500786577904323238e-01
6.326199999999999818e+03 1.022672622983302304e+00
6.326399999999999636e+03 9.607724726744849564e-01
6.326599999999999454e+03 1.025050555371646910e+00
6.326799999999999272e+03 9.577320608241576272e-01
6.326999999999999091e+03 9.263980203627466548e-01
6.327200000000000728e+03 1.043424778782864326e+00
6.327399999999999636e+03 9.389897991679739819e-01
6.327600000000000364e+03 9.266852346591927247e-01
6.327799999999999272e+03 1.003303515436185567e+00
6.328000000000000000e+03 9.250126147443592517e-01
6.328199999999998909e+03 9.894198572482757470e-01
6.328399999999999636e+03 9.930133921800553543e-01
6.328600000000000364e+03 9.729477586671883005e-01
6.328800000000000182e+03 1.008917860526085342e+00
6.329000000000000000e+03 9.897169071118967487e-01
6.329199999999999818e+03 1.032515196309716110e+00
6.329399999999999636e+03 1.052415421638865034e+00
6.329599999999999454e+03 9.478703878646056458e-01
6.329800000000000182e+03 1.002106761360189502e+00
6.330000000000000000e+03 9.736246131403957227e-01
6.330199999999999818e+03 9.999578573485560229e-01
6.330399999999999636e+03 9.352516463723733464e-01
6.330599999999999454e+03 9.399220408501020030e-01
6.330799999999999272e+03 1.061281695025660277e+00
6.330999999999999091e+03 1.046074761568316802e+00
6.331199999999999818e+03 9.405926369986751245e-01
6.331399999999999636e+03 1.142680848479561861e+00
6.331599999999999454e+03 1.020847232285869710e+00
6.331799999999999272e+03 1.034096549561448253e+00
6.331999999999999091e+03 1.012801910833653896e+00
6.332200000000000728e+03 1.037168552879625283e+00
6.332399999999999636e+03 1.093971457570299899e+00
6.332600000000000364e+03 1.021461314809108067e+00
6.332799999999999272e+03 1.053179355757288826e+00
6.333000000000000000e+03 1.051657122667939204e+00
6.333199999999998909e+03 9.697327696922860563e-01
6.333399999999999636e+03 1.075008167176504381e+00
6.333600000000000364e+03 1.042810098184683509e+00
6.333800000000000182e+03 9.570062846378225574e-01
6.334000000000000000e+03 9.221098407742829295e-01
6.334199999999999818e+03 9.515966255088905701e-01
6.334399999999999636e+03 1.024094450704660542e+00
6.334599999999999454e+03 9.584013616451362294e-01
6.334800000000000182e+03 1.033011617598394993e+00
6.335000000000000000e+03 9.662616021000384192e-01
6.335199999999999818e+03 9.507093681416112219e-01
6.335399999999999636e+03 9.576580989774152730e-01
6.335599999999999454e+03 1.050558030166810930e+00
6.335799999999999272e+03 9.113625822846742608e-01
6.335999999999999091e+03 9.984315065092524977e-01
6.336199999999999818e+03 9.921115145507353184e-01
6.336399999999999636e+03 1.095025076831608990e+00
6.336599999999999454e+03 9.492502292829299027e-01
6.336799999999999272e+03 8.864532268751013078e-01
6.336999999999999091e+03 9.590332702903807682e-01
6.337200000000000728e+03 9.153983835836421168e-01
6.337399999999999636e+03 1.000241861981864488e+00
6.337600000000000364e+03 1.004680563546580752e+00
6.337799999999999272e+03 1.056253436706145354e+00
6.338000000000000000e+03 9.993492332572464498e-01
6.338199999999998909e+03 1.144020112644016374e+00
6.338399999999999636e+03 1.051667424657723782e+00
6.338600000000000364e+03 9.533003711319600892e-01
