6.297600000000000364e+03 1.146591621862624200e+00
6.297799999999999272e+03 1.050200076874668875e+00
6.298000000000000000e+03 9.109449790841472883e-01
6.298199999999998909e+03 1.098291200743818363e+00
6.298399999999999636e+03 8.802776662620886983e-01
6.298600000000000364e+03 9.076529285947957382e-01
6.298800000000000182e+03 9.648175155785606583e-01
6.299000000000000000e+03 1.044883150300734531e+00
6.299199999999999818e+03 9.283306729515281575e-01
6.299399999999999636e+03 9.226902506236077661e-01
6.299599999999999454e+03 9.770852548386848024e-01
6.299800000000000182e+03 9.658698425414857791e-01
6.300000000000000000e+03 1.173096462890094394e+00
6.300199999999999818e+03 1.043998682907847142e+00
6.300399999999999636e+03 8.449957692521595787e-01
6.300599999999999454e+03 1.086241145994901958e+00
6.300799999999999272e+03 1.080434085055250071e+00
6.300999999999999091e+03 1.047624536357893321e+00
6.301199999999999818e+03 8.842034823549674849e-01
6.301399999999999636e+03 1.092643743854410765e+00
6.301599999999999454e+03 1.124702707801532364e+00
6.301799999999999272e+03 9.953467658103856142e-01
6.301999999999999091e+03 1.001698261421971381e+00
6.302200000000000728e+03 9.179807694711410448e-01
6.302399999999999636e+03 9.561831921614885044e-01
6.302600000000000364e+03 9.878417403563144461e-01
6.302799999999999272e+03 8.824292983251158518e-01
6.303000000000000000e+03 9.703356386375865394e-01
6.303199999999998909e+03 1.040857465957258476e+00
6.303399999999999636e+03 1.016189486892235871e+00
6.303600000000000364e+03 8.986402861065844183e-01
6.303800000000000182e+03 1.002609526633948533e+00
6.304000000000000000e+03 9.694227952182982166e-01
6.304199999999999818e+03 1.064054383786615432e+00
6.304399999999999636e+03 9.225492231656305941e-01
6.304599999999999454e+03 1.062977197540679208e+00
6.304800000000000182e+03 9.735013492948757508e-01
6.305000000000000000e+03 1.033970283566706172e+00
6.305199999999999818e+03 9.684035136642448194e-01
6.305399999999999636e+03 9.606198512488800523e-01
6.305599999999999454e+03 1.033824912220485004e+00
6.305799999999999272e+03 1.012534902167962381e+00
6.305999999999999091e+03 1.066823902693398329e+00
6.306199999999999818e+03 1.028813406963576149e+00
6.306399999999999636e+03 9.564912408578251091e-01
6.306599999999999454e+03 1.083340937452194508e+00
6.306799999999999272e+03 1.055607282570985239e+00
6.306999999999999091e+03 9.960729452604830669e-01
6.307200000000000728e+03 1.020638402926427935e+00
6.307399999999999636e+03 1.077761402660059709e+00
6.307600000000000364e+03 9.719796329375381960e-01
6.307799999999999272e+03 1.078809177914742623e+00
6.308000000000000000e+03 9.437988493879664320e-01
6.308199999999998909e+03 9.505994877926877695e-01
6.308399999999999636e+03 1.096934557854208903e+00
6.308600000000000364e+03 9.927682438211432592e-01
6.308800000000000182e+03 1.122827136428690809e+00
6.309000000000000000e+03 9.956743806222889681e-01
6.309199999999999818e+03 9.483747715321244609e-01
6.309399999999999636e+03 9.982034340258147953e-01
6.309599999999999454e+03 9.266583280888516239e-01
6.309800000000000182e+03 9.231007378112229267e-01
6.310000000000000000e+03 1.047548840379861401e+00
6.310199999999999818e+03 1.000931877478239418e+00
6.310399999999999636e+03 8.479051495432329277e-01
6.310599999999999454e+03 1.047076401600907092e+00
6.310799999999999272e+03 9.061451724742654035e-01
6.310999999999999091e+03 1.038060793959551864e+00
6.311199999999999818e+03 1.044624956438128471e+00
6.311399999999999636e+03 9.986453413119895650e-01
6.311599999999999454e+03 9.847791709334635657e-01
6.311799999999999272e+03 9.231724237014848899e-01
6.311999999999999091e+03 9.118024834594664618e-01
6.312200000000000728e+03 9.930955237794664159e-01
6.312399999999999636e+03 1.018296028297769773e+00
6.312600000000000364e+03 1.060123866075877386e+00
6.312799999999999272e+03 9.093645913696684069e-01
6.313000000000000000e+03 9.760476327442058064e-01
6.313199999999998909e+03 8.821076619834800070e-01
6.313399999999999636e+03 1.176920693110005578e+00
6.313600000000000364e+03 1.161175851388387414e+00
6.313800000000000182e+03 8.911341711030417168e-01
6.314000000000000000e+03 1.017034592961567174e+00
6.314199999999999818e+03 9.938113858458254013e-01
6.314399999999999636e+03 1.018720148594792096e+00
6.314599999999999454e+03 9.905559759361103334e-01
6.314800000000000182e+03 1.159788800740645387e+00
6.315000000000000000e+03 9.999715468495549153e-01
6.315199999999999818e+03 9.925674991101813838e-01
6.315399999999999636e+03 9.989790119099946075e-01
6.315599999999999454e+03 9.543525747396833792e-01
6.315799999999999272e+03 1.066068156674031764e+00
6.315999999999999091e+03 9.838113156931993508e-01
6.316199999999999818e+03 9.777671245317566262e-01
6.316399999999999636e+03 8.513241517777258016e-01
6.316599999999999454e+03 1.079863727511995330e+00
6.316799999999999272e+03 9.305570160116710676e-01
6.316999999999999091e+03 9.884144595968740177e-01
6.317200000000000728e+03 9.390732750766390691e-01
6.317399999999999636e+03 8.477619758446582887e-01
6.317600000000000364e+03 9.409473871512280541e-01
6.317799999999999272e+03 9.787446489752980039e-01
6.318000000000000000e+03 7.862703580116225943e-01
6.318199999999998909e+03 9.297714324995469681e-01
6.318399999999999636e+03 9.705678375721723539e-01
6.318600000000000364e+03 1.002671590061686269e+00
6.318800000000000182e+03 8.732329959108977580e-01
6.319000000000000000e+03 9.932579342143014189e-01
6.319199999999999818e+03 9.598917003691134209e-01
6.319399999999999636e+03 8.816581914766824513e-01
6.319599999999999454e+03 1.095898235457719361e+00
6.319800000000000182e+03 1.003035021005227678e+00
6.320000000000000000e+03 8.955549041916639474e-01
6.320199999999999818e+03 9.707404350926592818e-01
6.320399999999999636e+03 9.118413039615478333e-01
6.320599999999999454e+03 1.037574678594176847e+00
6.320799999999999272e+03 9.718167451394184031e-01
6.320999999999999091e+03 9.626709365628151049e-01
6.321199999999999818e+03 1.043411528285119738e+00
6.321399999999999636e+03 8.474671735003084239e-01
6.321599999999999454e+03 1.024445236659800029e+00
6.321799999999999272e+03 9.934179041505217800e-01
6.321999999999999091e+03 8.603131548931554073e-01
6.322200000000000728e+03 9.887036274822601500e-01
6.322399999999999636e+03 1.037080084775895639e+00
6.322600000000000364e+03 9.549270633907693817e-01
6.322799999999999272e+03 1.003173983559889626e+00
6.323000000000000000e+03 1.005462778387379963e+00
6.323199999999998909e+03 9.953688358044088247e-01
6.323399999999999636e+03 1.114074688124258472e+00
6.323600000000000364e+03 1.048813417282617344e+00
6.323800000000000182e+03 1.080854498244789852e+00
6.324000000000000000e+03 9.031978503927869939e-01
6.324199999999999818e+03 1.008922041884850351e+00
6.324399999999999636e+03 9.225569859980700116e-01
6.324599999999999454e+03 1.115213763006839942e+00
6.324800000000000182e+03 1.040018640246191284e+00
6.325000000000000000e+03 1.047526399095350058e+00
6.325199999999999818e+03 1.011194850117366650e+00
6.325399999999999636e+03 9.828772821280088445e-01
6.325599999999999454e+03 8.891248271072156317e-01
6.325799999999999272e+03 9.750050745504206251e-01
6.325999999999999091e+03 1.070434479928309646e+00
6.326199999999999818e+03 1.163736641873342137e+00
6.326399999999999636e+03 9.167973092885007835e-01
6.326599999999999454e+03 1.063581311545952479e+00
6.326799999999999272e+03 9.760026438569076035e-01
6.326999999999999091e+03 9.961265787359903090e-01
6.327200000000000728e+03 9.103965523199227805e-01
6.327399999999999636e+03 1.060995227025761878e+00
6.327600000000000364e+03 9.623711316657287407e-01
6.327799999999999272e+03 8.474970410804222309e-01
6.328000000000000000e+03 9.369700469928511355e-01
6.328199999999998909e+03 9.932803791256289427e-01
6.328399999999999636e+03 9.844533724684890741e-01
6.328600000000000364e+03 9.907538727480895702e-01
6.328800000000000182e+03 1.009138352916570280e+00
6.329000000000000000e+03 9.552757243718602576e-01
6.329199999999999818e+03 9.219455191031478147e-01
6.329399999999999636e+03 1.021647651991076433e+00
6.329599999999999454e+03 8.966101638028755039e-01
6.329800000000000182e+03 1.157442331841930239e+00
6.330000000000000000e+03 1.036629033298100300e+00
6.330199999999999818e+03 8.400042528459560343e-01
6.330399999999999636e+03 1.114617411659410751e+00
6.330599999999999454e+03 1.048695437950309506e+00
6.330799999999999272e+03 9.672293917628059789e-01
6.330999999999999091e+03 1.025844071479019570e+00
6.331199999999999818e+03 9.814373460730512200e-01
6.331399999999999636e+03 1.084034284195994458e+00
6.331599999999999454e+03 9.807850399970903243e-01
6.331799999999999272e+03 1.198123850226714637e+00
6.331999999999999091e+03 1.063253487033062994e+00
6.332200000000000728e+03 1.197582062367959166e+00
6.332399999999999636e+03 1.063780683709371511e+00
6.332600000000000364e+03 9.851589734791572628e-01
6.332799999999999272e+03 9.810241183414799560e-01
6.333000000000000000e+03 1.080153397892204437e+00
6.333199999999998909e+03 1.046407254100718331e+00
6.333399999999999636e+03 9.784057247760310494e-01
6.333600000000000364e+03 9.431751872989162511e-01
6.333800000000000182e+03 9.017522396887232006e-01
6.334000000000000000e+03 9.521730973966094913e-01
6.334199999999999818e+03 9.413960839713353401e-01
6.334399999999999636e+03 1.013529190827025417e+00
6.334599999999999454e+03 9.318952684606476300e-01
6.334800000000000182e+03 1.040395037826137292e+00
6.335000000000000000e+03 9.542575887833680826e-01
6.335199999999999818e+03 1.039662018642726116e+00
6.335399999999999636e+03 9.303963860715400713e-01
6.335599999999999454e+03 9.585878733571400190e-01
6.335799999999999272e+03 9.265890658558267878e-01
6.335999999999999091e+03 9.560437695489401033e-01
6.336199999999999818e+03 9.057940196659195475e-01
6.336399999999999636e+03 8.587052832516867129e-01
6.336599999999999454e+03 1.010039610849210678e+00
6.336799999999999272e+03 9.829842962746683233e-01
6.336999999999999091e+03 1.109244217448777325e+00
6.337200000000000728e+03 1.062901991726113771e+00
6.337399999999999636e+03 1.034778729687181764e+00
6.337600000000000364e+03 9.942565775661700300e-01
6.337799999999999272e+03 1.037295712790875291e+00
6.338000000000000000e+03 9.885231348088593384e-01
6.338199999999998909e+03 1.049258663433464633e+00
6.338399999999999636e+03 9.663596332708846992e-01
6.338600000000000364e+03 1.063028639399554054e+00
