57335.16 19.968 0.026
57337.45 20.156 0.097
57338.086 20.208 0.129
57340.086 19.68 0.061
57346.161 19.13 0.002
57348.08 18.95 0.005
57349.099 18.944 0.038
57355.152 18.734 0.019
57356.095 18.735 0.029
57357.097 18.735 0.011
57358.094 18.688 0.046
57359.184 18.706 0.007
57360.218 18.706 0.02
57361.09 18.685 0.036
57363.08 18.675 0.031
57365.113 18.654 0.019
57367.082 18.666 0.051
57369.078 18.707 0.034
57379.919 18.831 0.038
57385.942 18.916 0.014
57392.851 19.041 0.024
57397.853 19.142 0.042
57399.921 19.186 0.014
57409.913 19.415 0.054
57412.866 19.344 0.019
57413.118 19.292 0.001
57416.134 19.329 0.001
57420.163 19.328 0.004
57423.174 19.377 0.001
57441.114 19.63 0.002
57444.196 19.724 0.001
57448.125 19.697 0.002
57451.135 19.65 0.07
57457.849 19.713 0.024
57462.872 19.697 0.026
57626.5 20.07 0.18
57629.49 20.35 0.12
57632.48 20.4 0.17
57635.49 20.37 0.16
57641.52 20.31 0.23
57642.51 20.19 0.11
57662.52 20.35 0.17
57668.52 20.39 0.26
57671.49 20.26 0.13
57674.46 20.54 0.15
57681.45 20.76 0.35
57682.45 20.37 0.28
57683.42 20.57 0.2
57684.45 20.81 0.33
57687.44 20.93 0.26
57694.05 20.58 0.04
57694.45 20.59 0.27
57695.44 20.58 0.26
57696.42 20.68 0.29
57697.45 20.63 0.23
57698.43 20.87 0.26
57699.41 20.3 0.21
57700.44 20.75 0.36
57701.41 20.69 0.33
57715.24 20.72 0.2
57718.23 20.88 0.28
57819.19 20.66 0.19
57821.88 20.98 0.13
57985.09 21.6 0.07
58012.15 21.31 0.07
58023.07 21.83 0.13
58044.05 21.72 0.13
58052.34 21.83 0.29
58056.22 21.7 0.12
58067.14 22.12 0.23
58077.07 21.99 0.1
58092.92 22.08 0.2
58114.94 22.35 0.15
