53467.17 18.026 0.009
53468.09 17.937 0.009
53472.09 17.614 0.007
53473.1 17.553 0.008
53474.06 17.496 0.009
53475.14 17.481 0.009
53476.06 17.471 0.011
53477.06 17.483 0.01
53478.08 17.47 0.01
53479.02 17.406 0.016
53480.04 17.376 0.01
53481.02 17.345 0.01
53482.03 17.278 0.022
53483.04 17.222 0.011
53484.1 17.168 0.013
53489.02 16.823 0.006
53490.01 16.737 0.008
53490.99 16.646 0.011
53493.02 16.529 0.02
53495.04 16.479 0.009
53496.05 16.465 0.009
53496.97 16.44 0.007
53498.96 16.437 0.008
53499.97 16.436 0.01
53500.96 16.462 0.008
53501.97 16.478 0.009
53502.97 16.502 0.01
53503.98 16.518 0.007
53505.99 16.563 0.011
53507.0 16.672 0.05
53508.15 16.66 0.012
53508.97 16.681 0.009
53510.02 16.701 0.02
53510.98 16.787 0.01
53512.15 16.854 0.01
53512.96 16.91 0.011
53515.96 17.104 0.009
53516.95 17.178 0.01
53519.96 17.435 0.012
53520.95 17.506 0.014
53521.95 17.579 0.016
53522.97 17.685 0.016
53523.96 17.746 0.013
53524.95 17.787 0.027
53525.95 17.922 0.017
53527.0 18.001 0.014
53527.97 18.086 0.012
53528.99 18.15 0.014
53529.98 18.205 0.017
53537.98 18.536 0.015
53538.96 18.586 0.019
53541.96 18.66 0.02
53564.98 19.569 0.026
53568.98 19.75 0.044
