53467.17 18.055 0.006
53468.09 17.967 0.008
53472.09 17.621 0.008
53473.1 17.574 0.008
53474.06 17.503 0.008
53475.14 17.469 0.008
53476.06 17.443 0.011
53477.06 17.407 0.009
53478.08 17.376 0.011
53479.02 17.304 0.013
53480.04 17.285 0.009
53481.02 17.222 0.009
53482.03 17.142 0.027
53483.04 17.122 0.009
53484.1 17.074 0.01
53489.02 16.735 0.006
53490.01 16.652 0.009
53490.99 16.59 0.011
53507.0 16.407 0.039
53508.15 16.493 0.009
53508.97 16.492 0.008
53510.02 16.525 0.02
53510.98 16.567 0.01
53512.15 16.601 0.009
53512.96 16.641 0.008
53521.95 17.215 0.013
53522.97 17.303 0.011
53523.96 17.381 0.019
53524.95 17.438 0.011
53525.95 17.486 0.011
53527.0 17.56 0.013
