9428.25097656253  3.186474E-15
9435.20146608356  3.074301E-15
9442.15195560458  3.035077E-15
9449.10244512561  3.061323E-15
9456.05293464664  3.099702E-15
9463.00342416766  2.986159E-15
9469.95391368869  2.966265E-15
9476.90440320972  3.013459E-15
9483.85489273074  2.960315E-15
9490.80538225177  2.937225E-15
9497.75587177279  2.844805E-15
9504.70636129382  2.719185E-15
9511.65685081485  2.844706E-15
9518.60734033587  2.801947E-15
9525.5578298569  2.786694E-15
9532.50831937793  2.771439E-15
9539.45880889896  2.756186E-15
9546.40929841998  2.740933E-15
9553.35978794101  2.725680E-15
9560.31027746203  2.710425E-15
9567.26076698306  2.695172E-15
9574.21125650409  2.679919E-15
9581.16174602511  2.678891E-15
9588.11223554614  2.603182E-15
9595.06272506717  2.550697E-15
9602.01321458819  2.624284E-15
9608.96370410922  2.552040E-15
9615.91419363025  2.561198E-15
9622.86468315127  2.600159E-15
9629.8151726723  2.554073E-15
9636.76566219333  2.576378E-15
9643.71615171435  2.615029E-15
9650.66664123538  2.544602E-15
9657.61713075641  2.587314E-15
9664.56762027743  2.560874E-15
9671.51810979846  2.561875E-15
9678.46859931949  2.540206E-15
9685.41908884052  2.576177E-15
9692.36957836154  2.572746E-15
9699.32006788257  2.534701E-15
9706.2705574036  2.522599E-15
9713.22104692462  2.491705E-15
9720.17153644565  2.460306E-15
9727.12202596668  2.505441E-15
9734.0725154877  2.500950E-15
9741.02300500873  2.430319E-15
9747.97349452976  2.453307E-15
9754.92398405078  2.447337E-15
9761.87447357181  2.426498E-15
9768.82496309284  2.378792E-15
9775.77545261386  2.348560E-15
9782.72594213489  2.273716E-15
9789.67643165591  2.333463E-15
9796.62692117694  2.312363E-15
9803.57741069797  2.269112E-15
9810.527900219  2.285328E-15
9817.47838974002  2.212915E-15
9824.42887926105  2.259153E-15
9831.37936878208  2.269765E-15
9838.3298583031  2.238760E-15
9845.28034782413  2.255570E-15
9852.23083734515  2.228534E-15
9859.18132686618  2.218834E-15
9866.13181638721  2.234769E-15
9873.08230590823  2.195343E-15
9880.03279542926  2.216432E-15
9886.98328495029  2.197211E-15
9893.93377447131  2.216307E-15
9900.88426399234  2.239485E-15
9907.83475351337  2.231791E-15
9914.78524303439  2.248378E-15
9921.73573255542  2.262531E-15
9928.68622207645  2.248344E-15
9935.63671159747  2.285969E-15
9942.5872011185  2.299905E-15
9949.53769063953  2.291285E-15
9956.48818016055  2.288774E-15
9963.43866968158  2.281087E-15
9970.38915920261  2.285786E-15
9977.33964872363  2.274607E-15
9984.29013824466  2.255138E-15
9991.24062776569  2.250181E-15
9998.19111728671  2.234537E-15
10005.1416068077  2.211376E-15
10012.0920963288  2.198971E-15
10019.0425858498  2.196532E-15
10025.9930753708  2.194093E-15
10032.9435648918  2.191655E-15
10039.8940544129  2.189216E-15
10046.8445439339  2.186777E-15
10053.7950334549  2.184338E-15
10060.745522976  2.181899E-15
10067.696012497  2.179460E-15
10074.646502018  2.177022E-15
10081.596991539  2.174583E-15
10088.5474810601  2.169329E-15
10095.4979705811  2.128847E-15
10102.4484601021  2.097830E-15
10109.3989496231  2.099727E-15
10116.3494391442  2.101624E-15
10123.2999286652  2.103520E-15
10130.2504181862  2.105417E-15
10137.2009077072  2.107314E-15
10144.1513972283  2.109210E-15
10151.1018867493  2.111107E-15
10158.0523762703  2.090642E-15
10165.0028657914  2.093978E-15
10171.9533553124  2.084045E-15
10178.9038448334  2.069042E-15
10185.8543343544  2.082387E-15
10192.8048238755  2.062153E-15
10199.7553133965  2.077932E-15
10206.7058029175  2.059677E-15
10213.6562924385  2.014511E-15
10220.6067819596  2.034513E-15
10227.5572714806  1.983332E-15
10234.5077610016  1.966555E-15
10241.4582505226  1.988216E-15
10248.4087400437  1.994688E-15
10255.3592295647  1.975002E-15
10262.3097190857  1.979289E-15
10269.2602086068  1.940449E-15
10276.2106981278  1.924086E-15
10283.1611876488  1.934165E-15
10290.1116771698  1.926949E-15
10297.0621666909  1.974604E-15
10304.0126562119  1.973330E-15
10310.9631457329  2.005175E-15
10317.9136352539  2.028365E-15
10324.864124775  2.019413E-15
10331.814614296  1.979437E-15
10338.765103817  1.963354E-15
10345.715593338  1.982344E-15
10352.6660828591  1.994202E-15
10359.6165723801  2.026549E-15
10366.5670619011  2.084634E-15
10373.5175514222  2.070102E-15
10380.4680409432  2.080555E-15
10387.4185304642  2.084698E-15
10394.3690199852  2.073310E-15
10401.3195095063  2.130535E-15
10408.2699990273  2.163937E-15
10415.2204885483  2.138019E-15
10422.1709780693  2.204003E-15
10429.1214675904  2.216432E-15
10436.0719571114  2.226095E-15
10443.0224466324  2.217533E-15
10449.9729361534  2.180697E-15
10456.9234256745  2.249890E-15
10463.8739151955  2.249443E-15
10470.8244047165  2.222218E-15
10477.7748942375  2.255028E-15
10484.7253837586  2.270433E-15
10491.6758732796  2.325306E-15
10498.6263628006  2.334062E-15
10505.5768523217  2.397221E-15
10512.5273418427  2.390048E-15
10519.4778313637  2.406815E-15
10526.4283208847  2.415681E-15
10533.3788104058  2.424793E-15
10540.3292999268  2.479955E-15
10547.2797894478  2.499173E-15
10554.2302789688  2.522149E-15
10561.1807684899  2.554055E-15
10568.1312580109  2.545950E-15
10575.0817475319  2.574595E-15
10582.032237053  2.575965E-15
10588.982726574  2.580774E-15
10595.933216095  2.643242E-15
10602.883705616  2.673665E-15
10609.8341951371  2.659825E-15
10616.7846846581  2.664516E-15
10623.7351741791  2.700954E-15
10630.6856637001  2.727990E-15
10637.6361532212  2.744238E-15
10644.5866427422  2.719671E-15
10651.5371322632  2.735164E-15
10658.4876217842  2.775327E-15
10665.4381113053  2.755944E-15
10672.3886008263  2.779817E-15
10679.3390903473  2.794091E-15
10686.2895798683  2.773398E-15
10693.2400693894  2.799253E-15
10700.1905589104  2.811942E-15
10707.1410484314  2.799377E-15
10714.0915379525  2.783829E-15
10721.0420274735  2.790209E-15
10727.9925169945  2.809349E-15
10734.9430065155  2.826365E-15
10741.8934960366  2.836824E-15
10748.8439855576  2.820214E-15
10755.7944750786  2.816415E-15
10762.7449645996  2.802085E-15
10769.6954541207  2.819836E-15
10776.6459436417  2.846032E-15
10783.5964331627  2.850844E-15
10790.5469226837  2.824799E-15
10797.4974122048  2.813621E-15
10804.4479017258  2.829696E-15
10811.3983912468  2.793113E-15
10818.3488807679  2.724937E-15
10825.2993702889  2.769064E-15
10832.2498598099  2.792293E-15
10839.2003493309  2.774211E-15
10846.150838852  2.787741E-15
10853.101328373  2.801594E-15
10860.051817894  2.772299E-15
10867.002307415  2.780210E-15
10873.9527969361  2.743902E-15
10880.9032864571  2.784650E-15
10887.8537759781  2.740597E-15
10894.8042654992  2.734600E-15
10901.7547550202  2.726597E-15
10908.7052445412  2.718594E-15
10915.6557340622  2.710592E-15
10922.6062235833  2.702588E-15
10929.5567131043  2.694585E-15
10936.5072026253  2.686582E-15
10943.4576921463  2.678578E-15
10950.4081816674  2.670576E-15
10957.3586711884  2.662573E-15
10964.3091607094  2.654569E-15
10971.2596502304  2.646566E-15
10978.2101397515  2.638564E-15
10985.1606292725  2.634692E-15
10992.1111187935  2.622589E-15
10999.0616083145  2.642847E-15
11006.0120978356  2.645433E-15
11012.9625873566  2.594389E-15
11019.9130768776  2.595242E-15
11026.8635663987  2.591567E-15
11033.8140559197  2.578286E-15
11040.7645454407  2.575657E-15
11047.7150349617  2.558654E-15
11054.6655244828  2.552694E-15
11061.6160140038  2.561127E-15
11068.5665035248  2.543606E-15
11075.5169930458  2.532978E-15
11082.4674825669  2.514448E-15
11089.4179720879  2.494425E-15
11096.3684616089  2.514046E-15
11103.31895113  2.497248E-15
11110.269440651  2.490518E-15
11117.219930172  2.465207E-15
11124.170419693  2.504457E-15
11131.1209092141  2.518753E-15
11138.0713987351  2.453390E-15
11145.0218882561  2.507810E-15
11151.9723777771  2.516379E-15
11158.9228672982  2.538680E-15
11165.8733568192  2.496673E-15
11172.8238463402  2.389070E-15
11179.7743358612  2.476405E-15
11186.7248253823  2.494144E-15
11193.6753149033  2.382130E-15
11200.6258044243  2.392551E-15
11207.5762939453  2.420559E-15
11214.5267834664  2.482052E-15
11221.4772729874  2.419692E-15
11228.4277625084  2.261027E-15
11235.3782520295  2.352127E-15
11242.3287415505  2.302562E-15
11249.2792310715  2.483626E-15
11256.2297205925  2.374859E-15
11263.1802101136  2.263697E-15
11270.1306996346  2.378054E-15
11277.0811891556  2.338727E-15
11284.0316786766  2.280095E-15
11290.9821681977  2.301317E-15
11297.9326577187  2.286450E-15
11304.8831472397  2.194653E-15
11311.8336367607  2.281387E-15
11318.7841262818  2.285086E-15
11325.7346158028  2.276197E-15
11332.6851053238  2.290596E-15
11339.6355948449  2.295115E-15
11346.5860843659  2.145930E-15
11353.5365738869  2.059075E-15
11360.4870634079  2.175300E-15
11367.437552929  2.189984E-15
11374.38804245  2.244402E-15
11381.338531971  2.213924E-15
11388.289021492  2.148452E-15
11395.2395110131  2.181404E-15
11402.1900005341  2.200559E-15
11409.1404900551  2.123610E-15
11416.0909795761  2.123537E-15
11423.0414690972  2.118416E-15
11429.9919586182  2.135577E-15
11436.9424481392  2.173202E-15
11443.8929376603  2.091212E-15
11450.8434271813  2.060545E-15
11457.7939167023  2.085480E-15
11464.7444062233  2.126061E-15
11471.6948957444  2.037153E-15
11478.6453852654  1.997060E-15
11485.5958747864  2.062684E-15
11492.5463643074  2.058327E-15
11499.4968538285  1.997896E-15
11506.4473433495  1.991988E-15
11513.3978328705  1.988029E-15
11520.3483223915  1.970396E-15
11527.2988119126  1.938256E-15
11534.2493014336  1.972108E-15
11541.1997909546  1.969311E-15
11548.1502804757  1.932137E-15
11555.1007699967  1.951717E-15
11562.0512595177  1.936963E-15
11569.0017490387  1.950614E-15
11575.9522385598  1.960910E-15
11582.9027280808  1.891241E-15
11589.8532176018  1.913419E-15
11596.8037071228  1.950354E-15
11603.7541966439  1.897708E-15
11610.7046861649  1.884475E-15
11617.6551756859  1.910787E-15
11624.6056652069  1.935987E-15
11631.556154728  1.974577E-15
11638.506644249  1.950020E-15
11645.45713377  1.904762E-15
11652.4076232911  1.864904E-15
11659.3581128121  1.847159E-15
11666.3086023331  1.829728E-15
11673.2590918541  1.854408E-15
11680.2095813752  1.870139E-15
11687.1600708962  1.828196E-15
11694.1105604172  1.812706E-15
11701.0610499382  1.826793E-15
11708.0115394593  1.819110E-15
11714.9620289803  1.796833E-15
11721.9125185013  1.764271E-15
11728.8630080223  1.761167E-15
11735.8134975434  1.765539E-15
11742.7639870644  1.750497E-15
11749.7144765854  1.726435E-15
11756.6649661065  1.717691E-15
11763.6154556275  1.700031E-15
11770.5659451485  1.699272E-15
11777.5164346695  1.710123E-15
11784.4669241906  1.715110E-15
11791.4174137116  1.689480E-15
11798.3679032326  1.680901E-15
11805.3183927536  1.685084E-15
11812.2688822747  1.692176E-15
11819.2193717957  1.664406E-15
11826.1698613167  1.642994E-15
11833.1203508377  1.663163E-15
11840.0708403588  1.636488E-15
11847.0213298798  1.624437E-15
11853.9718194008  1.617067E-15
11860.9223089219  1.620334E-15
11867.8727984429  1.606070E-15
11874.8232879639  1.595370E-15
11881.7737774849  1.560269E-15
11888.724267006  1.577174E-15
11895.674756527  1.542444E-15
11902.625246048  1.523252E-15
11909.575735569  1.531193E-15
11916.5262250901  1.499449E-15
11923.4767146111  1.514227E-15
11930.4272041321  1.518921E-15
11937.3776936531  1.521316E-15
11944.3281831742  1.506402E-15
11951.2786726952  1.496303E-15
11958.2291622162  1.493241E-15
11965.1796517373  1.486901E-15
11972.1301412583  1.546265E-15
11979.0806307793  1.480468E-15
11986.0311203003  1.439136E-15
11992.9816098214  1.423583E-15
11999.9320993424  1.415827E-15
12006.8825888634  1.428931E-15
12013.8330783844  1.454247E-15
12020.7835679055  1.398662E-15
12027.7340574265  1.386937E-15
12034.6845469475  1.406248E-15
12041.6350364685  1.360069E-15
12048.5855259896  1.361934E-15
12055.5360155106  1.384795E-15
12062.4865050316  1.344011E-15
12069.4369945527  1.365006E-15
12076.3874840737  1.351660E-15
12083.3379735947  1.310590E-15
12090.2884631157  1.287843E-15
12097.2389526368  1.324596E-15
12104.1894421578  1.336264E-15
12111.1399316788  1.315031E-15
12118.0904211998  1.288610E-15
12125.0409107209  1.291309E-15
12131.9914002419  1.324346E-15
12138.9418897629  1.330112E-15
12145.8923792839  1.302670E-15
12152.842868805  1.285571E-15
12159.793358326  1.292346E-15
12166.743847847  1.278688E-15
12173.694337368  1.258371E-15
12180.6448268891  1.256385E-15
12187.5953164101  1.262364E-15
12194.5458059311  1.270664E-15
12201.4962954522  1.256706E-15
12208.4467849732  1.241610E-15
12215.3972744942  1.232910E-15
12222.3477640152  1.233069E-15
12229.2982535363  1.242569E-15
12236.2487430573  1.252640E-15
12243.1992325783  1.242661E-15
12250.1497220993  1.218845E-15
12257.1002116204  1.215860E-15
12264.0507011414  1.212924E-15
12271.0011906624  1.232486E-15
12277.9516801834  1.216302E-15
12284.9021697045  1.231634E-15
12291.8526592255  1.224691E-15
12298.8031487465  1.196522E-15
12305.7536382676  1.224895E-15
12312.7041277886  1.218984E-15
12319.6546173096  1.211821E-15
12326.6051068306  1.196895E-15
12333.5555963517  1.188598E-15
12340.5060858727  1.202772E-15
12347.4565753937  1.207985E-15
12354.4070649147  1.200522E-15
12361.3575544358  1.183026E-15
12368.3080439568  1.185476E-15
12375.2585334778  1.178043E-15
12382.2090229989  1.153160E-15
12389.1595125199  1.187503E-15
12396.1100020409  1.180985E-15
12403.0604915619  1.175823E-15
12410.010981083  1.159468E-15
12416.961470604  1.174728E-15
12423.911960125  1.169590E-15
12430.862449646  1.171622E-15
12437.8129391671  1.183316E-15
12444.7634286881  1.173265E-15
12451.7139182091  1.165399E-15
12458.6644077301  1.168956E-15
12465.6148972512  1.190186E-15
12472.5653867722  1.175491E-15
12479.5158762932  1.160863E-15
12486.4663658143  1.156713E-15
12493.4168553353  1.156156E-15
12500.3673448563  1.146398E-15
12507.3178343773  1.153790E-15
12514.2683238984  1.158842E-15
12521.2188134194  1.144058E-15
12528.1693029404  1.148184E-15
12535.1197924614  1.166880E-15
12542.0702819825  1.168322E-15
12549.0207715035  1.157714E-15
12555.9712610245  1.154583E-15
12562.9217505455  1.140177E-15
12569.8722400666  1.142845E-15
12576.8227295876  1.147783E-15
12583.7732191086  1.154524E-15
12590.7237086297  1.149824E-15
12597.6741981507  1.142338E-15
12604.6246876717  1.140522E-15
12611.5751771927  1.124354E-15
12618.5256667138  1.116975E-15
12625.4761562348  1.125310E-15
12632.4266457558  1.149014E-15
12639.3771352768  1.148990E-15
12646.3276247979  1.128563E-15
12653.2781143189  1.116542E-15
12660.2286038399  1.121087E-15
12667.1790933609  1.098552E-15
12674.129582882  1.130916E-15
12681.080072403  1.171154E-15
12688.030561924  1.144019E-15
12694.981051445  1.056430E-15
12701.9315409661  1.099274E-15
12708.8820304871  1.109009E-15
12715.8325200081  1.102331E-15
12722.7830095292  1.133756E-15
12729.7334990502  1.086277E-15
12736.6839885712  1.095680E-15
12743.6344780922  1.110445E-15
12750.5849676133  1.107621E-15
12757.5354571343  1.086467E-15
12764.4859466553  1.078103E-15
12771.4364361763  1.078791E-15
12778.3869256974  1.077412E-15
12785.3374152184  1.076033E-15
12792.2879047394  1.074655E-15
12799.2383942605  1.073277E-15
12806.1888837815  1.071898E-15
12813.1393733025  1.070520E-15
12820.0898628235  1.069141E-15
12827.0403523446  1.067763E-15
12833.9908418656  1.066384E-15
12840.9413313866  1.065005E-15
12847.8918209076  1.063627E-15
12854.8423104287  1.044649E-15
12861.7927999497  1.018759E-15
12868.7432894707  1.006404E-15
12875.6937789917  9.957832E-16
12882.6442685128  9.962310E-16
12889.5947580338  9.974044E-16
12896.5452475548  1.017309E-15
12903.4957370758  1.029944E-15
12910.4462265969  1.019314E-15
12917.3967161179  9.894378E-16
12924.3472056389  9.962840E-16
12931.29769516  9.953397E-16
12938.248184681  9.825511E-16
12945.198674202  9.649505E-16
12952.149163723  9.594845E-16
12959.0996532441  9.515080E-16
12966.0501427651  9.671264E-16
12973.0006322861  9.735155E-16
12979.9511218071  9.592657E-16
12986.9016113282  9.637323E-16
12993.8521008492  9.422968E-16
13000.8025903702  9.466648E-16
13007.7530798913  9.370913E-16
13014.7035694123  9.199370E-16
13021.6540589333  9.388369E-16
13028.6045484543  9.246219E-16
13035.5550379754  9.268663E-16
13042.5055274964  9.374083E-16
13049.4560170174  9.094611E-16
13056.4065065384  9.132711E-16
13063.3569960595  9.229677E-16
13070.3074855805  9.311666E-16
13077.2579751015  9.401212E-16
13084.2084646225  9.138674E-16
13091.1589541436  9.159277E-16
13098.1094436646  9.281800E-16
13105.0599331856  9.021027E-16
13112.0104227066  8.969006E-16
13118.9609122277  9.251727E-16
13125.9114017487  9.050325E-16
13132.8618912697  9.025857E-16
13139.8123807908  9.029661E-16
13146.7628703118  8.894173E-16
13153.7133598328  8.892843E-16
13160.6638493538  8.731346E-16
13167.6143388749  8.990639E-16
13174.5648283959  8.972417E-16
13181.5153179169  9.114007E-16
13188.4658074379  8.961898E-16
13195.416296959  8.960674E-16
13202.36678648  8.847037E-16
13209.317276001  8.688902E-16
13216.267765522  8.579272E-16
13223.2182550431  8.548266E-16
13230.1687445641  8.536614E-16
13237.1192340851  8.309066E-16
13244.0697236062  8.484685E-16
13251.0202131272  8.389352E-16
13257.9707026482  8.521529E-16
13264.9211921692  8.642944E-16
13271.8716816903  8.790911E-16
13278.8221712113  8.595406E-16
13285.7726607323  8.202068E-16
13292.7231502533  8.044294E-16
13299.6736397744  8.293459E-16
13306.6241292954  8.506437E-16
13313.5746188164  8.361042E-16
13320.5251083374  8.096710E-16
13327.4755978585  8.130995E-16
13334.4260873795  8.198088E-16
13341.3765769005  7.890391E-16
13348.3270664216  7.959320E-16
13355.2775559426  8.071809E-16
13362.2280454636  7.965063E-16
13369.1785349846  7.955960E-16
13376.1290245057  7.820995E-16
13383.0795140267  7.802206E-16
13390.0300035477  8.010314E-16
13396.9804930687  8.093995E-16
13403.9309825898  7.989919E-16
13410.8814721108  7.824761E-16
13417.8319616318  7.713814E-16
13424.7824511528  7.892062E-16
13431.7329406739  8.189379E-16
13438.6834301949  8.100761E-16
13445.6339197159  7.798382E-16
13452.584409237  7.800237E-16
13459.534898758  7.938382E-16
13466.485388279  8.053759E-16
13473.4358778  8.386087E-16
13480.3863673211  7.949549E-16
13487.3368568421  7.160628E-16
13494.2873463631  7.876869E-16
13501.2378358841  8.667367E-16
13508.1883254052  8.031942E-16
13515.1388149262  7.635408E-16
13522.0893044472  7.892182E-16
13529.0397939682  8.312348E-16
13535.9902834893  8.250773E-16
13542.9407730103  8.552509E-16
13549.8912625313  7.118806E-16
13556.8417520524  6.758991E-16
13563.7922415734  7.177975E-16
13570.7427310944  8.290089E-16
13577.6932206154  8.196797E-16
13584.6437101365  8.015291E-16
13591.5941996575  8.048592E-16
13598.5446891785  7.255792E-16
13605.4951786995  8.914453E-16
13612.4456682206  9.887094E-16
13619.3961577416  5.990191E-16
13626.3466472626  3.938643E-16
13633.2971367836  6.329128E-16
13640.2476263047  8.462455E-16
13647.1981158257  7.393487E-16
13654.1486053467  5.550946E-16
13661.0990948678  6.968021E-16
13668.0495843888  8.583507E-16
13675.0000739098  8.952054E-16
13681.9505634308  5.840316E-16
13688.9010529519  4.921967E-16
13695.8515424729  7.709848E-16
13702.8020319939  8.331926E-16
13709.7525215149  7.654060E-16
13716.703011036  6.624890E-16
13723.653500557  6.359709E-16
13730.603990078  6.506862E-16
13737.554479599  6.959237E-16
13744.5049691201  7.463225E-16
13751.4554586411  6.773013E-16
13758.4059481621  7.612419E-16
13765.3564376832  7.412934E-16
13772.3069272042  6.271880E-16
13779.2574167252  7.885049E-16
13786.2079062462  8.414324E-16
13793.1583957673  6.862685E-16
13800.1088852883  8.349075E-16
13807.0593748093  7.370110E-16
13814.0098643303  6.025189E-16
13820.9603538514  1.001284E-15
13827.9108433724  8.072995E-16
13834.8613328934  6.231955E-16
13841.8118224144  6.676468E-16
13848.7623119355  7.176165E-16
13855.7128014565  6.654152E-16
13862.6632909775  5.978026E-16
13869.6137804986  7.300988E-16
13876.5642700196  7.868131E-16
13883.5147595406  5.746373E-16
13890.4652490616  5.817445E-16
13897.4157385827  6.976570E-16
13904.3662281037  6.749483E-16
13911.3167176247  7.391115E-16
13918.2672071457  8.544977E-16
13925.2176966668  6.608202E-16
13932.1681861878  5.794099E-16
13939.1186757088  8.013475E-16
13946.0691652298  9.107413E-16
13953.0196547509  7.158804E-16
13959.9701442719  4.910211E-16
13966.9206337929  5.038730E-16
13973.871123314  5.573271E-16
13980.821612835  7.086748E-16
13987.772102356  7.700207E-16
13994.722591877  8.209745E-16
14001.6730813981  7.652379E-16
14008.6235709191  5.421913E-16
14015.5740604401  3.782338E-16
14022.5245499611  5.517917E-16
14029.4750394822  7.406825E-16
14036.4255290032  7.806074E-16
14043.3760185242  8.154480E-16
14050.3265080452  5.134681E-16
14057.2769975663  5.348303E-16
14064.2274870873  8.198948E-16
14071.1779766083  6.498662E-16
14078.1284661294  5.544970E-16
14085.0789556504  7.495298E-16
14092.0294451714  7.012055E-16
14098.9799346924  5.291514E-16
14105.9304242135  5.986690E-16
14112.8809137345  6.466599E-16
14119.8314032555  6.177242E-16
14126.7818927765  6.711292E-16
14133.7323822976  7.764339E-16
14140.6828718186  7.528262E-16
14147.6333613396  5.599150E-16
14154.5838508606  4.888292E-16
14161.5343403817  6.248353E-16
14168.4848299027  7.015696E-16
14175.4353194237  6.701265E-16
14182.3858089447  7.228082E-16
14189.3362984658  7.352718E-16
14196.2867879868  5.822177E-16
14203.2372775078  5.944042E-16
14210.1877670289  6.128436E-16
14217.1382565499  6.394503E-16
14224.0887460709  7.201687E-16
14231.0392355919  7.299717E-16
14237.989725113  6.052607E-16
14244.940214634  5.927633E-16
14251.890704155  6.698049E-16
14258.841193676  6.216370E-16
14265.7916831971  6.525028E-16
14272.7421727181  7.395366E-16
14279.6926622391  6.960347E-16
14286.6431517602  5.997629E-16
14293.5936412812  5.787993E-16
14300.5441308022  6.225224E-16
14307.4946203232  7.366642E-16
14314.4451098443  7.108219E-16
14321.3955993653  5.794447E-16
14328.3460888863  5.523181E-16
14335.2965784073  6.304909E-16
14342.2470679284  6.454457E-16
14349.1975574494  6.177360E-16
14356.1480469704  6.226060E-16
14363.0985364914  6.461356E-16
14370.0490260125  6.883213E-16
14376.9995155335  6.386932E-16
14383.9500050545  5.792855E-16
14390.9004945756  6.408361E-16
14397.8509840966  6.280244E-16
14404.8014736176  6.211394E-16
14411.7519631386  6.467941E-16
14418.7024526597  6.104125E-16
14425.6529421807  6.241502E-16
14432.6034317017  5.969949E-16
14439.5539212227  6.547495E-16
14446.5044107438  6.978746E-16
14453.4549002648  6.779360E-16
14460.4053897858  5.436044E-16
14467.3558793068  5.540015E-16
14474.3063688279  5.884218E-16
14481.2568583489  6.145363E-16
14488.2073478699  6.356278E-16
14495.157837391  6.935491E-16
14502.108326912  7.172471E-16
14509.058816433  5.710055E-16
14516.009305954  5.257568E-16
14522.9597954751  6.088077E-16
14529.9102849961  6.022210E-16
14536.8607745171  6.063415E-16
14543.8112640381  6.528695E-16
14550.7617535592  6.299228E-16
14557.7122430802  5.955389E-16
14564.6627326012  6.078102E-16
14571.6132221222  6.167399E-16
14578.5637116433  6.001880E-16
14585.5142011643  6.075753E-16
14592.4646906853  6.310183E-16
14599.4151802063  6.529954E-16
14606.3656697274  6.070882E-16
14613.3161592484  5.797674E-16
14620.2666487694  6.181343E-16
14627.2171382905  6.115368E-16
14634.1676278115  5.680727E-16
14641.1181173325  5.778216E-16
14648.0686068535  6.363375E-16
14655.0190963746  5.951723E-16
14661.9695858956  5.909010E-16
14668.9200754166  5.966524E-16
14675.8705649376  5.661216E-16
14682.8210544587  5.706374E-16
14689.7715439797  6.197771E-16
14696.7220335007  6.009868E-16
14703.6725230217  5.850208E-16
14710.6230125428  5.781163E-16
14717.5735020638  5.658116E-16
14724.5239915848  5.686125E-16
14731.4744811059  5.316758E-16
14738.4249706269  5.526292E-16
14745.3754601479  5.736813E-16
14752.3259496689  6.082749E-16
14759.27643919  6.075760E-16
14766.226928711  6.001745E-16
14773.177418232  5.926598E-16
14780.127907753  5.512418E-16
14787.0783972741  5.705220E-16
14794.0288867951  5.866523E-16
14800.9793763161  5.617647E-16
14807.9298658371  5.534348E-16
14814.8803553582  5.686439E-16
14821.8308448792  5.557266E-16
14828.7813344002  5.444675E-16
14835.7318239213  5.833589E-16
14842.6823134423  5.749849E-16
14849.6328029633  5.587591E-16
14856.5832924843  5.808813E-16
14863.5337820054  5.698957E-16
14870.4842715264  5.360266E-16
14877.4347610474  5.308961E-16
14884.3852505684  5.487865E-16
14891.3357400895  5.380450E-16
14898.2862296105  5.007528E-16
14905.2367191315  5.214200E-16
14912.1872086525  5.459340E-16
14919.1376981736  5.220741E-16
14926.0881876946  5.191948E-16
14933.0386772156  5.346828E-16
14939.9891667367  5.482757E-16
14946.9396562577  5.329913E-16
14953.8901457787  5.235672E-16
14960.8406352997  5.233841E-16
14967.7911248208  5.134453E-16
14974.7416143418  5.077398E-16
14981.6921038628  5.049316E-16
14988.6425933838  5.225134E-16
14995.5930829049  5.173213E-16
15002.5435724259  5.107287E-16
15009.4940619469  5.074381E-16
15016.4445514679  5.132479E-16
15023.395040989  5.210443E-16
15030.34553051  5.220651E-16
15037.296020031  5.058265E-16
15044.2465095521  4.905725E-16
15051.1969990731  4.834660E-16
15058.1474885941  4.852393E-16
15065.0979781151  4.965276E-16
15072.0484676362  5.080211E-16
15078.9989571572  5.279196E-16
15085.9494466782  5.171736E-16
15092.8999361992  5.053892E-16
15099.8504257203  5.174032E-16
15106.8009152413  5.105439E-16
15113.7514047623  5.031689E-16
15120.7018942833  5.034885E-16
15127.6523838044  5.103488E-16
15134.6028733254  5.120233E-16
15141.5533628464  5.042617E-16
15148.5038523675  5.129961E-16
15155.4543418885  5.179045E-16
15162.4048314095  5.209386E-16
15169.3553209305  5.208794E-16
15176.3058104516  5.197984E-16
15183.2562999726  5.174869E-16
15190.2067894936  5.074843E-16
15197.1572790146  5.115745E-16
15204.1077685357  5.131384E-16
15211.0582580567  5.030325E-16
15218.0087475777  5.080443E-16
15224.9592370987  5.122542E-16
15231.9097266198  5.188823E-16
15238.8602161408  5.184574E-16
15245.8107056618  5.127961E-16
15252.7611951829  5.077329E-16
15259.7116847039  5.091145E-16
15266.6621742249  5.101594E-16
15273.6126637459  5.107071E-16
15280.563153267  5.083029E-16
15287.513642788  5.050931E-16
15294.464132309  5.113236E-16
15301.41462183  5.148409E-16
15308.3651113511  5.113035E-16
15315.3156008721  5.140427E-16
15322.2660903931  5.238607E-16
15329.2165799141  5.270684E-16
15336.1670694352  5.340759E-16
15343.1175589562  5.413420E-16
15350.0680484772  5.359396E-16
15357.0185379983  5.368117E-16
15363.9690275193  5.373766E-16
15370.9195170403  5.383128E-16
15377.8700065613  5.371092E-16
15384.8204960824  5.332837E-16
15391.7709856034  5.385818E-16
15398.7214751244  5.393113E-16
15405.6719646454  5.408620E-16
15412.6224541665  5.332674E-16
15419.5729436875  5.407134E-16
15426.5234332085  5.464373E-16
15433.4739227295  5.359714E-16
15440.4244122506  5.423316E-16
15447.3749017716  5.462473E-16
15454.3253912926  5.354814E-16
15461.2758808137  5.337179E-16
15468.2263703347  5.404692E-16
15475.1768598557  5.347609E-16
15482.1273493767  5.323389E-16
15489.0778388978  5.431165E-16
15496.0283284188  5.467742E-16
15502.9788179398  5.536125E-16
15509.9293074608  5.468098E-16
15516.8797969819  5.516758E-16
15523.8302865029  5.482356E-16
15530.7807760239  5.507929E-16
15537.7312655449  5.479595E-16
15544.681755066  5.432439E-16
15551.632244587  5.552993E-16
15558.582734108  5.476717E-16
15565.5332236291  5.490906E-16
15572.4837131501  5.521598E-16
15579.4342026711  5.516790E-16
15586.3846921921  5.602413E-16
15593.3351817132  5.617104E-16
15600.2856712342  5.574234E-16
15607.2361607552  5.618912E-16
15614.1866502762  5.566150E-16
15621.1371397973  5.471127E-16
15628.0876293183  5.473909E-16
15635.0381188393  5.419539E-16
15641.9886083603  5.481115E-16
15648.9390978814  5.497991E-16
15655.8895874024  5.488890E-16
15662.8400769234  5.603070E-16
15669.7905664444  5.570630E-16
15676.7410559655  5.547596E-16
15683.6915454865  5.577941E-16
15690.6420350075  5.581480E-16
15697.5925245286  5.708194E-16
15704.5430140496  5.696908E-16
15711.4935035706  5.721061E-16
15718.4439930916  5.618887E-16
15725.3944826127  5.433718E-16
15732.3449721337  5.411830E-16
15739.2954616547  5.443142E-16
15746.2459511757  5.462115E-16
15753.1964406968  5.515286E-16
15760.1469302178  5.507460E-16
15767.0974197388  5.468520E-16
15774.0479092599  5.502554E-16
15780.9983987809  5.442096E-16
15787.9488883019  5.361630E-16
15794.8993778229  5.447033E-16
15801.849867344  5.516616E-16
15808.800356865  5.588666E-16
15815.750846386  5.503133E-16
15822.701335907  5.461873E-16
15829.6518254281  5.398497E-16
15836.6023149491  5.465991E-16
15843.5528044701  5.539067E-16
15850.5032939911  5.438218E-16
15857.4537835122  5.341402E-16
15864.4042730332  5.438640E-16
15871.3547625542  5.557888E-16
15878.3052520753  5.557703E-16
15885.2557415963  5.553958E-16
15892.2062311173  5.533063E-16
15899.1567206383  5.507505E-16
15906.1072101594  5.487229E-16
15913.0576996804  5.416388E-16
15920.0081892014  5.426985E-16
15926.9586787224  5.419915E-16
15933.9091682435  5.484395E-16
15940.8596577645  5.420458E-16
15947.8101472855  5.333808E-16
15954.7606368065  5.359606E-16
15961.7111263276  5.361689E-16
15968.6616158486  5.283110E-16
15975.6121053696  5.440402E-16
15982.5625948907  5.489566E-16
15989.5130844117  5.412143E-16
15996.4635739327  5.350064E-16
16003.4140634537  5.361241E-16
16010.3645529748  5.392974E-16
16017.3150424958  5.337881E-16
16024.2655320168  5.393743E-16
16031.2160215378  5.373276E-16
16038.1665110589  5.264335E-16
16045.1170005799  5.292374E-16
16052.0674901009  5.272560E-16
16059.0179796219  5.299759E-16
16065.968469143  5.441688E-16
16072.918958664  5.394875E-16
16079.869448185  5.321099E-16
16086.819937706  5.401217E-16
16093.7704272271  5.455624E-16
16100.7209167481  5.385740E-16
16107.6714062691  5.352477E-16
16114.6218957902  5.357383E-16
16121.5723853112  5.396538E-16
16128.5228748322  5.369735E-16
16135.4733643532  5.301406E-16
16142.4238538743  5.323294E-16
16149.3743433953  5.281231E-16
16156.3248329163  5.256341E-16
16163.2753224373  5.250779E-16
16170.2258119584  5.257709E-16
16177.1763014794  5.209962E-16
16184.1267910004  5.244793E-16
16191.0772805214  5.280188E-16
16198.0277700425  5.213527E-16
16204.9782595635  5.241160E-16
16211.9287490845  5.222657E-16
16218.8792386056  5.094959E-16
16225.8297281266  5.192594E-16
16232.7802176476  5.255515E-16
16239.7307071686  5.180524E-16
16246.6811966897  5.034243E-16
16253.6316862107  4.948773E-16
16260.5821757317  5.031142E-16
16267.5326652527  5.042117E-16
16274.4831547738  4.992672E-16
16281.4336442948  4.985743E-16
16288.3841338158  5.077076E-16
16295.3346233368  5.084476E-16
16302.2851128579  5.013760E-16
16309.2356023789  4.947286E-16
16316.1860918999  5.034337E-16
16323.136581421  4.912099E-16
16330.087070942  4.862629E-16
16337.037560463  4.972980E-16
16343.988049984  4.935539E-16
16350.9385395051  5.033480E-16
16357.8890290261  5.125591E-16
16364.8395185471  5.004779E-16
16371.7900080681  4.906351E-16
16378.7404975892  4.938728E-16
16385.6909871102  4.984849E-16
16392.6414766312  4.970004E-16
16399.5919661523  5.040727E-16
16406.5424556733  5.129042E-16
16413.4929451943  5.077583E-16
16420.4434347153  5.113493E-16
16427.3939242364  5.127314E-16
16434.3444137574  4.979107E-16
16441.2949032784  4.992520E-16
16448.2453927994  5.038217E-16
16455.1958823205  5.005187E-16
16462.1463718415  4.847732E-16
16469.0968613625  4.832210E-16
16476.0473508835  4.870185E-16
16482.9978404046  4.896164E-16
16489.9483299256  4.947747E-16
16496.8988194466  4.891273E-16
16503.8493089677  4.877169E-16
16510.7997984887  4.913198E-16
16517.7502880097  4.805516E-16
16524.7007775307  4.751768E-16
16531.6512670518  4.716795E-16
16538.6017565728  4.836471E-16
16545.5522460938  4.944562E-16
16552.5027356148  4.845837E-16
16559.4532251359  4.804173E-16
16566.4037146569  4.823622E-16
16573.3542041779  4.813077E-16
16580.3046936989  4.858286E-16
16587.25518322  4.952476E-16
16594.205672741  5.008694E-16
16601.156162262  4.938910E-16
16608.106651783  4.856608E-16
16615.0571413041  4.873476E-16
16622.0076308251  4.856073E-16
16628.9581203461  4.784496E-16
16635.9086098672  4.732355E-16
16642.8590993882  4.802609E-16
16649.8095889092  4.902818E-16
16656.7600784302  4.913750E-16
16663.7105679513  4.816513E-16
16670.6610574723  4.739728E-16
16677.6115469933  4.726285E-16
16684.5620365143  4.677354E-16
16691.5125260354  4.708417E-16
16698.4630155564  4.820693E-16
16705.4135050774  4.874959E-16
16712.3639945984  4.892560E-16
16719.3144841195  4.871478E-16
16726.2649736405  4.794653E-16
16733.2154631615  4.752829E-16
16740.1659526826  4.767005E-16
16747.1164422036  4.796128E-16
16754.0669317246  4.810159E-16
16761.0174212456  4.782832E-16
16767.9679107667  4.729874E-16
16774.9184002877  4.741798E-16
16781.8688898087  4.781496E-16
16788.8193793297  4.787580E-16
16795.7698688508  4.786201E-16
16802.7203583718  4.837054E-16
16809.6708478928  4.926225E-16
16816.6213374138  4.925297E-16
16823.5718269349  4.859586E-16
16830.5223164559  4.785681E-16
16837.4728059769  4.724441E-16
16844.423295498  4.713812E-16
16851.373785019  4.736742E-16
16858.32427454  4.733341E-16
16865.274764061  4.721657E-16
16872.2252535821  4.722895E-16
16879.1757431031  4.748167E-16
16886.1262326241  4.831143E-16
16893.0767221451  4.890618E-16
16900.0272116662  4.837472E-16
16906.9777011872  4.817551E-16
16913.9281907082  4.833196E-16
16920.8786802292  4.808249E-16
16927.8291697503  4.753936E-16
16934.7796592713  4.766737E-16
16941.7301487923  4.872264E-16
16948.6806383134  4.884504E-16
16955.6311278344  4.884206E-16
16962.5816173554  4.883907E-16
16969.5321068764  4.883609E-16
16976.4825963975  4.883311E-16
16983.4330859185  4.883012E-16
16990.3835754395  4.882713E-16
16997.3340649605  4.882415E-16
17004.2845544816  4.882117E-16
17011.2350440026  4.881818E-16
17018.1855335236  4.881520E-16
17025.1360230446  4.881221E-16
17032.0865125657  4.880923E-16
17039.0370020867  4.880624E-16
17045.9874916077  4.880326E-16
17052.9379811288  4.880027E-16
17059.8884706498  4.850263E-16
17066.8389601708  4.856003E-16
17073.7894496918  4.895281E-16
17080.7399392129  4.929671E-16
17087.6904287339  4.925767E-16
17094.6409182549  4.882130E-16
17101.5914077759  4.845595E-16
17108.541897297  4.864389E-16
17115.492386818  4.911934E-16
17122.442876339  4.859019E-16
17129.39336586  4.849030E-16
17136.3438553811  4.967764E-16
17143.2943449021  5.062812E-16
17150.2448344231  5.055657E-16
17157.1953239442  5.002535E-16
17164.1458134652  5.048293E-16
17171.0963029862  5.031541E-16
17178.0467925072  4.928741E-16
17184.9972820283  4.903024E-16
17191.9477715493  4.915912E-16
17198.8982610703  4.942219E-16
17205.8487505913  4.989727E-16
17212.7992401124  5.024411E-16
17219.7497296334  5.007900E-16
17226.7002191544  4.943349E-16
17233.6507086754  4.935409E-16
17240.6011981965  4.979265E-16
17247.5516877175  5.019998E-16
17254.5021772385  5.063876E-16
17261.4526667596  5.071393E-16
17268.4031562806  5.038642E-16
17275.3536458016  5.059710E-16
17282.3041353226  5.126393E-16
17289.2546248437  5.189635E-16
17296.2051143647  5.219263E-16
17303.1556038857  5.235637E-16
17310.1060934067  5.255559E-16
17317.0565829278  5.265447E-16
17324.0070724488  5.245950E-16
17330.9575619698  5.233094E-16
17337.9080514908  5.296419E-16
17344.8585410119  5.377543E-16
17351.8090305329  5.425571E-16
17358.7595200539  5.430100E-16
17365.7100095749  5.373792E-16
17372.660499096  5.316077E-16
17379.610988617  5.326924E-16
17386.561478138  5.334802E-16
17393.5119676591  5.356741E-16
17400.4624571801  5.428309E-16
17407.4129467011  5.467974E-16
17414.3634362221  5.424015E-16
17421.3139257432  5.335956E-16
17428.2644152642  5.358384E-16
17435.2149047852  5.424838E-16
17442.1653943062  5.429145E-16
17449.1158838273  5.382205E-16
17456.0663733483  5.370194E-16
17463.0168628693  5.408696E-16
17469.9673523904  5.386607E-16
17476.9178419114  5.323355E-16
17483.8683314324  5.300781E-16
17490.8188209534  5.379363E-16
17497.7693104745  5.408520E-16
17504.7197999955  5.329134E-16
17511.6702895165  5.230554E-16
17518.6207790375  5.207140E-16
17525.5712685586  5.254030E-16
17532.5217580796  5.312972E-16
17539.4722476006  5.434005E-16
17546.4227371216  5.501520E-16
17553.3732266427  5.418036E-16
17560.3237161637  5.416689E-16
17567.2742056847  5.452798E-16
17574.2246952057  5.397585E-16
17581.1751847268  5.327493E-16
17588.1256742478  5.342267E-16
17595.0761637688  5.430646E-16
17602.0266532899  5.404185E-16
17608.9771428109  5.353718E-16
17615.9276323319  5.389590E-16
17622.8781218529  5.465539E-16
17629.828611374  5.439476E-16
17636.779100895  5.380516E-16
17643.729590416  5.554088E-16
17650.680079937  5.690035E-16
17657.6305694581  5.596968E-16
17664.5810589791  5.365964E-16
17671.5315485001  5.276806E-16
17678.4820380212  5.361507E-16
17685.4325275422  5.433740E-16
17692.3830170632  5.464695E-16
17699.3335065842  5.443192E-16
17706.2839961053  5.376277E-16
17713.2344856263  5.312553E-16
17720.1849751473  5.312700E-16
17727.1354646683  5.375246E-16
17734.0859541894  5.365147E-16
17741.0364437104  5.366982E-16
17747.9869332314  5.447853E-16
17754.9374227524  5.437071E-16
17761.8879122735  5.299241E-16
17768.8384017945  5.149104E-16
17775.7888913155  5.188681E-16
17782.7393808366  5.274987E-16
17789.6898703576  5.287207E-16
17796.6403598786  5.293491E-16
17803.5908493996  5.257975E-16
17810.5413389207  5.190213E-16
17817.4918284417  5.161441E-16
17824.4423179627  5.144042E-16
17831.3928074837  5.248293E-16
17838.3432970048  5.553568E-16
17845.2937865258  5.490406E-16
17852.2442760468  5.148456E-16
17859.1947655678  5.010340E-16
17866.1452550889  4.933488E-16
17873.0957446099  4.889962E-16
17880.0462341309  4.943119E-16
17886.996723652  5.087110E-16
17893.947213173  5.205902E-16
17900.897702694  5.204826E-16
17907.848192215  5.144838E-16
17914.7986817361  5.113815E-16
17921.7491712571  5.141370E-16
17928.6996607781  5.153506E-16
17935.6501502991  5.077357E-16
17942.6006398202  4.956082E-16
17949.5511293412  4.955639E-16
17956.5016188622  4.973687E-16
17963.4521083832  4.926428E-16
17970.4025979043  4.864332E-16
17977.3530874253  4.849504E-16
17984.3035769463  4.955715E-16
17991.2540664673  5.188182E-16
17998.2045559884  5.293776E-16
18005.1550455094  5.132127E-16
18012.1055350304  4.785991E-16
18019.0560245515  4.569292E-16
18026.0065140725  4.553088E-16
18032.9570035935  4.653664E-16
18039.9074931145  4.901058E-16
18046.8579826356  5.295605E-16
18053.8084721566  5.623003E-16
18060.7589616776  5.314753E-16
18067.7094511986  4.707914E-16
18074.6599407197  4.426618E-16
18081.6104302407  4.699311E-16
18088.5609197617  5.097184E-16
18095.5114092827  5.293722E-16
18102.4618988038  5.486719E-16
18109.4123883248  5.433950E-16
18116.3628778458  5.038748E-16
18123.3133673669  4.583488E-16
18130.2638568879  4.519382E-16
18137.2143464089  4.915019E-16
18144.1648359299  5.372504E-16
18151.115325451  5.451922E-16
18158.065814972  5.158002E-16
18165.016304493  4.872985E-16
18171.966794014  4.875159E-16
18178.9172835351  5.195704E-16
18185.8677730561  5.653639E-16
18192.8182625771  6.024754E-16
18199.7687520981  5.953637E-16
18206.7192416192  5.250362E-16
18213.6697311402  4.216194E-16
18220.6202206612  3.460765E-16
18227.5707101823  3.474173E-16
18234.5211997033  4.236347E-16
18241.4716892243  5.308616E-16
18248.4221787453  6.034455E-16
18255.3726682664  5.864987E-16
18262.3231577874  5.239643E-16
18269.2736473084  4.868751E-16
18276.2241368294  5.143365E-16
18283.1746263505  5.637733E-16
18290.1251158715  5.829283E-16
18297.0756053925  5.511269E-16
18304.0260949135  4.908742E-16
18310.9765844346  4.383361E-16
18317.9270739556  4.220374E-16
18324.8775634766  4.399090E-16
18331.8280529977  5.105893E-16
18338.7785425187  6.331360E-16
18345.7290320397  6.965154E-16
18352.6795215607  6.648872E-16
18359.6300110818  5.729845E-16
18366.5805006028  4.716983E-16
18373.5309901238  4.058032E-16
18380.4814796448  4.029726E-16
18387.4319691659  4.680486E-16
18394.3824586869  5.458864E-16
18401.3329482079  5.737834E-16
18408.2834377289  5.295400E-16
18415.23392725  4.282444E-16
18422.184416771  3.277091E-16
18429.134906292  3.057959E-16
18436.0853958131  3.515366E-16
18443.0358853341  4.427237E-16
18449.9863748551  5.736389E-16
18456.9368643761  7.281547E-16
18463.8873538972  7.990007E-16
18470.8378434182  6.643342E-16
18477.7883329392  4.496083E-16
18484.7388224602  3.153484E-16
18491.6893119813  3.332121E-16
18498.6398015023  3.634386E-16
18505.5902910233  3.729028E-16
18512.5407805443  4.225680E-16
18519.4912700654  5.564974E-16
18526.4417595864  6.471610E-16
18533.3922491074  5.717282E-16
18540.3427386285  4.260775E-16
18547.2932281495  3.762740E-16
18554.2437176705  4.677868E-16
18561.1942071915  5.103030E-16
18568.1446967126  4.698093E-16
18575.0951862336  4.311967E-16
18582.0456757546  5.134976E-16
18588.9961652756  5.821305E-16
18595.9466547967  5.215701E-16
18602.8971443177  3.771779E-16
18609.8476338387  3.230061E-16
18616.7981233597  4.149658E-16
18623.7486128808  5.427639E-16
18630.6991024018  6.021944E-16
18637.6495919228  5.597821E-16
18644.6000814439  4.690720E-16
18651.5505709649  4.421274E-16
18658.5010604859  5.152168E-16
18665.4515500069  6.287061E-16
18672.402039528  6.548016E-16
18679.352529049  5.755641E-16
18686.30301857  4.750809E-16
18693.253508091  4.813095E-16
18700.2039976121  4.773753E-16
18707.1544871331  3.621243E-16
18714.1049766541  2.970229E-16
18721.0554661751  3.392811E-16
18728.0059556962  4.144049E-16
18734.9564452172  3.588439E-16
18741.9069347382  2.954082E-16
18748.8574242592  3.271642E-16
18755.8079137803  3.865772E-16
18762.7584033013  4.036965E-16
18769.7088928223  3.586753E-16
18776.6593823434  3.008179E-16
18783.6098718644  3.224656E-16
18790.5603613854  4.200142E-16
18797.5108509064  5.007962E-16
18804.4613404275  5.117248E-16
18811.4118299485  4.586169E-16
18818.3623194695  4.010862E-16
18825.3128089905  4.300182E-16
18832.2632985116  5.038321E-16
18839.2137880326  5.203883E-16
18846.1642775536  4.531744E-16
18853.1147670746  3.924641E-16
18860.0652565957  4.050383E-16
18867.0157461167  3.960837E-16
18873.9662356377  3.919686E-16
18880.9167251588  4.417261E-16
18887.8672146798  5.265798E-16
18894.8177042008  5.598304E-16
18901.7681937218  5.123551E-16
18908.7186832429  4.632350E-16
18915.6691727639  4.406465E-16
18922.6196622849  4.229419E-16
18929.5701518059  3.672938E-16
18936.520641327  3.195929E-16
18943.471130848  3.187661E-16
18950.421620369  3.651755E-16
18957.3721098901  4.350077E-16
18964.3225994111  5.046582E-16
18971.2730889321  5.546470E-16
18978.2235784531  5.598752E-16
18985.1740679742  5.102945E-16
18992.1245574952  4.138992E-16
18999.0750470162  2.895554E-16
19006.0255365372  2.380107E-16
19012.9760260583  3.145289E-16
19019.9265155793  3.943645E-16
19026.8770051003  4.112296E-16
19033.8274946213  3.908748E-16
19040.7779841424  4.381516E-16
19047.7284736634  4.566101E-16
19054.6789631844  3.768956E-16
19061.6294527055  2.912012E-16
19068.5799422265  2.439438E-16
19075.5304317475  2.601055E-16
19082.4809212685  3.441946E-16
19089.4314107896  4.257379E-16
19096.3819003106  4.682530E-16
19103.3323898316  4.858781E-16
19110.2828793526  4.460562E-16
19117.2333688737  3.894162E-16
19124.1838583947  3.827039E-16
19131.1343479157  3.442980E-16
19138.0848374367  2.805950E-16
19145.0353269578  2.584825E-16
19151.9858164788  2.848909E-16
19158.9363059998  2.990103E-16
19165.8867955209  2.657922E-16
19172.8372850419  2.850753E-16
19179.7877745629  3.729208E-16
19186.7382640839  4.731855E-16
19193.688753605  5.013832E-16
19200.639243126  4.172175E-16
19207.589732647  2.748719E-16
19214.540222168  2.174135E-16
19221.4907116891  2.628988E-16
19228.4412012101  3.508708E-16
19235.3916907311  3.969312E-16
19242.3421802521  3.677671E-16
19249.2926697732  3.192169E-16
19256.2431592942  3.478980E-16
19263.1936488152  3.890152E-16
19270.1441383362  3.899300E-16
19277.0946278573  3.556979E-16
19284.0451173783  3.159781E-16
19290.9956068993  3.095935E-16
19297.9460964204  3.443582E-16
19304.8965859414  3.392001E-16
19311.8470754624  3.010523E-16
19318.7975649834  2.875273E-16
19325.7480545045  3.155226E-16
19332.6985440255  3.398468E-16
19339.6490335465  3.244225E-16
19346.5995230675  3.143511E-16
19353.5500125886  3.306947E-16
19360.5005021096  3.579286E-16
19367.4509916306  3.507629E-16
19374.4014811516  3.425964E-16
19381.3519706727  3.518468E-16
19388.3024601937  3.392772E-16
19395.2529497147  3.120286E-16
19402.2034392358  2.876147E-16
19409.1539287568  2.768331E-16
19416.1044182778  2.813774E-16
19423.0549077988  3.077535E-16
19430.0053973199  3.562604E-16
19436.9558868409  3.731112E-16
19443.9063763619  3.499401E-16
19450.8568658829  3.225604E-16
19457.807355404  3.156714E-16
19464.757844925  3.289935E-16
19471.708334446  3.433811E-16
19478.6588239671  3.383739E-16
19485.6093134881  3.182616E-16
19492.5598030091  3.013617E-16
19499.5102925301  3.011967E-16
19506.4607820512  3.120315E-16
19513.4112715722  3.227008E-16
19520.3617610932  3.302578E-16
19527.3122506142  3.302844E-16
19534.2627401353  3.249585E-16
19541.2132296563  3.237882E-16
19548.1637191773  3.211971E-16
19555.1142086983  3.110595E-16
19562.0646982194  2.939973E-16
19569.0151877404  2.723829E-16
19575.9656772614  2.565510E-16
19582.9161667824  2.580413E-16
19589.8666563035  2.641177E-16
19596.8171458245  2.677067E-16
19603.7676353455  2.727618E-16
19610.7181248666  2.869324E-16
19617.6686143876  3.058819E-16
19624.6191039086  3.147618E-16
19631.5695934296  2.966665E-16
19638.5200829507  2.741147E-16
19645.4705724717  2.738894E-16
19652.4210619927  2.783810E-16
19659.3715515137  2.754636E-16
19666.3220410348  2.673897E-16
19673.2725305558  2.721835E-16
19680.2230200768  2.755754E-16
19687.1735095978  2.703705E-16
19694.1239991189  2.793411E-16
19701.0744886399  2.926058E-16
19708.0249781609  2.972608E-16
19714.975467682  2.933861E-16
19721.925957203  2.830274E-16
19728.876446724  2.756492E-16
19735.826936245  2.818935E-16
19742.7774257661  2.870419E-16
19749.7279152871  2.838505E-16
19756.6784048081  2.782002E-16
19763.6288943291  2.758507E-16
19770.5793838502  2.799642E-16
19777.5298733712  2.892199E-16
19784.4803628922  2.976366E-16
19791.4308524133  2.963662E-16
19798.3813419343  2.820456E-16
19805.3318314553  2.657994E-16
19812.2823209763  2.621277E-16
19819.2328104974  2.751137E-16
19826.1833000184  2.882992E-16
19833.1337895394  2.904444E-16
19840.0842790604  2.838417E-16
19847.0347685815  2.849259E-16
19853.9852581025  2.853509E-16
19860.9357476235  2.787335E-16
19867.8862371445  2.742526E-16
19874.8367266656  2.733314E-16
19881.7872161866  2.756376E-16
19888.7377057076  2.801956E-16
19895.6881952287  2.793755E-16
19902.6386847497  2.715489E-16
19909.5891742707  2.634884E-16
19916.5396637917  2.651624E-16
19923.4901533128  2.747062E-16
19930.4406428338  2.819782E-16
19937.3911323548  2.830171E-16
19944.3416218758  2.806426E-16
19951.2921113969  2.810325E-16
19958.2426009179  2.875299E-16
19965.1930904389  2.974840E-16
19972.1435799599  3.047095E-16
19979.094069481  3.035263E-16
19986.044559002  3.022147E-16
19992.995048523  3.057546E-16
19999.945538044  3.025173E-16
20006.8960275651  2.944892E-16
20013.8465170861  2.857396E-16
20020.7970066071  2.760930E-16
20027.7474961282  2.744733E-16
20034.6979856492  2.806522E-16
20041.6484751702  2.812402E-16
20048.5989646912  2.682626E-16
20055.5494542123  2.502125E-16
20062.4999437333  2.438640E-16
20069.4504332543  2.335689E-16
20076.4009227753  2.282303E-16
20083.3514122964  2.508768E-16
20090.3019018174  2.825800E-16
20097.2523913384  3.004417E-16
20104.2028808594  2.961714E-16
20111.1533703805  2.928446E-16
20118.1038599015  2.846503E-16
20125.0543494225  2.613723E-16
20132.0048389436  2.473288E-16
20138.9553284646  2.428829E-16
20145.9058179856  2.424609E-16
20152.8563075066  2.541038E-16
20159.8067970277  2.671735E-16
20166.7572865487  2.689922E-16
20173.7077760697  2.586029E-16
20180.6582655907  2.515907E-16
20187.6087551118  2.542064E-16
20194.5592446328  2.543670E-16
20201.5097341538  2.543593E-16
20208.4602236748  2.551973E-16
20215.4107131959  2.535476E-16
20222.3612027169  2.544332E-16
20229.3116922379  2.566637E-16
20236.262181759  2.548432E-16
20243.21267128  2.560306E-16
20250.163160801  2.589346E-16
20257.113650322  2.583746E-16
20264.0641398431  2.619253E-16
20271.0146293641  2.659062E-16
20277.9651188851  2.636881E-16
20284.9156084061  2.614567E-16
20291.8660979272  2.601621E-16
20298.8165874482  2.592943E-16
20305.7670769692  2.620393E-16
20312.7175664902  2.618194E-16
20319.6680560113  2.564571E-16
20326.6185455323  2.569408E-16
20333.5690350533  2.610809E-16
20340.5195245744  2.631033E-16
20347.4700140954  2.605513E-16
20354.4205036164  2.562763E-16
20361.3709931374  2.512939E-16
20368.3214826585  2.443127E-16
20375.2719721795  2.457474E-16
20382.2224617005  2.552458E-16
20389.1729512215  2.613244E-16
20396.1234407426  2.611380E-16
20403.0739302636  2.579984E-16
20410.0244197846  2.566701E-16
20416.9749093056  2.551394E-16
20423.9253988267  2.530056E-16
20430.8758883477  2.518043E-16
20437.8263778687  2.537436E-16
20444.7768673898  2.570408E-16
20451.7273569108  2.585691E-16
20458.6778464318  2.576073E-16
20465.6283359528  2.596350E-16
20472.5788254739  2.658096E-16
20479.5293149949  2.657412E-16
20486.4798045159  2.597946E-16
20493.4302940369  2.525893E-16
20500.380783558  2.477751E-16
20507.331273079  2.491918E-16
20514.2817626  2.547423E-16
20521.232252121  2.572174E-16
20528.1827416421  2.581148E-16
20535.1332311631  2.581693E-16
20542.0837206841  2.559536E-16
20549.0342102051  2.550258E-16
20555.9846997262  2.532848E-16
20562.9351892472  2.469815E-16
20569.8856787682  2.459998E-16
20576.8361682893  2.522321E-16
20583.7866578103  2.593476E-16
20590.7371473313  2.597522E-16
20597.6876368523  2.569670E-16
20604.6381263734  2.581737E-16
20611.5886158944  2.619998E-16
20618.5391054154  2.656205E-16
20625.4895949364  2.661817E-16
20632.4400844575  2.618197E-16
20639.3905739785  2.555761E-16
20646.3410634995  2.532622E-16
20653.2915530205  2.596241E-16
20660.2420425416  2.643128E-16
20667.1925320626  2.609347E-16
20674.1430215836  2.552197E-16
20681.0935111047  2.481489E-16
20688.0440006257  2.416297E-16
20694.9944901467  2.394760E-16
20701.9449796677  2.459188E-16
20708.8954691888  2.541269E-16
20715.8459587098  2.527094E-16
20722.7964482308  2.501334E-16
20729.7469377518  2.534571E-16
20736.6974272729  2.620847E-16
20743.6479167939  2.659542E-16
20750.5984063149  2.643227E-16
20757.5488958359  2.626313E-16
20764.499385357  2.635269E-16
20771.449874878  2.623880E-16
20778.400364399  2.568304E-16
20785.3508539201  2.559858E-16
20792.3013434411  2.623976E-16
20799.2518329621  2.708932E-16
20806.2023224831  2.711248E-16
20813.1528120042  2.659853E-16
20820.1033015252  2.620353E-16
20827.0537910462  2.622811E-16
20834.0042805672  2.666002E-16
20840.9547700883  2.692393E-16
20847.9052596093  2.632778E-16
20854.8557491303  2.616179E-16
20861.8062386514  2.655742E-16
20868.7567281724  2.634815E-16
20875.7072176934  2.567114E-16
20882.6577072144  2.529619E-16
20889.6081967355  2.573769E-16
20896.5586862565  2.571494E-16
20903.5091757775  2.547940E-16
20910.4596652985  2.589444E-16
20917.4101548196  2.613659E-16
20924.3606443406  2.590176E-16
20931.3111338616  2.563251E-16
20938.2616233826  2.636810E-16
20945.2121129037  2.679245E-16
20952.1626024247  2.573999E-16
20959.1130919457  2.437929E-16
20966.0635814667  2.380746E-16
20973.0140709878  2.423152E-16
20979.9645605088  2.471902E-16
20986.9150500298  2.502351E-16
20993.8655395509  2.506827E-16
21000.8160290719  2.480458E-16
21007.7665185929  2.508835E-16
21014.7170081139  2.575744E-16
21021.667497635  2.565107E-16
21028.617987156  2.503130E-16
21035.568476677  2.431698E-16
21042.5189661981  2.382936E-16
21049.4694557191  2.403240E-16
21056.4199452401  2.476208E-16
21063.3704347611  2.534619E-16
21070.3209242821  2.501395E-16
21077.2714138032  2.457641E-16
21084.2219033242  2.491693E-16
21091.1723928452  2.491395E-16
21098.1228823663  2.480096E-16
21105.0733718873  2.509403E-16
21112.0238614083  2.543183E-16
21118.9743509293  2.540127E-16
21125.9248404504  2.503050E-16
21132.8753299714  2.496889E-16
21139.8258194924  2.515197E-16
21146.7763090134  2.512728E-16
21153.7267985345  2.449403E-16
21160.6772880555  2.394782E-16
21167.6277775765  2.406889E-16
21174.5782670976  2.470828E-16
21181.5287566186  2.470158E-16
21188.4792461396  2.406098E-16
21195.4297356606  2.383298E-16
21202.3802251817  2.389487E-16
21209.3307147027  2.428470E-16
21216.2812042237  2.495173E-16
21223.2316937447  2.476220E-16
21230.1821832658  2.418211E-16
21237.1326727868  2.418496E-16
21244.0831623078  2.422358E-16
21251.0336518288  2.393976E-16
21257.9841413499  2.332527E-16
21264.9346308709  2.269373E-16
21271.8851203919  2.314906E-16
21278.835609913  2.462067E-16
21285.786099434  2.486204E-16
21292.736588955  2.429701E-16
21299.687078476  2.375602E-16
21306.6375679971  2.317609E-16
21313.5880575181  2.308978E-16
21320.5385470391  2.350376E-16
21327.4890365601  2.373638E-16
21334.4395260812  2.353924E-16
21341.3900156022  2.328574E-16
21348.3405051232  2.355386E-16
21355.2909946442  2.386682E-16
21362.2414841653  2.355396E-16
21369.1919736863  2.242368E-16
21376.1424632073  2.156766E-16
21383.0929527284  2.162277E-16
21390.0434422494  2.235420E-16
21396.9939317704  2.263206E-16
21403.9444212914  2.230629E-16
21410.8949108125  2.197827E-16
21417.8454003335  2.229900E-16
21424.7958898545  2.257621E-16
21431.7463793755  2.212352E-16
21438.6968688966  2.147534E-16
21445.6473584176  2.174763E-16
21452.5978479386  2.302038E-16
21459.5483374596  2.372898E-16
21466.4988269807  2.370962E-16
21473.4493165017  2.323483E-16
21480.3998060227  2.253497E-16
21487.3502955438  2.201156E-16
21494.3007850648  2.199649E-16
21501.2512745858  2.246146E-16
21508.2017641068  2.233768E-16
21515.1522536279  2.214589E-16
21522.1027431489  2.313719E-16
21529.0532326699  2.385340E-16
21536.0037221909  2.345030E-16
21542.954211712  2.231630E-16
21549.904701233  2.193057E-16
21556.855190754  2.224483E-16
21563.805680275  2.238917E-16
21570.7561697961  2.211923E-16
21577.7066593171  2.174210E-16
21584.6571488381  2.169498E-16
21591.6076383591  2.208398E-16
21598.5581278802  2.277255E-16
21605.5086174012  2.340876E-16
21612.4591069222  2.359580E-16
21619.4095964433  2.318710E-16
21626.3600859643  2.262671E-16
21633.3105754853  2.278760E-16
21640.2610650063  2.350005E-16
21647.2115545274  2.404594E-16
21654.1620440484  2.381979E-16
21661.1125335694  2.369760E-16
21668.0630230904  2.424183E-16
21675.0135126115  2.505121E-16
21681.9640021325  2.453608E-16
21688.9144916535  2.329202E-16
21695.8649811745  2.298734E-16
21702.8154706956  2.291223E-16
21709.7659602166  2.315988E-16
21716.7164497376  2.391702E-16
21723.6669392587  2.397882E-16
21730.6174287797  2.353411E-16
21737.5679183007  2.319879E-16
21744.5184078217  2.275333E-16
21751.4688973428  2.264647E-16
21758.4193868638  2.300243E-16
21765.3698763848  2.301452E-16
21772.3203659058  2.302822E-16
21779.2708554269  2.324075E-16
21786.2213449479  2.315821E-16
21793.1718344689  2.351151E-16
21800.1223239899  2.422670E-16
21807.072813511  2.415612E-16
21814.023303032  2.358384E-16
21820.973792553  2.324144E-16
21827.9242820741  2.364561E-16
21834.8747715951  2.433915E-16
21841.8252611161  2.455924E-16
21848.7757506371  2.395464E-16
21855.7262401582  2.358082E-16
21862.6767296792  2.358521E-16
21869.6272192002  2.356809E-16
21876.5777087212  2.378443E-16
21883.5281982423  2.427985E-16
21890.4786877633  2.478609E-16
21897.4291772843  2.477855E-16
21904.3796668053  2.434299E-16
21911.3301563264  2.383348E-16
21918.2806458474  2.348322E-16
21925.2311353684  2.312177E-16
21932.1816248895  2.269568E-16
21939.1321144105  2.252473E-16
21946.0826039315  2.252169E-16
21953.0330934525  2.246628E-16
21959.9835829736  2.224964E-16
21966.9340724946  2.229160E-16
21973.8845620156  2.281568E-16
21980.8350515366  2.360682E-16
21987.7855410577  2.415919E-16
21994.7360305787  2.421261E-16
22001.6865200997  2.389083E-16
22008.6370096208  2.348944E-16
22015.5874991418  2.312485E-16
22022.5379886628  2.285856E-16
22029.4884781838  2.305493E-16
22036.4389677049  2.326189E-16
22043.3894572259  2.284342E-16
22050.3399467469  2.192063E-16
22057.2904362679  2.141695E-16
22064.240925789  2.189892E-16
22071.19141531  2.258420E-16
22078.141904831  2.295828E-16
22085.092394352  2.281304E-16
22092.0428838731  2.223144E-16
22098.9933733941  2.220398E-16
22105.9438629151  2.268710E-16
22112.8943524361  2.224887E-16
22119.8448419572  2.203288E-16
22126.7953314782  2.269162E-16
22133.7458209992  2.343534E-16
22140.6963105203  2.311558E-16
22147.6468000413  2.244220E-16
22154.5972895623  2.306361E-16
22161.5477790833  2.352781E-16
22168.4982686044  2.302377E-16
22175.4487581254  2.201219E-16
22182.3992476464  2.184298E-16
22189.3497371674  2.213438E-16
22196.3002266885  2.193657E-16
22203.2507162095  2.197172E-16
22210.2012057305  2.223301E-16
22217.1516952515  2.247809E-16
22224.1021847726  2.292899E-16
22231.0526742936  2.272014E-16
22238.0031638146  2.153670E-16
22244.9536533356  2.069493E-16
22251.9041428567  2.104057E-16
22258.8546323777  2.220863E-16
22265.8051218987  2.265619E-16
22272.7556114198  2.164592E-16
22279.7061009408  2.024419E-16
22286.6565904618  2.060138E-16
22293.6070799828  2.178659E-16
22300.5575695039  2.234988E-16
22307.5080590249  2.164860E-16
22314.4585485459  2.077254E-16
22321.4090380669  2.044632E-16
22328.359527588  2.059112E-16
22335.310017109  2.072602E-16
22342.26050663  2.047814E-16
22349.210996151  1.980670E-16
22356.1614856721  1.906035E-16
22363.1119751931  1.898443E-16
22370.0624647141  1.986536E-16
22377.0129542352  2.071288E-16
22383.9634437562  2.097489E-16
22390.9139332772  2.053440E-16
22397.8644227982  1.960551E-16
22404.8149123193  1.917414E-16
22411.7654018403  1.959723E-16
22418.7158913613  1.997049E-16
22425.6663808823  2.000294E-16
22432.6168704034  1.988618E-16
22439.5673599244  1.999464E-16
22446.5178494454  1.976464E-16
22453.4683389665  1.934909E-16
22460.4188284875  1.962446E-16
22467.3693180085  2.032866E-16
22474.3198075295  2.078590E-16
22481.2702970506  2.051309E-16
22488.2207865716  2.006638E-16
22495.1712760926  1.959572E-16
22502.1217656136  1.897341E-16
22509.0722551347  1.842729E-16
22516.0227446557  1.831609E-16
22522.9732341767  1.873486E-16
22529.9237236977  1.910090E-16
22536.8742132188  1.912864E-16
22543.8247027398  1.884040E-16
22550.7751922608  1.845478E-16
22557.7256817819  1.802528E-16
22564.6761713029  1.790659E-16
22571.6266608239  1.881265E-16
22578.5771503449  1.928359E-16
22585.527639866  1.854238E-16
22592.478129387  1.779030E-16
22599.428618908  1.847270E-16
22606.379108429  1.987040E-16
22613.3295979501  1.953150E-16
22620.2800874711  1.810286E-16
22627.2305769921  1.728222E-16
22634.1810665131  1.819756E-16
22641.1315560342  1.909671E-16
22648.0820455552  1.942468E-16
22655.0325350762  1.985317E-16
22661.9830245973  2.052983E-16
22668.9335141183  2.111829E-16
22675.8840036393  2.107691E-16
22682.8344931603  2.007815E-16
22689.7849826814  1.896504E-16
22696.7354722024  1.846176E-16
22703.6859617234  1.781637E-16
22710.6364512444  1.792806E-16
22717.5869407655  1.905093E-16
22724.5374302865  1.931457E-16
22731.4879198075  1.912438E-16
22738.4384093285  1.898418E-16
22745.3888988496  1.843167E-16
22752.3393883706  1.843734E-16
22759.2898778916  1.896205E-16
22766.2403674127  1.864362E-16
22773.1908569337  1.778448E-16
22780.1413464547  1.733147E-16
22787.0918359757  1.799376E-16
22794.0423254968  1.894889E-16
22800.9928150178  1.906355E-16
22807.9433045388  1.790586E-16
22814.8937940598  1.699945E-16
22821.8442835809  1.667400E-16
22828.7947731019  1.651830E-16
22835.7452626229  1.702226E-16
22842.6957521439  1.738491E-16
22849.646241665  1.695183E-16
22856.596731186  1.693396E-16
22863.547220707  1.757171E-16
22870.4977102281  1.839539E-16
22877.4481997491  1.874798E-16
22884.3986892701  1.885698E-16
22891.3491787911  1.889072E-16
22898.2996683122  1.843252E-16
22905.2501578332  1.768289E-16
22912.2006473542  1.721711E-16
22919.1511368752  1.756584E-16
22926.1016263963  1.813615E-16
22933.0521159173  1.815617E-16
22940.0026054383  1.736751E-16
22946.9530949593  1.687324E-16
22953.9035844804  1.708831E-16
22960.8540740014  1.751042E-16
22967.8045635224  1.759352E-16
22974.7550530434  1.755401E-16
22981.7055425645  1.785813E-16
22988.6560320855  1.808506E-16
22995.6065216065  1.828243E-16
23002.5570111276  1.854938E-16
23009.5075006486  1.838424E-16
23016.4579901696  1.794542E-16
23023.4084796906  1.780607E-16
23030.3589692117  1.850073E-16
23037.3094587327  1.859277E-16
23044.2599482537  1.753133E-16
23051.2104377747  1.726242E-16
23058.1609272958  1.810315E-16
23065.1114168168  1.903546E-16
23072.0619063378  1.861058E-16
23079.0123958589  1.839188E-16
23085.9628853799  1.871684E-16
23092.9133749009  1.808283E-16
23099.8638644219  1.734544E-16
23106.814353943  1.725597E-16
23113.764843464  1.767723E-16
23120.715332985  1.732937E-16
23127.665822506  1.683453E-16
23134.6163120271  1.753217E-16
23141.5668015481  1.807173E-16
23148.5172910691  1.781995E-16
23155.4677805901  1.736405E-16
23162.4182701112  1.841713E-16
23169.3687596322  1.915055E-16
23176.3192491532  1.775987E-16
23183.2697386743  1.638614E-16
23190.2202281953  1.619674E-16
23197.1707177163  1.690463E-16
23204.1212072373  1.695959E-16
23211.0716967584  1.664483E-16
23218.0221862794  1.677271E-16
23224.9726758004  1.759061E-16
23231.9231653214  1.770950E-16
23238.8736548425  1.663927E-16
23245.8241443635  1.558945E-16
23252.7746338845  1.594769E-16
23259.7251234055  1.723663E-16
23266.6756129266  1.760436E-16
23273.6261024476  1.711997E-16
23280.5765919686  1.672911E-16
23287.5270814897  1.715284E-16
23294.4775710107  1.717496E-16
23301.4280605317  1.679388E-16
23308.3785500527  1.669802E-16
23315.3290395738  1.662832E-16
23322.2795290948  1.622240E-16
23329.2300186158  1.547444E-16
23336.1805081368  1.509842E-16
23343.1309976579  1.494280E-16
23350.0814871789  1.474795E-16
23357.0319766999  1.484575E-16
23363.9824662209  1.484832E-16
23370.932955742  1.496564E-16
23377.883445263  1.638134E-16
23384.833934784  1.758805E-16
23391.784424305  1.784470E-16
23398.7349138261  1.817591E-16
23405.6854033471  1.728203E-16
23412.6358928681  1.558187E-16
23419.5863823892  1.525820E-16
23426.5368719102  1.592394E-16
23433.4873614312  1.654422E-16
23440.4378509522  1.639636E-16
23447.3883404733  1.593191E-16
23454.3388299943  1.590512E-16
23461.2893195153  1.676892E-16
23468.2398090363  1.813986E-16
23475.1902985574  1.852118E-16
23482.1407880784  1.703372E-16
23489.0912775994  1.533222E-16
23496.0417671205  1.497783E-16
23502.9922566415  1.623458E-16
23509.9427461625  1.744324E-16
23516.8932356835  1.750884E-16
23523.8437252046  1.663669E-16
23530.7942147256  1.633327E-16
23537.7447042466  1.666226E-16
23544.6951937676  1.698851E-16
23551.6456832887  1.671817E-16
23558.5961728097  1.638230E-16
23565.5466623307  1.672805E-16
23572.4971518517  1.787893E-16
23579.4476413728  1.776079E-16
23586.3981308938  1.695760E-16
23593.3486204148  1.772918E-16
23600.2991099358  1.775704E-16
23607.2495994569  1.659813E-16
23614.2000889779  1.573408E-16
23621.1505784989  1.604053E-16
23628.10106802  1.732111E-16
23635.051557541  1.849979E-16
23642.002047062  1.819182E-16
23648.952536583  1.732150E-16
23655.9030261041  1.721147E-16
23662.8535156251  1.736080E-16
23669.8040051461  1.697794E-16
23676.7544946671  1.641911E-16
23683.7049841882  1.774177E-16
23690.6554737092  2.002941E-16
23697.6059632302  2.106232E-16
23704.5564527512  1.915731E-16
23711.5069422723  1.614731E-16
23718.4574317933  1.451285E-16
23725.4079213143  1.530115E-16
23732.3584108354  1.605304E-16
23739.3089003564  1.598829E-16
23746.2593898774  1.642705E-16
23753.2098793984  1.653176E-16
23760.1603689195  1.586436E-16
23767.1108584405  1.489004E-16
23774.0613479615  1.483165E-16
23781.0118374825  1.565405E-16
23787.9623270036  1.642096E-16
23794.9128165246  1.646962E-16
23801.8633060456  1.621560E-16
23808.8137955666  1.620430E-16
23815.7642850877  1.588304E-16
23822.7147746087  1.691065E-16
23829.6652641297  1.911750E-16
23836.6157536508  1.788830E-16
23843.5662431718  1.525778E-16
23850.5167326928  1.417579E-16
23857.4672222138  1.453419E-16
23864.4177117349  1.587405E-16
23871.3682012559  1.689206E-16
23878.3186907769  1.616668E-16
23885.2691802979  1.557308E-16
23892.219669819  1.624717E-16
23899.17015934  1.740091E-16
23906.120648861  1.757465E-16
23913.071138382  1.731837E-16
23920.0216279031  1.822705E-16
23926.9721174241  1.910115E-16
23933.9226069451  1.827208E-16
23940.8730964662  1.562053E-16
23947.8235859872  1.500001E-16
23954.7740755082  1.622314E-16
23961.7245650292  1.704677E-16
23968.6750545503  1.717029E-16
23975.6255440713  1.702770E-16
23982.5760335923  1.717318E-16
23989.5265231133  1.760578E-16
23996.4770126344  1.739810E-16
24003.4275021554  1.637549E-16
24010.3779916764  1.596487E-16
24017.3284811974  1.620035E-16
24024.2789707185  1.658693E-16
24031.2294602395  1.671774E-16
24038.1799497605  1.656401E-16
24045.1304392816  1.635171E-16
24052.0809288026  1.649599E-16
24059.0314183236  1.808198E-16
24065.9819078446  1.962143E-16
24072.9323973657  1.838876E-16
24079.8828868867  1.602928E-16
24086.8333764077  1.445312E-16
24093.7838659287  1.451267E-16
24100.7343554498  1.548735E-16
24107.6848449708  1.665094E-16
24114.6353344918  1.735246E-16
24121.5858240128  1.666414E-16
24128.5363135339  1.652371E-16
24135.4868030549  1.806190E-16
24142.4372925759  1.797980E-16
24149.387782097  1.630343E-16
24156.338271618  1.482585E-16
24163.288761139  1.512588E-16
24170.23925066  1.677178E-16
24177.1897401811  1.804694E-16
24184.1402297021  1.718263E-16
24191.0907192231  1.526604E-16
24198.0412087441  1.347020E-16
24204.9916982652  1.210718E-16
24211.9421877862  1.296200E-16
24218.8926773072  1.526444E-16
24225.8431668282  1.627980E-16
24232.7936563493  1.651209E-16
24239.7441458703  1.675759E-16
24246.6946353913  1.725946E-16
24253.6451249123  1.746177E-16
24260.5956144334  1.735054E-16
24267.5461039544  1.732447E-16
24274.4965934754  1.761505E-16
24281.4470829965  1.773345E-16
24288.3975725175  1.723880E-16
24295.3480620385  1.665809E-16
24302.2985515595  1.608179E-16
24309.2490410806  1.571659E-16
24316.1995306016  1.628207E-16
24323.1500201226  1.682492E-16
24330.1005096436  1.733975E-16
24337.0509991647  1.958642E-16
24344.0014886857  2.009298E-16
24350.9519782067  1.679249E-16
24357.9024677278  1.196467E-16
24364.8529572488  1.009485E-16
24371.8034467698  1.181258E-16
24378.7539362908  1.353905E-16
24385.7044258119  1.412153E-16
24392.6549153329  1.412161E-16
24399.6054048539  1.484097E-16
24406.5558943749  1.652015E-16
24413.506383896  1.728350E-16
24420.456873417  1.554271E-16
24427.407362938  1.411917E-16
24434.357852459  1.431565E-16
24441.3083419801  1.554704E-16
24448.2588315011  1.613355E-16
24455.2093210221  1.596545E-16
24462.1598105432  1.528040E-16
24469.1103000642  1.340708E-16
24476.0607895852  1.216273E-16
24483.0112791062  1.328295E-16
24489.9617686273  1.635777E-16
24496.9122581483  1.762902E-16
24503.8627476693  1.637100E-16
24510.8132371903  1.661491E-16
24517.7637267114  1.749378E-16
24524.7142162324  1.704984E-16
24531.6647057534  1.454469E-16
24538.6151952744  1.287427E-16
24545.5656847955  1.286204E-16
24552.5161743165  1.286839E-16
24559.4666638375  1.249268E-16
24566.4171533586  1.231856E-16
24573.3676428796  1.319775E-16
24580.3181324006  1.498594E-16
24587.2686219216  1.586329E-16
24594.2191114427  1.482814E-16
24601.1696009637  1.492117E-16
24608.1200904847  1.700674E-16
24615.0705800057  1.912345E-16
24622.0210695268  1.719025E-16
24628.9715590478  1.343264E-16
24635.9220485688  1.160567E-16
24642.8725380898  1.246563E-16
24649.8230276109  1.444324E-16
24656.7735171319  1.554692E-16
24663.7240066529  1.495680E-16
24670.6744961739  1.369681E-16
24677.624985695  1.346790E-16
24684.575475216  1.527650E-16
24691.525964737  1.708409E-16
24698.4764542581  1.728848E-16
24705.4269437791  1.599315E-16
24712.3774333001  1.480123E-16
24719.3279228211  1.398798E-16
24726.2784123422  1.268466E-16
24733.2289018632  1.081222E-16
24740.1793913842  9.560346E-17
24747.1298809052  1.024802E-16
24754.0803704263  1.255525E-16
24761.0308599473  1.443829E-16
24767.9813494683  1.434191E-16
24774.9318389894  1.354730E-16
24781.8823285104  1.398602E-16
24788.8328180314  1.594635E-16
24795.7833075524  1.678227E-16
24802.7337970735  1.625794E-16
24809.6842865945  1.555450E-16
24816.6347761155  1.601695E-16
24823.5852656365  1.690423E-16
24830.5357551576  1.748537E-16
24837.4862446786  1.772438E-16
24844.4367341996  1.512313E-16
24851.3872237206  1.180535E-16
24858.3377132417  1.316916E-16
24865.2882027627  1.607254E-16
24872.2386922837  1.650182E-16
24879.1891818048  1.324080E-16
24886.1396713258  1.089645E-16
24893.0901608468  1.100388E-16
24900.0406503678  1.202293E-16
24906.9911398889  1.263773E-16
24913.9416294099  1.434299E-16
24920.8921189309  1.813036E-16
24927.8426084519  2.011497E-16
24934.793097973  1.893210E-16
24941.743587494  1.569458E-16
24948.694077015  1.293259E-16
24955.644566536  1.016348E-16
24962.5950560571  8.118494E-17
24969.5455455781  1.068554E-16
24976.4960350991  1.362751E-16
24983.4465246201  1.379249E-16
24990.3970141412  1.335264E-16
24997.3475036622  1.376970E-16
25004.2979931832  1.466515E-16
25011.2484827043  1.440053E-16
25018.1989722253  1.452341E-16
25025.1494617463  1.494082E-16
25032.0999512673  1.434977E-16
25039.0504407884  1.508591E-16
25046.0009303094  1.741335E-16
25052.9514198304  1.919996E-16
25059.9019093514  1.760468E-16
25066.8523988725  1.446247E-16
25073.8028883935  1.345332E-16
25080.7533779145  1.493500E-16
25087.7038674355  1.781741E-16
25094.6543569566  2.025211E-16
25101.6048464776  2.054249E-16
25108.5553359986  1.725293E-16
25115.5058255197  1.186739E-16
25122.4563150407  9.625291E-17
25129.4068045617  1.236200E-16
25136.3572940827  1.569190E-16
25143.3077836038  1.115045E-16
25150.2582731248  5.983714E-17
25157.2087626458  4.554189E-17
25164.1592521668  2.546645E-17
25171.1097416879  -5.559124E-18
25178.0602312089  -5.157063E-18
25185.0107207299  7.730616E-17
25191.9612102509  1.841380E-16
25198.911699772  2.533866E-16
25205.862189293  2.592135E-16
25212.812678814  2.334889E-16
25219.7631683351  1.856378E-16
25226.7136578561  1.213885E-16
25233.6641473771  9.442712E-17
25240.6146368981  9.767316E-17
25247.5651264192  1.065478E-16
25254.5156159402  1.406622E-16
25261.4661054612  1.562673E-16
25268.4165949822  1.105525E-16
25275.3670845033  2.415912E-17
25282.3175740243  4.280022E-17
25289.2680635453  2.016669E-16
25296.2185530663  3.173506E-16
25303.1690425874  3.163589E-16
25310.1195321084  2.286541E-16
25317.0700216294  1.477427E-16
25324.0205111505  7.274122E-17
25330.9710006715  2.580501E-17
25337.9214901925  6.707582E-17
25344.8719797135  2.189626E-16
25351.8224692346  3.945666E-16
25358.7729587556  4.494310E-16
25365.7234482766  3.254422E-16
25372.6739377976  1.270006E-16
25379.6244273187  1.943927E-17
25386.5749168397  3.762195E-17
25393.5254063607  1.417285E-16
25400.4758958817  2.478259E-16
25407.4263854028  2.668681E-16
25414.3768749238  2.791739E-16
25421.3273644448  3.703277E-16
25428.2778539659  4.669862E-16
25435.2283434869  2.468370E-16
25442.1788330079  -2.119115E-16
25449.1293225289  -1.805123E-16
25456.07981205  -1.854237E-17
25463.030301571  -3.999276E-17
25469.980791092  -1.196740E-18
25476.931280613  0.
