9427.29101562503  1.065061E-15
9434.24137783054  1.004993E-15
9441.19174003604  9.731866E-16
9448.14210224154  1.044913E-15
9455.09246444705  9.223626E-16
9462.04282665256  8.928407E-16
9468.99318885806  9.231028E-16
9475.94355106357  9.178439E-16
9482.89391326907  9.705595E-16
9489.84427547458  9.025784E-16
9496.79463768008  8.838253E-16
9503.74499988559  9.621080E-16
9510.6953620911  9.392219E-16
9517.6457242966  8.976333E-16
9524.5960865021  8.591921E-16
9531.54644870761  8.278431E-16
9538.49681091312  8.343628E-16
9545.44717311862  8.341899E-16
9552.39753532413  8.752711E-16
9559.34789752963  8.524948E-16
9566.29825973514  8.150440E-16
9573.24862194064  7.685872E-16
9580.19898414615  7.380758E-16
9587.14934635165  7.170293E-16
9594.09970855716  7.031227E-16
9601.05007076266  7.137785E-16
9608.00043296817  7.718812E-16
9614.95079517368  6.985367E-16
9621.90115737918  7.276269E-16
9628.85151958468  7.689461E-16
9635.80188179019  7.513289E-16
9642.7522439957  7.387696E-16
9649.7026062012  7.486703E-16
9656.65296840671  6.885072E-16
9663.60333061221  7.123551E-16
9670.55369281772  7.944263E-16
9677.50405502322  7.365467E-16
9684.45441722873  7.097822E-16
9691.40477943424  7.496008E-16
9698.35514163974  7.097105E-16
9705.30550384525  7.577035E-16
9712.25586605075  7.482741E-16
9719.20622825626  7.099627E-16
9726.15659046176  7.150792E-16
9733.10695266727  6.664608E-16
9740.05731487277  7.253787E-16
9747.00767707828  6.893958E-16
9753.95803928378  6.546214E-16
9760.90840148929  6.560071E-16
9767.85876369479  6.741007E-16
9774.8091259003  6.033372E-16
9781.75948810581  5.986855E-16
9788.70985031131  5.653139E-16
9795.66021251682  5.371897E-16
9802.61057472232  5.675427E-16
9809.56093692783  5.634860E-16
9816.51129913333  5.595819E-16
9823.46166133884  5.532458E-16
9830.41202354434  5.857640E-16
9837.36238574985  5.749270E-16
9844.31274795535  5.462739E-16
9851.26311016086  5.834518E-16
9858.21347236636  6.033218E-16
9865.16383457187  5.644659E-16
9872.11419677738  5.523176E-16
9879.06455898288  5.993709E-16
9886.01492118839  5.978126E-16
9892.96528339389  6.455285E-16
9899.9156455994  6.704931E-16
9906.8660078049  7.227436E-16
9913.81637001041  7.242786E-16
9920.76673221591  7.069731E-16
9927.71709442142  7.265929E-16
9934.66745662692  7.054297E-16
9941.61781883243  6.877467E-16
9948.56818103793  7.066464E-16
9955.51854324344  7.091027E-16
9962.46890544894  7.172784E-16
9969.41926765445  6.929297E-16
9976.36962985996  6.819430E-16
9983.31999206546  7.025658E-16
9990.27035427097  6.979042E-16
9997.22071647647  6.905862E-16
10004.171078682  7.002375E-16
10011.1214408875  6.755768E-16
10018.071803093  6.600972E-16
10025.0221652985  7.046015E-16
10031.972527504  7.342423E-16
10038.9228897095  6.820667E-16
10045.873251915  7.151656E-16
10052.8236141205  7.290217E-16
10059.773976326  7.333900E-16
10066.7243385315  6.106226E-16
10073.674700737  6.558071E-16
10080.6250629425  6.640096E-16
10087.575425148  6.900858E-16
10094.5257873535  6.698170E-16
10101.4761495591  6.858915E-16
10108.4265117646  6.675117E-16
10115.3768739701  6.345409E-16
10122.3272361756  6.763137E-16
10129.2775983811  6.909406E-16
10136.2279605866  6.830296E-16
10143.1783227921  6.566100E-16
10150.1286849976  6.794778E-16
10157.0790472031  6.518667E-16
10164.0294094086  6.895509E-16
10170.9797716141  6.774694E-16
10177.9301338196  6.472847E-16
10184.8804960251  6.273606E-16
10191.8308582306  6.045483E-16
10198.7812204361  5.965798E-16
10205.7315826416  5.944367E-16
10212.6819448471  6.406644E-16
10219.6323070526  6.595868E-16
10226.5826692582  6.458804E-16
10233.5330314637  6.645350E-16
10240.4833936692  6.369186E-16
10247.4337558747  6.194253E-16
10254.3841180802  6.546413E-16
10261.3344802857  6.268517E-16
10268.2848424912  6.260889E-16
10275.2352046967  6.539840E-16
10282.1855669022  6.455159E-16
10289.1359291077  6.470130E-16
10296.0862913132  6.655398E-16
10303.0366535187  6.734815E-16
10309.9870157242  6.351852E-16
10316.9373779297  6.617518E-16
10323.8877401352  6.411689E-16
10330.8381023407  6.577140E-16
10337.7884645462  6.646385E-16
10344.7388267517  6.952342E-16
10351.6891889573  6.812901E-16
10358.6395511628  7.135307E-16
10365.5899133683  6.599145E-16
10372.5402755738  6.723640E-16
10379.4906377793  7.102720E-16
10386.4409999848  7.443512E-16
10393.3913621903  7.420325E-16
10400.3417243958  7.589065E-16
10407.2920866013  7.206482E-16
10414.2424488068  7.610020E-16
10421.1928110123  7.830804E-16
10428.1431732178  7.637894E-16
10435.0935354233  8.239561E-16
10442.0438976288  8.114390E-16
10448.9942598343  7.922825E-16
10455.9446220398  7.984331E-16
10462.8949842453  8.296024E-16
10469.8453464508  8.730561E-16
10476.7957086563  8.206225E-16
10483.7460708618  8.158939E-16
10490.6964330674  8.666333E-16
10497.6467952729  8.614372E-16
10504.5971574784  8.819727E-16
10511.5475196839  8.694624E-16
10518.4978818894  8.802398E-16
10525.4482440949  9.060942E-16
10532.3986063004  9.026061E-16
10539.3489685059  9.028107E-16
10546.2993307114  9.669416E-16
10553.2496929169  9.374148E-16
10560.2000551224  9.379565E-16
10567.1504173279  9.488114E-16
10574.1007795334  9.452107E-16
10581.0511417389  9.454958E-16
10588.0015039444  9.479789E-16
10594.9518661499  9.743263E-16
10601.9022283554  1.015431E-15
10608.8525905609  1.003666E-15
10615.8029527665  9.887149E-16
10622.753314972  1.011338E-15
10629.7036771775  1.035968E-15
10636.654039383  1.057826E-15
10643.6044015885  1.043257E-15
10650.554763794  1.072958E-15
10657.5051259995  1.065900E-15
10664.455488205  1.083172E-15
10671.4058504105  1.129827E-15
10678.356212616  1.137565E-15
10685.3065748215  1.188585E-15
10692.256937027  1.232535E-15
10699.2072992325  1.224965E-15
10706.157661438  1.226220E-15
10713.1080236435  1.230989E-15
10720.058385849  1.233180E-15
10727.0087480545  1.241179E-15
10733.95911026  1.253305E-15
10740.9094724656  1.238587E-15
10747.8598346711  1.247233E-15
10754.8101968766  1.267814E-15
10761.7605590821  1.244127E-15
10768.7109212876  1.272832E-15
10775.6612834931  1.248880E-15
10782.6116456986  1.273713E-15
10789.5620079041  1.278971E-15
10796.5123701096  1.287795E-15
10803.4627323151  1.299107E-15
10810.4130945206  1.308223E-15
10817.3634567261  1.325274E-15
10824.3138189316  1.351952E-15
10831.2641811371  1.340588E-15
10838.2145433426  1.348636E-15
10845.1649055481  1.361925E-15
10852.1152677536  1.331450E-15
10859.0656299591  1.323994E-15
10866.0159921646  1.345655E-15
10872.9663543702  1.371828E-15
10879.9167165757  1.392289E-15
10886.8670787812  1.381422E-15
10893.8174409867  1.347993E-15
10900.7678031922  1.310380E-15
10907.7181653977  1.345976E-15
10914.6685276032  1.363885E-15
10921.6188898087  1.364915E-15
10928.5692520142  1.376831E-15
10935.5196142197  1.379675E-15
10942.4699764252  1.401260E-15
10949.4203386307  1.424955E-15
10956.3707008362  1.396769E-15
10963.3210630417  1.318839E-15
10970.2714252472  1.301806E-15
10977.2217874527  1.299826E-15
10984.1721496582  1.249840E-15
10991.1225118637  1.228009E-15
10998.0728740693  1.255546E-15
11005.0232362748  1.241288E-15
11011.9735984803  1.208016E-15
11018.9239606858  1.217478E-15
11025.8743228913  1.279154E-15
11032.8246850968  1.231674E-15
11039.7750473023  1.191591E-15
11046.7254095078  1.194832E-15
11053.6757717133  1.198003E-15
11060.6261339188  1.185584E-15
11067.5764961243  1.166445E-15
11074.5268583298  1.166851E-15
11081.4772205353  1.169507E-15
11088.4275827408  1.154387E-15
11095.3779449463  1.109867E-15
11102.3283071518  1.130767E-15
11109.2786693573  1.138942E-15
11116.2290315628  1.143431E-15
11123.1793937683  1.125178E-15
11130.1297559739  1.116214E-15
11137.0801181794  1.142173E-15
11144.0304803849  1.154644E-15
11150.9808425904  1.120048E-15
11157.9312047959  1.074094E-15
11164.8815670014  1.087517E-15
11171.8319292069  1.217713E-15
11178.7822914124  1.219961E-15
11185.7326536179  1.129304E-15
11192.6830158234  1.072927E-15
11199.6333780289  1.168513E-15
11206.5837402344  1.185480E-15
11213.5341024399  1.043837E-15
11220.4844646454  1.070241E-15
11227.4348268509  1.191083E-15
11234.3851890564  1.274065E-15
11241.3355512619  1.181665E-15
11248.2859134674  1.035835E-15
11255.2362756729  1.035329E-15
11262.1866378785  1.237341E-15
11269.137000084  1.174662E-15
11276.0873622895  1.016494E-15
11283.037724495  1.108899E-15
11289.9880867005  1.085755E-15
11296.938448906  1.163190E-15
11303.8888111115  1.242046E-15
11310.839173317  1.170983E-15
11317.7895355225  1.049876E-15
11324.739897728  1.007622E-15
11331.6902599335  9.755819E-16
11338.640622139  9.319474E-16
11345.5909843445  9.484501E-16
11352.54134655  9.649530E-16
11359.4917087555  9.814580E-16
11366.442070961  9.979608E-16
11373.3924331665  1.014464E-15
11380.342795372  1.030966E-15
11387.2931575776  1.047469E-15
11394.2435197831  1.001416E-15
11401.1938819886  9.705226E-16
11408.1442441941  1.016460E-15
11415.0946063996  1.064763E-15
11422.0449686051  1.076683E-15
11428.9953308106  1.008742E-15
11435.9456930161  9.414607E-16
11442.8960552216  8.962772E-16
11449.8464174271  9.849988E-16
11456.7967796326  9.567659E-16
11463.7471418381  8.729840E-16
11470.6975040436  9.504670E-16
11477.6478662491  1.041613E-15
11484.5982284546  1.002400E-15
11491.5485906601  9.044208E-16
11498.4989528656  9.238989E-16
11505.4493150711  9.270214E-16
11512.3996772766  8.956571E-16
11519.3500394822  8.458681E-16
11526.3004016877  8.550259E-16
11533.2507638932  8.534860E-16
11540.2011260987  8.301784E-16
11547.1514883042  8.331931E-16
11554.1018505097  8.377003E-16
11561.0522127152  8.267378E-16
11568.0025749207  7.979378E-16
11574.9529371262  8.248501E-16
11581.9032993317  7.783156E-16
11588.8536615372  7.697228E-16
11595.8040237427  7.969658E-16
11602.7543859482  7.889527E-16
11609.7047481537  7.773033E-16
11616.6551103592  7.482912E-16
11623.6054725647  7.517228E-16
11630.5558347702  7.364017E-16
11637.5061969757  7.159129E-16
11644.4565591813  7.176209E-16
11651.4069213868  7.102848E-16
11658.3572835923  6.920144E-16
11665.3076457978  7.307808E-16
11672.2580080033  7.278074E-16
11679.2083702088  7.090396E-16
11686.1587324143  6.862467E-16
11693.1090946198  6.635025E-16
11700.0594568253  6.461607E-16
11707.0098190308  6.498600E-16
11713.9601812363  6.398339E-16
11720.9105434418  6.405574E-16
11727.8609056473  6.309210E-16
11734.8112678528  6.374106E-16
11741.7616300583  6.487632E-16
11748.7119922638  6.590291E-16
11755.6623544693  6.551297E-16
11762.6127166748  6.333218E-16
11769.5630788804  5.995312E-16
11776.5134410859  6.291090E-16
11783.4638032914  6.649617E-16
11790.4141654969  6.284763E-16
11797.3645277024  6.507683E-16
11804.3148899079  6.378333E-16
11811.2652521134  6.326361E-16
11818.2156143189  6.267096E-16
11825.1659765244  6.525542E-16
11832.1163387299  6.754046E-16
11839.0667009354  6.379160E-16
11846.0170631409  6.253718E-16
11852.9674253464  6.330358E-16
11859.9177875519  6.245208E-16
11866.8681497574  6.160753E-16
11873.8185119629  6.141606E-16
11880.7688741684  6.198287E-16
11887.7192363739  6.213125E-16
11894.6695985794  6.453178E-16
11901.619960785  6.344140E-16
11908.5703229905  5.871287E-16
11915.520685196  6.059753E-16
11922.4710474015  5.970503E-16
11929.421409607  6.263360E-16
11936.3717718125  5.887666E-16
11943.322134018  5.772444E-16
11950.2724962235  5.870429E-16
11957.222858429  5.775083E-16
11964.1732206345  5.926999E-16
11971.12358284  5.846518E-16
11978.0739450455  5.830010E-16
11985.024307251  5.850188E-16
11991.9746694565  5.862764E-16
11998.925031662  5.879652E-16
12005.8753938675  5.882858E-16
12012.825756073  5.801045E-16
12019.7761182785  5.720215E-16
12026.726480484  5.462361E-16
12033.6768426896  5.223029E-16
12040.6272048951  5.653341E-16
12047.5775671006  5.786950E-16
12054.5279293061  5.611002E-16
12061.4782915116  5.519487E-16
12068.4286537171  5.342509E-16
12075.3790159226  5.143959E-16
12082.3293781281  5.362734E-16
12089.2797403336  5.427737E-16
12096.2301025391  5.089557E-16
12103.1804647446  5.206908E-16
12110.1308269501  4.912724E-16
12117.0811891556  5.180929E-16
12124.0315513611  5.453440E-16
12130.9819135666  5.469335E-16
12137.9322757721  5.052154E-16
12144.8826379776  4.965754E-16
12151.8330001831  4.616637E-16
12158.7833623887  4.714270E-16
12165.7337245942  4.660982E-16
12172.6840867997  4.683635E-16
12179.6344490052  4.416988E-16
12186.5848112107  4.590998E-16
12193.5351734162  4.554447E-16
12200.4855356217  4.726658E-16
12207.4358978272  4.534786E-16
12214.3862600327  4.339548E-16
12221.3366222382  4.206945E-16
12228.2869844437  4.481951E-16
12235.2373466492  4.484490E-16
12242.1877088547  4.373804E-16
12249.1380710602  4.204533E-16
12256.0884332657  4.142713E-16
12263.0387954712  4.133814E-16
12269.9891576767  4.196687E-16
12276.9395198822  4.251955E-16
12283.8898820877  4.369205E-16
12290.8402442933  4.269262E-16
12297.7906064988  4.170775E-16
12304.7409687043  4.332493E-16
12311.6913309098  4.311355E-16
12318.6416931153  4.361336E-16
12325.5920553208  4.113708E-16
12332.5424175263  3.931620E-16
12339.4927797318  4.174732E-16
12346.4431419373  4.151941E-16
12353.3935041428  3.934808E-16
12360.3438663483  4.200281E-16
12367.2942285538  4.122539E-16
12374.2445907593  3.821962E-16
12381.1949529648  3.799688E-16
12388.1453151703  3.810780E-16
12395.0956773758  4.137795E-16
12402.0460395813  3.868489E-16
12408.9964017868  3.651732E-16
12415.9467639924  3.827808E-16
12422.8971261979  4.187162E-16
12429.8474884034  4.244691E-16
12436.7978506089  4.230630E-16
12443.7482128144  3.998839E-16
12450.6985750199  4.028794E-16
12457.6489372254  4.075853E-16
12464.5992994309  3.800181E-16
12471.5496616364  3.912004E-16
12478.5000238419  3.846759E-16
12485.4503860474  3.822717E-16
12492.4007482529  4.000440E-16
12499.3511104584  3.866814E-16
12506.3014726639  3.640483E-16
12513.2518348694  3.865346E-16
12520.2021970749  3.971108E-16
12527.1525592804  4.027979E-16
12534.1029214859  4.165996E-16
12541.0532836914  3.866109E-16
12548.003645897  3.781576E-16
12554.9540081025  3.979550E-16
12561.904370308  3.934973E-16
12568.8547325135  3.977832E-16
12575.805094719  3.875223E-16
12582.7554569245  3.803346E-16
12589.70581913  3.700924E-16
12596.6561813355  3.857534E-16
12603.606543541  4.026588E-16
12610.5569057465  4.123225E-16
12617.507267952  4.130118E-16
12624.4576301575  4.318046E-16
12631.407992363  4.016309E-16
12638.3583545685  3.889652E-16
12645.308716774  3.851910E-16
12652.2590789795  3.877935E-16
12659.209441185  3.798602E-16
12666.1598033905  3.663169E-16
12673.1101655961  3.773228E-16
12680.0605278016  3.464849E-16
12687.0108900071  3.555023E-16
12693.9612522126  3.947341E-16
12700.9116144181  4.064184E-16
12707.8619766236  3.854356E-16
12714.8123388291  3.745387E-16
12721.7627010346  3.671741E-16
12728.7130632401  3.609123E-16
12735.6634254456  3.792413E-16
12742.6137876511  3.836607E-16
12749.5641498566  3.653910E-16
12756.5145120621  3.720953E-16
12763.4648742676  3.494084E-16
12770.4152364731  3.451426E-16
12777.3655986786  4.073270E-16
12784.3159608841  3.821371E-16
12791.2663230896  3.710431E-16
12798.2166852951  3.599303E-16
12805.1670475007  3.931765E-16
12812.1174097062  3.994729E-16
12819.0677719117  3.730424E-16
12826.0181341172  4.073037E-16
12832.9684963227  3.981759E-16
12839.9188585282  3.635911E-16
12846.8692207337  3.580885E-16
12853.8195829392  3.498345E-16
12860.7699451447  3.233005E-16
12867.7203073502  3.285489E-16
12874.6706695557  3.306057E-16
12881.6210317612  3.148561E-16
12888.5713939667  3.420418E-16
12895.5217561722  3.437403E-16
12902.4721183777  3.274658E-16
12909.4224805832  3.469435E-16
12916.3728427887  3.356561E-16
12923.3232049942  3.162537E-16
12930.2735671998  3.398578E-16
12937.2239294053  3.414416E-16
12944.1742916108  3.087506E-16
12951.1246538163  3.033888E-16
12958.0750160218  3.168998E-16
12965.0253782273  3.287958E-16
12971.9757404328  3.266418E-16
12978.9261026383  3.332803E-16
12985.8764648438  3.380969E-16
12992.8268270493  3.207480E-16
12999.7771892548  3.287889E-16
13006.7275514603  3.523435E-16
13013.6779136658  3.603456E-16
13020.6282758713  3.160826E-16
13027.5786380768  3.086590E-16
13034.5290002823  2.944974E-16
13041.4793624878  3.239798E-16
13048.4297246933  3.617303E-16
13055.3800868988  3.545025E-16
13062.3304491044  3.479025E-16
13069.2808113099  3.436764E-16
13076.2311735154  3.396038E-16
13083.1815357209  3.153832E-16
13090.1318979264  3.272638E-16
13097.0822601319  3.692780E-16
13104.0326223374  3.670955E-16
13110.9829845429  3.425469E-16
13117.9333467484  3.461959E-16
13124.8837089539  3.138451E-16
13131.8340711594  3.274917E-16
13138.7844333649  3.606118E-16
13145.7347955704  3.371304E-16
13152.6851577759  3.413140E-16
13159.6355199814  3.565482E-16
13166.5858821869  3.048257E-16
13173.5362443924  3.033843E-16
13180.4866065979  3.460251E-16
13187.4369688035  3.188295E-16
13194.387331009  3.201105E-16
13201.3376932145  3.315544E-16
13208.28805542  3.168174E-16
13215.2384176255  3.161886E-16
13222.188779831  3.439690E-16
13229.1391420365  3.234656E-16
13236.089504242  3.046958E-16
13243.0398664475  3.355614E-16
13249.990228653  3.247349E-16
13256.9405908585  3.051195E-16
13263.890953064  3.144297E-16
13270.8413152695  3.333908E-16
13277.791677475  3.133033E-16
13284.7420396805  3.075118E-16
13291.692401886  3.080409E-16
13298.6427640915  3.176443E-16
13305.593126297  3.093958E-16
13312.5434885025  3.121935E-16
13319.4938507081  3.365486E-16
13326.4442129136  3.278780E-16
13333.3945751191  3.301006E-16
13340.3449373246  3.326724E-16
13347.2952995301  2.909518E-16
13354.2456617356  2.753328E-16
13361.1960239411  3.022452E-16
13368.1463861466  3.030400E-16
13375.0967483521  3.015775E-16
13382.0471105576  2.876039E-16
13388.9974727631  2.790303E-16
13395.9478349686  2.923733E-16
13402.8981971741  2.929501E-16
13409.8485593796  2.846485E-16
13416.7989215851  2.970698E-16
13423.7492837906  2.651653E-16
13430.6996459961  2.577001E-16
13437.6500082016  2.500228E-16
13444.6003704072  2.596937E-16
13451.5507326127  2.845546E-16
13458.5010948182  2.672692E-16
13465.4514570237  2.547009E-16
13472.4018192292  2.241958E-16
13479.3521814347  1.802010E-16
13486.3025436402  2.767077E-16
13493.2529058457  3.282441E-16
13500.2032680512  2.770138E-16
13507.1536302567  2.056383E-16
13514.1039924622  1.881420E-16
13521.0543546677  1.951434E-16
13528.0047168732  2.349216E-16
13534.9550790787  2.857320E-16
13541.9054412842  2.545714E-16
13548.8558034897  2.601275E-16
13555.8061656952  4.531822E-16
13562.7565279007  2.733895E-16
13569.7068901063  1.126534E-16
13576.6572523118  1.489511E-16
13583.6076145173  -1.424598E-17
13590.5579767228  8.971030E-17
13597.5083389283  2.573834E-16
13604.4587011338  3.462035E-16
13611.4090633393  2.364683E-16
13618.3594255448  5.480370E-16
13625.3097877503  8.679842E-16
13632.2601499558  3.272090E-16
13639.2105121613  2.284652E-16
13646.1608743668  1.964972E-16
13653.1112365723  3.601301E-16
13660.0615987778  4.335588E-16
13667.0119609833  2.270498E-16
13673.9623231888  1.790704E-16
13680.9126853943  4.686386E-16
13687.8630475998  2.845693E-16
13694.8134098053  1.621035E-16
13701.7637720108  -3.833356E-17
13708.7141342164  1.690425E-16
13715.6644964219  9.480612E-16
13722.6148586274  1.200452E-16
13729.5652208329  4.268710E-16
13736.5155830384  3.216442E-16
13743.4659452439  2.141809E-16
13750.4163074494  2.521516E-16
13757.3666696549  2.595663E-16
13764.3170318604  2.393571E-16
13771.2673940659  3.185262E-16
13778.2177562714  2.461712E-16
13785.1681184769  2.111510E-16
13792.1184806824  8.056758E-17
13799.0688428879  1.775734E-16
13806.0192050934  3.077410E-16
13812.9695672989  1.752028E-16
13819.9199295044  1.785926E-16
13826.8702917099  -9.068378E-17
13833.8206539155  -1.250999E-16
13840.771016121  1.432689E-16
13847.7213783265  2.768150E-16
13854.671740532  2.888905E-16
13861.6221027375  -6.460150E-18
13868.572464943  -3.898337E-17
13875.5228271485  1.850598E-16
13882.473189354  1.937646E-16
13889.4235515595  1.989827E-16
13896.373913765  2.915109E-16
13903.3242759705  2.411835E-16
13910.274638176  2.227819E-16
13917.2250003815  1.272268E-16
13924.175362587  1.456621E-16
13931.1257247925  2.076054E-16
13938.076086998  1.873225E-16
13945.0264492035  1.638755E-16
13951.976811409  1.381076E-16
13958.9271736145  8.257356E-17
13965.8775358201  2.053081E-16
13972.8278980256  2.804160E-16
13979.7782602311  2.542607E-16
13986.7286224366  1.390184E-16
13993.6789846421  6.194781E-17
14000.6293468476  1.920699E-16
14007.5797090531  1.901230E-16
14014.5300712586  3.641869E-16
14021.4804334641  4.121471E-16
14028.4307956696  1.623420E-16
14035.3811578751  1.569644E-16
14042.3315200806  1.865142E-16
14049.2818822861  2.133272E-16
14056.2322444916  1.788405E-16
14063.1826066971  1.296249E-16
14070.1329689026  1.895724E-16
14077.0833311081  1.661125E-16
14084.0336933136  2.028780E-16
14090.9840555192  1.565890E-16
14097.9344177247  1.477538E-16
14104.8847799302  2.572360E-16
14111.8351421357  2.753392E-16
14118.7855043412  2.853228E-16
14125.7358665467  2.907570E-16
14132.6862287522  2.217618E-16
14139.6365909577  1.407873E-16
14146.5869531632  1.981798E-16
14153.5373153687  3.096909E-16
14160.4876775742  3.382351E-16
14167.4380397797  2.300915E-16
14174.3884019852  1.778921E-16
14181.3387641907  1.953439E-16
14188.2891263962  2.077206E-16
14195.2394886017  3.007489E-16
14202.1898508072  2.507426E-16
14209.1402130127  2.432165E-16
14216.0905752182  2.244959E-16
14223.0409374238  2.065644E-16
14229.9912996293  1.943233E-16
14236.9416618348  1.708434E-16
14243.8920240403  1.955807E-16
14250.8423862458  1.957004E-16
14257.7927484513  1.903122E-16
14264.7431106568  2.057926E-16
14271.6934728623  1.664637E-16
14278.6438350678  1.557094E-16
14285.5941972733  2.129555E-16
14292.5445594788  2.544137E-16
14299.4949216843  2.524072E-16
14306.4452838898  2.210616E-16
14313.3956460953  1.952245E-16
14320.3460083008  1.700455E-16
14327.2963705063  2.023969E-16
14334.2467327118  2.046158E-16
14341.1970949173  3.232781E-17
14348.1474571229  1.503780E-16
14355.0978193284  2.161635E-16
14362.0481815339  2.135096E-16
14368.9985437394  2.086868E-16
14375.9489059449  2.117857E-16
14382.8992681504  2.599417E-16
14389.8496303559  2.171318E-16
14396.7999925614  1.702077E-16
14403.7503547669  2.323998E-16
14410.7007169724  2.564331E-16
14417.6510791779  2.031071E-16
14424.6014413834  1.806830E-16
14431.5518035889  2.141059E-16
14438.5021657944  2.362628E-16
14445.4525279999  2.317576E-16
14452.4028902054  1.949169E-16
14459.3532524109  2.030851E-16
14466.3036146164  2.982690E-16
14473.253976822  2.826491E-16
14480.2043390275  2.152915E-16
14487.154701233  1.956649E-16
14494.1050634385  1.906527E-16
14501.055425644  1.432030E-16
14508.0057878495  2.020770E-16
14514.956150055  2.730270E-16
14521.9065122605  3.522338E-16
14528.856874466  2.776334E-16
14535.8072366715  2.444607E-16
14542.757598877  2.037610E-16
14549.7079610825  2.163574E-16
14556.658323288  2.129639E-16
14563.6086854935  2.485261E-16
14570.559047699  2.880454E-16
14577.5094099045  2.781288E-16
14584.45977211  2.363380E-16
14591.4101343155  2.187197E-16
14598.360496521  2.066371E-16
14605.3108587266  2.091994E-16
14612.2612209321  2.033958E-16
14619.2115831376  2.116128E-16
14626.1619453431  2.367959E-16
14633.1123075486  2.134948E-16
14640.0626697541  2.541213E-16
14647.0130319596  2.706526E-16
14653.9633941651  1.976466E-16
14660.9137563706  2.167057E-16
14667.8641185761  2.373404E-16
14674.8144807816  3.085030E-16
14681.7648429871  2.604231E-16
14688.7152051926  2.686474E-16
14695.6655673981  2.439533E-16
14702.6159296036  2.040424E-16
14709.5662918091  2.143432E-16
14716.5166540146  2.605561E-16
14723.4670162201  3.028386E-16
14730.4173784256  2.903680E-16
14737.3677406312  2.868728E-16
14744.3181028367  2.867686E-16
14751.2684650422  2.589637E-16
14758.2188272477  2.572823E-16
14765.1691894532  2.498727E-16
14772.1195516587  2.801029E-16
14779.0699138642  3.013539E-16
14786.0202760697  2.909119E-16
14792.9706382752  2.895926E-16
14799.9210004807  2.693912E-16
14806.8713626862  3.017871E-16
14813.8217248917  2.880731E-16
14820.7720870972  3.111208E-16
14827.7224493027  3.241772E-16
14834.6728115082  2.798594E-16
14841.6231737137  2.747819E-16
14848.5735359192  2.962879E-16
14855.5238981247  3.098106E-16
14862.4742603302  2.654362E-16
14869.4246225358  2.546746E-16
14876.3749847413  2.799675E-16
14883.3253469468  3.398923E-16
14890.2757091523  3.237818E-16
14897.2260713578  3.126445E-16
14904.1764335633  3.091282E-16
14911.1267957688  2.826019E-16
14918.0771579743  2.807671E-16
14925.0275201798  2.899317E-16
14931.9778823853  2.997683E-16
14938.9282445908  3.085030E-16
14945.8786067963  2.888226E-16
14952.8289690018  2.767905E-16
14959.7793312073  2.973396E-16
14966.7296934128  2.883885E-16
14973.6800556183  2.746276E-16
14980.6304178238  3.149520E-16
14987.5807800293  3.047159E-16
14994.5311422349  3.207522E-16
15001.4815044404  3.141121E-16
15008.4318666459  3.168314E-16
15015.3822288514  3.222567E-16
15022.3325910569  3.020719E-16
15029.2829532624  3.342952E-16
15036.2333154679  3.608409E-16
15043.1836776734  3.217831E-16
15050.1340398789  3.251509E-16
15057.0844020844  2.877632E-16
15064.0347642899  2.758311E-16
15070.9851264954  2.924639E-16
15077.9354887009  2.832365E-16
15084.8858509064  2.669076E-16
15091.8362131119  2.597699E-16
15098.7865753174  2.788571E-16
15105.7369375229  3.001944E-16
15112.6872997284  2.912641E-16
15119.637661934  2.757183E-16
15126.5880241395  2.767604E-16
15133.538386345  2.742333E-16
15140.4887485505  2.810225E-16
15147.439110756  2.755521E-16
15154.3894729615  2.646808E-16
15161.339835167  2.621256E-16
15168.2901973725  2.622714E-16
15175.240559578  2.698604E-16
15182.1909217835  2.754917E-16
15189.141283989  2.547304E-16
15196.0916461945  2.655000E-16
15203.0420084  2.696399E-16
15209.9923706055  2.615173E-16
15216.942732811  2.627239E-16
15223.8930950165  2.554246E-16
15230.843457222  2.423769E-16
15237.7938194275  2.468823E-16
15244.744181633  2.711216E-16
15251.6945438386  2.769083E-16
15258.6449060441  2.659192E-16
15265.5952682496  2.682169E-16
15272.5456304551  2.524611E-16
15279.4959926606  2.369905E-16
15286.4463548661  2.382682E-16
15293.3967170716  2.474109E-16
15300.3470792771  2.415595E-16
15307.2974414826  2.467467E-16
15314.2478036881  2.484474E-16
15321.1981658936  2.321042E-16
15328.1485280991  2.371318E-16
15335.0988903046  2.042140E-16
15342.0492525101  2.283810E-16
15348.9996147156  2.457944E-16
15355.9499769211  2.324145E-16
15362.9003391266  2.279797E-16
15369.8507013321  2.292256E-16
15376.8010635377  2.285768E-16
15383.7514257432  2.188586E-16
15390.7017879487  2.186813E-16
15397.6521501542  2.236627E-16
15404.6025123597  2.233345E-16
15411.5528745652  2.331573E-16
15418.5032367707  2.305579E-16
15425.4535989762  2.342279E-16
15432.4039611817  2.268338E-16
15439.3543233872  2.187191E-16
15446.3046855927  2.092240E-16
15453.2550477982  2.158481E-16
15460.2054100037  2.178541E-16
15467.1557722092  2.258335E-16
15474.1061344147  2.216076E-16
15481.0564966202  2.077973E-16
15488.0068588257  2.117733E-16
15494.9572210312  2.278445E-16
15501.9075832367  2.294525E-16
15508.8579454423  2.230074E-16
15515.8083076478  2.239790E-16
15522.7586698533  2.203500E-16
15529.7090320588  2.155175E-16
15536.6593942643  2.140018E-16
15543.6097564698  2.127199E-16
15550.5601186753  2.085791E-16
15557.5104808808  2.034989E-16
15564.4608430863  2.163994E-16
15571.4112052918  2.369179E-16
15578.3615674973  2.215415E-16
15585.3119297028  2.182466E-16
15592.2622919083  2.070391E-16
15599.2126541138  2.276426E-16
15606.1630163193  2.212163E-16
15613.1133785248  2.212197E-16
15620.0637407303  2.275550E-16
15627.0141029358  2.100153E-16
15633.9644651414  2.132987E-16
15640.9148273469  2.264367E-16
15647.8651895524  2.197125E-16
15654.8155517579  2.240544E-16
15661.7659139634  2.345591E-16
15668.7162761689  2.320998E-16
15675.6666383744  2.390470E-16
15682.6170005799  2.456056E-16
15689.5673627854  2.357959E-16
15696.5177249909  2.376959E-16
15703.4680871964  2.399862E-16
15710.4184494019  2.421141E-16
15717.3688116074  2.337387E-16
15724.3191738129  2.374239E-16
15731.2695360184  2.342750E-16
15738.2198982239  2.367284E-16
15745.1702604294  2.481265E-16
15752.1206226349  2.446003E-16
15759.0709848404  2.425912E-16
15766.021347046  2.577127E-16
15772.9717092515  2.525358E-16
15779.922071457  2.466719E-16
15786.8724336625  2.493082E-16
15793.822795868  2.473781E-16
15800.7731580735  2.370672E-16
15807.723520279  2.372781E-16
15814.6738824845  2.501289E-16
15821.62424469  2.485269E-16
15828.5746068955  2.340110E-16
15835.524969101  2.273271E-16
15842.4753313065  2.288063E-16
15849.425693512  2.297420E-16
15856.3760557175  2.569833E-16
15863.326417923  2.367781E-16
15870.2767801285  2.456827E-16
15877.227142334  2.616669E-16
15884.1775045395  2.572394E-16
15891.1278667451  2.543855E-16
15898.0782289506  2.673276E-16
15905.0285911561  2.650209E-16
15911.9789533616  2.615952E-16
15918.9293155671  2.567990E-16
15925.8796777726  2.500113E-16
15932.8300399781  2.580942E-16
15939.7804021836  2.598162E-16
15946.7307643891  2.566712E-16
15953.6811265946  2.533033E-16
15960.6314888001  2.354000E-16
15967.5818510056  2.375684E-16
15974.5322132111  2.455769E-16
15981.4825754166  2.379683E-16
15988.4329376221  2.615857E-16
15995.3832998276  2.575299E-16
16002.3336620331  2.476292E-16
16009.2840242386  2.473017E-16
16016.2343864441  2.370592E-16
16023.1847486497  2.410557E-16
16030.1351108552  2.567580E-16
16037.0854730607  2.436207E-16
16044.0358352662  2.488762E-16
16050.9861974717  2.607248E-16
16057.9365596772  2.689003E-16
16064.8869218827  2.556753E-16
16071.8372840882  2.519462E-16
16078.7876462937  2.580025E-16
16085.7380084992  2.507084E-16
16092.6883707047  2.501443E-16
16099.6387329102  2.512430E-16
16106.5890951157  2.574471E-16
16113.5394573212  2.562903E-16
16120.4898195267  2.488852E-16
16127.4401817322  2.439522E-16
16134.3905439377  2.624498E-16
16141.3409061432  2.629672E-16
16148.2912683488  2.665975E-16
16155.2416305543  2.695754E-16
16162.1919927598  2.617450E-16
16169.1423549653  2.584269E-16
16176.0927171708  2.458457E-16
16183.0430793763  2.310200E-16
16189.9934415818  2.494263E-16
16196.9438037873  2.557093E-16
16203.8941659928  2.454250E-16
16210.8445281983  2.483434E-16
16217.7948904038  2.610683E-16
16224.7452526093  2.613214E-16
16231.6956148148  2.427591E-16
16238.6459770203  2.431793E-16
16245.5963392258  2.504582E-16
16252.5467014313  2.382283E-16
16259.4970636368  2.393333E-16
16266.4474258423  2.466267E-16
16273.3977880478  2.299576E-16
16280.3481502534  2.313827E-16
16287.2985124589  2.394473E-16
16294.2488746644  2.410316E-16
16301.1992368699  2.345151E-16
16308.1495990754  2.309354E-16
16315.0999612809  2.343554E-16
16322.0503234864  2.380652E-16
16329.0006856919  2.306269E-16
16335.9510478974  2.266206E-16
16342.9014101029  2.343349E-16
16349.8517723084  2.416600E-16
16356.8021345139  2.316485E-16
16363.7524967194  2.330559E-16
16370.7028589249  2.512480E-16
16377.6532211304  2.311346E-16
16384.6035833359  2.161019E-16
16391.5539455414  2.164580E-16
16398.5043077469  2.437012E-16
16405.4546699525  2.503075E-16
16412.405032158  2.430475E-16
16419.3553943635  2.354400E-16
16426.305756569  2.243972E-16
16433.2561187745  2.185469E-16
16440.20648098  2.313879E-16
16447.1568431855  2.305410E-16
16454.107205391  2.305230E-16
16461.0575675965  2.368586E-16
16468.007929802  2.271156E-16
16474.9582920075  2.109344E-16
16481.908654213  2.254394E-16
16488.8590164185  2.417996E-16
16495.809378624  2.181015E-16
16502.7597408295  2.015796E-16
16509.710103035  2.058029E-16
16516.6604652405  2.108405E-16
16523.610827446  2.097960E-16
16530.5611896515  2.155643E-16
16537.5115518571  2.344553E-16
16544.4619140626  2.247464E-16
16551.4122762681  2.181466E-16
16558.3626384736  2.127827E-16
16565.3130006791  2.179389E-16
16572.2633628846  2.192243E-16
16579.2137250901  2.082403E-16
16586.1640872956  2.087927E-16
16593.1144495011  2.168227E-16
16600.0648117066  2.204560E-16
16607.0151739121  2.170892E-16
16613.9655361176  2.135653E-16
16620.9158983231  2.114471E-16
16627.8662605286  2.030983E-16
16634.8166227341  1.936641E-16
16641.7669849396  1.912111E-16
16648.7173471451  1.989025E-16
16655.6677093506  2.021017E-16
16662.6180715561  2.008487E-16
16669.5684337617  2.053935E-16
16676.5187959672  2.019632E-16
16683.4691581727  1.944244E-16
16690.4195203782  1.956652E-16
16697.3698825837  1.998768E-16
16704.3202447892  2.012495E-16
16711.2706069947  1.983566E-16
16718.2209692002  1.960713E-16
16725.1713314057  1.981657E-16
16732.1216936112  2.009289E-16
16739.0720558167  1.910574E-16
16746.0224180222  1.876386E-16
16752.9727802277  2.006412E-16
16759.9231424332  2.072759E-16
16766.8735046387  2.097197E-16
16773.8238668442  2.100849E-16
16780.7742290497  2.022156E-16
16787.7245912552  1.977276E-16
16794.6749534607  2.022631E-16
16801.6253156663  2.098239E-16
16808.5756778718  2.153539E-16
16815.5260400773  2.140334E-16
16822.4764022828  2.056187E-16
16829.4267644883  2.034027E-16
16836.3771266938  2.046147E-16
16843.3274888993  1.979220E-16
16850.2778511048  1.853087E-16
16857.2282133103  1.779927E-16
16864.1785755158  1.825714E-16
16871.1289377213  1.862422E-16
16878.0792999268  1.784640E-16
16885.0296621323  1.663186E-16
16891.9800243378  1.800290E-16
16898.9303865433  1.950200E-16
16905.8807487488  1.909329E-16
16912.8311109543  1.881758E-16
16919.7814731599  1.870002E-16
16926.7318353654  1.863223E-16
16933.6821975709  1.899381E-16
16940.6325597764  1.919258E-16
16947.5829219819  1.871979E-16
16954.5332841874  1.770877E-16
16961.4836463929  1.741207E-16
16968.4340085984  1.799491E-16
16975.3843708039  1.854377E-16
16982.3347330094  1.854074E-16
16989.2850952149  1.806952E-16
16996.2354574204  1.758527E-16
17003.1858196259  1.738609E-16
17010.1361818314  1.751211E-16
17017.0865440369  1.776515E-16
17024.0369062424  1.782178E-16
17030.9872684479  1.788658E-16
17037.9376306534  1.821828E-16
17044.887992859  1.865197E-16
17051.8383550645  1.842490E-16
17058.78871727  1.754111E-16
17065.7390794755  1.729475E-16
17072.689441681  1.738880E-16
17079.6398038865  1.772585E-16
17086.590166092  1.885985E-16
17093.5405282975  1.969435E-16
17100.490890503  1.988444E-16
17107.4412527085  2.002208E-16
17114.391614914  1.932969E-16
17121.3419771195  1.780821E-16
17128.292339325  1.658436E-16
17135.2427015305  1.770156E-16
17142.193063736  1.919731E-16
17149.1434259415  1.822409E-16
17156.093788147  1.728314E-16
17163.0441503525  1.775156E-16
17169.994512558  1.897439E-16
17176.9448747636  1.844153E-16
17183.8952369691  1.725523E-16
17190.8455991746  1.714995E-16
17197.7959613801  1.752606E-16
17204.7463235856  1.778933E-16
17211.6966857911  1.769070E-16
17218.6470479966  1.750072E-16
17225.5974102021  1.743546E-16
17232.5477724076  1.755386E-16
17239.4981346131  1.775624E-16
17246.4484968186  1.806506E-16
17253.3988590241  1.835515E-16
17260.3492212296  1.846748E-16
17267.2995834351  1.889602E-16
17274.2499456406  1.934931E-16
17281.2003078461  1.913519E-16
17288.1506700516  1.875751E-16
17295.1010322571  1.846450E-16
17302.0513944626  1.830489E-16
17309.0017566682  1.863335E-16
17315.9521188737  1.908284E-16
17322.9024810792  1.926777E-16
17329.8528432847  1.965581E-16
17336.8032054902  2.021162E-16
17343.7535676957  2.047327E-16
17350.7039299012  1.985441E-16
17357.6542921067  1.892933E-16
17364.6046543122  1.851761E-16
17371.5550165177  1.892840E-16
17378.5053787232  1.969736E-16
17385.4557409287  2.029304E-16
17392.4061031342  2.053761E-16
17399.3564653397  2.072501E-16
17406.3068275452  2.058317E-16
17413.2571897507  1.955889E-16
17420.2075519562  1.888327E-16
17427.1579141617  1.873654E-16
17434.1082763672  1.835578E-16
17441.0586385728  1.777572E-16
17448.0090007783  1.753800E-16
17454.9593629838  1.821704E-16
17461.9097251893  1.978875E-16
17468.8600873948  2.114308E-16
17475.8104496003  2.141359E-16
17482.7608118058  2.142475E-16
17489.7111740113  2.103480E-16
17496.6615362168  2.016993E-16
17503.6118984223  1.968182E-16
17510.5622606278  1.987646E-16
17517.5126228333  2.032870E-16
17524.4629850388  2.015401E-16
17531.4133472443  2.012154E-16
17538.3637094498  2.062370E-16
17545.3140716553  2.099584E-16
17552.2644338608  2.092468E-16
17559.2147960664  2.054445E-16
17566.1651582719  2.032361E-16
17573.1155204774  2.061566E-16
17580.0658826829  2.122172E-16
17587.0162448884  2.164432E-16
17593.9666070939  2.185429E-16
17600.9169692994  2.167238E-16
17607.8673315049  2.109001E-16
17614.8176937104  2.083170E-16
17621.7680559159  2.090666E-16
17628.7184181214  2.082348E-16
17635.6687803269  2.007631E-16
17642.6191425324  2.053945E-16
17649.5695047379  2.240658E-16
17656.5198669434  2.167785E-16
17663.4702291489  1.995863E-16
17670.4205913544  1.969169E-16
17677.3709535599  2.089975E-16
17684.3213157654  2.171321E-16
17691.271677971  2.165665E-16
17698.2220401765  2.225201E-16
17705.172402382  2.255006E-16
17712.1227645875  2.206575E-16
17719.073126793  2.136901E-16
17726.0234889985  2.096829E-16
17732.973851204  2.100602E-16
17739.9242134095  2.123477E-16
17746.874575615  2.123304E-16
17753.8249378205  2.098490E-16
17760.775300026  2.083628E-16
17767.7256622315  2.123131E-16
17774.676024437  2.184003E-16
17781.6263866425  2.213077E-16
17788.576748848  2.211176E-16
17795.5271110535  2.217311E-16
17802.477473259  2.244034E-16
17809.4278354645  2.235202E-16
17816.37819767  2.173696E-16
17823.3285598756  2.094972E-16
17830.2789220811  2.073877E-16
17837.2292842866  2.148710E-16
17844.1796464921  2.286077E-16
17851.1300086976  2.391267E-16
17858.0803709031  2.387598E-16
17865.0307331086  2.281961E-16
17871.9810953141  2.154840E-16
17878.9314575196  2.075229E-16
17885.8818197251  2.049367E-16
17892.8321819306  2.037390E-16
17899.7825441361  2.013237E-16
17906.7329063416  2.017474E-16
17913.6832685471  2.105397E-16
17920.6336307526  2.258742E-16
17927.5839929581  2.446036E-16
17934.5343551636  2.602407E-16
17941.4847173691  2.616229E-16
17948.4350795747  2.605495E-16
17955.3854417802  2.622436E-16
17962.3358039857  2.460687E-16
17969.2861661912  2.241230E-16
17976.2365283967  2.079253E-16
17983.1868906022  1.915202E-16
17990.1372528077  1.766235E-16
17997.0876150132  1.753966E-16
18004.0379772187  2.008750E-16
18010.9883394242  2.251053E-16
18017.9387016297  2.374694E-16
18024.8890638352  2.470089E-16
18031.8394260407  2.311626E-16
18038.7897882462  2.051817E-16
18045.7401504517  2.038054E-16
18052.6905126572  2.181290E-16
18059.6408748627  2.404055E-16
18066.5912370682  2.618320E-16
18073.5415992737  2.618311E-16
18080.4919614793  2.384423E-16
18087.4423236848  2.079293E-16
18094.3926858903  1.966013E-16
18101.3430480958  2.161890E-16
18108.2934103013  2.487319E-16
18115.2437725068  2.485317E-16
18122.1941347123  2.248487E-16
18129.1444969178  2.010787E-16
18136.0948591233  1.879054E-16
18143.0452213288  1.955553E-16
18149.9955835343  2.203567E-16
18156.9459457398  2.442165E-16
18163.8963079453  2.485993E-16
18170.8466701508  2.302596E-16
18177.7970323563  2.010095E-16
18184.7473945618  1.694335E-16
18191.6977567673  1.626874E-16
18198.6481189728  2.049164E-16
18205.5984811783  2.731557E-16
18212.5488433839  3.363466E-16
18219.4992055894  3.591109E-16
18226.4495677949  2.990772E-16
18233.3999300004  2.012553E-16
18240.3502922059  1.347530E-16
18247.3006544114  1.156924E-16
18254.2510166169  1.407622E-16
18261.2013788224  1.784675E-16
18268.1517410279  1.782346E-16
18275.1021032334  1.858144E-16
18282.0524654389  2.198931E-16
18289.0028276444  2.231654E-16
18295.9531898499  2.102810E-16
18302.9035520554  1.984103E-16
18309.8539142609  1.853306E-16
18316.8042764664  1.822543E-16
18323.7546386719  1.821700E-16
18330.7050008774  1.658039E-16
18337.655363083  1.315947E-16
18344.6057252885  1.329872E-16
18351.556087494  2.151180E-16
18358.5064496995  2.938193E-16
18365.456811905  2.987248E-16
18372.4071741105  2.056121E-16
18379.357536316  4.151248E-17
18386.3078985215  -7.902312E-17
18393.258260727  -6.255222E-17
18400.2086229325  5.834736E-17
18407.158985138  1.670334E-16
18414.1093473435  2.079636E-16
18421.059709549  2.653935E-16
18428.0100717545  2.751130E-16
18434.96043396  2.020831E-16
18441.9107961655  1.216912E-16
18448.861158371  1.072682E-16
18455.8115205765  1.400532E-16
18462.761882782  1.338943E-16
18469.7122449876  1.694581E-16
18476.6626071931  2.538006E-16
18483.6129693986  3.060412E-16
18490.5633316041  3.031511E-16
18497.5136938096  2.583862E-16
18504.4640560151  2.026602E-16
18511.4144182206  1.499104E-16
18518.3647804261  1.470052E-16
18525.3151426316  2.049419E-16
18532.2655048371  2.115841E-16
18539.2158670426  1.713807E-16
18546.1662292481  1.444956E-16
18553.1165914536  1.568932E-16
18560.0669536591  1.936853E-16
18567.0173158646  2.104565E-16
18573.9676780701  1.611979E-16
18580.9180402756  8.275319E-17
18587.8684024811  5.773662E-17
18594.8187646866  1.499061E-16
18601.7691268922  2.183566E-16
18608.7194890977  1.903047E-16
18615.6698513032  1.376905E-16
18622.6202135087  1.248194E-16
18629.5705757142  1.493320E-16
18636.5209379197  1.596142E-16
18643.4713001252  1.515861E-16
18650.4216623307  1.475361E-16
18657.3720245362  1.620374E-16
18664.3223867417  1.460821E-16
18671.2727489472  1.470406E-16
18678.2231111527  1.479989E-16
18685.1734733582  1.489574E-16
18692.1238355637  1.499157E-16
18699.0741977692  1.508742E-16
18706.0245599747  1.518328E-16
18712.9749221802  1.527911E-16
18719.9252843857  1.537496E-16
18726.8756465913  1.547079E-16
18733.8260087968  1.556664E-16
18740.7763710023  1.566250E-16
18747.7267332078  1.575833E-16
18754.6770954133  1.585418E-16
18761.6274576188  1.595001E-16
18768.5778198243  1.604586E-16
18775.5281820298  1.614169E-16
18782.4785442353  1.623754E-16
18789.4289064408  1.633340E-16
18796.3792686463  1.642923E-16
18803.3296308518  1.652508E-16
18810.2799930573  1.662091E-16
18817.2303552628  1.385582E-16
18824.1807174683  1.143009E-16
18831.1310796738  1.169593E-16
18838.0814418793  1.517734E-16
18845.0318040848  1.945957E-16
18851.9821662904  2.146819E-16
18858.9325284959  1.998347E-16
18865.8828907014  1.763528E-16
18872.8332529069  1.612991E-16
18879.7836151124  1.371186E-16
18886.7339773179  1.635902E-16
18893.6843395234  2.219680E-16
18900.6347017289  1.917480E-16
18907.5850639344  1.255523E-16
18914.5354261399  1.149457E-16
18921.4857883454  1.994928E-16
18928.4361505509  2.605927E-16
18935.3865127564  2.514697E-16
18942.3368749619  2.168395E-16
18949.2872371674  1.662845E-16
18956.2375993729  1.290991E-16
18963.1879615784  1.207763E-16
18970.1383237839  7.446580E-17
18977.0886859894  6.779446E-17
18984.039048195  1.823967E-16
18990.9894104005  3.027011E-16
18997.939772606  3.752552E-16
19004.8901348115  3.637698E-16
19011.840497017  2.058387E-16
19018.7908592225  9.652705E-17
19025.741221428  1.411107E-16
19032.6915836335  1.623759E-16
19039.641945839  1.488346E-16
19046.5923080445  1.687720E-16
19053.54267025  2.792333E-16
19060.4930324555  3.182138E-16
19067.443394661  2.407227E-16
19074.3937568665  1.702863E-16
19081.344119072  1.259811E-16
19088.2944812775  9.550346E-17
19095.244843483  7.290289E-17
19102.1952056885  1.139896E-16
19109.1455678941  1.867947E-16
19116.0959300996  2.204442E-16
19123.0462923051  2.334113E-16
19129.9966545106  2.197739E-16
19136.9470167161  1.841740E-16
19143.8973789216  1.931802E-16
19150.8477411271  2.126756E-16
19157.7981033326  1.930311E-16
19164.7484655381  1.555341E-16
19171.6988277436  1.154365E-16
19178.6491899491  8.418519E-17
19185.5995521546  7.032586E-17
19192.5499143601  8.238049E-17
19199.5002765656  1.170248E-16
19206.4506387711  1.539037E-16
19213.4010009766  1.471376E-16
19220.3513631821  1.096122E-16
19227.3017253876  1.043386E-16
19234.2520875931  1.233748E-16
19241.2024497987  1.315129E-16
19248.1528120042  1.042247E-16
19255.1031742097  8.233681E-17
19262.0535364152  8.384045E-17
19269.0038986207  1.010989E-16
19275.9542608262  1.286490E-16
19282.9046230317  1.377979E-16
19289.8549852372  1.158092E-16
19296.8053474427  1.083954E-16
19303.7557096482  1.293606E-16
19310.7060718537  1.571711E-16
19317.6564340592  1.486192E-16
19324.6067962647  1.324726E-16
19331.5571584702  1.354360E-16
19338.5075206757  1.359700E-16
19345.4578828812  1.196299E-16
19352.4082450867  1.093345E-16
19359.3586072922  1.493660E-16
19366.3089694978  1.601198E-16
19373.2593317033  1.271581E-16
19380.2096939088  1.193707E-16
19387.1600561143  1.240073E-16
19394.1104183198  1.286636E-16
19401.0607805253  1.325668E-16
19408.0111427308  1.274446E-16
19414.9615049363  1.196714E-16
19421.9118671418  1.190790E-16
19428.8622293473  1.159318E-16
19435.8125915528  1.156356E-16
19442.7629537583  1.242753E-16
19449.7133159638  1.287136E-16
19456.6636781693  1.205360E-16
19463.6140403748  1.059894E-16
19470.5644025803  1.080596E-16
19477.5147647858  1.187934E-16
19484.4651269913  1.261251E-16
19491.4154891969  1.312322E-16
19498.3658514024  1.234516E-16
19505.3162136079  1.102215E-16
19512.2665758134  1.162046E-16
19519.2169380189  1.177654E-16
19526.1673002244  1.058691E-16
19533.1176624299  9.785123E-17
19540.0680246354  1.052105E-16
19547.0183868409  1.111170E-16
19553.9687490464  9.393607E-17
19560.9191112519  9.073932E-17
19567.8694734574  9.934100E-17
19574.8198356629  9.775664E-17
19581.7701978684  1.010389E-16
19588.7205600739  1.149015E-16
19595.6709222794  1.292616E-16
19602.6212844849  1.192595E-16
19609.5716466904  1.027693E-16
19616.5220088959  1.008398E-16
19623.4723711014  1.020219E-16
19630.422733307  1.028072E-16
19637.3730955125  1.037368E-16
19644.323457718  1.059385E-16
19651.2738199235  1.056975E-16
19658.224182129  1.010069E-16
19665.1745443345  9.501127E-17
19672.12490654  9.895861E-17
19679.0752687455  1.066083E-16
19686.025630951  1.000223E-16
19692.9759931565  9.143694E-17
19699.926355362  9.390796E-17
19706.8767175675  1.075100E-16
19713.827079773  1.065424E-16
19720.7774419785  9.763433E-17
19727.727804184  1.015181E-16
19734.6781663895  1.095524E-16
19741.628528595  1.124802E-16
19748.5788908006  1.079591E-16
19755.5292530061  1.047050E-16
19762.4796152116  1.041687E-16
19769.4299774171  1.015055E-16
19776.3803396226  9.009023E-17
19783.3307018281  8.599115E-17
19790.2810640336  9.892058E-17
19797.2314262391  1.159307E-16
19804.1817884446  1.197521E-16
19811.1321506501  1.111064E-16
19818.0825128556  1.091853E-16
19825.0328750611  1.077049E-16
19831.9832372666  1.057507E-16
19838.9335994721  1.092811E-16
19845.8839616776  1.038665E-16
19852.8343238831  9.312031E-17
19859.7846860886  9.279298E-17
19866.7350482941  1.008369E-16
19873.6854104996  1.067330E-16
19880.6357727052  1.032521E-16
19887.5861349107  1.011205E-16
19894.5364971162  9.991495E-17
19901.4868593217  9.515407E-17
19908.4372215272  8.964054E-17
19915.3875837327  8.802175E-17
19922.3379459382  9.241990E-17
19929.2883081437  9.922383E-17
19936.2386703492  9.890354E-17
19943.1890325547  9.038573E-17
19950.1393947602  8.582835E-17
19957.0897569657  8.628979E-17
19964.0401191712  8.789306E-17
19970.9904813767  8.720325E-17
19977.9408435822  9.211907E-17
19984.8912057877  9.659038E-17
19991.8415679932  8.831175E-17
19998.7919301987  9.795610E-17
20005.7422924042  1.068496E-16
20012.6926546098  7.681666E-17
20019.6430168153  4.888315E-17
20026.5933790208  6.097400E-17
20033.5437412263  1.133221E-16
20040.4941034318  1.444486E-16
20047.4444656373  1.385161E-16
20054.3948278428  1.174385E-16
20061.3451900483  1.121747E-16
20068.2955522538  1.113944E-16
20075.2459144593  9.686195E-17
20082.1962766648  7.603062E-17
20089.1466388703  6.695930E-17
20096.0970010758  7.676608E-17
20103.0473632813  9.227617E-17
20109.9977254868  1.089865E-16
20116.9480876923  1.221060E-16
20123.8984498978  1.256321E-16
20130.8488121033  1.226825E-16
20137.7991743088  1.151135E-16
20144.7495365144  1.041104E-16
20151.6998987199  1.033871E-16
20158.6502609254  1.067266E-16
20165.6006231309  9.751342E-17
20172.5509853364  8.050535E-17
20179.5013475419  7.100960E-17
20186.4517097474  8.052755E-17
20193.4020719529  9.978256E-17
20200.3524341584  1.168350E-16
20207.3027963639  1.204124E-16
20214.2531585694  1.024939E-16
20221.2035207749  8.217599E-17
20228.1538829804  7.803744E-17
20235.1042451859  8.582973E-17
20242.0546073914  9.704178E-17
20249.0049695969  1.050582E-16
20255.9553318024  1.089657E-16
20262.9056940079  1.082141E-16
20269.8560562135  1.068331E-16
20276.806418419  1.110936E-16
20283.7567806245  1.161744E-16
20290.70714283  1.157479E-16
20297.6575050355  1.083983E-16
20304.607867241  1.047078E-16
20311.5582294465  1.106127E-16
20318.508591652  1.224098E-16
20325.4589538575  1.256236E-16
20332.409316063  1.240879E-16
20339.3596782685  1.265552E-16
20346.310040474  1.216435E-16
20353.2604026795  1.113484E-16
20360.210764885  1.040940E-16
20367.1611270905  1.037072E-16
20374.111489296  1.019516E-16
20381.0618515015  9.556925E-17
20388.012213707  9.700065E-17
20394.9625759125  1.096360E-16
20401.9129381181  1.227121E-16
20408.8633003236  1.170405E-16
20415.8136625291  1.069584E-16
20422.7640247346  1.052279E-16
20429.7143869401  1.094161E-16
20436.6647491456  1.143324E-16
20443.6151113511  1.143008E-16
20450.5654735566  1.078140E-16
20457.5158357621  1.054400E-16
20464.4661979676  1.064836E-16
20471.4165601731  1.039458E-16
20478.3669223786  1.042132E-16
20485.3172845841  1.056689E-16
20492.2676467896  1.048937E-16
20499.2180089951  1.091443E-16
20506.1683712006  1.088168E-16
20513.1187334061  9.953043E-17
20520.0690956116  1.033189E-16
20527.0194578172  1.194533E-16
20533.9698200227  1.297754E-16
20540.9201822282  1.124540E-16
20547.8705444337  1.001979E-16
20554.8209066392  1.097560E-16
20561.7712688447  1.130113E-16
20568.7216310502  1.165532E-16
20575.6719932557  1.226333E-16
20582.6223554612  1.214091E-16
20589.5727176667  1.218138E-16
20596.5230798722  1.237138E-16
20603.4734420777  1.190630E-16
20610.4238042832  1.162605E-16
20617.3741664887  1.144289E-16
20624.3245286942  1.086272E-16
20631.2748908997  1.091035E-16
20638.2252531052  1.142327E-16
20645.1756153107  1.160923E-16
20652.1259775163  1.132155E-16
20659.0763397218  1.107275E-16
20666.0267019273  1.129021E-16
20672.9770641328  1.159895E-16
20679.9274263383  1.170126E-16
20686.8777885438  1.167373E-16
20693.8281507493  1.200186E-16
20700.7785129548  1.216249E-16
20707.7288751603  1.210551E-16
20714.6792373658  1.263109E-16
20721.6295995713  1.271777E-16
20728.5799617768  1.208299E-16
20735.5303239823  1.167486E-16
20742.4806861878  1.152872E-16
20749.4310483933  1.174127E-16
20756.3814105988  1.232175E-16
20763.3317728043  1.213295E-16
20770.2821350098  1.142562E-16
20777.2324972153  1.132514E-16
20784.1828594209  1.199685E-16
20791.1332216264  1.255315E-16
20798.0835838319  1.226778E-16
20805.0339460374  1.213027E-16
20811.9843082429  1.203575E-16
20818.9346704484  1.160242E-16
20825.8850326539  1.117329E-16
20832.8353948594  1.113019E-16
20839.7857570649  1.140035E-16
20846.7361192704  1.129793E-16
20853.6864814759  1.087928E-16
20860.6368436814  1.056697E-16
20867.5872058869  1.071581E-16
20874.5375680924  1.068992E-16
20881.4879302979  1.025364E-16
20888.4382925034  9.911489E-17
20895.3886547089  1.004318E-16
20902.3390169144  1.045597E-16
20909.28937912  1.064971E-16
20916.2397413255  1.088225E-16
20923.190103531  1.072480E-16
20930.1404657365  9.777685E-17
20937.090827942  9.349674E-17
20944.0411901475  9.632627E-17
20950.991552353  9.997030E-17
20957.9419145585  9.955297E-17
20964.892276764  9.953339E-17
20971.8426389695  1.050530E-16
20978.793001175  1.128699E-16
20985.7433633805  1.150224E-16
20992.693725586  1.087317E-16
20999.6440877915  1.018831E-16
21006.594449997  1.004856E-16
21013.5448122025  1.048964E-16
21020.495174408  1.092998E-16
21027.4455366135  1.074673E-16
21034.395898819  1.006880E-16
21041.3462610246  9.726179E-17
21048.2966232301  1.013661E-16
21055.2469854356  1.076876E-16
21062.1973476411  1.077674E-16
21069.1477098466  1.083921E-16
21076.0980720521  1.108170E-16
21083.0484342576  1.114043E-16
21089.9987964631  1.097768E-16
21096.9491586686  1.099813E-16
21103.8995208741  1.138876E-16
21110.8498830796  1.133017E-16
21117.8002452851  1.093263E-16
21124.7506074906  1.059155E-16
21131.7009696961  1.024241E-16
21138.6513319016  1.011729E-16
21145.6016941071  1.039328E-16
21152.5520563126  1.091992E-16
21159.5024185181  1.078609E-16
21166.4527807237  1.021108E-16
21173.4031429292  1.071109E-16
21180.3535051347  1.101052E-16
21187.3038673402  1.060897E-16
21194.2542295457  1.049619E-16
21201.2045917512  1.102033E-16
21208.1549539567  1.101212E-16
21215.1053161622  9.247574E-17
21222.0556783677  8.360283E-17
21229.0060405732  8.981419E-17
21235.9564027787  9.915337E-17
21242.9067649842  1.055871E-16
21249.8571271897  1.037256E-16
21256.8074893952  9.628573E-17
21263.7578516007  1.010475E-16
21270.7082138062  1.065758E-16
21277.6585760117  9.963119E-17
21284.6089382172  9.208074E-17
21291.5593004228  9.044148E-17
21298.5096626283  9.319328E-17
21305.4600248338  9.196587E-17
21312.4103870393  8.772487E-17
21319.3607492448  8.470016E-17
21326.3111114503  8.602183E-17
21333.2614736558  9.182566E-17
21340.2118358613  9.802581E-17
21347.1621980668  9.916296E-17
21354.1125602723  9.710944E-17
21361.0629224778  9.579826E-17
21368.0132846833  9.723213E-17
21374.9636468888  9.635200E-17
21381.9140090943  9.314208E-17
21388.8643712998  9.106208E-17
21395.8147335053  9.070455E-17
21402.7650957108  8.760994E-17
21409.7154579163  8.113359E-17
21416.6658201218  8.425282E-17
21423.6161823273  9.163186E-17
21430.5665445329  9.513682E-17
21437.5169067384  9.918581E-17
21444.4672689439  9.649872E-17
21451.4176311494  8.849641E-17
21458.3679933549  9.286455E-17
21465.3183555604  9.797433E-17
21472.2687177659  9.384068E-17
21479.2190799714  8.628568E-17
21486.1694421769  8.561625E-17
21493.1198043824  9.158818E-17
21500.0701665879  9.358209E-17
21507.0205287934  8.978122E-17
21513.9708909989  8.577106E-17
21520.9212532044  8.776405E-17
21527.8716154099  8.857433E-17
21534.8219776154  8.629509E-17
21541.7723398209  8.430912E-17
21548.7227020264  8.530651E-17
21555.6730642319  8.761230E-17
21562.6234264375  8.768549E-17
21569.573788643  8.403321E-17
21576.5241508485  8.433734E-17
21583.474513054  9.324021E-17
21590.4248752595  1.022396E-16
21597.375237465  1.003888E-16
21604.3255996705  8.897538E-17
21611.275961876  8.551520E-17
21618.2263240815  9.017591E-17
21625.176686287  9.419640E-17
21632.1270484925  8.895540E-17
21639.077410698  8.248915E-17
21646.0277729035  8.287582E-17
21652.978135109  9.039086E-17
21659.9284973145  9.491471E-17
21666.87885952  9.291480E-17
21673.8292217255  8.904368E-17
21680.7795839311  8.883084E-17
21687.7299461366  8.927792E-17
21694.6803083421  8.626540E-17
21701.6306705476  8.920937E-17
21708.5810327531  9.382450E-17
21715.5313949586  9.328678E-17
21722.4817571641  9.420428E-17
21729.4321193696  9.517371E-17
21736.3824815751  9.410704E-17
21743.3328437806  9.475554E-17
21750.2832059861  9.513870E-17
21757.2335681916  9.077836E-17
21764.1839303971  7.944069E-17
21771.1342926026  8.041371E-17
21778.0846548081  9.254091E-17
21785.0350170136  8.853134E-17
21791.9853792191  7.907829E-17
21798.9357414246  7.833943E-17
21805.8861036301  8.828969E-17
21812.8364658356  8.972408E-17
21819.7868280412  8.353689E-17
21826.7371902467  8.464548E-17
21833.6875524522  8.465898E-17
21840.6379146577  8.630868E-17
21847.5882768632  9.414546E-17
21854.5386390687  9.228850E-17
21861.4890012742  8.553691E-17
21868.4393634797  8.452950E-17
21875.3897256852  8.386289E-17
21882.3400878907  8.717956E-17
21889.2904500962  9.332277E-17
21896.2408123017  8.731609E-17
21903.1911745072  7.993887E-17
21910.1415367127  8.214794E-17
21917.0918989182  8.855452E-17
21924.0422611237  8.412328E-17
21930.9926233292  7.052772E-17
21937.9429855347  6.856656E-17
21944.8933477403  7.589731E-17
21951.8437099458  7.811426E-17
21958.7940721513  6.475280E-17
21965.7444343568  6.354407E-17
21972.6947965623  7.794907E-17
21979.6451587678  8.872307E-17
21986.5955209733  9.095436E-17
21993.5458831788  8.875596E-17
22000.4962453843  8.877128E-17
22007.4466075898  9.029714E-17
22014.3969697953  9.429222E-17
22021.3473320008  9.854416E-17
22028.2976942063  9.283373E-17
22035.2480564118  8.193863E-17
22042.1984186173  7.553249E-17
22049.1487808228  7.735065E-17
22056.0991430283  8.158151E-17
22063.0495052338  8.475616E-17
22069.9998674394  9.111672E-17
22076.9502296449  9.381997E-17
22083.9005918504  9.026500E-17
22090.8509540559  8.641221E-17
22097.8013162614  8.567843E-17
22104.7516784669  8.431793E-17
22111.7020406724  7.626979E-17
22118.6524028779  7.137025E-17
22125.6027650834  7.361051E-17
22132.5531272889  7.918247E-17
22139.5034894944  8.412533E-17
22146.4538516999  8.602855E-17
22153.4042139054  8.505031E-17
22160.3545761109  8.410985E-17
22167.3049383164  8.282723E-17
22174.2553005219  8.159064E-17
22181.2056627274  8.611902E-17
22188.1560249329  8.617769E-17
22195.1063871384  7.760783E-17
22202.056749344  7.750734E-17
22209.0071115495  8.687202E-17
22215.957473755  9.987033E-17
22222.9078359605  1.106455E-16
22229.858198166  1.111690E-16
22236.8085603715  1.011741E-16
22243.758922577  8.936133E-17
22250.7092847825  8.095549E-17
22257.659646988  7.890304E-17
22264.6100091935  8.281718E-17
22271.560371399  8.586196E-17
22278.5107336045  8.595195E-17
22285.46109581  8.561027E-17
22292.4114580155  8.565604E-17
22299.361820221  8.625646E-17
22306.3121824265  8.486745E-17
22313.262544632  7.347243E-17
22320.2129068376  6.406972E-17
22327.1632690431  6.883453E-17
22334.1136312486  7.727636E-17
22341.0639934541  8.244820E-17
22348.0143556596  8.187786E-17
22354.9647178651  7.724092E-17
22361.9150800706  7.717751E-17
22368.8654422761  8.301876E-17
22375.8158044816  8.409077E-17
22382.7661666871  8.075679E-17
22389.7165288926  7.477277E-17
22396.6668910981  6.697030E-17
22403.6172533036  6.673313E-17
22410.5676155091  7.373854E-17
22417.5179777146  7.833995E-17
22424.4683399201  7.820637E-17
22431.4187021256  7.633317E-17
22438.3690643311  7.739694E-17
22445.3194265366  8.159837E-17
22452.2697887422  8.474960E-17
22459.2201509477  8.286891E-17
22466.1705131532  7.813987E-17
22473.1208753587  7.700810E-17
22480.0712375642  8.104399E-17
22487.0215997697  7.933468E-17
22493.9719619752  7.205832E-17
22500.9223241807  6.450665E-17
22507.8726863862  6.057107E-17
22514.8230485917  6.385715E-17
22521.7734107972  7.319823E-17
22528.7237730027  8.149512E-17
22535.6741352082  7.893309E-17
22542.6244974137  6.910673E-17
22549.5748596192  6.828338E-17
22556.5252218247  7.794754E-17
22563.4755840302  9.166744E-17
22570.4259462357  9.946067E-17
22577.3763084412  9.119231E-17
22584.3266706468  7.585928E-17
22591.2770328523  7.005993E-17
22598.2273950578  6.858964E-17
22605.1777572633  6.867387E-17
22612.1281194688  6.920571E-17
22619.0784816743  6.502835E-17
22626.0288438798  5.911426E-17
22632.9792060853  5.681957E-17
22639.9295682908  5.856015E-17
22646.8799304963  6.562165E-17
22653.8302927018  7.298816E-17
22660.7806549073  6.762289E-17
22667.7310171128  5.957914E-17
22674.6813793183  5.700297E-17
22681.6317415238  5.417036E-17
22688.5821037293  5.148329E-17
22695.5324659348  5.556274E-17
22702.4828281403  7.242571E-17
22709.4331903459  8.174265E-17
22716.3835525514  7.574952E-17
22723.3339147569  6.560109E-17
22730.2842769624  6.528639E-17
22737.2346391679  7.060834E-17
22744.1850013734  6.695852E-17
22751.1353635789  5.210149E-17
22758.0857257844  4.616371E-17
22765.0360879899  6.206336E-17
22771.9864501954  6.643144E-17
22778.9368124009  5.569067E-17
22785.8871746064  4.684111E-17
22792.8375368119  5.706940E-17
22799.7878990174  7.203462E-17
22806.7382612229  7.342393E-17
22813.6886234284  6.276020E-17
22820.6389856339  6.287732E-17
22827.5893478394  7.441723E-17
22834.5397100449  6.596141E-17
22841.4900722505  5.995321E-17
22848.440434456  6.708287E-17
22855.3907966615  6.973974E-17
22862.341158867  6.435138E-17
22869.2915210725  5.542346E-17
22876.241883278  5.079199E-17
22883.1922454835  5.310489E-17
22890.142607689  5.792584E-17
22897.0929698945  5.842510E-17
22904.0433321  5.397333E-17
22910.9936943055  5.085289E-17
22917.944056511  5.425404E-17
22924.8944187165  5.807717E-17
22931.844780922  5.960907E-17
22938.7951431275  5.646765E-17
22945.745505333  4.339988E-17
22952.6958675385  3.744558E-17
22959.646229744  4.724604E-17
22966.5965919495  5.432850E-17
22973.5469541551  5.498856E-17
22980.4973163606  5.560244E-17
22987.4476785661  6.469922E-17
22994.3980407716  6.693855E-17
23001.3484029771  6.096583E-17
23008.2987651826  6.366805E-17
23015.2491273881  6.989639E-17
23022.1994895936  6.744874E-17
23029.1498517991  5.168804E-17
23036.1002140046  5.076728E-17
23043.0505762101  6.300427E-17
23050.0009384156  6.663932E-17
23056.9513006211  6.099835E-17
23063.9016628266  5.825977E-17
23070.8520250321  6.833121E-17
23077.8023872376  8.097791E-17
23084.7527494431  8.507756E-17
23091.7031116486  7.719833E-17
23098.6534738541  6.671821E-17
23105.6038360597  6.847692E-17
23112.5541982652  8.264893E-17
23119.5045604707  8.638501E-17
23126.4549226762  7.346314E-17
23133.4052848817  5.202070E-17
23140.3556470872  3.845022E-17
23147.3060092927  4.169221E-17
23154.2563714982  5.807488E-17
23161.2067337037  7.284832E-17
23168.1570959092  6.671889E-17
23175.1074581147  5.368333E-17
23182.0578203202  6.285876E-17
23189.0081825257  7.040077E-17
23195.9585447312  6.484712E-17
23202.9089069367  5.469293E-17
23209.8592691422  5.763779E-17
23216.8096313477  6.389793E-17
23223.7599935533  5.815258E-17
23230.7103557588  5.382210E-17
23237.6607179643  5.855864E-17
23244.6110801698  7.028194E-17
23251.5614423753  7.778315E-17
23258.5118045808  7.705408E-17
23265.4621667863  7.006962E-17
23272.4125289918  6.231520E-17
23279.3628911973  6.323855E-17
23286.3132534028  7.051816E-17
23293.2636156083  6.900578E-17
23300.2139778138  6.424000E-17
23307.1643400193  6.464650E-17
23314.1147022248  7.117135E-17
23321.0650644303  6.575208E-17
23328.0154266358  5.506800E-17
23334.9657888413  6.094634E-17
23341.9161510468  6.885894E-17
23348.8665132523  6.865802E-17
23355.8168754579  6.191495E-17
23362.7672376634  6.050771E-17
23369.7175998689  5.734800E-17
23376.6679620744  4.676376E-17
23383.6183242799  5.333089E-17
23390.5686864854  6.446460E-17
23397.5190486909  6.125252E-17
23404.4694108964  5.144200E-17
23411.4197731019  5.209961E-17
23418.3701353074  6.685953E-17
23425.3204975129  7.539101E-17
23432.2708597184  7.072206E-17
23439.2212219239  6.170338E-17
23446.1715841294  6.545805E-17
23453.1219463349  7.049033E-17
23460.0723085404  6.531803E-17
23467.0226707459  5.226335E-17
23473.9730329514  5.511524E-17
23480.9233951569  6.814999E-17
23487.8737573625  6.567725E-17
23494.824119568  5.675432E-17
23501.7744817735  5.315243E-17
23508.724843979  5.910097E-17
23515.6752061845  6.499931E-17
23522.62556839  6.805894E-17
23529.5759305955  6.998413E-17
23536.526292801  7.012799E-17
23543.4766550065  7.288528E-17
23550.427017212  8.112676E-17
23557.3773794175  9.031753E-17
23564.327741623  8.521797E-17
23571.2781038285  6.537093E-17
23578.228466034  5.559216E-17
23585.1788282395  5.823189E-17
23592.129190445  6.618884E-17
23599.0795526505  7.181022E-17
23606.029914856  7.050003E-17
23612.9802770616  6.682055E-17
23619.9306392671  6.916061E-17
23626.8810014726  6.729136E-17
23633.8313636781  5.673058E-17
23640.7817258836  4.404996E-17
23647.7320880891  4.340057E-17
23654.6824502946  5.302486E-17
23661.6328125001  6.085455E-17
23668.5831747056  6.212344E-17
23675.5335369111  5.800125E-17
23682.4838991166  5.485265E-17
23689.4342613221  6.197514E-17
23696.3846235276  6.710853E-17
23703.3349857331  6.252054E-17
23710.2853479386  6.636673E-17
23717.2357101441  6.472634E-17
23724.1860723496  5.309594E-17
23731.1364345551  5.672398E-17
23738.0867967606  6.879283E-17
23745.0371589662  7.227430E-17
23751.9875211717  5.738149E-17
23758.9378833772  4.266910E-17
23765.8882455827  4.537898E-17
23772.8386077882  6.534441E-17
23779.7889699937  7.385687E-17
23786.7393321992  6.912514E-17
23793.6896944047  6.887240E-17
23800.6400566102  5.852261E-17
23807.5904188157  4.131981E-17
23814.5407810212  3.516570E-17
23821.4911432267  5.367142E-17
23828.4415054322  8.375443E-17
23835.3918676377  9.974559E-17
23842.3422298432  8.549859E-17
23849.2925920487  7.185537E-17
23856.2429542542  7.884869E-17
23863.1933164597  6.984640E-17
23870.1436786652  4.978397E-17
23877.0940408708  3.910317E-17
23884.0444030763  4.930491E-17
23890.9947652818  5.414756E-17
23897.9451274873  4.662969E-17
23904.8954896928  5.289556E-17
23911.8458518983  6.293518E-17
23918.7962141038  6.163444E-17
23925.7465763093  4.423461E-17
23932.6969385148  2.656663E-17
23939.6473007203  2.334200E-17
23946.5976629258  3.651662E-17
23953.5480251313  4.701813E-17
23960.4983873368  4.235222E-17
23967.4487495423  2.585784E-17
23974.3991117478  1.947387E-17
23981.3494739533  3.005228E-17
23988.2998361588  4.797459E-17
23995.2501983643  5.412842E-17
24002.2005605699  4.647374E-17
24009.1509227754  3.575164E-17
24016.1012849809  3.591295E-17
24023.0516471864  4.007811E-17
24030.0020093919  3.775962E-17
24036.9523715974  2.855134E-17
24043.9027338029  2.772969E-17
24050.8530960084  3.883684E-17
24057.8034582139  4.643688E-17
24064.7538204194  4.334083E-17
24071.7041826249  3.727906E-17
24078.6545448304  4.259790E-17
24085.6049070359  4.879404E-17
24092.5552692414  5.176796E-17
24099.5056314469  5.515185E-17
24106.4559936524  5.516333E-17
24113.4063558579  5.730078E-17
24120.3567180634  6.482063E-17
24127.307080269  5.860184E-17
24134.2574424745  3.977040E-17
24141.20780468  2.371486E-17
24148.1581668855  2.523932E-17
24155.108529091  4.627483E-17
24162.0588912965  7.244380E-17
24169.009253502  7.773740E-17
24175.9596157075  7.283446E-17
24182.909977913  7.123659E-17
24189.8603401185  6.897318E-17
24196.810702324  7.696115E-17
24203.7610645295  8.710281E-17
24210.711426735  7.329880E-17
24217.6617889405  5.866523E-17
24224.612151146  5.742760E-17
24231.5625133515  6.061535E-17
24238.512875557  5.551034E-17
24245.4632377625  4.299396E-17
24252.413599968  3.810655E-17
24259.3639621735  6.281828E-17
24266.3143243791  8.746632E-17
24273.2646865846  7.327978E-17
24280.2150487901  4.861847E-17
24287.1654109956  3.399101E-17
24294.1157732011  3.808985E-17
24301.0661354066  6.236852E-17
24308.0164976121  8.253928E-17
24314.9668598176  7.858386E-17
24321.9172220231  5.926664E-17
24328.8675842286  4.939284E-17
24335.8179464341  5.608070E-17
24342.7683086396  5.685134E-17
24349.7186708451  6.322585E-17
24356.6690330506  7.493765E-17
24363.6193952561  7.070157E-17
24370.5697574616  5.547684E-17
24377.5201196671  4.290335E-17
24384.4704818727  4.342112E-17
24391.4208440782  4.883775E-17
24398.3712062837  5.682192E-17
24405.3215684892  6.704267E-17
24412.2719306947  5.981309E-17
24419.2222929002  4.272841E-17
24426.1726551057  3.460172E-17
24433.1230173112  3.005865E-17
24440.0733795167  4.304900E-17
24447.0237417222  7.619427E-17
24453.9741039277  8.885846E-17
24460.9244661332  8.414527E-17
24467.8748283387  7.874940E-17
24474.8251905442  7.375266E-17
24481.7755527497  7.643331E-17
24488.7259149552  8.267699E-17
24495.6762771607  7.539351E-17
24502.6266393662  7.818117E-17
24509.5770015717  9.409104E-17
24516.5273637773  9.473604E-17
24523.4777259828  9.082629E-17
24530.4280881883  8.957320E-17
24537.3784503938  8.793060E-17
24544.3288125993  9.400505E-17
24551.2791748048  1.007830E-16
24558.2295370103  9.384106E-17
24565.1798992158  7.566594E-17
24572.1302614213  6.436717E-17
24579.0806236268  7.007101E-17
24586.0309858323  6.311669E-17
24592.9813480378  5.577129E-17
24599.9317102433  6.081286E-17
24606.8820724488  4.341237E-17
24613.8324346543  1.266117E-17
24620.7827968598  7.998576E-19
24627.7331590653  3.399111E-17
24634.6835212708  7.461507E-17
24641.6338834763  8.520914E-17
24648.5842456819  6.950102E-17
24655.5346078874  5.976514E-17
24662.4849700929  7.020502E-17
24669.4353322984  8.199258E-17
24676.3856945039  7.490948E-17
24683.3360567094  5.027939E-17
24690.2864189149  2.664386E-17
24697.2367811204  3.199457E-18
24704.1871433259  -7.563773E-18
24711.1375055314  1.076411E-17
24718.0878677369  5.193731E-17
24725.0382299424  7.304835E-17
24731.9885921479  4.574033E-17
24738.9389543534  2.498112E-17
24745.8893165589  2.730743E-17
24752.8396787644  4.639732E-17
24759.7900409699  8.298991E-17
24766.7404031754  1.002060E-16
24773.690765381  7.758844E-17
24780.6411275865  4.723476E-17
24787.591489792  2.119750E-17
24794.5418519975  1.024968E-17
24801.492214203  2.936607E-17
24808.4425764085  7.823751E-17
24815.392938614  1.102689E-16
24822.3433008195  6.633353E-17
24829.293663025  4.700525E-17
24836.2440252305  6.994229E-17
24843.194387436  6.199416E-17
24850.1447496415  4.556103E-17
24857.095111847  5.124702E-17
24864.0454740525  7.211031E-17
24870.995836258  5.123419E-18
24877.9461984635  -5.368418E-17
24884.896560669  1.551792E-17
24891.8469228745  6.462067E-17
24898.7972850801  5.526665E-17
24905.7476472856  3.238267E-17
24912.6980094911  5.029329E-17
24919.6483716966  4.939162E-17
24926.5987339021  5.096103E-18
24933.5490961076  2.157613E-17
24940.4994583131  6.585242E-17
24947.4498205186  8.960400E-17
24954.4001827241  9.812383E-17
24961.3505449296  1.127315E-16
24968.3009071351  1.209433E-16
24975.2512693406  8.211701E-17
24982.2016315461  2.955840E-17
24989.1519937516  7.242631E-19
24996.1023559571  8.312061E-18
25003.0527181626  2.941262E-17
25010.0030803681  0.
25016.9534425736  0.
25023.9038047791  0.
25030.8541669847  0.
25037.8045291902  0.
25044.7548913957  0.
25051.7052536012  0.
25058.6556158067  0.
25065.6059780122  0.
25072.5563402177  0.
25079.5067024232  0.
25086.4570646287  0.
25093.4074268342  0.
25100.3577890397  0.
25107.3081512452  0.
25114.2585134507  0.
25121.2088756562  0.
25128.1592378617  0.
25135.1096000672  0.
25142.0599622727  0.
25149.0103244782  0.
25155.9606866837  0.
25162.9110488893  0.
25169.8614110948  0.
25176.8117733003  0.
25183.7621355058  0.
25190.7124977113  0.
25197.6628599168  0.
25204.6132221223  0.
25211.5635843278  0.
25218.5139465333  0.
25225.4643087388  0.
25232.4146709443  0.
25239.3650331498  0.
25246.3153953553  0.
25253.2657575608  0.
25260.2161197663  0.
25267.1664819718  0.
25274.1168441773  0.
25281.0672063828  0.
25288.0175685884  0.
25294.9679307939  0.
25301.9182929994  0.
25308.8686552049  0.
25315.8190174104  0.
25322.7693796159  0.
25329.7197418214  0.
25336.6701040269  0.
25343.6204662324  0.
25350.5708284379  0.
25357.5211906434  0.
25364.4715528489  0.
25371.4219150544  0.
25378.3722772599  0.
25385.3226394654  0.
25392.2730016709  0.
25399.2233638764  0.
25406.1737260819  0.
25413.1240882875  0.
25420.074450493  0.
25427.0248126985  0.
25433.975174904  0.
25440.9255371095  0.
25447.875899315  0.
25454.8262615205  0.
25461.776623726  0.
25468.7269859315  0.
