5.900116001303077610e+03 1.005601305869121997e+00
5.900309119583057509e+03 1.011747072593484287e+00
5.900502237863037408e+03 8.872663125453764676e-01
5.900695356143017307e+03 9.103342240480620795e-01
5.900888474422997206e+03 1.120434061049625951e+00
5.901081592702977105e+03 1.048504855875743047e+00
5.901274710982957004e+03 9.532060466661178566e-01
5.901467829262936903e+03 9.269621671395646967e-01
5.901660947542916801e+03 1.056938298381541852e+00
5.901854065822896700e+03 9.689434388249261731e-01
5.902047184102876599e+03 8.780941246303978209e-01
5.902240302382856498e+03 9.180692633854593554e-01
5.902433420662836397e+03 9.894775848344938840e-01
5.902626538942816296e+03 1.099089282542873081e+00
5.902819657222796195e+03 1.002710596217867955e+00
5.903012775502776094e+03 1.082919065207600173e+00
5.903205893782755993e+03 1.119532338494516166e+00
5.903399012062735892e+03 1.020469618896627573e+00
5.903592130342714881e+03 1.057689558037670396e+00
5.903785248622694780e+03 1.097380012133556404e+00
5.903978366902674679e+03 1.003386959842887061e+00
5.904171485182654578e+03 1.013166290240946843e+00
5.904364603462634477e+03 9.662236260005281352e-01
5.904557721742614376e+03 9.402894187110750757e-01
5.904750840022594275e+03 9.975739237296703532e-01
5.904943958302574174e+03 9.497807797774602268e-01
5.905137076582554073e+03 9.971748986624887623e-01
5.905330194862533972e+03 9.807426920789580338e-01
5.905523313142513871e+03 1.003873864929344384e+00
5.905716431422493770e+03 1.052428217344211436e+00
5.905909549702473669e+03 1.089844282787746588e+00
5.906102667982453568e+03 1.079986355698050460e+00
5.906295786262433467e+03 1.053773457312188855e+00
5.906488904542413366e+03 1.020319644644069657e+00
5.906682022822393265e+03 1.010191383618633365e+00
5.906875141102373163e+03 9.316797784977699504e-01
5.907068259382353062e+03 9.672174733517719947e-01
5.907261377662332961e+03 9.725425562807270552e-01
5.907454495942312860e+03 9.245735620854148573e-01
5.907647614222292759e+03 9.729695355294183390e-01
5.907840732502272658e+03 1.026327117949302536e+00
5.908033850782252557e+03 1.049474202309315984e+00
5.908226969062232456e+03 9.795406230771822598e-01
5.908420087342212355e+03 9.842352717617106617e-01
5.908613205622192254e+03 1.058505956855794183e+00
5.908806323902172153e+03 1.040505618590633619e+00
5.908999442182152052e+03 1.078784685867442805e+00
5.909192560462131951e+03 9.872944633386762092e-01
5.909385678742111850e+03 9.115112049226059554e-01
5.909578797022091749e+03 9.784185982619953981e-01
5.909771915302071648e+03 9.549742040405725385e-01
5.909965033582051547e+03 9.695002368888000488e-01
5.910158151862031445e+03 9.090856159045856977e-01
5.910351270142011344e+03 1.007753808282207508e+00
5.910544388421991243e+03 1.078376004011690314e+00
5.910737506701971142e+03 1.013704904629345815e+00
5.910930624981951041e+03 8.682268906540212550e-01
5.911123743261930940e+03 9.127428003595747796e-01
5.911316861541910839e+03 1.062892850559341795e+00
5.911509979821890738e+03 1.047278719749694442e+00
5.911703098101870637e+03 1.032086248742133838e+00
5.911896216381850536e+03 1.060806289328761309e+00
5.912089334661830435e+03 9.920874409317781417e-01
5.912282452941810334e+03 9.666727862632146229e-01
5.912475571221790233e+03 1.017901546916467614e+00
5.912668689501770132e+03 9.770566139767153935e-01
5.912861807781750031e+03 9.316285714046551591e-01
5.913054926061729930e+03 9.834845878410904962e-01
5.913248044341709829e+03 1.049820977515182996e+00
5.913441162621689728e+03 9.718807706574285055e-01
5.913634280901669626e+03 9.795658714205320861e-01
5.913827399181649525e+03 9.821256366648916103e-01
5.914020517461628515e+03 9.077435213088543842e-01
5.914213635741608414e+03 9.279304623047600620e-01
5.914406754021588313e+03 1.049464977838447943e+00
5.914599872301568212e+03 9.898734690445455398e-01
5.914792990581548111e+03 8.612920937780015329e-01
5.914986108861528010e+03 9.956774742197751493e-01
5.915179227141507909e+03 1.005468220941691415e+00
5.915372345421487807e+03 1.012861816132444082e+00
5.915565463701467706e+03 1.005034395205404607e+00
5.915758581981447605e+03 9.361096380293878472e-01
5.915951700261427504e+03 1.003327999130397385e+00
5.916144818541407403e+03 9.521912986504907916e-01
5.916337936821387302e+03 9.650022699574347662e-01
5.916531055101367201e+03 1.101130814271286784e+00
5.916724173381347100e+03 1.025561349186098425e+00
5.916917291661326999e+03 9.842750808461044887e-01
5.917110409941306898e+03 1.074410504803873900e+00
5.917303528221286797e+03 9.968580977738814575e-01
5.917496646501266696e+03 1.026548857556027539e+00
5.917689764781246595e+03 1.067210179460774899e+00
5.917882883061226494e+03 9.576648713322123418e-01
5.918076001341206393e+03 1.073996254392375338e+00
5.918269119621186292e+03 1.099924149130468543e+00
5.918462237901166191e+03 1.076839716241634548e+00
5.918655356181146090e+03 1.045776001705273073e+00
5.918848474461125988e+03 9.811668742927974751e-01
5.919041592741105887e+03 1.101462349798296270e+00
5.919234711021085786e+03 9.808686847748289139e-01
5.919427829301065685e+03 9.413402487243012207e-01
5.919620947581045584e+03 9.326825924912467425e-01
5.919814065861025483e+03 9.924018050143283975e-01
5.920007184141005382e+03 9.530663500727348802e-01
5.920200302420985281e+03 9.131994093864154172e-01
5.920393420700965180e+03 9.978077673194948316e-01
5.920586538980945079e+03 8.882591684453697845e-01
5.920779657260924978e+03 8.814044154208610093e-01
5.920972775540904877e+03 9.174356472463790491e-01
5.921165893820884776e+03 8.970327295069447926e-01
5.921359012100864675e+03 7.488701986793023790e-01
5.921552130380844574e+03 6.606986146876659971e-01
5.921745248660824473e+03 4.643460107469508102e-01
5.921938366940804372e+03 4.746368664767225409e-01
5.922131485220783361e+03 4.655586211594703316e-01
5.922324603500763260e+03 4.287599938508288577e-01
5.922517721780743159e+03 5.130563906548922803e-01
5.922710840060723058e+03 8.568650236111949869e-01
5.922903958340702957e+03 9.946691047134099684e-01
5.923097076620682856e+03 9.907076250211692692e-01
5.923290194900662755e+03 1.057230005968007536e+00
5.923483313180642654e+03 9.544730716501260703e-01
5.923676431460622553e+03 1.052940611153158956e+00
5.923869549740602451e+03 1.049969932707583986e+00
5.924062668020582350e+03 1.082611656211230011e+00
5.924255786300562249e+03 1.051625311619690084e+00
5.924448904580542148e+03 1.057920666539637011e+00
5.924642022860522047e+03 1.111406156833775860e+00
5.924835141140501946e+03 1.131507839665415016e+00
5.925028259420481845e+03 1.059352963433384920e+00
5.925221377700461744e+03 1.061588259467733275e+00
5.925414495980441643e+03 1.003095772898034754e+00
5.925607614260421542e+03 9.167515856373186223e-01
5.925800732540401441e+03 9.348631974008314582e-01
5.925993850820381340e+03 8.905406320019295663e-01
5.926186969100361239e+03 9.813949414345505273e-01
5.926380087380341138e+03 1.058690604091485632e+00
5.926573205660321037e+03 1.034869997752091209e+00
5.926766323940300936e+03 9.447744456121970336e-01
5.926959442220280835e+03 9.132403174578537230e-01
5.927152560500260734e+03 8.451260036454878444e-01
5.927345678780240632e+03 7.728010649023308032e-01
5.927538797060220531e+03 7.835374144260199847e-01
5.927731915340200430e+03 6.379753863594869179e-01
5.927925033620180329e+03 5.619609730522638902e-01
5.928118151900160228e+03 5.755585342142318650e-01
5.928311270180140127e+03 6.170164242511861907e-01
5.928504388460120026e+03 7.777424789754734391e-01
5.928697506740099925e+03 9.336568793569518521e-01
5.928890625020079824e+03 9.333578198969064710e-01
5.929083743300059723e+03 1.021744598789299907e+00
5.929276861580039622e+03 1.055677847159965710e+00
5.929469979860019521e+03 1.054061792990460544e+00
5.929663098139999420e+03 9.840290713745056816e-01
5.929856216419979319e+03 1.028953650742731041e+00
5.930049334699959218e+03 1.057904810777956506e+00
5.930242452979939117e+03 1.005453993760696996e+00
5.930435571259919016e+03 1.003221677175879067e+00
5.930628689539898915e+03 1.076776186100680599e+00
5.930821807819878813e+03 1.033313188549286776e+00
5.931014926099858712e+03 1.015877959402565534e+00
5.931208044379838611e+03 9.290980759663851618e-01
5.931401162659818510e+03 9.540572148728757584e-01
5.931594280939798409e+03 1.041128995074189323e+00
5.931787399219778308e+03 1.025639959024936099e+00
5.931980517499758207e+03 1.037165268855744671e+00
5.932173635779738106e+03 1.020081224489349569e+00
5.932366754059717096e+03 1.049621393139819503e+00
5.932559872339696994e+03 9.785189170619369436e-01
5.932752990619676893e+03 9.495996194032352289e-01
5.932946108899656792e+03 1.039934737771197382e+00
5.933139227179636691e+03 1.043668867753717588e+00
5.933332345459616590e+03 1.033163019941712335e+00
5.933525463739596489e+03 9.583240930013479097e-01
5.933718582019576388e+03 9.056493982719364677e-01
5.933911700299556287e+03 9.670933776203469723e-01
5.934104818579536186e+03 9.856769300994063787e-01
5.934297936859516085e+03 9.395669918082831806e-01
5.934491055139495984e+03 9.120877165312808454e-01
5.934684173419475883e+03 9.056164640025343715e-01
5.934877291699455782e+03 9.846931840509610678e-01
5.935070409979435681e+03 9.379393906533436409e-01
5.935263528259415580e+03 8.954620235247467974e-01
5.935456646539395479e+03 1.030431187158493911e+00
5.935649764819375378e+03 1.064376167181162902e+00
5.935842883099355276e+03 1.052774338828544431e+00
5.936036001379335175e+03 1.003507638377949540e+00
5.936229119659315074e+03 9.758349159537140771e-01
5.936422237939294973e+03 1.028800371483723719e+00
5.936615356219274872e+03 9.651610308101409297e-01
5.936808474499254771e+03 1.001673290173140662e+00
5.937001592779234670e+03 1.054083008033816604e+00
5.937194711059214569e+03 1.047092495903651166e+00
5.937387829339194468e+03 1.033960472967119237e+00
5.937580947619174367e+03 9.798247000874507062e-01
5.937774065899154266e+03 1.003631144999475922e+00
5.937967184179134165e+03 9.850473421791161588e-01
5.938160302459114064e+03 9.618148456080493069e-01
5.938353420739093963e+03 1.043556093663611462e+00
5.938546539019073862e+03 1.055685205112647296e+00
5.938739657299053761e+03 9.932983214189112786e-01
5.938932775579033660e+03 9.647426073957089399e-01
5.939125893859013559e+03 9.639508121194674262e-01
5.939319012138993457e+03 1.017754564474239620e+00
5.939512130418973356e+03 9.983976106491989633e-01
5.939705248698953255e+03 1.026340822011293508e+00
5.939898366978933154e+03 1.042497218737574727e+00
