3016.790261648244 0.20343455186926424
3044.4009141364677 0.22342777591263363
3067.384916748286 0.23969523851803354
3086.190009794319 0.2545405201810146
3113.6141038197843 0.2726975025873095
3144.955925563173 0.2914906301936945
3172.3800195886383 0.3060357145829922
3199.8041136141037 0.32079326356152527
3231.1459353574924 0.3367181192132359
3262.487757100881 0.35073079356183046
3293.82957884427 0.36633695232968844
3321.253672869735 0.38077580442436876
3348.6777668952004 0.39532088881366656
3380.019588638589 0.41283922888464075
3407.443682664055 0.4296151914609073
3430.9500489715965 0.44405529212320305
3456.4152791381 0.4587072330909262
3483.839373163565 0.4775016092649266
3501.4691478942214 0.49119995671632266
3528.8932419196863 0.5074447578195016
3561.01860920666 0.5253452844375757
3583.741429970617 0.5404655214989471
3603.3300685602353 0.5574564457996798
3622.1351616062684 0.5752974781708762
3638.5896180215473 0.5921831690310838
3650.342801175318 0.6067332476908435
3669.147894221351 0.626273996775921
3686.3858961802152 0.6471750186591493
3709.108716944172 0.673003471017971
3728.69735553379 0.6912691828541145
3744.368266405485 0.7209029987819529
3763.173359451518 0.7399550793117896
3779.627815866797 0.7591353877357364
3791.380999020568 0.7732605372170259
3810.1860920666013 0.7891468953672591
3827.424094025465 0.8049487671088447
3850.1469147894213 0.8218961996376378
3872.8697355533786 0.8396085046876779
3904.9951028403525 0.8601223457533439
3940.254652301665 0.875536037823275
3983.3496571988244 0.8900548814831873
4030.362389813908 0.9042750261505551
4077.3751224289913 0.9161580603363363
4124.387855044074 0.9231544089697098
4171.400587659158 0.9254765366399101
4218.4133202742405 0.9256740184177595
4265.426052889324 0.925659035606374
4312.438785504408 0.9254315882057527
4359.45151811949 0.923291959502016
4406.464250734573 0.920090007852103
4453.476983349657 0.917100520791425
4500.489715964741 0.9141110337307478
4547.502448579824 0.9102716883131295
4594.515181194907 0.9070697366632171
4641.52791380999 0.9036553204240689
4688.540646425073 0.901515691720332
4735.553379040157 0.8995885276058301
4782.56611165524 0.8978738280805629
4829.578844270323 0.8950968056091206
4876.5915768854065 0.8944444290300296
4923.60430950049 0.8925172649155275
4970.617042115573 0.8916524237472013
5017.629774730656 0.889300330454229
5064.642507345739 0.8869482371612565
5111.655239960823 0.8858709314036953
5158.667972575905 0.8858559485923093
5205.680705190989 0.8856285011916882
5252.693437806072 0.8834888724879514
5299.706170421156 0.8845362126227412
5346.718903036239 0.8851586235790607
5393.731635651321 0.8881181450169665
5440.744368266405 0.8876782330271106
5487.757100881488 0.8870258564480193
5534.769833496572 0.8882856611720442
5581.782566111656 0.8895454658960691
5628.795298726738 0.8895304830846835
5675.808031341821 0.8895155002732976
5722.820763956905 0.8916251633542631
5769.833496571987 0.8922475743105828
5816.846229187071 0.8937198436238424
5863.858961802154 0.8945547191693974
5910.871694417237 0.8953895947149522
5957.884427032321 0.8977117223851527
6004.897159647404 0.8983341333414723
6051.909892262487 0.8987440797085565
6098.92262487757 0.8995789552541114
6145.935357492654 0.9002013662104309
6192.948090107738 0.9014611709344558
6239.96082272282 0.9020835818907754
6286.973555337904 0.9020685990793895
6333.9862879529865 0.9020536162680037
6380.99902056807 0.9020386334566179
6428.011753183153 0.902023650645232
6475.024485798236 0.9013712740661409
6522.03721841332 0.9007188974870496
6569.049951028403 0.899429127140253
6616.062683643486 0.8987767505611617
6663.07541625857 0.8970620510358951
6710.088148873654 0.8949224223321579
6757.100881488736 0.8925703290391858
6804.113614103819 0.8900057711569785
6851.126346718902 0.8870162840963005
6898.139079333986 0.8838143324463879
6945.15181194907 0.8801874516180049
6992.1645445641525 0.8761356416111515
7039.177277179237 0.871446437836593
7086.190009794319 0.8663323048835645
7133.202742409403 0.8610057073413003
7180.215475024486 0.8552541806205657
7227.228207639569 0.8486527955428911
7274.240940254651 0.8416264812867459
7321.253672869736 0.834387702441366
7368.266405484819 0.8267239944175154
7415.279138099902 0.8186353572151945
7462.291870714985 0.8092719324774634
7509.304603330067 0.7999085077397319
7556.317335945152 0.7896952246450599
7603.330068560235 0.7792694769611531
7650.3428011753185 0.768631264688011
7697.355533790401 0.7571431940579281
7744.368266405485 0.7445928004816696
7791.380999020567 0.7320424069054113
7838.393731635651 0.7188546195614475
7885.406464250735 0.7056668322174837
7932.419196865817 0.6924790448735201
7979.431929480901 0.6778040054049104
8026.444662095983 0.6631289659363009
8069.539666993143 0.6501123988313406
8108.716944172379 0.6373520378010784
8151.811949069539 0.6218708814609903
8198.824681684622 0.6057085898677352
8241.919686581783 0.5916721927344464
8285.014691478942 0.5759360788872766
8332.027424094025 0.559773787294021
8375.122428991184 0.5436977301040749
8414.29970617042 0.5296625815384018
8453.476983349658 0.5156274329727283
8496.571988246817 0.49938140411139453
8539.666993143977 0.48347531859283654
8582.761998041136 0.46812164100628983
8625.857002938297 0.45157816172002674
8665.034280117532 0.43728805564727125
8704.211557296769 0.42274299206743393
8743.388834476003 0.4087078435017605
8782.56611165524 0.394417737429005
8825.6611165524 0.37859663774614116
8872.673849167482 0.36115955861747506
8915.768854064643 0.34618831729155186
8958.863858961802 0.33011226010160566
9005.876591576885 0.31416243309758507
9048.971596474044 0.29923368468950917
9088.148873653283 0.28570845113800025
9131.243878550442 0.27141709649762913
9178.256611165523 0.256104663261314
9225.269343780607 0.24079223002499925
9272.282076395692 0.2263296551456246
9319.294809010773 0.21165461567701505
9366.307541625858 0.19782943456534574
9413.32027424094 0.18421671804291195
9460.333006856024 0.1712413952881835
9507.345739471108 0.15826607253345473
9554.358472086189 0.1461406081356665
9601.371204701272 0.134652537505584
9648.383937316356 0.12295200228626604
9695.396669931439 0.11231379001312411
9742.409402546522 0.10210050691845213
9789.422135161605 0.09294954676995473
9836.43486777669 0.08294872826451807
9883.447600391772 0.07358530352678658
9930.460333006857 0.06464680796752618
9977.47306562194 0.057408029122145314
10024.485798237023 0.05038171486600063
10071.498530852106 0.04399279437756084
10118.511263467188 0.0384537322460615
10165.523996082273 0.032702205525327294
10212.536728697356 0.02801300175076915
10259.549461312437 0.02353626256544454
10306.562193927522 0.02012184632629728
10353.574926542606 0.016494965497914557
10384.916748285996 0.013510472707699228
