6.430315361881048375e+03 -2.488021703436211284e-17
6.431624477930476132e+03 -2.719865214245537603e-17
6.432933593979903890e+03 -1.781138871955798973e-17
6.434242710029330738e+03 -1.461961785873321353e-17
6.435551826078758495e+03 1.049363995394022046e-18
6.436860942128185343e+03 -9.799838213723295512e-18
6.438170058177614010e+03 -3.176519923832294371e-17
6.439479174227039948e+03 -1.072119843491257157e-17
6.440788290276468615e+03 -5.527077557467281124e-18
6.442097406325895463e+03 -7.145082866030006229e-18
6.443406522375323220e+03 -2.516572047743001319e-18
6.444715638424750978e+03 -1.432369506933567629e-17
6.446024754474177826e+03 -4.779462141510492888e-18
6.447333870523605583e+03 -2.351430303307421200e-19
6.448642986573033340e+03 8.556449938657124094e-18
6.449952102622460188e+03 -5.593406216074579420e-18
6.451261218671887946e+03 1.070249308124415467e-17
6.452570334721314794e+03 1.493524637162447417e-17
6.453879450770743460e+03 1.445202096496710048e-17
6.455188566820169399e+03 1.173274292383878736e-17
6.456497682869598066e+03 1.411292757933180877e-18
6.457806798919024914e+03 3.102134547690035163e-18
6.459115914968452671e+03 -1.002004760269756551e-19
6.460425031017880428e+03 -2.151143274424885578e-18
6.461734147067307276e+03 4.754555455358515709e-18
6.463043263116735943e+03 -3.369971443308785902e-18
6.464352379166161882e+03 9.165458801661848165e-19
6.465661495215590548e+03 2.020972645500713779e-17
6.466970611265017396e+03 1.268089826249803864e-17
6.468279727314445154e+03 1.657146029231440472e-17
6.469588843363872911e+03 3.209872885689459803e-17
6.470897959413299759e+03 3.157363361468715709e-17
6.472207075462727516e+03 2.828993210893357028e-17
6.473516191512155274e+03 3.028019125168583131e-17
6.474825307561582122e+03 3.362571086085885901e-17
6.476134423611009879e+03 4.227830275636754581e-17
6.477443539660436727e+03 2.917168921124798729e-17
6.478752655709865394e+03 1.274862871237065489e-17
6.480061771759291332e+03 2.802989985368326472e-18
6.481370887808719999e+03 1.189911396472953379e-17
6.482680003858146847e+03 2.820512756780043382e-17
6.483989119907574604e+03 3.209930588570728372e-17
6.485298235957001452e+03 4.293794393193118337e-17
6.486607352006429210e+03 4.138463627748889105e-17
6.487916468055856967e+03 5.868705025850046112e-17
6.489225584105283815e+03 7.475631000064541610e-17
6.490534700154711572e+03 7.787609412666940571e-17
6.491843816204139330e+03 8.836965918275726614e-17
6.493152932253566178e+03 1.018661559665066310e-16
6.494462048302993935e+03 8.272197994076944351e-17
6.495771164352420783e+03 7.815087987479149141e-17
6.497080280401849450e+03 1.032784327431653979e-16
6.498389396451275388e+03 8.566377706620948622e-17
6.499698512500704055e+03 1.037769176335144567e-16
6.501007628550130903e+03 1.117940599061169210e-16
6.502316744599558660e+03 9.506968915344687783e-17
6.503625860648986418e+03 8.256857784548384065e-17
6.504934976698413266e+03 9.793978097715668845e-17
6.506244092747841023e+03 9.528463554513561912e-17
6.507553208797268780e+03 9.116359383292360887e-17
6.508862324846695628e+03 1.042908902044320237e-16
6.510171440896123386e+03 8.135656173732827335e-17
6.511480556945550234e+03 1.012493115766741977e-16
6.512789672994978901e+03 1.113413556457131733e-16
6.514098789044404839e+03 1.124816740781894572e-16
6.515407905093833506e+03 1.177398145557371054e-16
6.516717021143260354e+03 1.009072376828575153e-16
6.518026137192688111e+03 1.099507277191503015e-16
6.519335253242114959e+03 6.731344912238570849e-17
6.520644369291542716e+03 9.896913655265601830e-17
6.521953485340970474e+03 1.248012440491637142e-16
6.523262601390397322e+03 1.363358480393073423e-16
6.524571717439825079e+03 1.445804209301034899e-16
6.525880833489252836e+03 1.479292178003596402e-16
6.527189949538679684e+03 1.639571727519707738e-16
6.528499065588108351e+03 1.652678522562144328e-16
6.529808181637534290e+03 1.871954422004907612e-16
6.531117297686962957e+03 2.080645898242778654e-16
6.532426413736389804e+03 2.294669704279095740e-16
6.533735529785817562e+03 2.315510835475109800e-16
6.535044645835244410e+03 2.524648132229117742e-16
6.536353761884672167e+03 2.615228249160680512e-16
6.537662877934099924e+03 2.562706195900432934e-16
6.538971993983526772e+03 2.778412140943852872e-16
6.540281110032954530e+03 2.569613327942037962e-16
6.541590226082382287e+03 2.513193594174232892e-16
6.542899342131809135e+03 2.368546601808111026e-16
6.544208458181236892e+03 2.385235782240202616e-16
6.552063154477801618e+03 1.914320552279489625e-16
6.553372270527229375e+03 1.931011992891637521e-16
6.554681386576656223e+03 1.837056318834306343e-16
6.555990502626083980e+03 1.794840686632026865e-16
6.557299618675510828e+03 1.743765148607974783e-16
6.558608734724938586e+03 1.737424789398643112e-16
6.566463431021503311e+03 1.321619529757317940e-16
6.567772547070931068e+03 1.207299915912793153e-16
6.569081663120357916e+03 1.354517602359470057e-16
6.570390779169785674e+03 1.427669470874808268e-16
6.571699895219213431e+03 1.410696094589334336e-16
6.573009011268640279e+03 1.608379363861651263e-16
6.574318127318068036e+03 1.713530861617932715e-16
6.575627243367495794e+03 1.813190686881758132e-16
6.576936359416922642e+03 2.093501618662224535e-16
6.578245475466350399e+03 2.264042950680196367e-16
6.579554591515777247e+03 2.370716114659553374e-16
6.587409287812342882e+03 2.049136631486686787e-16
6.588718403861769730e+03 1.889634605698747312e-16
6.590027519911197487e+03 1.954078565501129072e-16
6.591336635960625244e+03 2.042549369394895904e-16
6.592645752010052092e+03 2.016711566927537743e-16
6.593954868059479850e+03 1.949533376090451138e-16
6.595263984108906698e+03 2.018019667924000374e-16
6.596573100158335365e+03 1.931198817260274558e-16
6.597882216207762212e+03 2.019426651797949067e-16
6.599191332257189970e+03 2.096468290190647700e-16
6.600500448306617727e+03 2.174237706561562117e-16
6.601809564356044575e+03 2.139333191797266053e-16
6.603118680405472332e+03 2.030745677098714448e-16
6.604427796454899180e+03 1.907452865907082400e-16
6.605736912504327847e+03 1.833283938155030715e-16
6.607046028553753786e+03 1.796064999012794444e-16
6.608355144603182453e+03 1.684501109702255353e-16
6.609664260652609300e+03 1.547204787925119017e-16
6.610973376702037058e+03 1.420601377995633811e-16
6.612282492751464815e+03 1.378063105090277228e-16
6.613591608800891663e+03 1.208999952618025258e-16
6.614900724850319421e+03 1.260904433466547908e-16
6.616209840899747178e+03 1.227877563284259175e-16
6.617518956949174026e+03 1.103801317180517909e-16
6.618828072998601783e+03 1.084365757245916858e-16
6.620137189048028631e+03 8.945380480714333797e-17
6.621446305097457298e+03 8.602963311087486041e-17
6.622755421146883236e+03 8.839499738626374070e-17
6.624064537196311903e+03 8.019048836584474486e-17
6.625373653245738751e+03 5.513351179861058449e-17
6.626682769295166509e+03 6.389676776013916330e-17
6.627991885344593356e+03 6.449393667277168088e-17
6.629301001394021114e+03 6.649693758059284533e-17
6.630610117443448871e+03 4.356679044659375382e-17
6.631919233492875719e+03 4.420399279847827286e-17
6.633228349542303476e+03 4.249792522446246147e-17
6.634537465591731234e+03 3.213954936688163314e-17
6.635846581641158082e+03 3.400501831825937882e-17
6.637155697690586749e+03 2.604989191483216965e-17
6.638464813740012687e+03 2.971562253351896315e-17
6.639773929789441354e+03 3.011446064618944066e-17
6.641083045838867292e+03 5.283360823357837500e-18
6.642392161888295959e+03 2.525942243778031749e-18
6.643701277937722807e+03 -4.217834965672809251e-19
6.645010393987150564e+03 -5.882970721072723520e-18
6.646319510036578322e+03 -1.637252597349246567e-19
6.647628626086005170e+03 3.852672294730026088e-18
6.648937742135432927e+03 8.134641005843160372e-18
6.650246858184860685e+03 4.033997418641726422e-18
6.651555974234287532e+03 -5.565494732695598825e-18
6.652865090283715290e+03 6.294056215477779379e-19
6.654174206333142138e+03 -5.417535516870044168e-18
6.655483322382570805e+03 5.754140060691742313e-18
6.656792438431996743e+03 6.167386821219690581e-18
6.658101554481425410e+03 -2.861522874833947814e-18
6.659410670530852258e+03 -1.177687264917235191e-17
6.660719786580280015e+03 -1.561804756587935378e-17
6.662028902629706863e+03 -1.479100421536815958e-17
6.663338018679134620e+03 -1.193930569630427888e-17
6.664647134728562378e+03 -1.039913315956752954e-17
6.665956250777989226e+03 -8.294099248318537216e-18
6.667265366827416983e+03 -3.539216112618490320e-18
6.668574482876844741e+03 -2.232082265839615585e-18
6.669883598926271588e+03 -1.319030991043573222e-17
6.671192714975700255e+03 -1.467863738825050422e-17
6.672501831025126194e+03 -8.600489460056577647e-18
6.673810947074554861e+03 -5.506683278556701051e-18
6.675120063123981708e+03 -9.766372911115128298e-18
6.676429179173409466e+03 -3.507820236028592805e-18
6.677738295222836314e+03 -4.258269556001630250e-18
6.679047411272264071e+03 -7.706483917622931775e-18
