6.430766620813647023e+03 -4.438037272671968450e-17
6.432289955616482985e+03 -2.126485207605706615e-17
6.433814091265855495e+03 -2.701935993643547177e-18
6.435337590591594562e+03 -3.282551260758938851e-18
6.436860516088852819e+03 -1.070424496414481370e-16
6.438385864643900277e+03 3.366757711718912847e-17
6.439908615376322814e+03 9.373525687181022785e-18
6.441430916265826454e+03 1.549544372872835318e-17
6.442958567417941595e+03 -5.410938864200860759e-17
6.444485048130012729e+03 1.206905007704034371e-17
6.446011758442392420e+03 -5.487715340834684267e-17
6.447537587108375192e+03 -7.578719764904511798e-18
6.449059711222501392e+03 1.864028774522333937e-16
6.450584757913564317e+03 7.839732063361854318e-17
6.452106827479393360e+03 -2.055690237186872351e-18
6.453628725412456333e+03 8.751541513358859230e-17
6.455151999012037777e+03 -2.044831397850941225e-17
6.456674593583379647e+03 8.505687222339698412e-17
6.458195749206836808e+03 -3.126777179461183954e-17
6.459719568064351733e+03 2.631337194433565911e-17
6.461242838531607049e+03 -1.654252596202830591e-17
6.462766314230200805e+03 -4.360669363225179747e-18
6.464290213185728135e+03 5.247264010443193160e-17
6.465813867371184642e+03 5.313407353770805788e-17
6.467337634929052001e+03 1.160604653434206077e-16
6.468861881058487597e+03 3.943731526874104358e-17
6.470385468470111846e+03 -4.819422056879526731e-18
6.471909941690710184e+03 -4.129283587630673687e-17
6.473433631389675611e+03 8.232605873608589219e-17
6.474957753738786778e+03 -8.115540209379102661e-18
6.476481829872973321e+03 1.057045398870856971e-16
6.478006111295073424e+03 6.716109203479836176e-17
6.479529974677839164e+03 7.640078350684849193e-17
6.481054288976291900e+03 4.153763196896655996e-17
6.482578084173382194e+03 1.035341597622329534e-17
6.484102590160768159e+03 9.420950820855081860e-17
6.485627602333771392e+03 7.187094882907536695e-17
6.487150628419028180e+03 1.551778742636297783e-16
6.488675062772521414e+03 2.143505956725314466e-16
6.490198889572132430e+03 1.483411621396711644e-16
6.491723727288544978e+03 1.287692200378148979e-16
6.493247214103362239e+03 2.401229592224593518e-16
6.494771619071785608e+03 2.310684294294298371e-16
6.496295694221844315e+03 2.203108447085311503e-16
6.497819671075387305e+03 1.290500983466236464e-16
6.499346119042756072e+03 2.953753777628584362e-16
6.500868960378195879e+03 1.939010606872195911e-16
6.502393247239472657e+03 2.837796899382332807e-16
6.503917887168901871e+03 3.178651764570573082e-16
6.505442129644507986e+03 2.696898356999344695e-16
6.506966606916756064e+03 2.610839559930214327e-16
6.508491240471300443e+03 2.388262071417670908e-16
6.510015335623048486e+03 3.559622951356270319e-16
6.511539617515888494e+03 4.134330514824157162e-16
6.513064857276896873e+03 3.932676766493026576e-16
6.514588454454356906e+03 2.844948820065719634e-16
6.516113221418160720e+03 3.655389830263498922e-16
6.517637856835801358e+03 3.223861115841883092e-16
6.519161759715683729e+03 3.366748744088902691e-16
6.520686335897823483e+03 2.896825274904931849e-16
6.522211175908189944e+03 3.919014238743961251e-16
6.523735714744500910e+03 3.479447045777324511e-16
6.525260259973469147e+03 3.569067842438092786e-16
6.526784941563332723e+03 4.734095397158270773e-16
6.528309338920044866e+03 4.490411122330282617e-16
6.529834134593060298e+03 5.018663412470611739e-16
6.531358445790941005e+03 6.147539939596110426e-16
6.532883383494820009e+03 6.314099465303173333e-16
6.534408032580339750e+03 5.681001360363745704e-16
6.535932500321202497e+03 6.681120495009819242e-16
6.537457439545044508e+03 7.421174756117836987e-16
6.538982230683287526e+03 7.681715832753155004e-16
6.540507012216318799e+03 7.522531861646891940e-16
6.542031937393878252e+03 7.241309007271591935e-16
6.543556243170713060e+03 6.904030846431161451e-16
6.545082256842925744e+03 6.544057018416008152e-16
6.546605912701365014e+03 6.710036702461032906e-16
6.548130853106501490e+03 5.687439923341525646e-16
6.549655074854116720e+03 6.440325660294816907e-16
6.551180510884136311e+03 5.960641398026428877e-16
6.552704766188572648e+03 6.627029989890528125e-16
6.554230156412090764e+03 6.862817484144880516e-16
6.555754984890145352e+03 6.090059208638280873e-16
6.557279362926109570e+03 4.981271714543544047e-16
6.558804500084847859e+03 6.683636903109965830e-16
6.560329296056415842e+03 2.101904507130375549e-16
6.561854893004195219e+03 5.510937691779366877e-17
6.563381029141417457e+03 5.603945199963239035e-16
6.564902300558026582e+03 3.347117697757724472e-16
6.566429962992303444e+03 2.767278419399666953e-16
6.567954638106167295e+03 4.408946938386207271e-16
6.569479557234368258e+03 4.159381298217621556e-16
6.571004741003487652e+03 4.294432005354212433e-16
6.572529525972928241e+03 5.214321735431599584e-16
6.574055530405807986e+03 4.955998782946331279e-16
6.575580220539842230e+03 4.738529726001442706e-16
6.577105044290691694e+03 4.786295210126841504e-16
6.578629397519507620e+03 5.029933803587192100e-16
6.580154962716847876e+03 4.201471755723888440e-16
6.581679864901010660e+03 3.487343323715669933e-16
6.583204771560678637e+03 2.547919114404452177e-16
6.584731354641408871e+03 2.651446023236424186e-16
6.586256233050289666e+03 3.166459225506484915e-16
6.587780956406239056e+03 3.354116827691265577e-16
6.589304545969816900e+03 4.742296397405022158e-16
6.590832127220090115e+03 5.364360978764156389e-16
6.592356703693107193e+03 4.952840996917448951e-16
6.593881819149641160e+03 4.763921632566249341e-16
6.595408283186088738e+03 4.368732057932830148e-16
6.596932199293241865e+03 4.148264158195404281e-16
6.598458744232918434e+03 4.655307359331408621e-16
6.599983272283704537e+03 4.511634455963717343e-16
6.601508564614785428e+03 3.882169853419809408e-16
6.603794177177378515e+03 3.998465524750600723e-16
6.606084582452594077e+03 3.688384234378515676e-16
6.607610744909424284e+03 2.931651210405061339e-16
6.609135654503080332e+03 3.265136496466057841e-16
6.610660507387415237e+03 2.665287661423139185e-16
6.612186585546107381e+03 2.401229651019682627e-16
6.613711901190106801e+03 2.083299368480637395e-16
6.615237081707159632e+03 2.287126682546044585e-16
6.616764021193122062e+03 2.105699199229128107e-16
6.618288174006334884e+03 1.755677809196218149e-16
6.619813221580635400e+03 1.557374661136076308e-16
6.621339361648429076e+03 1.729308388791412422e-16
6.622865165051540316e+03 1.417073731982753852e-16
6.624390616398106431e+03 1.500095709201475986e-16
6.625916294268459751e+03 1.097918950326416928e-16
6.627441341443332931e+03 1.335830779198597106e-16
6.628967379557851928e+03 1.159507867006214065e-16
6.630492775943811466e+03 9.901503967522407733e-17
6.632018655928139196e+03 5.142857558228879233e-17
6.633544079268859605e+03 3.391496023895719682e-17
6.635069809215072382e+03 3.329504555941851539e-17
6.636595849037985317e+03 3.052610707766224767e-17
6.638120994170057202e+03 1.780138080923891924e-17
6.639647385894507352e+03 -3.377326745778712398e-17
6.641173137566293008e+03 -7.392652071803868465e-17
6.642698274536903227e+03 -3.117330442344362113e-17
6.644223663461802971e+03 7.502955736618487305e-17
6.645750133454193929e+03 -4.178793288780718842e-17
6.647275644565880611e+03 9.920436505529788503e-18
6.648801675413234079e+03 4.611607282050547391e-17
6.650327486573349233e+03 -3.102363109561084517e-17
6.651853344939773706e+03 -3.664751459405401984e-17
6.653378495715532154e+03 -1.062249073700662099e-17
6.654904847011915081e+03 -6.899883517169670976e-19
6.656431048176741569e+03 -2.336420314116374173e-17
6.657956450453644720e+03 -1.094735704765235882e-17
6.659482797031574592e+03 2.162549645913840603e-17
6.661008760914373852e+03 -5.485123141903254831e-17
6.662534456469197721e+03 1.119129812398321093e-17
6.664060278059069788e+03 -3.847457582338459082e-17
6.665586709890610109e+03 -4.996841942062060519e-17
6.667112642652660725e+03 1.890599535322960522e-17
6.668638948504561995e+03 7.800187020606007669e-17
6.670164496333869465e+03 -8.859195963843030570e-18
6.671690694726324182e+03 3.670100292621937943e-18
6.673216676792726503e+03 3.826477662634234775e-17
6.674742780888800553e+03 -3.303070559379901041e-18
6.676268957463123115e+03 6.437634389672708360e-18
6.677794653944833954e+03 3.192087124643047829e-17
6.679321024848917659e+03 -1.611733620036175584e-18
