6.432376254147427971e+03 -3.539927259800598462e-17
6.435947478687848161e+03 -6.756142784260386558e-17
6.439525267254938626e+03 6.515812119748454424e-18
6.443094274897088326e+03 -3.383161970301093194e-18
6.446667564833531287e+03 -2.395635952140120819e-17
6.450241190810089392e+03 5.714778860691399855e-17
6.453815094147530544e+03 3.855874880978698692e-17
6.457389355442889610e+03 6.526317649636660472e-18
6.460963980155112040e+03 3.864216086473135638e-17
6.464538705742285856e+03 1.168780517227104947e-17
6.468113947735163492e+03 4.843826564487877308e-17
6.471689470253174477e+03 4.136355538243256502e-17
6.475265370189720670e+03 5.529082340304931695e-17
6.478841528530728283e+03 8.236472621224882301e-17
6.482417790101012542e+03 9.277327442558060644e-17
6.485994646989353896e+03 9.565879468110719984e-17
6.489571639965326540e+03 1.447286605398673455e-16
6.493148947218229296e+03 1.884980701383764172e-16
6.496726715388138473e+03 2.415259830354037772e-16
6.500304770423933405e+03 2.833842409611466553e-16
6.503882943196788801e+03 2.917015666275781166e-16
6.507461587603576845e+03 3.104207851940598616e-16
6.511040626446960232e+03 3.394591401895318738e-16
6.514619782157023110e+03 3.999444466205663598e-16
6.518199359259460834e+03 3.519942417220934656e-16
6.521779089152750203e+03 4.243477298041584736e-16
6.525359222504267564e+03 4.176707002362827865e-16
6.528939814412569831e+03 4.579903841224282375e-16
6.532520439990767045e+03 5.458870417562698485e-16
6.536101590246731575e+03 5.493701844370641813e-16
6.539682908089843295e+03 5.973978345846471810e-16
6.543264592873736547e+03 6.512756609777272189e-16
6.546846586446919900e+03 6.725794412744488479e-16
6.550426857075625776e+03 6.719121992117521428e-16
6.554011420380265918e+03 6.521120291964237716e-16
6.557594363148251432e+03 6.294243103131374421e-16
6.561175570301111293e+03 5.655699043547019733e-16
6.564761054594935558e+03 5.342390744591965529e-16
6.568344798279413226e+03 5.247343276782803546e-16
6.571928907552277451e+03 5.215900991223078771e-16
6.575513243812037217e+03 5.763318422361602468e-16
6.579097886456201195e+03 6.756437090158983798e-16
6.582682807721723293e+03 6.734291903940633633e-16
6.586267038053689248e+03 7.030113587117934061e-16
6.589853770726643234e+03 6.109387014820407341e-16
6.593439646329351490e+03 5.799592153920469137e-16
6.597027760140969804e+03 5.952953395507293973e-16
6.600612255926351281e+03 5.642523264321754190e-16
6.604199076490208427e+03 5.325336052417907379e-16
6.607786078096180972e+03 4.934736324962864832e-16
6.611373387125798217e+03 4.165698950997419969e-16
6.614965089060617174e+03 3.132637853026563422e-16
6.618548900322191912e+03 2.804403343427702163e-16
6.622137947796511980e+03 2.165718374349041362e-16
6.625725752622221989e+03 1.651418950037405924e-16
6.629314450989223587e+03 1.283168322150853920e-16
6.632906305038386563e+03 1.223140457516760443e-16
6.636491664324587873e+03 1.018222394615209201e-16
6.640082486738908301e+03 5.921094413639359431e-17
6.643672654789675107e+03 3.760360658243545294e-17
6.647262776564918568e+03 1.026423624025413588e-18
6.650853431138326414e+03 -3.802257926242462197e-17
6.654444195511588987e+03 -5.075332547642493042e-17
6.658033389014198292e+03 -1.327018827719669195e-17
6.661627383340135566e+03 -3.447597222064685608e-17
6.665218411946024389e+03 -2.855893544695715937e-17
6.668810307784248835e+03 2.044249134746035101e-17
6.672402664919677591e+03 -8.694659035471503877e-18
6.675995587333345611e+03 -3.171573996274252199e-17
6.679588036391091919e+03 -7.331911903883859744e-18
