6.431767801517698899e+03 -1.867874860840622784e-17
6.435342448831002912e+03 -1.203315823929045748e-18
6.438917133098319937e+03 -1.481637544615119251e-17
6.442492178501123817e+03 -1.264972295861892469e-17
6.446067547180049587e+03 -4.033633676852231561e-18
6.449643379333911980e+03 3.705137446936534561e-19
6.453219281016125933e+03 8.031907021319134719e-18
6.456796090014397123e+03 6.083262772667081393e-18
6.460372291124649564e+03 -1.124481232941543106e-17
6.463949107558818469e+03 2.070989559289115662e-17
6.467526398442989375e+03 -4.823429281711549004e-18
6.471103799560477455e+03 7.471611225461107849e-18
6.474681775826134981e+03 1.135734811674428505e-17
6.478259767532076694e+03 2.147614765924013717e-17
6.481838119449544138e+03 8.221882125498683165e-18
6.485416941314330870e+03 1.529482879507329721e-17
6.488995944472708288e+03 9.880751718157972275e-19
6.492575194053043560e+03 3.718437221518640111e-17
6.496154646111523107e+03 1.121731246596204831e-17
6.499733481881632542e+03 3.298882398455218246e-17
6.503314676259909902e+03 2.951707090634332891e-17
6.506895242899846380e+03 4.491371711495129295e-18
6.510475999582776240e+03 3.751567970762347695e-18
6.514057016920964998e+03 4.545746146631647417e-17
6.517638215957269495e+03 3.642536591874037336e-17
6.521220889159391845e+03 1.951580992941913293e-17
6.524801899540893828e+03 -2.958839936697562883e-18
6.528384029389947500e+03 2.021240389092885258e-17
6.531966493698775594e+03 3.319133523040304505e-17
6.535549184958976184e+03 2.597050775085714002e-17
6.539132211079123408e+03 3.784703491543119472e-17
6.542715566686781131e+03 3.123475874047992578e-17
6.546299253495468292e+03 2.602822068623060774e-17
6.549883040592586440e+03 6.203966710340695085e-17
6.553467415492328655e+03 6.570331988052057582e-17
6.557050947514774634e+03 5.639110574624259718e-17
6.560637421998882019e+03 6.295143012087893760e-17
6.564221697431878965e+03 3.736863933897134416e-17
6.567806116286924407e+03 5.312622887696888940e-17
6.571392539379773552e+03 5.173097262017526938e-17
6.574978556519865379e+03 2.437343059637565274e-17
6.578564500876157581e+03 6.635119895096596606e-17
6.582151402742533719e+03 6.221161174632586295e-17
6.585737799862907195e+03 7.067794930961739245e-17
6.589324881114163873e+03 5.383245053830227019e-17
6.592912190611626102e+03 5.283716363497709573e-17
6.596499709090005126e+03 5.053700447898117418e-17
6.600087681186888403e+03 6.398929546008546895e-17
6.603675669318098699e+03 4.434747622572834653e-17
6.607264223507012503e+03 4.658411602415377763e-17
6.610852867269191847e+03 5.217662025597271386e-17
6.614441899381147778e+03 3.477946772113515775e-17
6.618030963989968768e+03 2.849057293187018901e-17
6.621620588018310627e+03 3.164366795708810918e-17
6.625210413113273717e+03 3.720897153564195347e-17
6.628800453512550121e+03 2.954510852300910790e-17
6.632390800989574927e+03 2.062786664883975765e-17
6.635982457486848944e+03 1.560098464208604661e-17
6.639571197443970050e+03 -3.882076054546654441e-18
6.643162729649934590e+03 1.688498217165871702e-17
6.646755002294285077e+03 2.029246390306177476e-18
6.650346620344334042e+03 1.762777790725651329e-17
6.653938642912806245e+03 1.400813752475836986e-17
6.657530952036620874e+03 -7.297522928612028738e-18
6.661123400807910912e+03 -5.530873631452710744e-18
6.664716190969625131e+03 2.495037527866926016e-17
6.668309250039636936e+03 1.055305707372986830e-17
6.671902572015840633e+03 -8.963607915861269663e-18
6.675496300772189898e+03 -1.495625017818699306e-17
6.679090115369048362e+03 1.387014832191275560e-17
