6.432076014055525775e+03 -4.931736571276783771e-17
6.435318357545146682e+03 -2.996514717509980463e-18
6.438560701034766680e+03 -6.780864551979589125e-18
6.441803044524386678e+03 -1.054708009579421666e-17
6.445045388014005766e+03 1.411429539089276873e-17
6.448287731503626674e+03 1.900825338903480794e-17
6.451530074993247581e+03 2.238868631096198237e-17
6.454772418482866669e+03 1.866675397132869098e-17
6.458014761972486667e+03 1.099248682831802494e-17
6.461257105462106665e+03 3.211647143710662618e-17
6.464499448951727572e+03 4.785549205739773222e-17
6.467741792441346661e+03 4.797856606896204726e-17
6.470984135930966659e+03 6.786843958119467356e-17
6.474226479420586656e+03 4.163890310053576914e-17
6.477468822910207564e+03 5.422275898876257556e-17
6.480711166399827562e+03 7.421025911098810428e-17
6.483953509889446650e+03 9.199711335492114616e-17
6.487195853379067557e+03 1.394944602316906274e-16
6.490438196868687555e+03 1.772342893220599779e-16
6.493680540358307553e+03 1.947295057499343679e-16
6.496922883847926641e+03 2.384136313981575440e-16
6.500165227337547549e+03 2.668522839360023282e-16
6.503407570827167547e+03 2.786580774599071572e-16
6.506649914316787545e+03 3.012231462218676594e-16
6.509892257806407542e+03 3.318783521483779539e-16
6.513134601296027540e+03 3.663862594394982602e-16
6.516376944785648448e+03 3.965395103542610834e-16
6.519619288275267536e+03 4.164007765716681710e-16
6.522861631764887534e+03 4.447183447576165296e-16
6.526103975254507532e+03 4.859800162745267282e-16
6.529346318744128439e+03 5.407706697202845040e-16
6.532588662233747527e+03 6.010031442231336554e-16
6.535831005723367525e+03 6.946722991885968870e-16
6.539073349212987523e+03 7.263400999116442920e-16
6.542315692702608430e+03 7.618805822423339292e-16
6.545558036192228428e+03 7.558280082872629304e-16
6.548800379681847517e+03 7.227725883122920817e-16
6.552042723171468424e+03 6.698358452875762974e-16
6.555285066661088422e+03 6.259599847401967682e-16
6.558527410150708420e+03 5.936316532796949751e-16
6.561769753640327508e+03 5.734027512476536384e-16
6.565012097129948415e+03 5.508025837234987354e-16
6.568254440619568413e+03 4.843113386126730529e-16
6.571496784109188411e+03 4.776088153671688010e-16
6.574739127598808409e+03 4.710306833467463937e-16
6.577981471088428407e+03 4.783054438131273198e-16
6.581223814578049314e+03 4.966202726012386831e-16
6.584466158067668403e+03 4.811018071465154101e-16
6.587708501557288400e+03 4.573547698741733878e-16
6.590950845046908398e+03 4.505488155488624101e-16
6.594193188536529306e+03 4.562325909380579190e-16
6.597435532026148394e+03 4.547624679071058375e-16
6.600677875515768392e+03 4.446099856463323207e-16
6.603920219005389299e+03 4.028982404547128568e-16
6.607162562495009297e+03 3.551845884125649915e-16
6.610404905984629295e+03 2.992322500901922641e-16
6.613647249474248383e+03 2.342527207628105621e-16
6.616889592963869291e+03 1.993861096911214948e-16
6.620131936453489288e+03 1.558142990426151108e-16
6.623374279943109286e+03 1.102649586740524514e-16
6.626616623432728375e+03 8.606013435696519770e-17
6.629858966922349282e+03 7.560147142005949544e-17
6.633101310411970189e+03 5.313563784323190884e-17
6.636343653901589278e+03 4.759913550780079132e-17
6.639585997391209276e+03 2.275576899948038873e-18
6.642828340880829273e+03 -1.565691586507818595e-17
6.646070684370450181e+03 -2.617359403118378305e-17
6.649313027860069269e+03 -1.809454913219071713e-17
6.652555371349689267e+03 -2.466529360761122174e-17
6.655797714839309265e+03 -8.900481091516482166e-18
6.659040058328930172e+03 4.628046281153295527e-18
6.662282401818550170e+03 -3.000427421886570515e-18
6.665524745308169258e+03 -7.912320276370259975e-18
6.668767088797790166e+03 6.200655809153526244e-18
6.672009432287410164e+03 1.079927020172842897e-17
6.675251775777030161e+03 1.784242562421505096e-18
6.678494119266649250e+03 -4.782802612460936651e-18
