6.430034808552957657e+03 -1.592741953131694536e-17
6.430233714569864787e+03 -1.576597181970488689e-17
6.430432620586771918e+03 -1.488115269935850890e-17
6.430631526603678140e+03 -1.460372899929809103e-17
6.430830432620586180e+03 -1.454543154940845282e-17
6.431029338637493311e+03 -1.339786073661491523e-17
6.431228244654399532e+03 -1.299407948083101055e-17
6.431427150671306663e+03 -1.274188573754505149e-17
6.431626056688213794e+03 -1.169202254719215349e-17
6.431824962705121834e+03 -9.008704666331813929e-18
6.432023868722028055e+03 -8.313133805229196000e-18
6.432222774738936096e+03 -8.206145288248584722e-18
6.432421680755841408e+03 -9.700051314166863562e-18
6.432620586772749448e+03 -1.001902757085725225e-17
6.432819492789655669e+03 -9.447754191570311027e-18
6.433018398806562800e+03 -5.080163873919936802e-18
6.433217304823470840e+03 -3.057419689090260309e-18
6.433416210840377971e+03 -4.671821048037608374e-18
6.433615116857284193e+03 -3.959132620948082643e-18
6.433814022874191323e+03 -2.736252438211686046e-18
6.434012928891098454e+03 -3.948040520427270002e-18
6.434211834908004676e+03 -1.890744664933678473e-18
6.434410740924912716e+03 -3.572758015891339914e-18
6.434609646941819847e+03 -3.115722983222388258e-18
6.434808552958726068e+03 1.210623113047633324e-19
6.435007458975633199e+03 -7.722617400440406570e-19
6.435206364992540330e+03 4.438143719549641767e-19
6.435405271009446551e+03 -4.707314343643392323e-19
6.435604177026353682e+03 -9.444760798025242836e-19
6.435803083043261722e+03 -7.789401391727917442e-19
6.436001989060167944e+03 5.898626573892884985e-19
6.436200895077075074e+03 -9.759238256453635484e-19
6.436399801093982205e+03 -2.517813618517879378e-18
6.436598707110888427e+03 7.839241445648236680e-19
6.436797613127797376e+03 -6.034865394574353756e-19
6.436996519144703598e+03 3.571246772994811414e-19
6.437195425161610729e+03 5.254911464234052113e-19
6.437394331178516950e+03 2.775925932178060016e-18
6.437593237195424990e+03 3.026531494045959138e-18
6.437792143212330302e+03 2.674586890247857442e-18
6.437991049229238342e+03 5.129130450930253673e-18
6.438189955246146383e+03 3.732123790135937001e-18
6.438388861263052604e+03 3.878557513320645405e-18
6.438587767279959735e+03 4.979301177325756855e-18
6.438786673296866866e+03 5.132326041891316345e-18
6.438985579313773087e+03 3.992662785127468848e-18
6.439184485330680218e+03 2.182212035997107604e-18
6.439383391347588258e+03 1.171046672257408878e-18
6.439582297364494480e+03 1.844747962571349926e-18
6.439781203381401610e+03 3.192629111075124462e-18
6.439980109398308741e+03 3.302569571164567368e-18
6.440179015415214963e+03 3.336063635929519690e-18
6.440377921432122093e+03 2.326768222498149791e-18
6.440576827449029224e+03 2.348983947109138590e-18
6.440775733465936355e+03 1.435142611179755100e-18
6.440974639482843486e+03 -3.798742342240649994e-19
6.441173545499750617e+03 -8.217881744733673275e-19
6.441372451516656838e+03 -1.559768016494758161e-18
6.441571357533563969e+03 -7.666039883870905994e-20
6.441770263550472919e+03 -1.756880067109800061e-18
6.441969169567378231e+03 -3.539844001794424680e-18
6.442168075584286271e+03 -4.452703257532290207e-18
6.442366981601192492e+03 -4.181110263190521668e-18
6.442565887618099623e+03 -2.335459642231841679e-18
6.442764793635005844e+03 -1.818455558093827255e-18
6.442963699651913885e+03 -3.002281973213313655e-18
6.443162605668821016e+03 -6.292825332175851327e-18
6.443361511685728146e+03 -6.825984137632530388e-18
6.443560417702635277e+03 -5.968654612159121394e-18
6.443759323719541499e+03 -9.296240323634090999e-18
6.443958229736448629e+03 -1.015500056979607022e-17
6.444157135753355760e+03 -1.037181210196098005e-17
6.444356041770262891e+03 -1.244217446867167496e-17
6.444554947787170022e+03 -1.191855510644767596e-17
6.444753853804077153e+03 -1.145752338438599035e-17
6.444952759820984284e+03 -1.230504131218285053e-17
6.445151665837890505e+03 -1.062476316047822378e-17
6.445350571854797636e+03 -1.004238462790498625e-17
6.445549477871704767e+03 -8.532831790734810450e-18
6.445748383888611897e+03 -6.459022211833636356e-18
6.445947289905519028e+03 -4.906157063212466203e-18
6.446146195922426159e+03 -3.898796572723828626e-18
6.446345101939332380e+03 -3.265753558372795327e-18
6.446544007956239511e+03 -2.238142754321806039e-20
6.446742913973148461e+03 -8.085157382116751548e-19
6.446941819990053773e+03 1.902251452852111054e-18
6.447140726006961813e+03 2.424200895515866975e-18
6.447339632023868035e+03 1.248386402788912433e-18
6.447538538040775165e+03 5.317015095864350024e-19
6.447737444057681387e+03 9.295408433336058451e-19
6.447936350074589427e+03 -2.251314318776943647e-19
6.448135256091496558e+03 -5.352589216887430785e-19
6.448334162108403689e+03 1.072029508515758480e-18
6.448533068125310820e+03 -7.211024785411478628e-20
6.448731974142217041e+03 -3.541373237690065784e-19
6.448930880159124172e+03 1.748771073300682400e-18
6.449129786176031303e+03 5.551284793258910298e-19
6.449328692192938433e+03 6.986093126125856878e-19
6.449527598209845564e+03 3.084251411330107954e-18
6.449726504226752695e+03 4.576888114827969604e-18
6.449925410243658916e+03 4.267796545378090263e-18
6.450124316260566047e+03 4.645270702259804593e-18
6.450323222277473178e+03 4.869045088056887090e-18
6.450522128294379399e+03 6.905740656062409424e-18
6.450721034311287440e+03 7.218027396628167042e-18
6.450919940328194571e+03 9.873456675764273604e-18
6.451118846345100792e+03 1.165138898217305342e-17
6.451317752362007923e+03 1.028045991982398130e-17
6.451516658378915054e+03 1.193365778330086652e-17
6.451715564395823094e+03 1.384325255939595087e-17
6.451914470412729315e+03 1.578071340486635452e-17
6.452113376429637356e+03 1.778637486792023079e-17
6.452312282446542667e+03 1.868956900086229664e-17
6.452511188463450708e+03 2.036279055618903387e-17
6.452710094480356929e+03 1.949674947921110402e-17
6.452909000497264060e+03 1.756591774601865144e-17
6.453107906514172100e+03 1.826755868159160420e-17
6.453306812531079231e+03 1.964236327967750750e-17
6.453505718547985452e+03 1.770782704974446684e-17
6.453704624564892583e+03 1.617079905111656809e-17
6.453903530581799714e+03 1.735815134939458831e-17
6.454102436598705935e+03 1.772148066341136278e-17
6.454301342615613976e+03 1.743881841471149377e-17
6.454500248632521107e+03 1.869155633892891092e-17
6.454699154649427328e+03 2.022863550046064004e-17
6.454898060666334459e+03 2.074589419442948395e-17
6.455096966683241590e+03 2.100573974529830822e-17
6.455295872700147811e+03 2.130099852619531822e-17
6.455494778717054942e+03 1.927472438513129421e-17
6.455693684733962982e+03 1.750677022269696422e-17
6.455892590750869203e+03 1.481126859651705922e-17
6.456091496767776334e+03 1.339554273996536845e-17
6.456290402784683465e+03 9.670263429466752562e-18
6.456489308801589686e+03 7.806137715398793533e-18
6.456688214818498636e+03 5.755701129562144156e-18
6.456887120835404858e+03 4.168535576258448204e-18
6.457086026852311988e+03 7.800863064333037583e-19
6.457284932869218210e+03 -2.732617207690913735e-18
6.457483838886126250e+03 -3.516049341587133050e-18
6.457682744903031562e+03 -4.533543308310221384e-18
6.457881650919939602e+03 -6.112728468462954729e-18
6.458080556936847643e+03 -6.340647220876362051e-18
6.458279462953753864e+03 -9.384845086498974893e-18
6.458478368970660995e+03 -8.962535742423413701e-18
6.458677274987568126e+03 -6.332740532505118065e-18
6.458876181004474347e+03 -6.007617297937823009e-18
6.459075087021381478e+03 -8.798516296669145182e-18
6.459273993038289518e+03 -8.211489243730801472e-18
6.459472899055195739e+03 -6.843980749818307481e-18
6.459671805072102870e+03 -8.048952944182227569e-18
6.459870711089010001e+03 -7.093391669196902100e-18
6.460069617105916222e+03 -8.529776023750850055e-18
6.460268523122823353e+03 -7.595693020183806585e-18
6.460467429139730484e+03 -6.922178106986385234e-18
6.460666335156637615e+03 -5.511459464155874580e-18
6.460865241173544746e+03 -5.699422139213162757e-18
6.461064147190451877e+03 -6.714840231042943563e-18
6.461263053207358098e+03 -8.630666078775356748e-18
6.461461959224265229e+03 -6.356152304816259436e-18
6.461660865241174179e+03 -5.355747867078602629e-18
6.461859771258079491e+03 -5.453482716653433449e-18
6.462058677274987531e+03 -4.737265046902566712e-18
6.462257583291893752e+03 -4.913198949522674895e-18
6.462456489308800883e+03 -6.026966029064096329e-18
6.462655395325707104e+03 -6.504755009507390015e-18
6.462854301342615145e+03 -7.166441937917106059e-18
6.463053207359522276e+03 -6.248892948367885364e-18
6.463252113376429406e+03 -7.025608814419110838e-18
6.463451019393336537e+03 -7.016345409322895194e-18
6.463649925410242759e+03 -6.778913815789108258e-18
6.463848831427149889e+03 -6.248377620261597727e-18
6.464047737444057020e+03 -7.723948361651698732e-18
6.464246643460964151e+03 -7.700893494162196339e-18
6.464445549477871282e+03 -6.469174896033689477e-18
6.464644455494778413e+03 -5.846787040782346723e-18
6.464843361511684634e+03 -6.835667688621493694e-18
6.465042267528591765e+03 -7.220060750826012196e-18
6.465241173545498896e+03 -6.715552277809684721e-18
6.465440079562405117e+03 -8.315265945080183633e-18
6.465638985579313157e+03 -8.181936439598787350e-18
6.465837891596220288e+03 -8.191034908999621035e-18
6.466036797613126510e+03 -7.265014155263512807e-18
6.466235703630033640e+03 -6.550223437892347012e-18
6.466434609646940771e+03 -5.313239730481125853e-18
6.466633515663848812e+03 -5.837580579558115208e-18
6.466832421680755033e+03 -5.232393396448074088e-18
6.467031327697663073e+03 -3.639440265194031168e-18
6.467230233714568385e+03 -1.272931989273092675e-18
6.467429139731476425e+03 -1.846262851237658496e-18
6.467628045748382647e+03 -2.022535813897297774e-18
6.467826951765289778e+03 -9.572069913647042973e-19
6.468025857782197818e+03 -2.965333083910877181e-19
6.468224763799104949e+03 1.130188941828535130e-18
6.468423669816011170e+03 2.602901829764993030e-18
6.468622575832918301e+03 3.772033024259197416e-18
6.468821481849825432e+03 3.436618794972694013e-18
6.469020387866731653e+03 3.758383839270735411e-18
6.469219293883639693e+03 6.261699302216455477e-18
6.469418199900546824e+03 7.455678737375282987e-18
6.469617105917453046e+03 8.416605413735818201e-18
6.469816011934360176e+03 9.271053067393391450e-18
6.470014917951267307e+03 1.125896932777128979e-17
6.470213823968173529e+03 1.262693545597563483e-17
6.470412729985080659e+03 1.359424837314390324e-17
6.470611636001988700e+03 1.340368325951479484e-17
6.470810542018894921e+03 1.315357788849385374e-17
6.471009448035802052e+03 1.230644654754220687e-17
6.471208354052709183e+03 1.219835620080464322e-17
6.471407260069615404e+03 1.364934833929480836e-17
6.471606166086524354e+03 1.327148213827971018e-17
6.471805072103430575e+03 1.438838000255563216e-17
6.472003978120337706e+03 1.376652795619191011e-17
6.472202884137243927e+03 1.202418078761715051e-17
6.472401790154151968e+03 1.317693320223688722e-17
6.472600696171057280e+03 1.294177981782602820e-17
6.472799602187965320e+03 1.146412624041942183e-17
6.472998508204873360e+03 1.244948702933129683e-17
6.473197414221779582e+03 1.205403888301243175e-17
6.473396320238686712e+03 1.224308560626742724e-17
6.473595226255593843e+03 1.102836837136412201e-17
6.473794132272500065e+03 9.967808387664690931e-18
6.473993038289407195e+03 1.093534566370357305e-17
6.474191944306315236e+03 1.114260952973116480e-17
6.474390850323221457e+03 1.031755795345310839e-17
6.474589756340128588e+03 1.043994978214475780e-17
6.474788662357035719e+03 1.020105044510446756e-17
6.474987568373941940e+03 9.137098790999483936e-18
6.475186474390849071e+03 8.599065450085725861e-18
6.475385380407756202e+03 5.701984567001261605e-18
6.475584286424663333e+03 6.119232446754086845e-18
6.475783192441570463e+03 7.161907347984732285e-18
6.475982098458477594e+03 7.051853559188349836e-18
6.476181004475383816e+03 5.672817295950217910e-18
6.476379910492290946e+03 4.880422540452210636e-18
6.476578816509199896e+03 2.999616190165708431e-18
6.476777722526106118e+03 1.991695962642327407e-18
6.476976628543013248e+03 -3.425672648494909229e-20
6.477175534559919470e+03 -1.411038784284898349e-18
6.477374440576827510e+03 -2.940348117649187883e-18
6.477573346593732822e+03 -2.036223893914625481e-18
6.477772252610640862e+03 -2.373959010003283047e-18
6.477971158627548903e+03 -2.785804833960761688e-18
6.478170064644455124e+03 -2.802053243621005713e-18
6.478368970661362255e+03 -2.285143142182347524e-18
6.478567876678269386e+03 7.039118675627942082e-20
6.478766782695175607e+03 -1.050862279855673425e-19
6.478965688712082738e+03 -2.926977305615189013e-19
6.479164594728990778e+03 -5.141006867894371745e-19
6.479363500745896999e+03 -5.523333145914803323e-19
6.479562406762804130e+03 5.860178244774258007e-19
6.479761312779711261e+03 4.385723822549899694e-19
6.479960218796617482e+03 3.487145093292864739e-19
6.480159124813524613e+03 -1.760388107069174011e-18
6.480358030830431744e+03 -1.791606437696270751e-18
6.480556936847338875e+03 -1.892241982364568553e-18
6.480755842864246006e+03 -2.707436889504900482e-18
6.480954748881153137e+03 -3.387741785125820727e-18
6.481153654898059358e+03 -3.773108180492166594e-18
6.481352560914966489e+03 -3.702527424649120098e-18
6.481551466931875439e+03 -3.314862279334957098e-18
6.481750372948780750e+03 -2.739965191766492584e-18
6.481949278965688791e+03 -3.195997872807837837e-18
6.482148184982595012e+03 -2.527126298454241238e-18
6.482347090999502143e+03 6.807984290509027346e-19
6.482545997016408364e+03 7.121557894131790814e-20
6.482744903033316405e+03 2.041347281437047426e-18
6.482943809050223535e+03 2.008221110394676102e-18
6.483142715067130666e+03 1.355396145176929076e-18
6.483341621084037797e+03 9.911722208263936113e-19
6.483540527100944018e+03 1.057220297198927484e-18
6.483739433117851149e+03 1.041288515347188212e-18
6.483938339134758280e+03 2.753669443394068264e-18
6.484137245151665411e+03 2.657511115321112796e-18
6.484336151168572542e+03 4.381259471924385373e-18
6.484535057185479673e+03 5.233314321819812813e-18
6.484733963202385894e+03 6.365892357490002527e-18
6.484932869219293025e+03 6.568998473523095725e-18
6.485131775236200156e+03 9.464468189289939270e-18
6.485330681253106377e+03 8.876478504286740466e-18
6.485529587270014417e+03 1.068410670415507059e-17
6.485728493286921548e+03 1.043328800255976838e-17
6.485927399303827769e+03 9.730732567576318530e-18
6.486126305320734900e+03 1.099020750207186351e-17
6.486325211337642031e+03 1.126109516855370044e-17
6.486524117354550071e+03 1.230669681193826197e-17
6.486723023371456293e+03 1.473129071799724335e-17
6.486921929388364333e+03 1.941440399204599414e-17
6.487120835405269645e+03 2.166096396303318411e-17
6.487319741422177685e+03 2.351036145181674609e-17
6.487518647439083907e+03 2.570067686539589450e-17
6.487717553455991037e+03 2.761368044196060116e-17
6.487916459472899078e+03 2.939740881881043127e-17
6.488115365489806209e+03 3.126231079901873909e-17
6.488314271506712430e+03 3.197840697594754210e-17
6.488513177523619561e+03 3.399059021023653753e-17
6.488712083540526692e+03 3.403523141567999653e-17
6.488910989557432913e+03 3.605609474874228086e-17
6.489109895574340953e+03 3.870786617295021149e-17
6.489308801591248084e+03 4.065206854497786316e-17
6.489507707608154305e+03 4.199112557182506800e-17
6.489706613625061436e+03 4.213900484869294042e-17
6.489905519641968567e+03 4.246147015353391272e-17
6.490104425658874788e+03 4.326728591326417802e-17
6.490303331675781919e+03 4.286252386180743482e-17
6.490502237692689960e+03 4.336577714079482322e-17
6.490701143709596181e+03 4.253408139155958831e-17
6.490900049726503312e+03 4.489709796405149984e-17
6.491098955743410443e+03 4.593648223184601826e-17
6.491297861760316664e+03 4.709063918010942377e-17
6.491496767777225614e+03 4.748546627075545931e-17
6.491695673794131835e+03 4.971207126481603545e-17
6.491894579811038966e+03 5.130426584037109328e-17
6.492093485827945187e+03 5.247258579530951837e-17
6.492292391844853228e+03 5.180809548017435315e-17
6.492491297861758540e+03 4.901076801014095623e-17
6.492690203878666580e+03 4.985785613939541687e-17
6.492889109895574620e+03 4.842059831846418944e-17
6.493088015912480842e+03 4.787340404001746944e-17
6.493286921929387972e+03 5.015554047188089014e-17
6.493485827946295103e+03 5.069561865073138592e-17
6.493684733963201325e+03 5.178969263561579543e-17
6.493883639980108455e+03 5.379084227110030221e-17
6.494082545997016496e+03 5.287002261912372098e-17
6.494281452013922717e+03 5.306380423978862331e-17
6.494480358030829848e+03 5.448266497610620504e-17
6.494679264047736979e+03 5.403097935318087998e-17
6.494878170064643200e+03 5.403677296574710306e-17
6.495077076081550331e+03 5.498989479452150634e-17
6.495275982098457462e+03 5.238165247887457459e-17
6.495474888115364593e+03 5.372467080968388532e-17
6.495673794132271723e+03 5.415832933101383726e-17
6.495872700149178854e+03 5.332436835858782682e-17
6.496071606166085076e+03 5.469629236499617712e-17
6.496270512182992206e+03 5.444950137591306539e-17
6.496469418199901156e+03 5.654843678078623094e-17
6.496668324216806468e+03 5.670081773095314577e-17
6.496867230233714508e+03 5.725113687004377018e-17
6.497066136250620730e+03 5.503770495524444199e-17
6.497265042267527861e+03 5.326755869240642056e-17
6.497463948284434082e+03 5.355254784120550178e-17
6.497662854301342122e+03 5.294662563905628713e-17
6.497861760318249253e+03 5.238934227561578227e-17
6.498060666335156384e+03 5.368740208749641372e-17
6.498259572352063515e+03 5.244750244745885649e-17
6.498458478368969736e+03 5.444487273488995452e-17
6.498657384385876867e+03 5.408101822492673382e-17
6.498856290402783998e+03 5.575889322685771511e-17
6.499055196419691129e+03 5.512364182486540591e-17
6.499254102436598259e+03 5.344982107665910017e-17
6.499453008453505390e+03 5.262740247637322495e-17
6.499651914470411612e+03 5.311383002205757632e-17
6.499850820487318742e+03 5.281473836691095036e-17
6.500049726504225873e+03 5.432895828637902815e-17
6.500248632521132095e+03 5.487795738151702577e-17
6.500447538538040135e+03 5.652032131280173014e-17
6.500646444554947266e+03 5.817223403752136893e-17
6.500845350571853487e+03 6.059510057497643985e-17
6.501044256588760618e+03 5.954329034783562046e-17
6.501243162605667749e+03 6.149533081133990703e-17
6.501442068622575789e+03 6.200554543866692169e-17
6.501640974639482010e+03 6.442872439906945438e-17
6.501839880656390051e+03 6.565068094113119331e-17
6.502038786673295363e+03 6.612162999534831401e-17
6.502237692690203403e+03 6.564731367206358195e-17
6.502436598707109624e+03 6.540134157128129664e-17
6.502635504724016755e+03 6.672937381041911900e-17
6.502834410740924795e+03 6.603862306046524735e-17
6.503033316757831926e+03 6.671853138817928774e-17
6.503232222774738148e+03 6.845563136078528833e-17
6.503431128791645278e+03 6.686600596152221399e-17
6.503630034808552409e+03 6.683096894016060731e-17
6.503828940825458631e+03 6.804219476958543080e-17
6.504027846842366671e+03 6.704750869488340259e-17
6.504226752859273802e+03 6.782428073757080027e-17
6.504425658876180023e+03 6.813648232783692637e-17
6.504624564893087154e+03 6.637902984348426037e-17
6.504823470909994285e+03 6.585384444314562427e-17
6.505022376926900506e+03 6.543706486357668300e-17
6.505221282943807637e+03 6.155391187028174407e-17
6.505420188960715677e+03 6.449082096585953853e-17
6.505619094977621899e+03 6.337836246254942550e-17
6.505818000994529029e+03 6.235268657454105150e-17
6.506016907011436160e+03 6.330177006223534695e-17
6.506215813028342382e+03 6.319457542456470448e-17
6.506414719045251331e+03 6.072027340794915085e-17
6.506613625062157553e+03 5.804430757264601928e-17
6.506812531079064684e+03 5.619851524489173831e-17
6.507011437095970905e+03 5.281230110108824950e-17
6.507210343112878945e+03 5.236910851521213117e-17
6.507409249129784257e+03 5.266275820420212613e-17
6.507608155146692297e+03 5.246103010925100378e-17
6.507807061163600338e+03 5.234048863602285133e-17
6.508005967180506559e+03 5.210102060110334445e-17
6.508204873197413690e+03 5.058871745732497566e-17
6.508403779214320821e+03 5.203330422505679611e-17
6.508602685231227042e+03 5.111013899173501639e-17
6.508801591248134173e+03 5.101748842959994982e-17
6.509000497265042213e+03 5.176205887584417093e-17
6.509199403281948435e+03 5.206967850086681491e-17
6.509398309298855565e+03 5.281833667275592552e-17
6.509597215315762696e+03 5.437256234623929112e-17
6.509796121332669827e+03 5.434186854666362747e-17
6.509995027349576048e+03 5.630400305906455697e-17
6.510193933366483179e+03 5.486905337005452748e-17
6.510392839383391220e+03 5.467452500729783379e-17
6.510591745400297441e+03 5.698359464790700671e-17
6.510790651417204572e+03 5.709115820554086957e-17
6.510989557434111703e+03 5.771188431762980563e-17
6.511188463451017924e+03 6.209964341146293431e-17
6.511387369467926874e+03 6.061662031030396312e-17
6.511586275484833095e+03 6.299297030252093092e-17
6.511785181501740226e+03 6.313645327634905277e-17
6.511984087518646447e+03 6.264094448837587402e-17
6.512182993535554488e+03 6.190548332241873162e-17
6.512381899552459799e+03 6.209155325708874903e-17
6.512580805569367840e+03 6.405651677343858159e-17
6.512779711586275880e+03 6.562092340914197960e-17
6.512978617603182101e+03 6.580112432771572567e-17
6.513177523620089232e+03 6.685689258664861313e-17
6.513376429636996363e+03 6.654634002874987291e-17
6.513575335653902584e+03 6.673703322542186258e-17
6.513774241670809715e+03 6.798013581969609511e-17
6.513973147687717756e+03 6.760783767444438449e-17
6.514172053704623977e+03 6.807464138960081180e-17
6.514370959721531108e+03 6.874456855206999134e-17
6.514569865738438239e+03 6.837462350450290727e-17
6.514768771755344460e+03 6.836829508677699315e-17
6.514967677772251591e+03 6.993152276830550383e-17
6.515166583789158722e+03 6.927295765548946361e-17
6.515365489806065852e+03 7.146136608301134215e-17
6.515564395822972983e+03 6.836889102121674649e-17
6.515763301839880114e+03 6.849475829219377943e-17
6.515962207856786335e+03 6.794616754641672307e-17
6.516161113873693466e+03 6.711447505388329483e-17
6.516360019890602416e+03 6.460923559769266100e-17
6.516558925907507728e+03 6.520976351198342998e-17
6.516757831924415768e+03 6.590357085852688230e-17
6.516956737941321990e+03 6.664656321243377889e-17
6.517155643958229120e+03 6.802950020776045693e-17
6.517354549975135342e+03 6.775178366116562479e-17
6.517553455992043382e+03 6.865343598276371848e-17
6.517752362008950513e+03 6.951411138848913570e-17
6.517951268025857644e+03 6.924092371940121783e-17
6.518150174042764775e+03 6.920311856541143014e-17
6.518349080059670996e+03 7.093323018007131762e-17
6.518547986076578127e+03 7.097091265910247751e-17
6.518746892093485258e+03 7.259670193270195917e-17
6.518945798110392388e+03 7.386548297010793040e-17
6.519144704127299519e+03 7.394015621281994613e-17
6.519343610144206650e+03 7.450540033271948286e-17
6.519542516161112871e+03 7.458903894847200071e-17
6.519741422178020002e+03 7.514116708239203603e-17
6.519940328194927133e+03 7.788338292232864452e-17
6.520139234211833354e+03 7.741346684586975961e-17
6.520338140228741395e+03 7.742011227167413411e-17
6.520537046245648526e+03 7.990172184215248496e-17
6.520735952262554747e+03 8.131272254609500323e-17
6.520934858279461878e+03 8.232985216996305576e-17
6.521133764296369009e+03 8.384555815697389600e-17
6.521332670313277049e+03 8.305580509653500800e-17
6.521531576330183270e+03 8.529460706646907506e-17
6.521730482347091311e+03 8.417123542951688487e-17
6.521929388363996623e+03 8.613985785534420076e-17
6.522128294380904663e+03 8.687708238353984961e-17
6.522327200397810884e+03 8.974241120033209916e-17
6.522526106414718015e+03 9.170632027249330092e-17
6.522725012431626055e+03 9.170185828799355459e-17
6.522923918448533186e+03 9.079626011185342507e-17
6.523122824465439408e+03 9.300580300873775175e-17
6.523321730482346538e+03 9.115441509832885528e-17
6.523520636499253669e+03 9.078113467199563978e-17
6.523719542516159891e+03 9.099406472298580663e-17
6.523918448533067931e+03 9.147452115540917764e-17
6.524117354549975062e+03 8.998459200935360889e-17
6.524316260566881283e+03 9.051019048108754368e-17
6.524515166583788414e+03 9.254612982315612218e-17
6.524714072600695545e+03 9.151293811596344600e-17
6.524912978617601766e+03 9.093731755586924381e-17
6.525111884634508897e+03 9.012801440637941734e-17
6.525310790651416937e+03 8.991340424765669267e-17
6.525509696668323159e+03 9.039489375775192115e-17
6.525708602685230289e+03 9.007690547352149068e-17
6.525907508702137420e+03 8.891040890867130942e-17
6.526106414719043642e+03 8.924683016472426382e-17
6.526305320735952591e+03 8.853786517189579370e-17
6.526504226752858813e+03 9.005569418581770901e-17
6.526703132769765944e+03 8.846418713996521125e-17
6.526902038786672165e+03 8.794136543436097044e-17
6.527100944803580205e+03 8.701487234104074913e-17
6.527299850820485517e+03 8.664379041472244171e-17
6.527498756837393557e+03 8.761059095901830107e-17
6.527697662854301598e+03 8.801917071002761908e-17
6.527896568871207819e+03 8.770871491168049776e-17
6.528095474888114950e+03 8.796031084361608270e-17
6.528294380905022081e+03 8.981427375590910426e-17
6.528493286921928302e+03 9.029678331208999482e-17
6.528692192938835433e+03 9.029189449847042628e-17
6.528891098955743473e+03 8.891615518370186676e-17
6.529090004972649695e+03 8.854058040989143525e-17
6.529288910989556825e+03 8.850962885359799686e-17
6.529487817006463956e+03 8.841306298570035943e-17
6.529686723023370178e+03 9.051965144974767032e-17
6.529885629040277308e+03 9.025024055526892948e-17
6.530084535057184439e+03 8.955844072896033471e-17
6.530283441074091570e+03 9.192498837626364861e-17
6.530482347090998701e+03 9.642718130941398176e-17
6.530681253107905832e+03 9.593060252541286100e-17
6.530880159124812053e+03 9.619833949199947963e-17
6.531079065141719184e+03 9.881424552160345594e-17
6.531277971158628134e+03 1.008326891866835315e-16
6.531476877175533446e+03 1.008614611619530741e-16
6.531675783192441486e+03 1.010386326683057527e-16
6.531874689209347707e+03 1.044153516194881770e-16
6.532073595226254838e+03 1.065875533608737684e-16
6.532272501243161059e+03 1.067621444491351676e-16
6.532471407260069100e+03 1.072579454850554015e-16
6.532670313276976231e+03 1.047640048482577426e-16
6.532869219293883361e+03 1.047160416782475159e-16
6.533068125310790492e+03 1.063860475552332410e-16
6.533267031327696714e+03 1.077923281790633468e-16
6.533465937344603844e+03 1.081611280341484775e-16
6.533664843361510975e+03 1.098643925786471863e-16
6.533863749378418106e+03 1.125795377616993610e-16
6.534062655395325237e+03 1.133007643518024086e-16
6.534261561412232368e+03 1.182527601396403065e-16
6.534460467429138589e+03 1.209758107867381403e-16
6.534659373446045720e+03 1.183636570053367788e-16
6.534858279462952851e+03 1.183610252971770940e-16
6.535057185479859072e+03 1.191455812084911058e-16
6.535256091496767112e+03 1.179617896627329931e-16
6.535454997513674243e+03 1.174915040487991008e-16
6.535653903530580465e+03 1.159830484853656211e-16
6.535852809547487595e+03 1.158726620811220688e-16
6.536051715564394726e+03 1.145899583498785193e-16
6.536250621581302767e+03 1.136709471148943351e-16
6.536449527598208988e+03 1.126830220453351727e-16
6.536648433615117028e+03 1.101279940690255985e-16
6.536847339632022340e+03 1.090382333099968215e-16
6.537046245648930380e+03 1.083695454839739621e-16
6.537245151665836602e+03 1.058357868937802926e-16
6.537444057682743733e+03 1.049995850589948208e-16
6.537642963699651773e+03 1.042504269348512614e-16
6.537841869716558904e+03 1.041175764355466880e-16
6.538040775733465125e+03 1.029612297022341725e-16
6.538239681750372256e+03 1.038905655628401220e-16
6.538438587767279387e+03 1.031956294202950902e-16
6.538637493784185608e+03 1.016462586791511381e-16
6.538836399801093648e+03 1.031101163364878420e-16
6.539035305818000779e+03 1.047653355373693628e-16
6.539234211834907001e+03 1.057438024925564310e-16
6.539433117851814131e+03 1.074988708139564223e-16
6.539632023868721262e+03 1.093753147597531705e-16
6.539830929885627484e+03 1.098063491797438309e-16
6.540029835902534614e+03 1.111326522449967276e-16
6.540228741919442655e+03 1.133198426241277211e-16
6.540427647936348876e+03 1.136974161722835687e-16
6.540626553953256007e+03 1.141455135217133769e-16
6.540825459970163138e+03 1.162554423718375868e-16
6.541024365987069359e+03 1.171925384064632278e-16
6.541223272003978309e+03 1.172603431621945389e-16
6.541422178020884530e+03 1.179584677049156207e-16
6.541621084037791661e+03 1.206513256276570868e-16
6.541819990054697882e+03 1.238383185587630710e-16
6.542018896071605923e+03 1.266707072390153941e-16
6.542217802088512144e+03 1.275198118402208816e-16
6.542416708105419275e+03 1.297049884617643325e-16
6.542615614122327315e+03 1.313345830200534648e-16
6.542814520139234446e+03 1.359709762588560389e-16
6.543013426156140667e+03 1.380846878765990521e-16
6.543212332173047798e+03 1.402712266721297114e-16
6.543411238189954929e+03 1.415329719339050934e-16
6.543610144206861150e+03 1.449414264539985269e-16
6.543809050223769191e+03 1.468224699911383176e-16
6.544007956240676322e+03 1.476851137133023208e-16
6.544206862257582543e+03 1.481858150435776744e-16
6.544405768274489674e+03 1.478312558233945722e-16
6.544604674291396805e+03 1.464893867374909458e-16
6.544803580308303026e+03 1.471783526724436214e-16
6.545002486325210157e+03 1.467365572312516780e-16
6.545201392342118197e+03 1.452329754053222571e-16
6.545400298359024418e+03 1.440735977014496199e-16
6.545599204375931549e+03 1.425373738317079193e-16
6.545798110392838680e+03 1.418731968021250711e-16
6.545997016409744901e+03 1.406155358534250983e-16
6.550174042764792830e+03 1.387749198332396231e-16
6.550372948781699961e+03 1.427802588090020405e-16
6.550571854798607092e+03 1.435878587049818510e-16
6.550770760815513313e+03 1.452638766155102300e-16
6.550969666832420444e+03 1.441503951012163893e-16
6.551168572849329394e+03 1.458695432909928268e-16
6.551367478866234705e+03 1.458026326715204410e-16
6.551566384883142746e+03 1.450809443304187194e-16
6.551765290900048967e+03 1.471654512189233312e-16
6.551964196916956098e+03 1.479467944302569980e-16
6.552163102933862319e+03 1.485296391993955545e-16
6.552362008950770360e+03 1.513567251072375110e-16
6.552560914967677490e+03 1.512622264724431066e-16
6.552759820984584621e+03 1.500218443028517020e-16
6.552958727001491752e+03 1.511676309663472447e-16
6.553157633018397974e+03 1.542833140900079833e-16
6.553356539035305104e+03 1.556340126383804949e-16
6.553555445052212235e+03 1.558275107963775807e-16
6.553754351069119366e+03 1.557485869855161337e-16
6.553953257086026497e+03 1.570588760471240433e-16
6.554152163102933628e+03 1.552068044157083734e-16
6.554351069119839849e+03 1.575217446752665178e-16
6.554549975136746980e+03 1.599714513809736878e-16
6.554748881153654111e+03 1.604227360237411850e-16
6.554947787170560332e+03 1.618367287876911629e-16
6.555146693187468372e+03 1.613680507661989067e-16
6.555345599204375503e+03 1.619035011097484085e-16
6.555544505221281725e+03 1.640170987554803455e-16
6.555743411238188855e+03 1.659251347452709018e-16
6.555942317255095986e+03 1.652691755454637618e-16
6.556141223272004027e+03 1.668366177788154745e-16
6.556340129288910248e+03 1.668383414128255926e-16
6.556539035305818288e+03 1.671133352595426421e-16
6.556737941322723600e+03 1.657121262728506839e-16
6.556936847339631640e+03 1.650158405837113424e-16
6.557135753356537862e+03 1.646201817443007537e-16
6.557334659373444993e+03 1.666396059640990624e-16
6.557533565390353033e+03 1.649249808004555990e-16
6.557732471407260164e+03 1.643513406211169836e-16
6.557931377424166385e+03 1.628733837412766815e-16
6.558130283441073516e+03 1.630400935262159538e-16
6.558329189457980647e+03 1.634728244197568183e-16
6.558528095474886868e+03 1.637517527841293358e-16
6.558727001491794908e+03 1.650780383827949323e-16
6.558925907508702039e+03 1.635015988808663566e-16
6.559124813525608261e+03 1.658624210126885566e-16
6.559323719542515391e+03 1.665981850758104370e-16
6.559522625559422522e+03 1.676428864734578395e-16
6.559721531576328744e+03 1.670833804550585825e-16
6.559920437593235874e+03 1.694997606882285198e-16
6.560119343610143915e+03 1.717358087831651140e-16
6.560318249627050136e+03 1.740752910828804290e-16
6.565091994032818548e+03 1.789447254440273624e-16
6.565290900049725678e+03 1.805481930531197587e-16
6.565489806066632809e+03 1.798031678904880261e-16
6.565688712083539031e+03 1.832279971094585203e-16
6.565887618100446161e+03 1.852639182788191611e-16
6.566086524117355111e+03 1.887394301386251368e-16
6.566285430134260423e+03 1.915930975436483717e-16
6.566484336151168463e+03 1.963412115370691757e-16
6.566683242168074685e+03 1.982375318114075000e-16
6.566882148184981816e+03 2.017405682114013679e-16
6.567081054201888037e+03 2.042784035032136712e-16
6.567279960218796077e+03 2.073524975239939942e-16
6.567478866235703208e+03 2.126567929563651293e-16
6.567677772252610339e+03 2.164609875462914827e-16
6.567876678269517470e+03 2.192664168362961327e-16
6.568075584286423691e+03 2.205213648284171154e-16
6.568274490303330822e+03 2.223771344217177724e-16
6.568473396320237953e+03 2.249845103671846129e-16
6.568672302337145084e+03 2.279674557629127056e-16
6.568871208354052214e+03 2.346035922955483061e-16
6.569070114370959345e+03 2.391349042719835489e-16
6.569269020387865567e+03 2.422484954413066549e-16
6.569467926404772697e+03 2.480042567050019634e-16
6.569666832421679828e+03 2.500102243531506265e-16
6.569865738438586050e+03 2.535618990212943196e-16
6.570064644455494090e+03 2.563420445467226605e-16
6.570263550472401221e+03 2.569607200117720795e-16
6.570462456489307442e+03 2.584073185058008412e-16
6.570661362506214573e+03 2.610127885657415340e-16
6.570860268523121704e+03 2.626451874205334231e-16
6.571059174540029744e+03 2.640902047286246803e-16
6.571258080556935965e+03 2.655256414375388055e-16
6.571456986573844006e+03 2.678314400524719140e-16
6.571655892590749318e+03 2.713785541716731704e-16
6.571854798607657358e+03 2.752455066423798642e-16
6.572053704624563579e+03 2.780536469357504111e-16
6.572252610641470710e+03 2.819361236821948017e-16
6.572451516658378750e+03 2.859114613906940117e-16
6.572650422675285881e+03 2.874893951654322413e-16
6.572849328692192103e+03 2.888367767113848882e-16
6.573048234709099233e+03 2.906652690907664262e-16
6.573247140726006364e+03 2.928621890737688685e-16
6.573446046742912586e+03 2.950943007476577078e-16
6.573644952759820626e+03 3.007135202730195002e-16
6.573843858776727757e+03 3.032329347679998170e-16
6.574042764793633978e+03 3.081542540224545226e-16
6.574241670810541109e+03 3.106153826932161450e-16
6.574440576827448240e+03 3.150457887262521614e-16
6.574639482844355371e+03 3.179315209492889281e-16
6.574838388861261592e+03 3.224101653282360659e-16
6.575037294878169632e+03 3.280626372310268485e-16
6.575236200895076763e+03 3.334014441673227922e-16
6.575435106911982984e+03 3.384197247226955569e-16
6.575634012928890115e+03 3.436936173223087449e-16
6.575832918945797246e+03 3.515290071359858013e-16
6.576031824962705286e+03 3.600887902973541376e-16
6.576230730979611508e+03 3.653226029887671855e-16
6.576429636996519548e+03 3.724414514093852817e-16
6.576628543013424860e+03 3.775385778905605250e-16
6.576827449030332900e+03 3.815855950291630127e-16
6.577026355047239122e+03 3.872700464426752049e-16
6.577225261064146252e+03 3.899761962231205733e-16
6.577424167081054293e+03 3.947238829973781059e-16
6.577623073097961424e+03 3.987365512565819363e-16
6.577821979114867645e+03 4.010742284922112559e-16
6.578020885131774776e+03 4.019224843983026332e-16
6.578219791148681907e+03 4.038101570884448755e-16
6.578418697165588128e+03 4.049129589579861026e-16
6.578617603182496168e+03 4.052373615528619298e-16
6.578816509199403299e+03 4.053961171370811873e-16
6.579015415216309520e+03 4.044302548119145074e-16
6.579214321233216651e+03 4.015103898394700788e-16
6.579413227250123782e+03 3.978359977124651429e-16
6.579612133267030003e+03 3.938555580273133971e-16
6.579811039283937134e+03 3.916928534401609162e-16
6.580009945300845175e+03 3.890650311532874148e-16
6.580208851317751396e+03 3.860221686777551452e-16
6.580407757334658527e+03 3.851666044368238921e-16
6.580606663351565658e+03 3.819531143341614652e-16
6.580805569368471879e+03 3.771350959094555967e-16
6.585579313774240291e+03 3.662798611019085555e-16
6.585778219791147421e+03 3.633024664280492160e-16
6.585977125808056371e+03 3.596081825711283553e-16
6.586176031824961683e+03 3.525219806058244633e-16
6.586374937841869723e+03 3.477734421524019516e-16
6.586573843858775945e+03 3.411171273452695519e-16
6.586772749875683076e+03 3.370059248848926427e-16
6.586971655892589297e+03 3.346343542693193429e-16
6.587170561909497337e+03 3.323589079093663904e-16
6.587369467926402649e+03 3.294085911339669124e-16
6.587568373943311599e+03 3.245867368700262425e-16
6.587767279960218730e+03 3.196322618097661001e-16
6.587966185977124951e+03 3.179637826489098247e-16
6.588165091994032082e+03 3.144469169977771523e-16
6.588363998010940122e+03 3.119871160140609169e-16
6.588562904027846344e+03 3.116303748034377324e-16
6.588761810044753474e+03 3.110649844915104760e-16
6.588960716061660605e+03 3.063545786850032871e-16
6.589159622078566827e+03 3.055420750246320359e-16
6.589358528095473957e+03 3.023000867954505619e-16
6.589557434112381088e+03 3.035294220578553737e-16
6.589756340129287310e+03 3.029728857869816845e-16
6.589955246146195350e+03 3.023251050136213281e-16
6.590154152163102481e+03 2.999359819795496905e-16
6.590353058180008702e+03 3.000483547756649830e-16
6.590551964196915833e+03 2.980925766143578500e-16
6.590750870213822964e+03 2.957313778964876281e-16
6.590949776230731004e+03 2.965052241592893698e-16
6.591148682247637225e+03 2.956097046034150097e-16
6.591347588264545266e+03 2.965004937524157345e-16
6.591546494281450578e+03 2.962306276516676489e-16
6.591745400298358618e+03 2.933550894809276949e-16
6.591944306315264839e+03 2.895221194042939375e-16
6.592143212332171970e+03 2.891464220213288446e-16
6.592342118349078191e+03 2.885949108536314886e-16
6.592541024365987141e+03 2.884389932733782213e-16
6.592739930382893363e+03 2.872293858357695797e-16
6.592938836399800493e+03 2.853650583669806598e-16
6.593137742416707624e+03 2.845636421515235726e-16
6.593336648433614755e+03 2.843997426955890325e-16
6.593535554450521886e+03 2.846236592990924117e-16
6.593734460467429017e+03 2.848458023251939458e-16
6.593933366484335238e+03 2.855027185393712376e-16
6.594132272501242369e+03 2.854890628604762539e-16
6.594331178518149500e+03 2.866121310414647655e-16
6.594530084535055721e+03 2.877473484314940823e-16
6.594728990551962852e+03 2.885162870527272858e-16
6.594927896568870892e+03 2.903995603068716507e-16
6.595126802585777114e+03 2.932421121838958647e-16
6.595325708602684244e+03 2.952249314872674620e-16
6.595524614619591375e+03 2.970390143361406337e-16
6.595723520636497597e+03 2.979578204759861096e-16
6.595922426653406546e+03 2.972603457596196651e-16
6.596121332670312768e+03 2.973100124317759474e-16
6.596320238687219899e+03 2.981587622980954623e-16
6.596519144704126120e+03 2.969436284053887628e-16
6.596718050721034160e+03 2.977173709708281052e-16
6.596916956737939472e+03 2.995538884199141667e-16
6.597115862754847512e+03 2.979704169198369429e-16
6.597314768771753734e+03 2.954090490511071482e-16
6.597513674788661774e+03 2.959150008750179734e-16
6.597712580805568905e+03 2.953043230867149501e-16
6.597911486822476036e+03 2.959840314259184898e-16
6.598110392839382257e+03 2.957176472985030641e-16
6.598309298856290297e+03 2.974276661646878085e-16
6.598508204873197428e+03 2.986882309526239930e-16
6.598707110890103650e+03 2.960316877210866426e-16
6.598906016907010780e+03 2.932244368779603483e-16
6.599104922923917911e+03 2.959052641309047668e-16
6.599303828940824133e+03 2.956290825036677113e-16
6.599502734957731263e+03 2.977782360419614552e-16
6.599701640974638394e+03 2.964656326642138820e-16
6.599900546991545525e+03 2.987081266401102741e-16
6.600099453008452656e+03 2.997680132650920338e-16
6.600298359025359787e+03 2.987152052519622974e-16
6.600497265042266008e+03 2.984349550201711685e-16
6.600696171059173139e+03 2.986559025739422536e-16
6.600895077076082089e+03 2.979693087960961151e-16
6.601093983092987401e+03 2.966269081135546781e-16
6.601292889109895441e+03 2.952735883862743394e-16
6.601491795126801662e+03 2.942245197568117362e-16
6.601690701143708793e+03 2.903381424522216429e-16
6.601889607160615014e+03 2.880314404129517781e-16
6.602088513177523055e+03 2.880250091062109106e-16
6.602287419194428367e+03 2.847773193989962655e-16
6.602486325211337316e+03 2.832262026126151329e-16
6.602685231228244447e+03 2.811738143327148318e-16
6.602884137245150669e+03 2.798047172867834396e-16
6.603083043262057799e+03 2.778237704274070155e-16
6.603281949278965840e+03 2.742533169366377096e-16
6.603480855295872061e+03 2.730115338157216713e-16
6.603679761312779192e+03 2.720690964543418612e-16
6.603878667329686323e+03 2.712695929713678029e-16
6.604077573346592544e+03 2.698494059627866358e-16
6.604276479363499675e+03 2.692792180294116062e-16
6.604475385380406806e+03 2.659100062526412195e-16
6.604674291397313027e+03 2.633310542472362740e-16
6.604873197414221067e+03 2.605009623550295198e-16
6.605072103431128198e+03 2.561989433773932805e-16
6.605271009448034420e+03 2.543231596598688471e-16
6.605469915464941550e+03 2.502138534100828174e-16
6.605668821481848681e+03 2.465093561665623829e-16
6.605867727498756722e+03 2.416381735974096011e-16
6.606066633515662943e+03 2.404571088723505459e-16
6.606265539532570983e+03 2.379627238650231459e-16
6.606464445549477205e+03 2.353673621887216480e-16
6.606663351566384335e+03 2.337340565114665300e-16
6.606862257583290557e+03 2.291527890920932066e-16
6.607061163600198597e+03 2.266340391676257826e-16
6.607260069617103909e+03 2.255212348493070457e-16
6.607458975634012859e+03 2.241310304891398774e-16
6.607657881650919990e+03 2.208964981245284481e-16
6.607856787667826211e+03 2.214796149498909361e-16
6.608055693684733342e+03 2.225688862582296820e-16
6.608254599701641382e+03 2.209128753290923573e-16
6.608453505718547603e+03 2.157048252853313873e-16
6.608652411735454734e+03 2.133955482375985439e-16
6.608851317752361865e+03 2.122461375708936998e-16
6.609050223769268086e+03 2.131360910256719813e-16
6.609249129786175217e+03 2.109682927018924973e-16
6.609448035803082348e+03 2.092069748549054584e-16
6.609646941819988569e+03 2.064494686878345846e-16
6.609845847836896610e+03 2.040238100429221825e-16
6.610044753853803741e+03 2.021437763509321176e-16
6.610243659870709962e+03 1.978277092379133003e-16
6.610442565887617093e+03 1.949132898895023747e-16
6.610641471904524224e+03 1.917130994027727329e-16
6.610840377921432264e+03 1.882585060639722995e-16
6.611039283938338485e+03 1.860064151684439838e-16
6.611238189955246526e+03 1.830451008644649706e-16
6.611437095972151837e+03 1.807384109941148654e-16
6.611636001989059878e+03 1.793291278335851243e-16
6.611834908005966099e+03 1.781981604946601141e-16
6.612033814022873230e+03 1.780076818625369154e-16
6.612232720039779451e+03 1.765110351175632442e-16
6.612431626056688401e+03 1.751556863063686063e-16
6.612630532073594622e+03 1.727078312047793336e-16
6.612829438090501753e+03 1.695271125629104176e-16
6.613028344107408884e+03 1.657322479074721700e-16
6.613227250124316015e+03 1.632278755864780778e-16
6.613426156141223146e+03 1.627826760904125177e-16
6.613625062158130277e+03 1.619631767358085431e-16
6.613823968175036498e+03 1.596362211656000741e-16
6.614022874191943629e+03 1.577633321269633716e-16
6.614221780208850760e+03 1.554055926250381510e-16
6.614420686225756981e+03 1.520440523568452750e-16
6.614619592242664112e+03 1.516077559927838870e-16
6.614818498259572152e+03 1.499526283938394293e-16
6.615017404276478374e+03 1.490273043047277973e-16
6.615216310293385504e+03 1.493575332051661413e-16
6.615415216310292635e+03 1.460878270324458097e-16
6.615614122327198857e+03 1.454032871552882512e-16
6.615813028344107806e+03 1.466929264536963980e-16
6.616011934361014028e+03 1.487170965458286661e-16
6.616210840377921159e+03 1.461796626926737565e-16
6.616409746394827380e+03 1.443308265468518785e-16
6.616608652411735420e+03 1.448435745874739164e-16
6.616807558428640732e+03 1.453626245327918830e-16
6.617006464445548772e+03 1.472023638096219338e-16
6.617205370462454994e+03 1.434422343790507137e-16
6.617404276479363034e+03 1.420460257477033562e-16
6.617603182496270165e+03 1.394346009648255891e-16
6.617802088513177296e+03 1.388815701709326133e-16
6.618000994530083517e+03 1.374804298617397896e-16
6.618199900546991557e+03 1.345546015934142727e-16
6.618398806563898688e+03 1.335211751123416655e-16
6.618597712580804910e+03 1.326879038036266907e-16
6.618796618597712040e+03 1.307983704142692917e-16
6.618995524614619171e+03 1.281999615563727197e-16
6.619194430631525393e+03 1.244067713797351017e-16
6.619393336648432523e+03 1.214169300172063574e-16
6.619592242665339654e+03 1.182439893779409682e-16
6.619791148682246785e+03 1.171586326706644997e-16
6.619990054699153916e+03 1.156200867190239344e-16
6.620188960716061047e+03 1.124215660009564392e-16
6.620387866732967268e+03 1.104970535833805061e-16
6.620586772749874399e+03 1.093898516628795582e-16
6.620785678766783349e+03 1.059690459395684411e-16
6.620984584783688661e+03 1.063337004701659497e-16
6.621183490800596701e+03 1.029990579707915664e-16
6.621382396817502922e+03 1.018616268497262727e-16
6.621581302834410053e+03 1.025008483251496747e-16
6.621780208851316274e+03 1.000843774224747359e-16
6.621979114868224315e+03 9.862237533002832114e-17
6.622178020885129627e+03 9.575434783997551652e-17
6.622376926902038576e+03 9.411918008893961858e-17
6.622575832918945707e+03 9.339199958197063515e-17
6.622774738935851929e+03 9.061711761413087485e-17
6.622973644952759059e+03 8.872023948845377452e-17
6.623172550969667100e+03 8.873660304296414422e-17
6.623371456986573321e+03 8.781211148051526923e-17
6.623570363003480452e+03 8.639641585044938465e-17
6.623769269020387583e+03 8.528672941052827237e-17
6.623968175037293804e+03 8.499694624885763895e-17
6.624167081054200935e+03 8.499988621394626748e-17
6.624365987071108066e+03 8.287778692430078114e-17
6.624564893088014287e+03 8.420103420964723904e-17
6.624763799104922327e+03 8.406743728398559832e-17
6.624962705121829458e+03 8.439369982526829664e-17
6.625161611138735680e+03 8.369705426922149045e-17
6.625360517155642810e+03 8.530635952935982961e-17
6.625559423172549941e+03 8.519782560983718720e-17
6.625758329189457982e+03 8.658058330826063411e-17
6.625957235206364203e+03 8.613970447477222770e-17
6.626156141223272243e+03 8.495466807498437223e-17
6.626355047240177555e+03 8.370506857391562967e-17
6.626553953257085595e+03 8.225800025500549468e-17
6.626752859273991817e+03 8.069737426954057693e-17
6.626951765290898948e+03 7.974398364325426371e-17
6.627150671307805169e+03 7.827396711929687434e-17
6.627349577324714119e+03 7.751712384397650719e-17
6.627548483341620340e+03 7.538436798272544171e-17
6.627747389358527471e+03 7.563705873678250683e-17
6.627946295375434602e+03 7.416942253300410191e-17
6.628145201392341733e+03 7.249397672076082564e-17
6.628344107409248863e+03 7.087721471948494578e-17
6.628543013426155994e+03 6.854645075540974940e-17
6.628741919443062216e+03 6.574081989837539778e-17
6.628940825459969346e+03 6.248649848507471724e-17
6.629139731476876477e+03 6.028027322285185036e-17
6.629338637493782699e+03 5.745381060220909941e-17
6.629537543510689829e+03 5.621170522290612741e-17
6.629736449527597870e+03 5.283702351044851219e-17
6.629935355544504091e+03 4.970253455592055120e-17
6.630134261561411222e+03 4.767164095063896544e-17
6.630333167578318353e+03 4.658333473772780993e-17
6.630532073595224574e+03 4.434429143149472055e-17
6.630730979612133524e+03 4.159254484441738787e-17
6.630929885629039745e+03 4.189987680542244148e-17
6.631128791645946876e+03 3.792039161666714528e-17
6.631327697662853097e+03 3.596550553430923844e-17
6.631526603679761138e+03 3.775617346033480647e-17
6.631725509696666450e+03 3.432013426908759306e-17
6.631924415713574490e+03 3.296917438734081383e-17
6.632123321730480711e+03 3.174830615364343344e-17
6.632322227747388752e+03 3.066684076341263735e-17
6.632521133764295882e+03 3.041517957625876899e-17
6.632720039781203013e+03 2.776872319292678000e-17
6.632918945798109235e+03 3.160923921447121727e-17
6.633117851815017275e+03 3.154553307768950243e-17
6.633316757831924406e+03 3.226579801128116157e-17
6.633515663848830627e+03 3.274120835823771638e-17
6.633714569865737758e+03 3.308487837830964266e-17
6.633913475882644889e+03 3.290700634327380205e-17
6.634112381899551110e+03 3.098233233239628162e-17
6.634311287916458241e+03 3.180808873257373439e-17
6.634510193933365372e+03 3.174780099962356021e-17
6.634709099950272503e+03 3.055553469373689493e-17
6.634908005967179633e+03 2.994256100625887348e-17
6.635106911984086764e+03 2.997691820525935806e-17
6.635305818000992986e+03 3.193913059657531132e-17
6.635504724017900116e+03 3.260171916249966998e-17
6.635703630034809066e+03 3.334579027918419337e-17
6.635902536051714378e+03 3.343312521597109672e-17
6.636101442068622418e+03 3.301088901191380697e-17
6.636300348085528640e+03 3.319001417611963654e-17
6.636499254102435771e+03 3.538639936946064495e-17
6.636698160119341992e+03 3.652777928796466021e-17
6.636897066136250032e+03 3.736156036101405304e-17
6.637095972153155344e+03 3.710538253475865964e-17
6.637294878170064294e+03 3.444410981853543984e-17
6.637493784186971425e+03 3.480964499561371884e-17
6.637692690203877646e+03 3.452842503548713322e-17
6.637891596220784777e+03 3.460238163036277043e-17
6.638090502237692817e+03 3.283445532072946553e-17
6.638289408254599039e+03 3.177775105783132031e-17
6.638488314271506169e+03 2.894379701961761942e-17
6.638687220288413300e+03 2.502785995262355337e-17
6.638886126305319522e+03 2.407013476736747298e-17
6.639085032322226652e+03 2.403856700856416369e-17
6.639283938339133783e+03 2.204862147360122838e-17
6.639482844356040914e+03 2.019254982477518169e-17
6.639681750372948045e+03 1.962894177457847878e-17
6.639880656389855176e+03 1.929248761483606926e-17
6.640079562406762307e+03 1.901240669219942964e-17
6.640278468423668528e+03 1.652339451971505441e-17
6.640477374440575659e+03 1.752099836777110982e-17
6.640676280457484609e+03 1.558775963024302789e-17
6.640875186474389920e+03 1.446157646944380262e-17
6.641074092491297961e+03 1.431193435950265656e-17
6.641272998508204182e+03 1.370817032639367858e-17
6.641471904525111313e+03 1.366806866755347047e-17
6.641670810542017534e+03 1.044581504889455177e-17
6.641869716558925575e+03 1.288920577679512342e-17
6.642068622575830886e+03 1.098565283236563847e-17
6.642267528592739836e+03 9.664044844743846080e-18
6.642466434609646967e+03 9.857742939836387668e-18
6.642665340626553188e+03 9.883714379373885267e-18
6.642864246643460319e+03 1.180002739064431422e-17
6.643063152660368360e+03 8.846665783161725134e-18
6.643262058677274581e+03 8.208189946920823231e-18
6.643460964694181712e+03 6.016855996751856590e-18
6.643659870711088843e+03 1.584103958741685920e-18
6.643858776727995064e+03 1.272887573854283768e-18
6.644057682744902195e+03 -9.312339306179104379e-19
6.644256588761809326e+03 -2.234990262918689511e-18
6.644455494778715547e+03 -6.478191522261624162e-18
6.644654400795623587e+03 -4.616090235368659541e-18
6.644853306812530718e+03 -2.648102080110146477e-18
6.645052212829436940e+03 -1.344056835648460004e-19
6.645251118846344070e+03 1.178576796670264758e-18
6.645450024863251201e+03 -2.158226516758584151e-19
6.645648930880159241e+03 -3.753201276186363276e-19
6.645847836897065463e+03 1.890583510126588318e-18
6.646046742913973503e+03 3.869305467536045208e-18
6.646245648930878815e+03 7.805637976134816973e-18
6.646444554947786855e+03 8.268220052508316634e-18
6.646643460964693077e+03 9.601952116217041364e-18
6.646842366981600208e+03 8.940089973713021645e-18
6.647041272998506429e+03 8.949196755925660967e-18
6.647240179015415379e+03 8.299370778781601629e-18
6.647439085032321600e+03 8.243484090682771388e-18
6.647637991049228731e+03 8.818691229871131587e-18
6.647836897066135862e+03 1.096489484506706825e-17
6.648035803083042993e+03 6.783856716199272056e-18
6.648234709099950123e+03 6.440126030336838393e-18
6.648433615116857254e+03 5.322045721634555839e-18
6.648632521133763476e+03 6.117702846478663238e-18
6.648831427150670606e+03 5.979954996032235499e-18
6.649030333167577737e+03 6.359168187797292764e-18
6.649229239184483959e+03 5.213251261486994354e-18
6.649428145201391089e+03 4.169072366981284203e-18
6.649627051218299130e+03 5.957317904967555650e-18
6.649825957235205351e+03 3.778177793304220614e-18
6.650024863252112482e+03 2.377888078817160681e-18
6.650223769269019613e+03 2.362018502858047344e-18
6.650422675285925834e+03 2.596168976304997141e-18
6.650621581302834784e+03 2.940244533424874528e-18
6.650820487319741005e+03 5.522460796172600382e-18
6.651019393336648136e+03 5.532439978134321504e-18
6.651218299353554357e+03 2.878467760058044800e-18
6.651417205370462398e+03 2.892955004634206863e-18
6.651616111387367710e+03 3.027932430847762225e-18
6.651815017404275750e+03 2.456755734419037556e-18
6.652013923421181971e+03 -9.647491624778672262e-19
6.652212829438090012e+03 5.836029300005791443e-19
6.652411735454997142e+03 8.210626985630321571e-19
6.652610641471904273e+03 7.916737719095303302e-19
6.652809547488810495e+03 2.910351754647650670e-19
6.653008453505718535e+03 -7.194813987869415208e-19
6.653207359522625666e+03 -3.589452126065558987e-18
6.653406265539531887e+03 -5.893981329953992385e-18
6.653605171556439018e+03 -5.861544275978287714e-18
6.653804077573346149e+03 -5.436290731290302801e-18
6.654002983590252370e+03 -7.452327052655743512e-18
6.654201889607159501e+03 -6.839643236819203034e-18
6.654400795624066632e+03 -3.573066581902494388e-18
6.654599701640973763e+03 -1.727267488934085445e-18
6.654798607657880893e+03 -1.394489761719474543e-18
6.654997513674788024e+03 1.114885381356700637e-19
6.655196419691694246e+03 8.562145771954229024e-19
6.655395325708601376e+03 2.444231504452186594e-18
6.655594231725510326e+03 5.436125469164524781e-18
6.655793137742415638e+03 7.958114926969998037e-18
6.655992043759323678e+03 9.278128716607287715e-18
6.656190949776229900e+03 9.443699393611680253e-18
6.656389855793137031e+03 6.249544559534372236e-18
6.656588761810043252e+03 6.153553179423378367e-18
6.656787667826951292e+03 5.206299454723876115e-18
6.656986573843856604e+03 7.041867248837555358e-18
6.657185479860765554e+03 6.116201964358645345e-18
6.657384385877672685e+03 6.150809076250105531e-18
6.657583291894578906e+03 5.426886785831097604e-18
6.657782197911486037e+03 4.083016472045174036e-18
6.657981103928394077e+03 2.284154255034570521e-19
6.658180009945300299e+03 1.962673209761007109e-18
6.658378915962207429e+03 2.352742756857994765e-18
6.658577821979114560e+03 1.311522323211895530e-18
6.658776727996020782e+03 -1.027633955477455671e-18
6.658975634012927912e+03 -1.614974131987313121e-18
6.659174540029835043e+03 -3.460703392818950455e-18
6.659373446046741265e+03 -2.407663578216441607e-18
6.659572352063649305e+03 -1.688038406300888435e-18
6.659771258080556436e+03 -2.792534441058452176e-18
6.659970164097462657e+03 -3.955348046367300093e-19
6.660169070114369788e+03 1.778811883575231873e-18
6.660367976131276919e+03 1.832328054212106131e-18
6.660566882148184959e+03 3.168896732844194879e-18
6.660765788165091180e+03 1.604812352234581349e-18
6.660964694181999221e+03 -1.066444548097021765e-18
6.661163600198904533e+03 -3.101882392306111785e-18
6.661362506215812573e+03 -2.212233658774825836e-18
6.661561412232718794e+03 -3.772252577763959408e-18
6.661760318249625925e+03 -4.152419644817508862e-18
6.661959224266532146e+03 -2.604082204726491177e-18
6.662158130283441096e+03 -3.480875713672057442e-19
6.662357036300347318e+03 -1.906776330444119483e-18
6.662555942317254448e+03 -3.012919636319829103e-18
6.662754848334161579e+03 -3.354469187123633677e-18
6.662953754351068710e+03 -4.531024363169191315e-18
6.663152660367975841e+03 -4.639130282704005009e-18
6.663351566384882972e+03 -1.907737718208322279e-18
6.663550472401789193e+03 -8.765296451836867854e-19
6.663749378418696324e+03 -3.892701666293271015e-18
6.663948284435603455e+03 -3.240592530813913949e-18
6.664147190452509676e+03 -2.854122908410531448e-18
6.664346096469416807e+03 -3.711336921751048787e-18
6.664545002486324847e+03 -2.966221238617444035e-18
6.664743908503231069e+03 -1.416995321353316920e-18
6.664942814520138199e+03 -8.865286829632258994e-19
6.665141720537045330e+03 -1.102862695361487469e-18
6.665340626553951552e+03 -2.182919322278980998e-18
6.665539532570860501e+03 -3.795770119165505785e-18
6.665738438587766723e+03 -3.029573565374623724e-18
6.665937344604673854e+03 -4.110712905661146458e-18
6.666136250621580075e+03 -3.654181816631399276e-18
6.666335156638488115e+03 -5.073308366238888593e-18
6.666534062655393427e+03 -5.694778579280567605e-18
6.666732968672301467e+03 -6.341739577027280681e-18
6.666931874689209508e+03 -7.695330304924208311e-18
6.667130780706115729e+03 -1.036622975572667882e-17
6.667329686723022860e+03 -9.528267494017693411e-18
6.667528592739929991e+03 -1.124797049161319170e-17
6.667727498756836212e+03 -1.326948059781280771e-17
6.667926404773744252e+03 -1.518178877182413824e-17
6.668125310790651383e+03 -1.574125775507904222e-17
6.668324216807557605e+03 -1.600256561495089343e-17
6.668523122824464735e+03 -1.789912626250092050e-17
6.668722028841371866e+03 -1.803342760053871340e-17
6.668920934858278088e+03 -1.714015550009732577e-17
6.669119840875185218e+03 -1.492237678434050055e-17
6.669318746892092349e+03 -1.532836025668557054e-17
6.669517652908999480e+03 -1.619500695776002236e-17
6.669716558925906611e+03 -1.773878712073676866e-17
6.669915464942813742e+03 -1.562848673292052623e-17
6.670114370959719963e+03 -1.653399499454933104e-17
6.670313276976627094e+03 -1.732046898631096848e-17
6.670512182993536044e+03 -1.543157855740668313e-17
6.670711089010441356e+03 -1.543670444907153650e-17
6.670909995027349396e+03 -1.648438896511117419e-17
6.671108901044255617e+03 -1.500294932483873483e-17
6.671307807061162748e+03 -1.205341244823309407e-17
6.671506713078068969e+03 -1.214341046197081372e-17
6.671705619094977010e+03 -1.106204077543846530e-17
6.671904525111885050e+03 -1.024847395238423500e-17
6.672103431128791271e+03 -9.967297634504911784e-18
6.672302337145698402e+03 -9.608834949299451166e-18
6.672501243162605533e+03 -1.052133083707022007e-17
6.672700149179511754e+03 -7.372066186692760802e-18
6.672899055196419795e+03 -7.861369368324480045e-18
6.673097961213326926e+03 -6.414564617490079882e-18
6.673296867230233147e+03 -4.306831342602304579e-18
6.673495773247140278e+03 -5.421104982389489426e-18
6.673694679264047409e+03 -5.918638035750746525e-18
6.673893585280953630e+03 -3.487767965226987669e-18
6.674092491297860761e+03 -2.789213310883742938e-18
6.674291397314767892e+03 -3.132850556141409465e-18
6.674490303331675022e+03 -1.389747694227617780e-18
6.674689209348582153e+03 -2.881761859518321504e-18
6.674888115365489284e+03 -3.061414208029514614e-18
6.675087021382395505e+03 -4.358187400486150125e-18
6.675285927399302636e+03 -7.567270851481118932e-18
6.675484833416211586e+03 -8.417039449879552082e-18
6.675683739433116898e+03 -6.835282046836871035e-18
6.675882645450024938e+03 -9.072903504200543638e-18
6.676081551466931160e+03 -9.905358713524866126e-18
6.676280457483838290e+03 -1.214365767814749015e-17
6.676479363500744512e+03 -1.185626538214373830e-17
6.676678269517652552e+03 -1.150255632946535875e-17
6.676877175534559683e+03 -1.076596501457562241e-17
6.677076081551466814e+03 -1.273602729019525500e-17
6.677274987568373945e+03 -1.290325959475098800e-17
6.677473893585280166e+03 -1.421360620166597930e-17
6.677672799602187297e+03 -1.593952487895215904e-17
6.677871705619095337e+03 -1.522050812562505989e-17
6.678070611636001559e+03 -1.402328272032545350e-17
6.678269517652908689e+03 -1.362139481769048069e-17
6.678468423669815820e+03 -1.561238228660007070e-17
6.678667329686722042e+03 -1.529966109158155351e-17
6.678866235703629172e+03 -1.631243499026493201e-17
6.679065141720536303e+03 -1.634568241386047913e-17
6.679264047737442525e+03 -1.719225418847389089e-17
6.679462953754350565e+03 -1.517015958479627967e-17
6.679661859771257696e+03 -1.520887768398142848e-17
6.679860765788163917e+03 -1.345866447218615450e-17
