6.430034808552957657e+03 -6.811036519138452829e-18
6.430233714569864787e+03 -8.019616165683046103e-18
6.430432620586771918e+03 -5.892341820588472370e-18
6.430631526603678140e+03 -5.581497893415692050e-18
6.430830432620586180e+03 -4.361491731728722688e-18
6.431029338637493311e+03 -2.672735805160351841e-18
6.431228244654399532e+03 -1.958296897932528941e-18
6.431427150671306663e+03 -6.816008940247917178e-19
6.431626056688213794e+03 -1.894564354237559396e-18
6.431824962705121834e+03 -3.802180235108341905e-18
6.432023868722028055e+03 -4.126311248845406970e-18
6.432222774738936096e+03 -3.490194617216041212e-18
6.432421680755841408e+03 -1.163509739028899500e-18
6.432620586772749448e+03 -1.660116102425907183e-18
6.432819492789655669e+03 -3.377129259819890284e-18
6.433018398806562800e+03 -4.294920556998137225e-18
6.433217304823470840e+03 -6.633709997474751590e-18
6.433416210840377971e+03 -5.903759964331329466e-18
6.433615116857284193e+03 -4.952597278915851645e-18
6.433814022874191323e+03 -6.030647197612263189e-18
6.434012928891098454e+03 -8.580822232055389772e-18
6.434211834908004676e+03 -7.529666826179771971e-18
6.434410740924912716e+03 -6.683739173908073888e-18
6.434609646941819847e+03 -6.936726270116611876e-18
6.434808552958726068e+03 -8.435075879056790318e-18
6.435007458975633199e+03 -9.007434711754554896e-18
6.435206364992540330e+03 -9.454712303020668053e-18
6.435405271009446551e+03 -1.191868709116548375e-17
6.435604177026353682e+03 -1.061143365330540123e-17
6.435803083043261722e+03 -9.909160208563632042e-18
6.436001989060167944e+03 -5.259169572735935972e-18
6.436200895077075074e+03 -5.258425717796861884e-18
6.436399801093982205e+03 -3.336797049194545253e-18
6.436598707110888427e+03 -1.942385346235836243e-18
6.436797613127797376e+03 -1.457534318023513589e-18
6.436996519144703598e+03 -1.535385325581102495e-18
6.437195425161610729e+03 -1.815725280224474399e-18
6.437394331178516950e+03 -3.609540939674107859e-19
6.437593237195424990e+03 -4.889619176220793917e-19
6.437792143212330302e+03 -1.375265026300227433e-18
6.437991049229238342e+03 -3.630470872376560076e-18
6.438189955246146383e+03 -4.000073655883226485e-18
6.438388861263052604e+03 -6.967506242786900602e-18
6.438587767279959735e+03 -7.604954047900857610e-18
6.438786673296866866e+03 -8.434409764989279938e-18
6.438985579313773087e+03 -1.033537324192903703e-17
6.439184485330680218e+03 -9.785326386596354560e-18
6.439383391347588258e+03 -9.271145561722155141e-18
6.439582297364494480e+03 -1.155077437576758034e-17
6.439781203381401610e+03 -9.848750653349472270e-18
6.439980109398308741e+03 -1.190428229312268126e-17
6.440179015415214963e+03 -1.245483215712599837e-17
6.440377921432122093e+03 -1.117928851018544280e-17
6.440576827449029224e+03 -1.326857005358858127e-17
6.440775733465936355e+03 -1.450784338972220231e-17
6.440974639482843486e+03 -1.320814293981333535e-17
6.441173545499750617e+03 -1.386998511954020422e-17
6.441372451516656838e+03 -1.537664246074054088e-17
6.441571357533563969e+03 -1.501986430949794080e-17
6.441770263550472919e+03 -1.423239671331408167e-17
6.441969169567378231e+03 -1.423127108160403625e-17
6.442168075584286271e+03 -1.297712234485639350e-17
6.442366981601192492e+03 -1.346116261929481350e-17
6.442565887618099623e+03 -1.452707746912881105e-17
6.442764793635005844e+03 -1.396965883481543583e-17
6.442963699651913885e+03 -1.464672602513741680e-17
6.443162605668821016e+03 -1.477817681182895393e-17
6.443361511685728146e+03 -1.597326006724984583e-17
6.443560417702635277e+03 -1.745464540439965218e-17
6.443759323719541499e+03 -1.800660800482472271e-17
6.443958229736448629e+03 -1.660756068094072323e-17
6.444157135753355760e+03 -1.580531046268369490e-17
6.444356041770262891e+03 -1.540687109400084221e-17
6.444554947787170022e+03 -1.517235369828975176e-17
6.444753853804077153e+03 -1.471198439365679124e-17
6.444952759820984284e+03 -1.406617129043695964e-17
6.445151665837890505e+03 -1.240870936297033874e-17
6.445350571854797636e+03 -1.233837289256954601e-17
6.445549477871704767e+03 -8.755320284271275927e-18
6.445748383888611897e+03 -9.079476942512330615e-18
6.445947289905519028e+03 -9.355808659742463254e-18
6.446146195922426159e+03 -8.443158690134350069e-18
6.446345101939332380e+03 -7.767676252253036363e-18
6.446544007956239511e+03 -6.145440630969550886e-18
6.446742913973148461e+03 -5.670239939896596532e-18
6.446941819990053773e+03 -5.697528233459130253e-18
6.447140726006961813e+03 -5.191110915187994912e-18
6.447339632023868035e+03 -1.717214431252749124e-18
6.447538538040775165e+03 -2.386599289056115204e-18
6.447737444057681387e+03 -2.459868674879604557e-18
6.447936350074589427e+03 -2.489689724671888771e-18
6.448135256091496558e+03 -5.560766655478346758e-19
6.448334162108403689e+03 8.646166554238557992e-19
6.448533068125310820e+03 1.250033199543179068e-18
6.448731974142217041e+03 2.833386380932540025e-18
6.448930880159124172e+03 4.170953423974292125e-18
6.449129786176031303e+03 4.676916370285187556e-18
6.449328692192938433e+03 6.581840451135317171e-18
6.449527598209845564e+03 6.318059712026451148e-18
6.449726504226752695e+03 7.454515824009616936e-18
6.449925410243658916e+03 7.801730074618779666e-18
6.450124316260566047e+03 1.094291680871064128e-17
6.450323222277473178e+03 1.334078224436843343e-17
6.450522128294379399e+03 1.447264351583702736e-17
6.450721034311287440e+03 1.860585457356198699e-17
6.450919940328194571e+03 1.796282563966569736e-17
6.451118846345100792e+03 1.963816894112669331e-17
6.451317752362007923e+03 2.082283729176704236e-17
6.451516658378915054e+03 2.205123863408054554e-17
6.451715564395823094e+03 2.051787699188588891e-17
6.451914470412729315e+03 1.962314207832863963e-17
6.452113376429637356e+03 2.034359365339875104e-17
6.452312282446542667e+03 2.064708095293468805e-17
6.452511188463450708e+03 2.029506441991483662e-17
6.452710094480356929e+03 2.123069901209620007e-17
6.452909000497264060e+03 2.249567863304787986e-17
6.453107906514172100e+03 2.122707953833896055e-17
6.453306812531079231e+03 1.974824930596786203e-17
6.453505718547985452e+03 2.128742571426608686e-17
6.453704624564892583e+03 2.106662327998955483e-17
6.453903530581799714e+03 1.916647284615021077e-17
6.454102436598705935e+03 1.960741436081964270e-17
6.454301342615613976e+03 1.914664118151468436e-17
6.454500248632521107e+03 1.751753367481217520e-17
6.454699154649427328e+03 1.713837230839181518e-17
6.454898060666334459e+03 1.623525550923003732e-17
6.455096966683241590e+03 1.571070197913061051e-17
6.455295872700147811e+03 1.371114767857579444e-17
6.455494778717054942e+03 1.277384588821458989e-17
6.455693684733962982e+03 9.950925552768271649e-18
6.455892590750869203e+03 8.763910846003873522e-18
6.456091496767776334e+03 6.960696014086503422e-18
6.456290402784683465e+03 6.189868296512493319e-18
6.456489308801589686e+03 5.280827246789659515e-18
6.456688214818498636e+03 1.273907011882755363e-18
6.456887120835404858e+03 -1.154994119420423406e-18
6.457086026852311988e+03 -1.309644666224845854e-18
6.457284932869218210e+03 -1.667312980326436288e-18
6.457483838886126250e+03 -4.803576707187439948e-18
6.457682744903031562e+03 -7.467051588468501719e-18
6.457881650919939602e+03 -8.707810134909707537e-18
6.458080556936847643e+03 -9.970781174227444518e-18
6.458279462953753864e+03 -1.048169095506780019e-17
6.458478368970660995e+03 -1.207315058266434147e-17
6.458677274987568126e+03 -1.073117662262985162e-17
6.458876181004474347e+03 -1.136215326463888990e-17
6.459075087021381478e+03 -1.115114530667715598e-17
6.459273993038289518e+03 -1.042901238643492753e-17
6.459472899055195739e+03 -1.171670676338665641e-17
6.459671805072102870e+03 -1.147792100963134160e-17
6.459870711089010001e+03 -1.092260016579826216e-17
6.460069617105916222e+03 -9.598087040780842402e-18
6.460268523122823353e+03 -8.460348071523197972e-18
6.460467429139730484e+03 -8.389917327526941722e-18
6.460666335156637615e+03 -8.654826026610340606e-18
6.460865241173544746e+03 -1.036798031284890100e-17
6.461064147190451877e+03 -6.604202099578722171e-18
6.461263053207358098e+03 -6.260063053294728497e-18
6.461461959224265229e+03 -4.736905027079838877e-18
6.461660865241174179e+03 -4.313342537302919601e-18
6.461859771258079491e+03 -2.413658059031315305e-18
6.462058677274987531e+03 -1.103918269933511958e-18
6.462257583291893752e+03 1.828737906332492756e-19
6.462456489308800883e+03 1.931552740381429137e-18
6.462655395325707104e+03 2.753653032659027193e-18
6.462854301342615145e+03 3.327499086699297799e-18
6.463053207359522276e+03 3.027737119495096969e-18
6.463252113376429406e+03 3.443699365123498190e-18
6.463451019393336537e+03 4.695583928230464049e-18
6.463649925410242759e+03 5.037373418560345634e-18
6.463848831427149889e+03 5.457656762158202160e-18
6.464047737444057020e+03 6.341482051411632943e-18
6.464246643460964151e+03 7.762804966447221079e-18
6.464445549477871282e+03 9.320088932103319070e-18
6.464644455494778413e+03 1.071313605679806200e-17
6.464843361511684634e+03 1.155788648055004312e-17
6.465042267528591765e+03 1.157687547957719315e-17
6.465241173545498896e+03 1.135613195923639905e-17
6.465440079562405117e+03 1.101337439372177882e-17
6.465638985579313157e+03 1.062384632083000703e-17
6.465837891596220288e+03 1.005192896631777263e-17
6.466036797613126510e+03 8.638784690932087549e-18
6.466235703630033640e+03 8.874661388075145740e-18
6.466434609646940771e+03 7.489104402188892732e-18
6.466633515663848812e+03 6.346276683451234962e-18
6.466832421680755033e+03 7.063427162940871283e-18
6.467031327697663073e+03 6.846496116097115632e-18
6.467230233714568385e+03 5.989845681130167970e-18
6.467429139731476425e+03 4.305857148684761243e-18
6.467628045748382647e+03 3.590398154566361250e-18
6.467826951765289778e+03 3.721323010285964979e-18
6.468025857782197818e+03 3.607014240523294273e-18
6.468224763799104949e+03 4.783952718265318010e-18
6.468423669816011170e+03 4.526353093142900057e-18
6.468622575832918301e+03 5.650030018942914578e-18
6.468821481849825432e+03 4.001993151500403580e-18
6.469020387866731653e+03 3.617349841230236795e-18
6.469219293883639693e+03 3.621517924748714773e-18
6.469418199900546824e+03 3.334833150610482120e-18
6.469617105917453046e+03 5.470186737441131298e-18
6.469816011934360176e+03 5.453127122447767595e-18
6.470014917951267307e+03 6.903776522322361711e-18
6.470213823968173529e+03 8.490559519819739511e-18
6.470412729985080659e+03 9.196869891798855212e-18
6.470611636001988700e+03 1.151465197495648081e-17
6.470810542018894921e+03 1.305844106803359681e-17
6.471009448035802052e+03 1.529922973746177847e-17
6.471208354052709183e+03 1.511760569649335385e-17
6.471407260069615404e+03 1.580546050699073089e-17
6.471606166086524354e+03 1.637764366295848019e-17
6.471805072103430575e+03 1.892857996830805864e-17
6.472003978120337706e+03 1.960551734363155314e-17
6.472202884137243927e+03 2.028068949398465979e-17
6.472401790154151968e+03 2.155711876788695299e-17
6.472600696171057280e+03 2.153623920910110958e-17
6.472799602187965320e+03 2.264368647948973084e-17
6.472998508204873360e+03 2.133764793874214739e-17
6.473197414221779582e+03 2.297751035842475566e-17
6.473396320238686712e+03 2.486287613728148802e-17
6.473595226255593843e+03 2.573907359337755344e-17
6.473794132272500065e+03 2.538123074432774054e-17
6.473993038289407195e+03 2.556726462087851613e-17
6.474191944306315236e+03 2.740717519776121812e-17
6.474390850323221457e+03 2.686840539053019808e-17
6.474589756340128588e+03 2.660202603878062734e-17
6.474788662357035719e+03 2.645097550614971088e-17
6.474987568373941940e+03 2.760610868918935497e-17
6.475186474390849071e+03 2.822557710960572924e-17
6.475385380407756202e+03 2.847665473546578224e-17
6.475584286424663333e+03 2.815613552460931825e-17
6.475783192441570463e+03 2.917887532260823507e-17
6.475982098458477594e+03 2.830272202564017774e-17
6.476181004475383816e+03 2.712577268138306497e-17
6.476379910492290946e+03 2.590015810065127364e-17
6.476578816509199896e+03 2.299713868064621024e-17
6.476777722526106118e+03 2.157754029782989563e-17
6.476976628543013248e+03 2.195592946390344970e-17
6.477175534559919470e+03 2.150259692173910159e-17
6.477374440576827510e+03 2.012770461564903296e-17
6.477573346593732822e+03 1.968797552879042548e-17
6.477772252610640862e+03 1.977273963017966423e-17
6.477971158627548903e+03 2.162184447874842987e-17
6.478170064644455124e+03 2.344052458970865718e-17
6.478368970661362255e+03 2.493051137194734441e-17
6.478567876678269386e+03 2.598683300909851710e-17
6.478766782695175607e+03 2.440191752248481559e-17
6.478965688712082738e+03 2.558316967242455729e-17
6.479164594728990778e+03 2.675695013622841127e-17
6.479363500745896999e+03 2.696233136128315109e-17
6.479562406762804130e+03 2.894032091870689201e-17
6.479761312779711261e+03 2.821947287427317243e-17
6.479960218796617482e+03 3.071059422679310408e-17
6.480159124813524613e+03 3.156776566152085420e-17
6.480358030830431744e+03 3.233296822165255238e-17
6.480556936847338875e+03 3.399027937586935933e-17
6.480755842864246006e+03 3.394417566948135480e-17
6.480954748881153137e+03 3.599824694370555786e-17
6.481153654898059358e+03 3.679090492568357068e-17
6.481352560914966489e+03 3.903958848892689207e-17
6.481551466931875439e+03 4.012531435613861069e-17
6.481750372948780750e+03 4.127557474992977188e-17
6.481949278965688791e+03 4.097674590780734597e-17
6.482148184982595012e+03 4.233811886584418173e-17
6.482347090999502143e+03 4.349441374380294222e-17
6.482545997016408364e+03 4.396079427554483801e-17
6.482744903033316405e+03 4.394559002372071160e-17
6.482943809050223535e+03 4.499580827180672546e-17
6.483142715067130666e+03 4.824483200666935421e-17
6.483341621084037797e+03 4.845097767584404753e-17
6.483540527100944018e+03 4.958244274893064285e-17
6.483739433117851149e+03 5.033504372784666618e-17
6.483938339134758280e+03 5.282573856785131747e-17
6.484137245151665411e+03 5.631777304295570748e-17
6.484336151168572542e+03 5.685304400446451001e-17
6.484535057185479673e+03 5.835724520865580851e-17
6.484733963202385894e+03 6.012524431274558342e-17
6.484932869219293025e+03 6.160732398081529510e-17
6.485131775236200156e+03 6.234760143919394606e-17
6.485330681253106377e+03 6.181469922192051043e-17
6.485529587270014417e+03 6.274848590762525622e-17
6.485728493286921548e+03 6.427946423274464300e-17
6.485927399303827769e+03 6.257585598215793835e-17
6.486126305320734900e+03 6.329148863533494279e-17
6.486325211337642031e+03 6.359373593854482829e-17
6.486524117354550071e+03 6.439766279231778060e-17
6.486723023371456293e+03 6.659011265414849206e-17
6.486921929388364333e+03 6.717275661016397339e-17
6.487120835405269645e+03 6.795795108183230655e-17
6.487319741422177685e+03 6.910912337212489083e-17
6.487518647439083907e+03 7.027968503350369932e-17
6.487717553455991037e+03 7.353539966256272410e-17
6.487916459472899078e+03 7.589236178453461994e-17
6.488115365489806209e+03 7.590201733981670739e-17
6.488314271506712430e+03 7.709293329454701554e-17
6.488513177523619561e+03 7.837192263675690526e-17
6.488712083540526692e+03 7.826198844231106601e-17
6.488910989557432913e+03 7.896548781141586174e-17
6.489109895574340953e+03 7.901158371400071403e-17
6.489308801591248084e+03 8.123969176900714106e-17
6.489507707608154305e+03 8.331367970975430355e-17
6.489706613625061436e+03 8.435744751733297033e-17
6.489905519641968567e+03 8.593123869520934225e-17
6.490104425658874788e+03 8.717632203286234803e-17
6.490303331675781919e+03 8.800910197149621539e-17
6.490502237692689960e+03 8.929244664069960472e-17
6.490701143709596181e+03 9.155612291199913514e-17
6.490900049726503312e+03 9.223065193779865565e-17
6.491098955743410443e+03 9.281190179358183967e-17
6.491297861760316664e+03 9.340136982122444565e-17
6.491496767777225614e+03 9.404671452050176494e-17
6.491695673794131835e+03 9.437393174247065322e-17
6.491894579811038966e+03 9.484158477655572984e-17
6.492093485827945187e+03 9.611852603939695712e-17
6.492292391844853228e+03 9.763303633730206932e-17
6.492491297861758540e+03 9.914209922349244581e-17
6.492690203878666580e+03 9.919434281458909853e-17
6.492889109895574620e+03 1.023084299627165271e-16
6.493088015912480842e+03 1.027253850740740760e-16
6.493286921929387972e+03 1.026130347334675174e-16
6.493485827946295103e+03 1.024862805359990304e-16
6.493684733963201325e+03 1.030315470627507072e-16
6.493883639980108455e+03 1.035349742646239822e-16
6.494082545997016496e+03 1.041916298936926363e-16
6.494281452013922717e+03 1.028231768742285752e-16
6.494480358030829848e+03 1.033593597250457699e-16
6.494679264047736979e+03 1.034680508887394612e-16
6.494878170064643200e+03 1.033653042199989382e-16
6.495077076081550331e+03 1.044901378711573034e-16
6.495275982098457462e+03 1.044428104369923226e-16
6.495474888115364593e+03 1.062903284973667404e-16
6.495673794132271723e+03 1.053649347253021645e-16
6.495872700149178854e+03 1.040492220865512219e-16
6.496071606166085076e+03 1.054182597820793570e-16
6.496270512182992206e+03 1.060459698466806463e-16
6.496469418199901156e+03 1.052728761109399029e-16
6.496668324216806468e+03 1.064011457339767501e-16
6.496867230233714508e+03 1.062311612614623368e-16
6.497066136250620730e+03 1.080900279761257677e-16
6.497265042267527861e+03 1.079722712678801660e-16
6.497463948284434082e+03 1.086629770232504633e-16
6.497662854301342122e+03 1.103645387753825402e-16
6.497861760318249253e+03 1.101348929635037875e-16
6.498060666335156384e+03 1.103509965039977563e-16
6.498259572352063515e+03 1.125229124839852070e-16
6.498458478368969736e+03 1.121963793499734272e-16
6.498657384385876867e+03 1.117866585243580213e-16
6.498856290402783998e+03 1.128367849560867881e-16
6.499055196419691129e+03 1.137677748853876110e-16
6.499254102436598259e+03 1.166845782827552884e-16
6.499453008453505390e+03 1.159763785843582159e-16
6.499651914470411612e+03 1.163654703683027708e-16
6.499850820487318742e+03 1.156521812358215244e-16
6.500049726504225873e+03 1.168146811290940147e-16
6.500248632521132095e+03 1.175983557945784983e-16
6.500447538538040135e+03 1.200078880585507821e-16
6.500646444554947266e+03 1.225214087679521666e-16
6.500845350571853487e+03 1.232623027277010861e-16
6.501044256588760618e+03 1.232710521548750670e-16
6.501243162605667749e+03 1.250902201088425777e-16
6.501442068622575789e+03 1.240741652097058054e-16
6.501640974639482010e+03 1.238341644630269396e-16
6.501839880656390051e+03 1.240427652664861725e-16
6.502038786673295363e+03 1.254067376022964710e-16
6.502237692690203403e+03 1.253604689282338960e-16
6.502436598707109624e+03 1.249432180705607851e-16
6.502635504724016755e+03 1.247234950420254752e-16
6.502834410740924795e+03 1.252742595887507711e-16
6.503033316757831926e+03 1.243268441034457928e-16
6.503232222774738148e+03 1.250347758943771753e-16
6.503431128791645278e+03 1.249952827964873771e-16
6.503630034808552409e+03 1.257984734994293496e-16
6.503828940825458631e+03 1.245543322313695720e-16
6.504027846842366671e+03 1.245259934630787711e-16
6.504226752859273802e+03 1.223665001403341086e-16
6.504425658876180023e+03 1.230248646216007165e-16
6.504624564893087154e+03 1.244886558589276028e-16
6.504823470909994285e+03 1.248225216930506269e-16
6.505022376926900506e+03 1.258271133700721068e-16
6.505221282943807637e+03 1.263894502604430877e-16
6.505420188960715677e+03 1.257310900493131495e-16
6.505619094977621899e+03 1.243406571141137442e-16
6.505818000994529029e+03 1.254648181112996966e-16
6.506016907011436160e+03 1.270493736672247542e-16
6.506215813028342382e+03 1.259481876610907576e-16
6.506414719045251331e+03 1.240025626610895142e-16
6.506613625062157553e+03 1.258949488536662892e-16
6.506812531079064684e+03 1.239878051125474953e-16
6.507011437095970905e+03 1.238887350017671061e-16
6.507210343112878945e+03 1.228395150151202733e-16
6.507409249129784257e+03 1.226728924293600710e-16
6.507608155146692297e+03 1.220071517566976900e-16
6.507807061163600338e+03 1.212476850926751038e-16
6.508005967180506559e+03 1.229522339219602371e-16
6.508204873197413690e+03 1.237824020644280088e-16
6.508403779214320821e+03 1.227530081912927875e-16
6.508602685231227042e+03 1.221742518394212835e-16
6.508801591248134173e+03 1.233576235069963588e-16
6.509000497265042213e+03 1.231863523263753159e-16
6.509199403281948435e+03 1.248039187802505093e-16
6.509398309298855565e+03 1.242948523871339313e-16
6.509597215315762696e+03 1.259377073656652215e-16
6.509796121332669827e+03 1.269849403593075474e-16
6.509995027349576048e+03 1.294028173595534999e-16
6.510193933366483179e+03 1.318078754003277835e-16
6.510392839383391220e+03 1.335247204173823473e-16
6.510591745400297441e+03 1.337466442601892990e-16
6.510790651417204572e+03 1.343844029661656892e-16
6.510989557434111703e+03 1.340964493501845048e-16
6.511188463451017924e+03 1.369936687780048713e-16
6.511387369467926874e+03 1.367807709012616876e-16
6.511586275484833095e+03 1.389996066817395921e-16
6.511785181501740226e+03 1.391453423306301372e-16
6.511984087518646447e+03 1.408353050998772297e-16
6.512182993535554488e+03 1.404660820806958835e-16
6.512381899552459799e+03 1.406716405458636202e-16
6.512580805569367840e+03 1.404411168821571539e-16
6.512779711586275880e+03 1.409112183985037789e-16
6.512978617603182101e+03 1.409580929090100074e-16
6.513177523620089232e+03 1.406550368169295902e-16
6.513376429636996363e+03 1.417368841716499805e-16
6.513575335653902584e+03 1.425988095810848404e-16
6.513774241670809715e+03 1.431054923733368892e-16
6.513973147687717756e+03 1.441121205113288922e-16
6.514172053704623977e+03 1.450926901423719554e-16
6.514370959721531108e+03 1.466163840388201354e-16
6.514569865738438239e+03 1.463972888132598580e-16
6.514768771755344460e+03 1.463849514461395357e-16
6.514967677772251591e+03 1.458593973161732003e-16
6.515166583789158722e+03 1.436256350905044594e-16
6.515365489806065852e+03 1.428607923050972933e-16
6.515564395822972983e+03 1.430430554985274484e-16
6.515763301839880114e+03 1.433777050171880897e-16
6.515962207856786335e+03 1.419457721985547428e-16
6.516161113873693466e+03 1.396273264937697551e-16
6.516360019890602416e+03 1.391854099448567864e-16
6.516558925907507728e+03 1.396397911656981577e-16
6.516757831924415768e+03 1.377264391585866324e-16
6.516956737941321990e+03 1.373772408381184449e-16
6.517155643958229120e+03 1.361748736630515657e-16
6.517354549975135342e+03 1.362462021455026119e-16
6.517553455992043382e+03 1.342875767519364182e-16
6.517752362008950513e+03 1.345016026024217791e-16
6.517951268025857644e+03 1.346137351103563654e-16
6.518150174042764775e+03 1.332846489149990536e-16
6.518349080059670996e+03 1.308216927610137256e-16
6.518547986076578127e+03 1.311107064729179866e-16
6.518746892093485258e+03 1.334804578859346850e-16
6.518945798110392388e+03 1.334316941407142980e-16
6.519144704127299519e+03 1.353264380749923544e-16
6.519343610144206650e+03 1.364056888518399402e-16
6.519542516161112871e+03 1.383732999090420358e-16
6.519741422178020002e+03 1.394221247250495006e-16
6.519940328194927133e+03 1.418180395873967686e-16
6.520139234211833354e+03 1.439413800828561080e-16
6.520338140228741395e+03 1.458961018123168423e-16
6.520537046245648526e+03 1.473821067634446215e-16
6.520735952262554747e+03 1.498707266130249879e-16
6.520934858279461878e+03 1.505798498202013441e-16
6.521133764296369009e+03 1.522271355617263873e-16
6.521332670313277049e+03 1.526586497688388525e-16
6.521531576330183270e+03 1.537083348703114555e-16
6.521730482347091311e+03 1.532801864419034944e-16
6.521929388363996623e+03 1.569068563121714529e-16
6.522128294380904663e+03 1.584216969732217209e-16
6.522327200397810884e+03 1.610283568654099911e-16
6.522526106414718015e+03 1.637999485581037951e-16
6.522725012431626055e+03 1.666126705117286675e-16
6.522923918448533186e+03 1.682184782528786204e-16
6.523122824465439408e+03 1.703412655358312968e-16
6.523321730482346538e+03 1.739418206542480928e-16
6.523520636499253669e+03 1.749504792585361509e-16
6.523719542516159891e+03 1.761457445423770948e-16
6.523918448533067931e+03 1.765380357220859141e-16
6.524117354549975062e+03 1.775605561132047333e-16
6.524316260566881283e+03 1.782680517370366008e-16
6.524515166583788414e+03 1.803693459705159782e-16
6.524714072600695545e+03 1.830147799118434301e-16
6.524912978617601766e+03 1.831945212971141745e-16
6.525111884634508897e+03 1.843578505688148064e-16
6.525310790651416937e+03 1.854715971286597454e-16
6.525509696668323159e+03 1.863010133905833900e-16
6.525708602685230289e+03 1.859283268075890760e-16
6.525907508702137420e+03 1.863609629464671783e-16
6.526106414719043642e+03 1.875694551101435289e-16
6.526305320735952591e+03 1.888332384636880249e-16
6.526504226752858813e+03 1.895489282775159409e-16
6.526703132769765944e+03 1.907878262082600254e-16
6.526902038786672165e+03 1.919672743622695985e-16
6.527100944803580205e+03 1.909559332919220735e-16
6.527299850820485517e+03 1.911618606240893038e-16
6.527498756837393557e+03 1.893135216410887596e-16
6.527697662854301598e+03 1.906400305830369109e-16
6.527896568871207819e+03 1.922036634602245961e-16
6.528095474888114950e+03 1.938730028669627444e-16
6.528294380905022081e+03 1.941773608290558965e-16
6.528493286921928302e+03 1.981296340542936218e-16
6.528692192938835433e+03 2.025756498686760813e-16
6.528891098955743473e+03 2.045733275086467355e-16
6.529090004972649695e+03 2.077136519868147323e-16
6.529288910989556825e+03 2.104356110936353688e-16
6.529487817006463956e+03 2.151800558114733249e-16
6.529686723023370178e+03 2.194914276158117153e-16
6.529885629040277308e+03 2.235257170556478038e-16
6.530084535057184439e+03 2.276156431218859069e-16
6.530283441074091570e+03 2.325688345850166277e-16
6.530482347090998701e+03 2.354367962119690362e-16
6.530681253107905832e+03 2.387379617220231883e-16
6.530880159124812053e+03 2.426614591679176683e-16
6.531079065141719184e+03 2.481029117460040317e-16
6.531277971158628134e+03 2.524056613412591131e-16
6.531476877175533446e+03 2.574780848956702803e-16
6.531675783192441486e+03 2.619247479906491556e-16
6.531874689209347707e+03 2.676653608280799791e-16
6.532073595226254838e+03 2.702455120591185308e-16
6.532272501243161059e+03 2.736563282073063587e-16
6.532471407260069100e+03 2.766395930086948535e-16
6.532670313276976231e+03 2.790832960946984219e-16
6.532869219293883361e+03 2.822029961683588949e-16
6.533068125310790492e+03 2.870686487867082571e-16
6.533267031327696714e+03 2.910711406089616258e-16
6.533465937344603844e+03 2.953510657470676585e-16
6.533664843361510975e+03 3.006001779716904159e-16
6.533863749378418106e+03 3.046001199980631370e-16
6.534062655395325237e+03 3.098940680254868730e-16
6.534261561412232368e+03 3.147599577847404961e-16
6.534460467429138589e+03 3.151889918486066705e-16
6.534659373446045720e+03 3.172172947133650721e-16
6.534858279462952851e+03 3.175051123455087886e-16
6.535057185479859072e+03 3.196737995831144067e-16
6.535256091496767112e+03 3.207330962882358632e-16
6.535454997513674243e+03 3.227543171644451262e-16
6.535653903530580465e+03 3.239676832069976929e-16
6.535852809547487595e+03 3.259366813175115377e-16
6.536051715564394726e+03 3.275795538494192244e-16
6.536250621581302767e+03 3.291942620539284469e-16
6.536449527598208988e+03 3.290999787153332778e-16
6.536648433615117028e+03 3.311787090690155228e-16
6.536847339632022340e+03 3.299547700783814624e-16
6.537046245648930380e+03 3.298112847488047912e-16
6.537245151665836602e+03 3.307472256244647154e-16
6.537444057682743733e+03 3.318962012172912364e-16
6.537642963699651773e+03 3.351163522490442422e-16
6.537841869716558904e+03 3.372510406373347943e-16
6.538040775733465125e+03 3.379959651672941824e-16
6.538239681750372256e+03 3.397492770056425452e-16
6.538438587767279387e+03 3.421457141067963944e-16
6.538637493784185608e+03 3.438108262614052117e-16
6.538836399801093648e+03 3.446091282429436312e-16
6.539035305818000779e+03 3.472499033390724837e-16
6.539234211834907001e+03 3.494896273992995420e-16
6.539433117851814131e+03 3.522460728952197294e-16
6.539632023868721262e+03 3.539663043558878091e-16
6.539830929885627484e+03 3.530189612785702296e-16
6.540029835902534614e+03 3.545025582467879700e-16
6.540228741919442655e+03 3.543316074992678261e-16
6.540427647936348876e+03 3.535245442168834258e-16
6.540626553953256007e+03 3.533088522438968254e-16
6.540825459970163138e+03 3.541730691588575195e-16
6.541024365987069359e+03 3.542128218085041787e-16
6.541223272003978309e+03 3.534131995046207662e-16
6.541422178020884530e+03 3.537936962996810311e-16
6.541621084037791661e+03 3.531665448334059467e-16
6.541819990054697882e+03 3.527967899205343135e-16
6.542018896071605923e+03 3.516773083219280501e-16
6.542217802088512144e+03 3.501674012828521152e-16
6.542416708105419275e+03 3.487528421476397736e-16
6.542615614122327315e+03 3.479492921564232122e-16
6.542814520139234446e+03 3.472108669010209885e-16
6.543013426156140667e+03 3.466579901961721683e-16
6.543212332173047798e+03 3.446167860652995626e-16
6.543411238189954929e+03 3.442658584213638771e-16
6.543610144206861150e+03 3.415831827487587961e-16
6.543809050223769191e+03 3.370339457293746355e-16
6.544007956240676322e+03 3.318723217741551604e-16
6.544206862257582543e+03 3.267926983553794697e-16
6.544405768274489674e+03 3.196299826539624585e-16
6.544604674291396805e+03 3.179867594160301425e-16
6.544803580308303026e+03 3.148160310771703186e-16
6.545002486325210157e+03 3.120374935626837905e-16
6.545201392342118197e+03 3.074804272838771986e-16
6.545400298359024418e+03 3.045575344715792180e-16
6.545599204375931549e+03 3.010844410862225093e-16
6.545798110392838680e+03 2.974683317591986058e-16
6.545997016409744901e+03 2.931592950530537985e-16
6.550174042764792830e+03 2.803808396397404666e-16
6.550372948781699961e+03 2.793786479736980686e-16
6.550571854798607092e+03 2.776991468515915505e-16
6.550770760815513313e+03 2.762074236434318692e-16
6.550969666832420444e+03 2.757637677503331559e-16
6.551168572849329394e+03 2.749184752567653172e-16
6.551367478866234705e+03 2.754354493126975168e-16
6.551566384883142746e+03 2.740935055098450853e-16
6.551765290900048967e+03 2.748488996693948732e-16
6.551964196916956098e+03 2.728858787605863017e-16
6.552163102933862319e+03 2.741524872789890542e-16
6.552362008950770360e+03 2.739206068382683792e-16
6.552560914967677490e+03 2.755910023219877429e-16
6.552759820984584621e+03 2.743546132634940660e-16
6.552958727001491752e+03 2.765225160187930485e-16
6.553157633018397974e+03 2.737878867308195902e-16
6.553356539035305104e+03 2.750304876907143864e-16
6.553555445052212235e+03 2.757574004524607794e-16
6.553754351069119366e+03 2.766281385130355127e-16
6.553953257086026497e+03 2.761747121567588287e-16
6.554152163102933628e+03 2.782939762420918724e-16
6.554351069119839849e+03 2.788900878130286509e-16
6.554549975136746980e+03 2.797859848735215758e-16
6.554748881153654111e+03 2.806782267653668044e-16
6.554947787170560332e+03 2.806783715659476225e-16
6.555146693187468372e+03 2.790741407394927679e-16
6.555345599204375503e+03 2.792880041601900326e-16
6.555544505221281725e+03 2.819025806671649449e-16
6.555743411238188855e+03 2.834752905712246668e-16
6.555942317255095986e+03 2.845212373345871692e-16
6.556141223272004027e+03 2.852806400465935825e-16
6.556340129288910248e+03 2.834301145486368954e-16
6.556539035305818288e+03 2.825408481331225527e-16
6.556737941322723600e+03 2.781013764095021742e-16
6.556936847339631640e+03 2.750914182326564790e-16
6.557135753356537862e+03 2.722374546832983068e-16
6.557334659373444993e+03 2.702974177404003277e-16
6.557533565390353033e+03 2.682297099674981666e-16
6.557732471407260164e+03 2.643596473964057355e-16
6.557931377424166385e+03 2.583016369042726340e-16
6.558130283441073516e+03 2.527294324683077797e-16
6.558329189457980647e+03 2.473857824111918465e-16
6.558528095474886868e+03 2.413453097725124075e-16
6.558727001491794908e+03 2.365048781996287626e-16
6.558925907508702039e+03 2.313055341869428286e-16
6.559124813525608261e+03 2.279398786800399045e-16
6.559323719542515391e+03 2.225132535203462676e-16
6.559522625559422522e+03 2.203582205361205901e-16
6.559721531576328744e+03 2.150555358310703409e-16
6.559920437593235874e+03 2.110190192998927548e-16
6.560119343610143915e+03 2.059296741644023745e-16
6.560318249627050136e+03 2.015352964795754109e-16
6.565091994032818548e+03 2.007190338143829440e-16
6.565290900049725678e+03 1.972321406351155252e-16
6.565489806066632809e+03 1.920679281440775768e-16
6.565688712083539031e+03 1.875660036391453593e-16
6.565887618100446161e+03 1.835309775372846408e-16
6.566086524117355111e+03 1.777454741039028770e-16
6.566285430134260423e+03 1.749041017937544691e-16
6.566484336151168463e+03 1.712120669701404689e-16
6.566683242168074685e+03 1.708370274050497175e-16
6.566882148184981816e+03 1.668130247703122913e-16
6.567081054201888037e+03 1.646142730135350352e-16
6.567279960218796077e+03 1.607950486552033974e-16
6.567478866235703208e+03 1.579874039956035633e-16
6.567677772252610339e+03 1.551569313224493318e-16
6.567876678269517470e+03 1.556155226178230026e-16
6.568075584286423691e+03 1.546024860045800315e-16
6.568274490303330822e+03 1.541445376898056999e-16
6.568473396320237953e+03 1.538859188581124671e-16
6.568672302337145084e+03 1.566517311741338912e-16
6.568871208354052214e+03 1.554787199762969956e-16
6.569070114370959345e+03 1.563035993529103055e-16
6.569269020387865567e+03 1.572997871324754737e-16
6.569467926404772697e+03 1.569944339650164677e-16
6.569666832421679828e+03 1.574952406458660261e-16
6.569865738438586050e+03 1.597989337934660367e-16
6.570064644455494090e+03 1.617081609288915106e-16
6.570263550472401221e+03 1.614988146394576094e-16
6.570462456489307442e+03 1.617201107093467561e-16
6.570661362506214573e+03 1.611325034983376040e-16
6.570860268523121704e+03 1.598475122598584917e-16
6.571059174540029744e+03 1.590216420920934055e-16
6.571258080556935965e+03 1.574968838115748973e-16
6.571456986573844006e+03 1.572222889780032850e-16
6.571655892590749318e+03 1.582280988066332183e-16
6.571854798607657358e+03 1.600124734676773406e-16
6.572053704624563579e+03 1.589079576882000505e-16
6.572252610641470710e+03 1.589544156632648254e-16
6.572451516658378750e+03 1.599720681689730164e-16
6.572650422675285881e+03 1.588876736107468997e-16
6.572849328692192103e+03 1.610079600670862595e-16
6.573048234709099233e+03 1.625995675654708190e-16
6.573247140726006364e+03 1.629001695506925010e-16
6.573446046742912586e+03 1.644446790520209802e-16
6.573644952759820626e+03 1.626057769667223511e-16
6.573843858776727757e+03 1.634653261838302735e-16
6.574042764793633978e+03 1.645840669936802396e-16
6.574241670810541109e+03 1.624422006333086095e-16
6.574440576827448240e+03 1.621019476760495021e-16
6.574639482844355371e+03 1.623474385666641729e-16
6.574838388861261592e+03 1.625736355957121911e-16
6.575037294878169632e+03 1.627167068471083541e-16
6.575236200895076763e+03 1.642269529257522387e-16
6.575435106911982984e+03 1.652685109280121168e-16
6.575634012928890115e+03 1.663265437630248469e-16
6.575832918945797246e+03 1.662582086022029560e-16
6.576031824962705286e+03 1.691167492153118419e-16
6.576230730979611508e+03 1.717110578607342990e-16
6.576429636996519548e+03 1.759120771813301744e-16
6.576628543013424860e+03 1.776689606902855128e-16
6.576827449030332900e+03 1.802770397552426742e-16
6.577026355047239122e+03 1.819784464102994296e-16
6.577225261064146252e+03 1.848079598128755490e-16
6.577424167081054293e+03 1.853211290051531803e-16
6.577623073097961424e+03 1.858207709534207803e-16
6.577821979114867645e+03 1.871465247333197812e-16
6.578020885131774776e+03 1.890763179199707909e-16
6.578219791148681907e+03 1.912260330443100089e-16
6.578418697165588128e+03 1.929910378278239354e-16
6.578617603182496168e+03 1.933981091045427780e-16
6.578816509199403299e+03 1.931819477169615584e-16
6.579015415216309520e+03 1.944002679519546480e-16
6.579214321233216651e+03 1.961858529110538682e-16
6.579413227250123782e+03 1.957205507293563411e-16
6.579612133267030003e+03 1.977203862442998052e-16
6.579811039283937134e+03 2.006412269217450557e-16
6.580009945300845175e+03 2.020251905970763250e-16
6.580208851317751396e+03 2.032233077785253118e-16
6.580407757334658527e+03 2.020326091974826549e-16
6.580606663351565658e+03 2.009073729825722723e-16
6.580805569368471879e+03 1.996501195413077331e-16
6.585579313774240291e+03 2.025763852553859678e-16
6.585778219791147421e+03 2.021677338190322843e-16
6.585977125808056371e+03 1.996876012017931387e-16
6.586176031824961683e+03 1.996767168086385278e-16
6.586374937841869723e+03 1.977883974916401924e-16
6.586573843858775945e+03 1.936308926990268847e-16
6.586772749875683076e+03 1.945429664184981849e-16
6.586971655892589297e+03 1.917918523815557085e-16
6.587170561909497337e+03 1.877901666453925771e-16
6.587369467926402649e+03 1.868425047387186556e-16
6.587568373943311599e+03 1.830348694919137212e-16
6.587767279960218730e+03 1.838644070204470569e-16
6.587966185977124951e+03 1.809744850093438516e-16
6.588165091994032082e+03 1.781439650858756423e-16
6.588363998010940122e+03 1.761392394960520642e-16
6.588562904027846344e+03 1.755690532071170026e-16
6.588761810044753474e+03 1.743322905907809361e-16
6.588960716061660605e+03 1.734287214283484082e-16
6.589159622078566827e+03 1.733375032191689180e-16
6.589358528095473957e+03 1.734702218847728488e-16
6.589557434112381088e+03 1.702938221020460057e-16
6.589756340129287310e+03 1.702728191183643576e-16
6.589955246146195350e+03 1.711607699928939054e-16
6.590154152163102481e+03 1.688195224038315814e-16
6.590353058180008702e+03 1.697268365014148285e-16
6.590551964196915833e+03 1.668982588917435907e-16
6.590750870213822964e+03 1.652533032293500966e-16
6.590949776230731004e+03 1.638374632344561063e-16
6.591148682247637225e+03 1.645352539559528213e-16
6.591347588264545266e+03 1.624681696844995572e-16
6.591546494281450578e+03 1.643642724969332464e-16
6.591745400298358618e+03 1.671979558120616088e-16
6.591944306315264839e+03 1.678278278418560330e-16
6.592143212332171970e+03 1.685622337253952448e-16
6.592342118349078191e+03 1.692864638078018909e-16
6.592541024365987141e+03 1.687883012037487771e-16
6.592739930382893363e+03 1.705744740763866754e-16
6.592938836399800493e+03 1.717033549381761789e-16
6.593137742416707624e+03 1.731398533401997916e-16
6.593336648433614755e+03 1.721367278678232788e-16
6.593535554450521886e+03 1.739673301464300201e-16
6.593734460467429017e+03 1.736415357780531333e-16
6.593933366484335238e+03 1.709129850671606645e-16
6.594132272501242369e+03 1.707090932752202999e-16
6.594331178518149500e+03 1.703578468997767548e-16
6.594530084535055721e+03 1.700508610377117766e-16
6.594728990551962852e+03 1.699695856911739467e-16
6.594927896568870892e+03 1.695062009884268494e-16
6.595126802585777114e+03 1.706916602317353512e-16
6.595325708602684244e+03 1.703678625900851403e-16
6.595524614619591375e+03 1.693454105704267196e-16
6.595723520636497597e+03 1.706525904414600217e-16
6.595922426653406546e+03 1.686652843362705765e-16
6.596121332670312768e+03 1.679399157366611794e-16
6.596320238687219899e+03 1.673201032548098786e-16
6.596519144704126120e+03 1.677330244125671476e-16
6.596718050721034160e+03 1.694376570398744693e-16
6.596916956737939472e+03 1.701096010762305481e-16
6.597115862754847512e+03 1.701370960100430276e-16
6.597314768771753734e+03 1.701331786966373415e-16
6.597513674788661774e+03 1.712649427388960173e-16
6.597712580805568905e+03 1.713268916574917044e-16
6.597911486822476036e+03 1.700135768649908071e-16
6.598110392839382257e+03 1.685045540348500261e-16
6.598309298856290297e+03 1.690339022655189795e-16
6.598508204873197428e+03 1.707949895243005539e-16
6.598707110890103650e+03 1.710296529797718943e-16
6.598906016907010780e+03 1.715778081945085752e-16
6.599104922923917911e+03 1.683135296501437118e-16
6.599303828940824133e+03 1.675915033007053099e-16
6.599502734957731263e+03 1.654341107544683029e-16
6.599701640974638394e+03 1.666064749267351382e-16
6.599900546991545525e+03 1.672627308226928142e-16
6.600099453008452656e+03 1.658284047811273035e-16
6.600298359025359787e+03 1.662219173009299813e-16
6.600497265042266008e+03 1.650093787979217288e-16
6.600696171059173139e+03 1.664039554211941661e-16
6.600895077076082089e+03 1.685585342666796743e-16
6.601093983092987401e+03 1.679308816086059995e-16
6.601292889109895441e+03 1.680924944116709688e-16
6.601491795126801662e+03 1.706781606809119272e-16
6.601690701143708793e+03 1.691118902266330383e-16
6.601889607160615014e+03 1.684295411019797089e-16
6.602088513177523055e+03 1.699123524492192036e-16
6.602287419194428367e+03 1.698211061816285028e-16
6.602486325211337316e+03 1.683983656338266469e-16
6.602685231228244447e+03 1.687914969736628375e-16
6.602884137245150669e+03 1.683039523838589886e-16
6.603083043262057799e+03 1.671548710626122796e-16
6.603281949278965840e+03 1.658690259180474781e-16
6.603480855295872061e+03 1.671998944608046024e-16
6.603679761312779192e+03 1.660527406596405152e-16
6.603878667329686323e+03 1.640178174705269726e-16
6.604077573346592544e+03 1.637032272840019840e-16
6.604276479363499675e+03 1.636872755453724797e-16
6.604475385380406806e+03 1.609240361080966167e-16
6.604674291397313027e+03 1.595614033586583984e-16
6.604873197414221067e+03 1.577806336042821129e-16
6.605072103431128198e+03 1.571298838981905508e-16
6.605271009448034420e+03 1.542696798469926361e-16
6.605469915464941550e+03 1.532414033230014199e-16
6.605668821481848681e+03 1.508128703098303518e-16
6.605867727498756722e+03 1.475695241203732881e-16
6.606066633515662943e+03 1.468438672842361192e-16
6.606265539532570983e+03 1.466296614790186370e-16
6.606464445549477205e+03 1.453594852302010540e-16
6.606663351566384335e+03 1.425829530003022938e-16
6.606862257583290557e+03 1.414149977413625961e-16
6.607061163600198597e+03 1.396187196442315439e-16
6.607260069617103909e+03 1.373968059679442204e-16
6.607458975634012859e+03 1.365937246870554145e-16
6.607657881650919990e+03 1.329634532213407864e-16
6.607856787667826211e+03 1.317094812488525221e-16
6.608055693684733342e+03 1.313233876569578434e-16
6.608254599701641382e+03 1.312977264041322771e-16
6.608453505718547603e+03 1.296267125776291870e-16
6.608652411735454734e+03 1.266750405366228035e-16
6.608851317752361865e+03 1.243968751460697061e-16
6.609050223769268086e+03 1.233636343754919369e-16
6.609249129786175217e+03 1.244436097582218708e-16
6.609448035803082348e+03 1.208159691443793196e-16
6.609646941819988569e+03 1.208304112895919014e-16
6.609845847836896610e+03 1.203139752209875012e-16
6.610044753853803741e+03 1.173391381773269750e-16
6.610243659870709962e+03 1.159979244480356422e-16
6.610442565887617093e+03 1.142516826066429755e-16
6.610641471904524224e+03 1.127037515260707014e-16
6.610840377921432264e+03 1.112288088000860632e-16
6.611039283938338485e+03 1.093510135035180997e-16
6.611238189955246526e+03 1.092367162964700463e-16
6.611437095972151837e+03 1.074172365665705052e-16
6.611636001989059878e+03 1.073290706815153564e-16
6.611834908005966099e+03 1.068859732620209313e-16
6.612033814022873230e+03 1.043346078805677210e-16
6.612232720039779451e+03 1.026844840927689926e-16
6.612431626056688401e+03 1.013160970411468273e-16
6.612630532073594622e+03 1.005984467691984007e-16
6.612829438090501753e+03 1.006622258994310384e-16
6.613028344107408884e+03 1.001807993869279584e-16
6.613227250124316015e+03 1.000719425412934786e-16
6.613426156141223146e+03 9.945243027663293526e-17
6.613625062158130277e+03 9.722626866891445237e-17
6.613823968175036498e+03 9.695696567463587344e-17
6.614022874191943629e+03 9.960470553696220802e-17
6.614221780208850760e+03 1.004588108124699608e-16
6.614420686225756981e+03 9.934841184126107693e-17
6.614619592242664112e+03 9.856665105212957910e-17
6.614818498259572152e+03 9.820057216442162153e-17
6.615017404276478374e+03 9.754043413846343393e-17
6.615216310293385504e+03 9.581367771929662770e-17
6.615415216310292635e+03 9.727748273157937277e-17
6.615614122327198857e+03 9.699605430574927238e-17
6.615813028344107806e+03 9.697523688251727229e-17
6.616011934361014028e+03 9.787632799484489791e-17
6.616210840377921159e+03 9.690850525858555176e-17
6.616409746394827380e+03 9.712535842097401490e-17
6.616608652411735420e+03 9.662087684837083665e-17
6.616807558428640732e+03 9.812328244687683024e-17
6.617006464445548772e+03 9.806467659346378257e-17
6.617205370462454994e+03 9.770086337733972431e-17
6.617404276479363034e+03 9.794715906309343324e-17
6.617603182496270165e+03 9.760723698261263492e-17
6.617802088513177296e+03 9.753329472586933420e-17
6.618000994530083517e+03 9.758480493854849741e-17
6.618199900546991557e+03 9.665258559642162102e-17
6.618398806563898688e+03 9.674418650643911241e-17
6.618597712580804910e+03 9.771084283297287346e-17
6.618796618597712040e+03 9.705954768981198961e-17
6.618995524614619171e+03 9.641317679794440468e-17
6.619194430631525393e+03 9.413174259468696952e-17
6.619393336648432523e+03 9.293910549355013604e-17
6.619592242665339654e+03 9.216128038106342050e-17
6.619791148682246785e+03 8.902539463705350864e-17
6.619990054699153916e+03 8.570597989017729965e-17
6.620188960716061047e+03 8.357986451124983102e-17
6.620387866732967268e+03 8.209845572276769804e-17
6.620586772749874399e+03 8.117788297863736692e-17
6.620785678766783349e+03 7.843504449563522609e-17
6.620984584783688661e+03 7.620005038348557608e-17
6.621183490800596701e+03 7.496324828112059838e-17
6.621382396817502922e+03 7.210390022184964256e-17
6.621581302834410053e+03 7.010631943847913548e-17
6.621780208851316274e+03 6.429839322643767431e-17
6.621979114868224315e+03 6.381026904424965009e-17
6.622178020885129627e+03 6.367108118103936704e-17
6.622376926902038576e+03 6.124711235684953977e-17
6.622575832918945707e+03 6.222680940559065529e-17
6.622774738935851929e+03 6.214484052420904289e-17
6.622973644952759059e+03 6.102712277009271427e-17
6.623172550969667100e+03 6.027109230693318780e-17
6.623371456986573321e+03 5.970441777246235790e-17
6.623570363003480452e+03 5.918652721703797507e-17
6.623769269020387583e+03 5.957182563219087767e-17
6.623968175037293804e+03 5.889853394640807203e-17
6.624167081054200935e+03 5.678641283415791661e-17
6.624365987071108066e+03 5.608472959096162084e-17
6.624564893088014287e+03 5.293147860999295099e-17
6.624763799104922327e+03 5.218424039400039297e-17
6.624962705121829458e+03 5.234132629870904130e-17
6.625161611138735680e+03 5.195397183164939227e-17
6.625360517155642810e+03 5.386894204293622872e-17
6.625559423172549941e+03 5.292219169833305200e-17
6.625758329189457982e+03 5.162970809999430846e-17
6.625957235206364203e+03 5.223638229602724065e-17
6.626156141223272243e+03 5.097358212913273765e-17
6.626355047240177555e+03 5.195841756564964467e-17
6.626553953257085595e+03 5.147058910071387041e-17
6.626752859273991817e+03 5.145070099589493533e-17
6.626951765290898948e+03 5.137479063836464463e-17
6.627150671307805169e+03 5.119790478796025919e-17
6.627349577324714119e+03 4.955311650016250288e-17
6.627548483341620340e+03 4.935523342194893618e-17
6.627747389358527471e+03 4.943882801462064418e-17
6.627946295375434602e+03 4.926132460022239556e-17
6.628145201392341733e+03 4.900119739791818309e-17
6.628344107409248863e+03 4.904939076985955310e-17
6.628543013426155994e+03 4.838285600310698566e-17
6.628741919443062216e+03 4.665554101721317869e-17
6.628940825459969346e+03 4.697440255294617280e-17
6.629139731476876477e+03 4.715178230856634663e-17
6.629338637493782699e+03 4.698048043934798403e-17
6.629537543510689829e+03 4.469559790165954478e-17
6.629736449527597870e+03 4.495250830466564756e-17
6.629935355544504091e+03 4.407620480170739805e-17
6.630134261561411222e+03 4.309657451444637591e-17
6.630333167578318353e+03 3.990751331283901859e-17
6.630532073595224574e+03 3.819559467168882521e-17
6.630730979612133524e+03 3.625834528936712100e-17
6.630929885629039745e+03 3.451520889792743523e-17
6.631128791645946876e+03 3.240978561549068334e-17
6.631327697662853097e+03 2.859915687226301281e-17
6.631526603679761138e+03 3.015965164369690533e-17
6.631725509696666450e+03 3.123442898532308309e-17
6.631924415713574490e+03 3.197810816270343383e-17
6.632123321730480711e+03 3.199495320201500988e-17
6.632322227747388752e+03 3.099299512300223916e-17
6.632521133764295882e+03 3.122468227644972475e-17
6.632720039781203013e+03 3.033842815416655717e-17
6.632918945798109235e+03 2.920452639901635231e-17
6.633117851815017275e+03 2.830807689052479410e-17
6.633316757831924406e+03 2.853236068450605703e-17
6.633515663848830627e+03 2.621884716834085686e-17
6.633714569865737758e+03 2.590484992900794320e-17
6.633913475882644889e+03 2.799372587428232093e-17
6.634112381899551110e+03 2.821642580473381784e-17
6.634311287916458241e+03 2.873575060652588879e-17
6.634510193933365372e+03 2.743812191459179592e-17
6.634709099950272503e+03 2.935628528320557737e-17
6.634908005967179633e+03 3.213603697001478484e-17
6.635106911984086764e+03 3.176814619375417801e-17
6.635305818000992986e+03 3.137511891000783291e-17
6.635504724017900116e+03 3.237768287454866177e-17
6.635703630034809066e+03 3.165511350348767033e-17
6.635902536051714378e+03 3.216857550045296217e-17
6.636101442068622418e+03 3.041243348785288392e-17
6.636300348085528640e+03 3.249811945636269856e-17
6.636499254102435771e+03 3.123829858731908407e-17
6.636698160119341992e+03 3.045080019005097469e-17
6.636897066136250032e+03 3.218409864961386436e-17
6.637095972153155344e+03 2.900130129308481206e-17
6.637294878170064294e+03 2.767637149410630248e-17
6.637493784186971425e+03 2.865182466761394954e-17
6.637692690203877646e+03 2.820163142259891727e-17
6.637891596220784777e+03 2.920277948861771699e-17
6.638090502237692817e+03 2.878976606431137564e-17
6.638289408254599039e+03 2.834366664907108822e-17
6.638488314271506169e+03 2.769384577879061285e-17
6.638687220288413300e+03 2.832072950546226173e-17
6.638886126305319522e+03 2.711474419826216756e-17
6.639085032322226652e+03 2.547608607233135307e-17
6.639283938339133783e+03 2.362515118579302008e-17
6.639482844356040914e+03 2.070555081871890372e-17
6.639681750372948045e+03 2.145389569580230958e-17
6.639880656389855176e+03 1.900361745397987881e-17
6.640079562406762307e+03 1.570657135811367195e-17
6.640278468423668528e+03 1.264879053235493211e-17
6.640477374440575659e+03 1.033354284474140130e-17
6.640676280457484609e+03 1.075863286787389495e-17
6.640875186474389920e+03 8.389562604738545580e-18
6.641074092491297961e+03 8.073793215243230672e-18
6.641272998508204182e+03 8.032462438312610277e-18
6.641471904525111313e+03 8.114113410043101193e-18
6.641670810542017534e+03 4.810893694700564660e-18
6.641869716558925575e+03 1.593050976427214194e-18
6.642068622575830886e+03 6.592884004686255842e-19
6.642267528592739836e+03 -2.130343696714451863e-19
6.642466434609646967e+03 5.627344860804940613e-19
6.642665340626553188e+03 1.876887207376298450e-18
6.642864246643460319e+03 1.158401104564119489e-18
6.643063152660368360e+03 1.605903778994324652e-18
6.643262058677274581e+03 1.581314160765472454e-18
6.643460964694181712e+03 -2.726889171301535073e-19
6.643659870711088843e+03 1.617718139974287203e-18
6.643858776727995064e+03 1.505462757717532052e-18
6.644057682744902195e+03 -1.120716861041180797e-18
6.644256588761809326e+03 2.716899252492109190e-20
6.644455494778715547e+03 1.182281786344000102e-18
6.644654400795623587e+03 2.775705755071677351e-18
6.644853306812530718e+03 1.629580519336041267e-18
6.645052212829436940e+03 3.036188474021984072e-21
6.645251118846344070e+03 1.914599559295977999e-18
6.645450024863251201e+03 3.338054465611054676e-18
6.645648930880159241e+03 2.312930300994066347e-18
6.645847836897065463e+03 1.398169457274067966e-18
6.646046742913973503e+03 1.805921239872572676e-18
6.646245648930878815e+03 2.922028446494380783e-18
6.646444554947786855e+03 7.875538839180189308e-19
6.646643460964693077e+03 3.453893766752965993e-18
6.646842366981600208e+03 5.639607156507627838e-18
6.647041272998506429e+03 3.515563910850233458e-18
6.647240179015415379e+03 5.240656048396875453e-18
6.647439085032321600e+03 8.726197170511969341e-18
6.647637991049228731e+03 7.423116434639315501e-18
6.647836897066135862e+03 6.463760533288928197e-18
6.648035803083042993e+03 5.903617041947271209e-18
6.648234709099950123e+03 6.011385556508502873e-18
6.648433615116857254e+03 5.073604697155650963e-18
6.648632521133763476e+03 4.502099341741467295e-18
6.648831427150670606e+03 3.704900829966027469e-18
6.649030333167577737e+03 4.552502635615728852e-18
6.649229239184483959e+03 2.138828865865508499e-18
6.649428145201391089e+03 1.408655765431936322e-18
6.649627051218299130e+03 1.669809732953495091e-18
6.649825957235205351e+03 -1.557161241998128287e-18
6.650024863252112482e+03 -2.787738923192247149e-18
6.650223769269019613e+03 -3.394590636518556147e-18
6.650422675285925834e+03 -4.529444569563123369e-18
6.650621581302834784e+03 -2.395307609974217563e-18
6.650820487319741005e+03 -5.925690581997581341e-18
6.651019393336648136e+03 -6.325393544241989249e-18
6.651218299353554357e+03 -6.743727719302351972e-18
6.651417205370462398e+03 -8.222566247297998460e-18
6.651616111387367710e+03 -7.247332513638129574e-18
6.651815017404275750e+03 -6.627844041217878666e-18
6.652013923421181971e+03 -4.376231210980249897e-18
6.652212829438090012e+03 -4.578601934809779935e-18
6.652411735454997142e+03 -5.961864017531883268e-18
6.652610641471904273e+03 -6.196809337833473919e-18
6.652809547488810495e+03 -8.845587382019236520e-18
6.653008453505718535e+03 -8.714993774725746343e-18
6.653207359522625666e+03 -8.854065832124693393e-18
6.653406265539531887e+03 -9.638809679158005160e-18
6.653605171556439018e+03 -1.035322339512709774e-17
6.653804077573346149e+03 -1.175331532703706792e-17
6.654002983590252370e+03 -1.145052900223824697e-17
6.654201889607159501e+03 -1.059172522055473676e-17
6.654400795624066632e+03 -1.081788408054497887e-17
6.654599701640973763e+03 -1.089894284180202399e-17
6.654798607657880893e+03 -1.277477274816330207e-17
6.654997513674788024e+03 -1.229188020197753548e-17
6.655196419691694246e+03 -1.250374227976553901e-17
6.655395325708601376e+03 -1.402130126252660970e-17
6.655594231725510326e+03 -1.441937263956473906e-17
6.655793137742415638e+03 -1.594941828608628341e-17
6.655992043759323678e+03 -1.394184906164487291e-17
6.656190949776229900e+03 -1.305493143405316561e-17
6.656389855793137031e+03 -1.247970157767843535e-17
6.656588761810043252e+03 -1.048165763867422541e-17
6.656787667826951292e+03 -1.251888223364610327e-17
6.656986573843856604e+03 -1.461294080635859737e-17
6.657185479860765554e+03 -1.552480542101795081e-17
6.657384385877672685e+03 -1.617463850028379029e-17
6.657583291894578906e+03 -1.943620834637756122e-17
6.657782197911486037e+03 -1.891674816318926279e-17
6.657981103928394077e+03 -1.857858419273936434e-17
6.658180009945300299e+03 -2.088135923467772577e-17
6.658378915962207429e+03 -1.972932222768521633e-17
6.658577821979114560e+03 -1.921950142358370058e-17
6.658776727996020782e+03 -1.742310609441067391e-17
6.658975634012927912e+03 -1.649339411407427451e-17
6.659174540029835043e+03 -1.893927114597626624e-17
6.659373446046741265e+03 -1.776534349058456154e-17
6.659572352063649305e+03 -1.606820701176714248e-17
6.659771258080556436e+03 -1.527683683996328655e-17
6.659970164097462657e+03 -1.418676528675910424e-17
6.660169070114369788e+03 -1.433409408453533118e-17
6.660367976131276919e+03 -1.364814258786335137e-17
6.660566882148184959e+03 -1.223976658312173157e-17
6.660765788165091180e+03 -1.299060228202425228e-17
6.660964694181999221e+03 -1.317523530531009407e-17
6.661163600198904533e+03 -1.187116456511397046e-17
6.661362506215812573e+03 -1.223144100272478516e-17
6.661561412232718794e+03 -1.271815883204905178e-17
6.661760318249625925e+03 -1.276098077856952972e-17
6.661959224266532146e+03 -1.254281141608203132e-17
6.662158130283441096e+03 -1.442714107658065616e-17
6.662357036300347318e+03 -1.364630663717550530e-17
6.662555942317254448e+03 -1.193443123783755903e-17
6.662754848334161579e+03 -1.007821430785490511e-17
6.662953754351068710e+03 -8.798061280580359635e-18
6.663152660367975841e+03 -9.175537010351470413e-18
6.663351566384882972e+03 -1.055202668635374942e-17
6.663550472401789193e+03 -1.046887946578443532e-17
6.663749378418696324e+03 -8.465592275906135288e-18
6.663948284435603455e+03 -8.165551888764345617e-18
6.664147190452509676e+03 -9.786716390532963954e-18
6.664346096469416807e+03 -9.834396724736247529e-18
6.664545002486324847e+03 -1.111341243893311771e-17
6.664743908503231069e+03 -1.316225911425823723e-17
6.664942814520138199e+03 -1.223871446308643961e-17
6.665141720537045330e+03 -1.057092441557306228e-17
6.665340626553951552e+03 -9.946407011286568224e-18
6.665539532570860501e+03 -8.982861804352306800e-18
6.665738438587766723e+03 -9.690570302347864577e-18
6.665937344604673854e+03 -6.952181907605589572e-18
6.666136250621580075e+03 -6.021377704397849905e-18
6.666335156638488115e+03 -7.672395208373611651e-18
6.666534062655393427e+03 -7.454638004064424322e-18
6.666732968672301467e+03 -7.822199829722692526e-18
6.666931874689209508e+03 -7.522431805611033428e-18
6.667130780706115729e+03 -7.081385240790133484e-18
6.667329686723022860e+03 -6.383510645193878886e-18
6.667528592739929991e+03 -5.868788333802119804e-18
6.667727498756836212e+03 -6.111407024464546644e-18
6.667926404773744252e+03 -7.072317069612144552e-18
6.668125310790651383e+03 -5.891243856874043163e-18
6.668324216807557605e+03 -4.447964923673787657e-18
6.668523122824464735e+03 -3.517141311712468281e-18
6.668722028841371866e+03 -2.284179351983352600e-18
6.668920934858278088e+03 -2.726896992806775330e-18
6.669119840875185218e+03 -3.044849493217325281e-18
6.669318746892092349e+03 -1.350939463408224155e-18
6.669517652908999480e+03 -1.159201268937837594e-18
6.669716558925906611e+03 -3.000620247700930159e-18
6.669915464942813742e+03 -3.909136101592491422e-18
6.670114370959719963e+03 -2.421197944478923405e-18
6.670313276976627094e+03 -2.980306530535351322e-18
6.670512182993536044e+03 -2.998165551493728217e-18
6.670711089010441356e+03 -4.476250007894979610e-18
6.670909995027349396e+03 -4.827230355617586269e-18
6.671108901044255617e+03 -3.182376740761610937e-18
6.671307807061162748e+03 -3.994153035075461127e-18
6.671506713078068969e+03 -1.739823987209820287e-18
6.671705619094977010e+03 5.170945066957301406e-19
6.671904525111885050e+03 1.319384064437050134e-18
6.672103431128791271e+03 2.475681544118388524e-18
6.672302337145698402e+03 4.166637724120156426e-18
6.672501243162605533e+03 4.164228211032066476e-18
6.672700149179511754e+03 4.233346683889433587e-18
6.672899055196419795e+03 4.113996611695636018e-18
6.673097961213326926e+03 3.788222315208330109e-18
6.673296867230233147e+03 5.315835840862434781e-18
6.673495773247140278e+03 5.144601972891850539e-18
6.673694679264047409e+03 5.232270870620494283e-18
6.673893585280953630e+03 4.438413241997853038e-18
6.674092491297860761e+03 3.274627191785641719e-18
6.674291397314767892e+03 6.596865120284693528e-18
6.674490303331675022e+03 6.122222350565421069e-18
6.674689209348582153e+03 8.315281644563145592e-18
6.674888115365489284e+03 9.893786711337747152e-18
6.675087021382395505e+03 9.170932041096871385e-18
6.675285927399302636e+03 8.619022502463226581e-18
6.675484833416211586e+03 1.021004563255922404e-17
6.675683739433116898e+03 1.024728011100610601e-17
6.675882645450024938e+03 1.012362593209871152e-17
6.676081551466931160e+03 8.438687662078163230e-18
6.676280457483838290e+03 6.713007937085310981e-18
6.676479363500744512e+03 5.270350547560355786e-18
6.676678269517652552e+03 3.456137231406781465e-18
6.676877175534559683e+03 3.392928605409247970e-18
6.677076081551466814e+03 1.956123605561781046e-18
6.677274987568373945e+03 1.987895605773776525e-18
6.677473893585280166e+03 -1.320216267078000698e-19
6.677672799602187297e+03 -4.201795493147738604e-19
6.677871705619095337e+03 8.467433873994918343e-20
6.678070611636001559e+03 5.025894490051472471e-19
6.678269517652908689e+03 -2.092915589289024221e-18
6.678468423669815820e+03 -3.104907015414228834e-18
6.678667329686722042e+03 -5.487848418994712849e-18
6.678866235703629172e+03 -6.677992862136369190e-18
6.679065141720536303e+03 -6.465966839149719180e-18
6.679264047737442525e+03 -8.494439250623486443e-18
6.679462953754350565e+03 -1.067275910859886693e-17
6.679661859771257696e+03 -9.839449887446192382e-18
6.679860765788163917e+03 -8.326975654821290528e-18
