6.430034808552957657e+03 -1.314495719757473730e-18
6.430233714569864787e+03 -5.481036736213288004e-19
6.430432620586771918e+03 1.519238993981870867e-19
6.430631526603678140e+03 1.410953137035831490e-18
6.430830432620586180e+03 -4.109337146619603574e-19
6.431029338637493311e+03 6.333656954221631153e-19
6.431228244654399532e+03 -8.456683862073221204e-19
6.431427150671306663e+03 -2.929992498328533561e-18
6.431626056688213794e+03 -3.570203367220568998e-18
6.431824962705121834e+03 -2.791959634781790600e-18
6.432023868722028055e+03 -2.278947510474003778e-18
6.432222774738936096e+03 -2.196540613587695103e-18
6.432421680755841408e+03 -3.426958340550221290e-18
6.432620586772749448e+03 -1.613843118097406770e-18
6.432819492789655669e+03 -2.142759922719800855e-18
6.433018398806562800e+03 -1.678981895951796155e-18
6.433217304823470840e+03 -1.050222524558765122e-18
6.433416210840377971e+03 -2.474686249016648466e-19
6.433615116857284193e+03 -1.371064535132123758e-18
6.433814022874191323e+03 -1.808650007193889145e-18
6.434012928891098454e+03 -3.485136675773150222e-18
6.434211834908004676e+03 -2.940323894233499071e-18
6.434410740924912716e+03 -2.128846447415012977e-18
6.434609646941819847e+03 -1.827513840112888843e-18
6.434808552958726068e+03 -2.005487062200569217e-18
6.435007458975633199e+03 -1.471396449020482512e-18
6.435206364992540330e+03 -3.412792162939634539e-18
6.435405271009446551e+03 -4.070706089709140031e-19
6.435604177026353682e+03 -5.738430378422351923e-19
6.435803083043261722e+03 -3.559848541287747506e-19
6.436001989060167944e+03 1.773961205990933066e-18
6.436200895077075074e+03 3.349643703355848072e-18
6.436399801093982205e+03 3.899561994391637017e-18
6.436598707110888427e+03 3.696345921884457107e-18
6.436797613127797376e+03 4.123510543929469727e-18
6.436996519144703598e+03 5.678373138048669166e-18
6.437195425161610729e+03 6.727068766831479527e-18
6.437394331178516950e+03 6.126210724583093790e-18
6.437593237195424990e+03 6.501947105461031221e-18
6.437792143212330302e+03 5.832549999996817423e-18
6.437991049229238342e+03 6.894624676193951974e-18
6.438189955246146383e+03 8.807786842241015845e-18
6.438388861263052604e+03 1.003183791000330820e-17
6.438587767279959735e+03 1.155812885170100907e-17
6.438786673296866866e+03 9.487273407837873676e-18
6.438985579313773087e+03 9.016711257781912765e-18
6.439184485330680218e+03 1.011732113367796683e-17
6.439383391347588258e+03 9.633648530204768697e-18
6.439582297364494480e+03 9.330857514068584020e-18
6.439781203381401610e+03 9.158562709385276759e-18
6.439980109398308741e+03 9.685152323942763473e-18
6.440179015415214963e+03 7.681452090153127989e-18
6.440377921432122093e+03 6.018307572873349537e-18
6.440576827449029224e+03 6.024724915147541948e-18
6.440775733465936355e+03 3.984988532812892963e-18
6.440974639482843486e+03 4.520283572860367349e-18
6.441173545499750617e+03 3.434533523393108850e-18
6.441372451516656838e+03 3.644838634180736127e-18
6.441571357533563969e+03 5.561647971680282731e-18
6.441770263550472919e+03 5.825676214786558224e-18
6.441969169567378231e+03 4.687772119123055339e-18
6.442168075584286271e+03 4.689962812206583261e-18
6.442366981601192492e+03 4.101730475088119320e-18
6.442565887618099623e+03 5.561880609002386239e-18
6.442764793635005844e+03 4.393693540061023087e-18
6.442963699651913885e+03 1.480442422382294863e-18
6.443162605668821016e+03 6.085378725970419338e-19
6.443361511685728146e+03 -7.847519747049356711e-19
6.443560417702635277e+03 -1.290593822947110619e-18
6.443759323719541499e+03 -2.511517579745197806e-18
6.443958229736448629e+03 -2.977430168539511514e-18
6.444157135753355760e+03 -3.028432596660761760e-18
6.444356041770262891e+03 -1.661992739136820818e-18
6.444554947787170022e+03 -4.306191601025610265e-18
6.444753853804077153e+03 -4.127554854901832276e-18
6.444952759820984284e+03 -3.036911012470540082e-18
6.445151665837890505e+03 -2.858729392396989282e-18
6.445350571854797636e+03 -9.102462803813054135e-19
6.445549477871704767e+03 -9.393897788903571954e-19
6.445748383888611897e+03 -4.553644887910733725e-19
6.445947289905519028e+03 9.418815000423105144e-20
6.446146195922426159e+03 -7.405270405904749753e-19
6.446345101939332380e+03 -8.621117794388617373e-19
6.446544007956239511e+03 -5.749189120064208551e-19
6.446742913973148461e+03 2.211656232818696273e-18
6.446941819990053773e+03 3.789594489195586006e-18
6.447140726006961813e+03 3.985450487715347605e-18
6.447339632023868035e+03 4.861935559858716871e-18
6.447538538040775165e+03 5.224926131734184669e-18
6.447737444057681387e+03 5.877125328171494735e-18
6.447936350074589427e+03 6.403885198492546064e-18
6.448135256091496558e+03 5.362527669799342594e-18
6.448334162108403689e+03 5.141030832435247228e-18
6.448533068125310820e+03 3.468334817446186686e-18
6.448731974142217041e+03 3.844577383411035663e-18
6.448930880159124172e+03 4.429830464147303243e-18
6.449129786176031303e+03 5.762819362346773777e-18
6.449328692192938433e+03 5.663790287938160194e-18
6.449527598209845564e+03 7.687880719838060728e-18
6.449726504226752695e+03 8.950653673028630815e-18
6.449925410243658916e+03 1.062880144177204271e-17
6.450124316260566047e+03 1.002654871601510052e-17
6.450323222277473178e+03 1.198087488965166119e-17
6.450522128294379399e+03 1.300064431956969904e-17
6.450721034311287440e+03 1.345004947594820549e-17
6.450919940328194571e+03 1.427160113238147090e-17
6.451118846345100792e+03 1.551931998337616445e-17
6.451317752362007923e+03 1.470701917047749657e-17
6.451516658378915054e+03 1.555209929942154698e-17
6.451715564395823094e+03 1.536736362734334350e-17
6.451914470412729315e+03 1.518095628155592277e-17
6.452113376429637356e+03 1.523272798928639612e-17
6.452312282446542667e+03 1.534736571223758732e-17
6.452511188463450708e+03 1.521944097256262971e-17
6.452710094480356929e+03 1.378215736447705422e-17
6.452909000497264060e+03 1.309592801866904349e-17
6.453107906514172100e+03 1.455808734826756792e-17
6.453306812531079231e+03 1.460550498642348242e-17
6.453505718547985452e+03 1.428481206043213792e-17
6.453704624564892583e+03 1.277983081683688460e-17
6.453903530581799714e+03 1.350019947319196832e-17
6.454102436598705935e+03 1.266683985760581798e-17
6.454301342615613976e+03 1.281126022445161052e-17
6.454500248632521107e+03 1.096153312202718230e-17
6.454699154649427328e+03 1.199436642675466562e-17
6.454898060666334459e+03 1.232136875912004174e-17
6.455096966683241590e+03 1.244177269247736456e-17
6.455295872700147811e+03 1.085173194673797789e-17
6.455494778717054942e+03 1.049779697395922353e-17
6.455693684733962982e+03 1.086724198382653774e-17
6.455892590750869203e+03 1.080291777100346621e-17
6.456091496767776334e+03 9.204886666295250620e-18
6.456290402784683465e+03 8.410905616577437856e-18
6.456489308801589686e+03 9.509942818691563308e-18
6.456688214818498636e+03 9.013702102028889636e-18
6.456887120835404858e+03 9.317902497376154510e-18
6.457086026852311988e+03 6.525251239267642689e-18
6.457284932869218210e+03 5.724072243656965427e-18
6.457483838886126250e+03 3.329809899972566951e-18
6.457682744903031562e+03 3.787960544184040959e-18
6.457881650919939602e+03 1.331153031505638652e-18
6.458080556936847643e+03 -1.153713950263928054e-19
6.458279462953753864e+03 3.924566242394038701e-19
6.458478368970660995e+03 -2.054479677153237125e-20
6.458677274987568126e+03 4.805257890493089237e-19
6.458876181004474347e+03 -3.641232974334736699e-19
6.459075087021381478e+03 -9.591529071353282253e-19
6.459273993038289518e+03 -1.535218872759471668e-18
6.459472899055195739e+03 -3.381380961646308097e-18
6.459671805072102870e+03 -5.808282061747834349e-18
6.459870711089010001e+03 -7.195845388963703022e-18
6.460069617105916222e+03 -9.684783489293025744e-18
6.460268523122823353e+03 -9.516724221025496873e-18
6.460467429139730484e+03 -9.954734931732795144e-18
6.460666335156637615e+03 -9.838463939521425118e-18
6.460865241173544746e+03 -1.217766679778339425e-17
6.461064147190451877e+03 -1.348578134473600075e-17
6.461263053207358098e+03 -1.559546591923232328e-17
6.461461959224265229e+03 -1.376037528497874555e-17
6.461660865241174179e+03 -1.376208759833769414e-17
6.461859771258079491e+03 -1.263006508229471733e-17
6.462058677274987531e+03 -1.388250120962351933e-17
6.462257583291893752e+03 -1.388067166072882986e-17
6.462456489308800883e+03 -1.431733092595762518e-17
6.462655395325707104e+03 -1.458008471755793433e-17
6.462854301342615145e+03 -1.473852582033565485e-17
6.463053207359522276e+03 -1.508460771155030732e-17
6.463252113376429406e+03 -1.537154411752685376e-17
6.463451019393336537e+03 -1.657539098324748037e-17
6.463649925410242759e+03 -1.659388971670203247e-17
6.463848831427149889e+03 -1.563143481258593416e-17
6.464047737444057020e+03 -1.561869568189914037e-17
6.464246643460964151e+03 -1.373183178120186844e-17
6.464445549477871282e+03 -1.474223041166322927e-17
6.464644455494778413e+03 -1.267316205735919015e-17
6.464843361511684634e+03 -1.145378822832581688e-17
6.465042267528591765e+03 -1.182553756084380794e-17
6.465241173545498896e+03 -1.060315985670286211e-17
6.465440079562405117e+03 -8.449668103782234873e-18
6.465638985579313157e+03 -7.168374637298393695e-18
6.465837891596220288e+03 -7.706878292578364085e-18
6.466036797613126510e+03 -7.489149438102862024e-18
6.466235703630033640e+03 -5.347563430261780177e-18
6.466434609646940771e+03 -3.414865937876534899e-18
6.466633515663848812e+03 -2.868984822193779825e-18
6.466832421680755033e+03 -1.533471016954231574e-18
6.467031327697663073e+03 -1.460342219898039704e-18
6.467230233714568385e+03 1.643722594781818567e-18
6.467429139731476425e+03 3.029940471007727602e-18
6.467628045748382647e+03 3.690532039869729941e-18
6.467826951765289778e+03 4.051745136519793098e-18
6.468025857782197818e+03 6.064384940822852965e-18
6.468224763799104949e+03 8.493522914262931244e-18
6.468423669816011170e+03 9.019972116512726111e-18
6.468622575832918301e+03 9.671007702240993457e-18
6.468821481849825432e+03 9.780674825226397115e-18
6.469020387866731653e+03 9.460690514538503170e-18
6.469219293883639693e+03 1.034760910029634457e-17
6.469418199900546824e+03 1.149415785292893028e-17
6.469617105917453046e+03 1.239517717418274100e-17
6.469816011934360176e+03 1.374396388455588500e-17
6.470014917951267307e+03 1.401253298469708687e-17
6.470213823968173529e+03 1.631053050134355428e-17
6.470412729985080659e+03 1.703315190708704270e-17
6.470611636001988700e+03 1.673888016829899374e-17
6.470810542018894921e+03 1.599846932483854693e-17
6.471009448035802052e+03 1.788024603794389570e-17
6.471208354052709183e+03 1.834378896694988984e-17
6.471407260069615404e+03 2.024235809267393849e-17
6.471606166086524354e+03 1.975617874546103962e-17
6.471805072103430575e+03 1.958137846360213825e-17
6.472003978120337706e+03 1.788722729819615422e-17
6.472202884137243927e+03 1.861747650984354007e-17
6.472401790154151968e+03 1.891407437010896546e-17
6.472600696171057280e+03 1.789328132509490558e-17
6.472799602187965320e+03 1.697349119641871369e-17
6.472998508204873360e+03 1.776086799301495043e-17
6.473197414221779582e+03 1.651630694327748368e-17
6.473396320238686712e+03 1.535204335986210422e-17
6.473595226255593843e+03 1.635238912688236334e-17
6.473794132272500065e+03 1.618071580957941795e-17
6.473993038289407195e+03 1.447433095864411069e-17
6.474191944306315236e+03 1.273128074125874860e-17
6.474390850323221457e+03 1.113019339579988573e-17
6.474589756340128588e+03 1.164429009946386697e-17
6.474788662357035719e+03 1.045541368425042925e-17
6.474987568373941940e+03 7.802160772028343233e-18
6.475186474390849071e+03 8.278948497320161044e-18
6.475385380407756202e+03 5.961687734837574783e-18
6.475584286424663333e+03 4.816242234031240089e-18
6.475783192441570463e+03 5.418473172881269579e-18
6.475982098458477594e+03 4.890873788725386003e-18
6.476181004475383816e+03 5.596994990392444245e-18
6.476379910492290946e+03 5.681104171954129154e-18
6.476578816509199896e+03 4.549937620423617091e-18
6.476777722526106118e+03 4.537553807983758940e-18
6.476976628543013248e+03 4.243350167720145228e-18
6.477175534559919470e+03 3.440357779784653755e-18
6.477374440576827510e+03 4.062424878256445586e-18
6.477573346593732822e+03 3.889019847443401461e-18
6.477772252610640862e+03 5.068023583137146001e-18
6.477971158627548903e+03 5.752906338714719679e-18
6.478170064644455124e+03 7.054015671032649868e-18
6.478368970661362255e+03 5.398987057322847806e-18
6.478567876678269386e+03 4.804353703567848451e-18
6.478766782695175607e+03 5.951973813000470776e-18
6.478965688712082738e+03 6.399426246804492324e-18
6.479164594728990778e+03 6.402956829428812636e-18
6.479363500745896999e+03 8.437651045567213041e-18
6.479562406762804130e+03 8.030639342428266108e-18
6.479761312779711261e+03 1.125807786201385116e-17
6.479960218796617482e+03 1.311579350763991300e-17
6.480159124813524613e+03 1.398780360056090926e-17
6.480358030830431744e+03 1.315401867293903083e-17
6.480556936847338875e+03 1.255490356716361896e-17
6.480755842864246006e+03 1.406233457715236107e-17
6.480954748881153137e+03 1.580543130548816912e-17
6.481153654898059358e+03 1.631164858196272869e-17
6.481352560914966489e+03 1.852828743756830553e-17
6.481551466931875439e+03 1.989796164742295718e-17
6.481750372948780750e+03 2.155282381595952932e-17
6.481949278965688791e+03 2.309674898454384260e-17
6.482148184982595012e+03 2.426286157128549588e-17
6.482347090999502143e+03 2.639032628030158833e-17
6.482545997016408364e+03 2.623581997625989331e-17
6.482744903033316405e+03 2.692958488415883443e-17
6.482943809050223535e+03 2.911571363949809048e-17
6.483142715067130666e+03 2.969433686549758212e-17
6.483341621084037797e+03 3.196124326330980286e-17
6.483540527100944018e+03 3.295219094898583741e-17
6.483739433117851149e+03 3.438444530045884381e-17
6.483938339134758280e+03 3.692529986458941124e-17
6.484137245151665411e+03 3.680239544467062637e-17
6.484336151168572542e+03 3.803775030277678014e-17
6.484535057185479673e+03 3.787426769543396150e-17
6.484733963202385894e+03 3.882986576340427163e-17
6.484932869219293025e+03 4.011384726852461605e-17
6.485131775236200156e+03 4.238987668548179507e-17
6.485330681253106377e+03 4.327130053052303370e-17
6.485529587270014417e+03 4.697655657117708035e-17
6.485728493286921548e+03 4.868832494360069939e-17
6.485927399303827769e+03 4.822270483642656418e-17
6.486126305320734900e+03 5.060273513894194745e-17
6.486325211337642031e+03 5.075368534848602349e-17
6.486524117354550071e+03 5.171110075376498179e-17
6.486723023371456293e+03 5.451787216190835130e-17
6.486921929388364333e+03 5.662707611602797830e-17
6.487120835405269645e+03 5.876390404647510864e-17
6.487319741422177685e+03 6.153262057909722666e-17
6.487518647439083907e+03 6.148467098801151543e-17
6.487717553455991037e+03 6.339114402613545652e-17
6.487916459472899078e+03 6.432231455099477462e-17
6.488115365489806209e+03 6.444431704032496186e-17
6.488314271506712430e+03 6.554905797290162426e-17
6.488513177523619561e+03 6.829606578454234927e-17
6.488712083540526692e+03 7.104178213811660846e-17
6.488910989557432913e+03 7.143755813241408860e-17
6.489109895574340953e+03 7.307488130944296762e-17
6.489308801591248084e+03 7.399718384799953317e-17
6.489507707608154305e+03 7.401748085200007766e-17
6.489706613625061436e+03 7.653227937502323880e-17
6.489905519641968567e+03 7.675764219748970991e-17
6.490104425658874788e+03 7.665571617200475965e-17
6.490303331675781919e+03 7.648413982742973146e-17
6.490502237692689960e+03 7.845581507792176825e-17
6.490701143709596181e+03 8.038247860549348536e-17
6.490900049726503312e+03 8.041372424906139266e-17
6.491098955743410443e+03 8.154189705182425003e-17
6.491297861760316664e+03 8.419810662003277285e-17
6.491496767777225614e+03 8.588607619945927705e-17
6.491695673794131835e+03 8.681563421663528165e-17
6.491894579811038966e+03 8.861367047195457883e-17
6.492093485827945187e+03 9.102068809141269119e-17
6.492292391844853228e+03 9.268927582328755026e-17
6.492491297861758540e+03 9.209623516688613279e-17
6.492690203878666580e+03 9.290020873501297673e-17
6.492889109895574620e+03 9.531976241837427653e-17
6.493088015912480842e+03 9.621712549234410336e-17
6.493286921929387972e+03 9.554487576699159073e-17
6.493485827946295103e+03 9.557461867749515283e-17
6.493684733963201325e+03 9.583619521413352191e-17
6.493883639980108455e+03 9.550278328481440937e-17
6.494082545997016496e+03 9.414393724097226440e-17
6.494281452013922717e+03 9.595307651236147940e-17
6.494480358030829848e+03 9.558519899709274956e-17
6.494679264047736979e+03 9.840764437371088865e-17
6.494878170064643200e+03 9.899036340598899145e-17
6.495077076081550331e+03 9.979227722635033920e-17
6.495275982098457462e+03 1.001287520401298275e-16
6.495474888115364593e+03 1.005378719058764510e-16
6.495673794132271723e+03 1.010522720089829172e-16
6.495872700149178854e+03 1.028186162440094051e-16
6.496071606166085076e+03 1.040707149793210984e-16
6.496270512182992206e+03 1.025658310223899328e-16
6.496469418199901156e+03 1.053555916565802962e-16
6.496668324216806468e+03 1.068612896663318440e-16
6.496867230233714508e+03 1.079170477971606741e-16
6.497066136250620730e+03 1.086439352597717066e-16
6.497265042267527861e+03 1.085755622170439665e-16
6.497463948284434082e+03 1.085199714231688147e-16
6.497662854301342122e+03 1.097998856601321672e-16
6.497861760318249253e+03 1.092506957200704824e-16
6.498060666335156384e+03 1.094130766841617035e-16
6.498259572352063515e+03 1.109323668615048360e-16
6.498458478368969736e+03 1.107446489433900911e-16
6.498657384385876867e+03 1.121014577782318538e-16
6.498856290402783998e+03 1.123746752923729891e-16
6.499055196419691129e+03 1.119591419278552639e-16
6.499254102436598259e+03 1.103145272270158524e-16
6.499453008453505390e+03 1.103329299955136742e-16
6.499651914470411612e+03 1.097114581530019941e-16
6.499850820487318742e+03 1.101355332436411959e-16
6.500049726504225873e+03 1.103749625389741174e-16
6.500248632521132095e+03 1.092185446412344355e-16
6.500447538538040135e+03 1.094162394694194498e-16
6.500646444554947266e+03 1.079621741108602659e-16
6.500845350571853487e+03 1.090753978699324066e-16
6.501044256588760618e+03 1.092113974041334798e-16
6.501243162605667749e+03 1.099628563935359973e-16
6.501442068622575789e+03 1.080248028026214904e-16
6.501640974639482010e+03 1.076488431403343666e-16
6.501839880656390051e+03 1.091806697684567112e-16
6.502038786673295363e+03 1.093744839490424467e-16
6.502237692690203403e+03 1.084023818192258689e-16
6.502436598707109624e+03 1.076758947256450792e-16
6.502635504724016755e+03 1.084516660832789936e-16
6.502834410740924795e+03 1.108452650841277569e-16
6.503033316757831926e+03 1.113434913935237885e-16
6.503232222774738148e+03 1.103097413635025485e-16
6.503431128791645278e+03 1.114549270600750189e-16
6.503630034808552409e+03 1.121648789219044679e-16
6.503828940825458631e+03 1.141872676674552383e-16
6.504027846842366671e+03 1.150423113718155753e-16
6.504226752859273802e+03 1.157249593403833334e-16
6.504425658876180023e+03 1.152858932472041149e-16
6.504624564893087154e+03 1.168804698111483285e-16
6.504823470909994285e+03 1.169457672909349292e-16
6.505022376926900506e+03 1.178654663341299528e-16
6.505221282943807637e+03 1.190716452756274873e-16
6.505420188960715677e+03 1.197599972562812241e-16
6.505619094977621899e+03 1.218111760154121792e-16
6.505818000994529029e+03 1.232321772984153078e-16
6.506016907011436160e+03 1.226215358895678038e-16
6.506215813028342382e+03 1.242229033717015999e-16
6.506414719045251331e+03 1.267693613123351021e-16
6.506613625062157553e+03 1.272387696664299664e-16
6.506812531079064684e+03 1.275738855609614656e-16
6.507011437095970905e+03 1.281252236198155130e-16
6.507210343112878945e+03 1.277189733209243739e-16
6.507409249129784257e+03 1.289476570089904729e-16
6.507608155146692297e+03 1.273524657627169095e-16
6.507807061163600338e+03 1.271385302087796309e-16
6.508005967180506559e+03 1.264815593385365332e-16
6.508204873197413690e+03 1.265273718405893814e-16
6.508403779214320821e+03 1.259714572969643486e-16
6.508602685231227042e+03 1.247290806819296513e-16
6.508801591248134173e+03 1.234414681656575184e-16
6.509000497265042213e+03 1.218296193108748964e-16
6.509199403281948435e+03 1.206764851782119245e-16
6.509398309298855565e+03 1.206549769115425905e-16
6.509597215315762696e+03 1.210371651394712078e-16
6.509796121332669827e+03 1.216205465448198939e-16
6.509995027349576048e+03 1.201832986047251606e-16
6.510193933366483179e+03 1.187312372082843970e-16
6.510392839383391220e+03 1.194736354448202081e-16
6.510591745400297441e+03 1.182184436406296225e-16
6.510790651417204572e+03 1.192579450938628756e-16
6.510989557434111703e+03 1.178156790229774262e-16
6.511188463451017924e+03 1.181657809829658263e-16
6.511387369467926874e+03 1.174282157757815352e-16
6.511586275484833095e+03 1.200494318866633598e-16
6.511785181501740226e+03 1.209229303227328232e-16
6.511984087518646447e+03 1.209743113018236100e-16
6.512182993535554488e+03 1.211733563654468766e-16
6.512381899552459799e+03 1.222773363258996341e-16
6.512580805569367840e+03 1.234452048205896008e-16
6.512779711586275880e+03 1.245688627317012456e-16
6.512978617603182101e+03 1.246726772230128156e-16
6.513177523620089232e+03 1.252067483519935531e-16
6.513376429636996363e+03 1.264355363401718843e-16
6.513575335653902584e+03 1.264336445741827440e-16
6.513774241670809715e+03 1.293285889308530983e-16
6.513973147687717756e+03 1.278591998920465713e-16
6.514172053704623977e+03 1.292374832445495680e-16
6.514370959721531108e+03 1.292351141005346799e-16
6.514569865738438239e+03 1.316361564008802061e-16
6.514768771755344460e+03 1.319165771845938925e-16
6.514967677772251591e+03 1.312710881489106329e-16
6.515166583789158722e+03 1.320722791795828620e-16
6.515365489806065852e+03 1.309220326979402825e-16
6.515564395822972983e+03 1.317300100077584183e-16
6.515763301839880114e+03 1.312881534360086552e-16
6.515962207856786335e+03 1.297423194902982242e-16
6.516161113873693466e+03 1.294106796851214783e-16
6.516360019890602416e+03 1.292511557881046529e-16
6.516558925907507728e+03 1.278210337989635961e-16
6.516757831924415768e+03 1.255944561745549424e-16
6.516956737941321990e+03 1.249878456709151353e-16
6.517155643958229120e+03 1.232320449304657168e-16
6.517354549975135342e+03 1.228371173120038623e-16
6.517553455992043382e+03 1.218911857229924773e-16
6.517752362008950513e+03 1.210793327215254632e-16
6.517951268025857644e+03 1.194049521894654207e-16
6.518150174042764775e+03 1.177759758414043148e-16
6.518349080059670996e+03 1.171774033592024856e-16
6.518547986076578127e+03 1.175562550523681023e-16
6.518746892093485258e+03 1.181731322533962961e-16
6.518945798110392388e+03 1.171243038015784201e-16
6.519144704127299519e+03 1.175511797810196986e-16
6.519343610144206650e+03 1.182052950324077481e-16
6.519542516161112871e+03 1.171520150458849550e-16
6.519741422178020002e+03 1.169672148924998675e-16
6.519940328194927133e+03 1.171706744200678855e-16
6.520139234211833354e+03 1.181934650219531322e-16
6.520338140228741395e+03 1.187451184549496507e-16
6.520537046245648526e+03 1.209733962782711491e-16
6.520735952262554747e+03 1.217372067952850061e-16
6.520934858279461878e+03 1.211639746769057014e-16
6.521133764296369009e+03 1.225572177653638073e-16
6.521332670313277049e+03 1.248552663501185637e-16
6.521531576330183270e+03 1.256763943562694458e-16
6.521730482347091311e+03 1.272330547210706078e-16
6.521929388363996623e+03 1.292423630722197073e-16
6.522128294380904663e+03 1.306144480821693436e-16
6.522327200397810884e+03 1.332724982041155879e-16
6.522526106414718015e+03 1.365410399661956399e-16
6.522725012431626055e+03 1.386263747258031002e-16
6.522923918448533186e+03 1.419441140322567432e-16
6.523122824465439408e+03 1.430260504722428050e-16
6.523321730482346538e+03 1.453413963152419583e-16
6.523520636499253669e+03 1.481208578862659614e-16
6.523719542516159891e+03 1.516054650670928570e-16
6.523918448533067931e+03 1.512538167463349084e-16
6.524117354549975062e+03 1.548989261383926086e-16
6.524316260566881283e+03 1.571339746658894766e-16
6.524515166583788414e+03 1.593933173751759819e-16
6.524714072600695545e+03 1.602330090957063040e-16
6.524912978617601766e+03 1.611712309391158722e-16
6.525111884634508897e+03 1.622556586822597651e-16
6.525310790651416937e+03 1.635139429587791665e-16
6.525509696668323159e+03 1.657195153219074595e-16
6.525708602685230289e+03 1.662537810798840679e-16
6.525907508702137420e+03 1.665825515612690034e-16
6.526106414719043642e+03 1.690386297409411668e-16
6.526305320735952591e+03 1.711288876792993423e-16
6.526504226752858813e+03 1.703259744454303239e-16
6.526703132769765944e+03 1.713551478600681388e-16
6.526902038786672165e+03 1.733082276460310451e-16
6.527100944803580205e+03 1.748971292828335508e-16
6.527299850820485517e+03 1.762830280486942479e-16
6.527498756837393557e+03 1.772586931971910119e-16
6.527697662854301598e+03 1.758793700325209637e-16
6.527896568871207819e+03 1.774053055009232874e-16
6.528095474888114950e+03 1.792669290371070732e-16
6.528294380905022081e+03 1.827751094395762296e-16
6.528493286921928302e+03 1.838150215899305239e-16
6.528692192938835433e+03 1.847269686529276577e-16
6.528891098955743473e+03 1.871327332578506319e-16
6.529090004972649695e+03 1.893630528201233319e-16
6.529288910989556825e+03 1.929157965498285318e-16
6.529487817006463956e+03 1.944520985137162412e-16
6.529686723023370178e+03 1.987346611566577137e-16
6.529885629040277308e+03 2.021991218451792556e-16
6.530084535057184439e+03 2.070327703905943481e-16
6.530283441074091570e+03 2.099968937311100134e-16
6.530482347090998701e+03 2.138277439506727323e-16
6.530681253107905832e+03 2.132038785242546183e-16
6.530880159124812053e+03 2.171184477139928673e-16
6.531079065141719184e+03 2.214743729930979001e-16
6.531277971158628134e+03 2.264396463265104872e-16
6.531476877175533446e+03 2.293470263093201829e-16
6.531675783192441486e+03 2.348159862104570853e-16
6.531874689209347707e+03 2.390655672525536778e-16
6.532073595226254838e+03 2.436059170860394949e-16
6.532272501243161059e+03 2.505263586050959303e-16
6.532471407260069100e+03 2.564186213771291111e-16
6.532670313276976231e+03 2.605376790893364693e-16
6.532869219293883361e+03 2.658715860496808324e-16
6.533068125310790492e+03 2.693292318325714322e-16
6.533267031327696714e+03 2.758878627554639983e-16
6.533465937344603844e+03 2.805317030166430362e-16
6.533664843361510975e+03 2.862003450066590049e-16
6.533863749378418106e+03 2.907778491512365044e-16
6.534062655395325237e+03 2.961054991733950243e-16
6.534261561412232368e+03 2.999277629025757205e-16
6.534460467429138589e+03 3.029838005238668988e-16
6.534659373446045720e+03 3.068258116984309033e-16
6.534858279462952851e+03 3.086064666586204774e-16
6.535057185479859072e+03 3.122161773576242351e-16
6.535256091496767112e+03 3.169000924681158843e-16
6.535454997513674243e+03 3.199489687736727698e-16
6.535653903530580465e+03 3.228224741375619255e-16
6.535852809547487595e+03 3.266038428277313464e-16
6.536051715564394726e+03 3.307543901049030178e-16
6.536250621581302767e+03 3.319134342279965852e-16
6.536449527598208988e+03 3.332215835045858456e-16
6.536648433615117028e+03 3.351894923139999325e-16
6.536847339632022340e+03 3.397660427907448625e-16
6.537046245648930380e+03 3.427124355070890658e-16
6.537245151665836602e+03 3.455778702924124218e-16
6.537444057682743733e+03 3.479816149308664405e-16
6.537642963699651773e+03 3.493815824492062131e-16
6.537841869716558904e+03 3.525325108382314918e-16
6.538040775733465125e+03 3.563099987401934884e-16
6.538239681750372256e+03 3.573925115227967951e-16
6.538438587767279387e+03 3.595855733981207044e-16
6.538637493784185608e+03 3.628546010040421226e-16
6.538836399801093648e+03 3.657072745222998830e-16
6.539035305818000779e+03 3.661611339968566761e-16
6.539234211834907001e+03 3.677773543140071638e-16
6.539433117851814131e+03 3.687949360040642035e-16
6.539632023868721262e+03 3.706573836362314858e-16
6.539830929885627484e+03 3.719375890010851327e-16
6.540029835902534614e+03 3.729033177876519160e-16
6.540228741919442655e+03 3.723151230804826502e-16
6.540427647936348876e+03 3.734359829259878405e-16
6.540626553953256007e+03 3.749600427606118112e-16
6.540825459970163138e+03 3.780617728874105277e-16
6.541024365987069359e+03 3.778448510673960619e-16
6.541223272003978309e+03 3.799011784645932849e-16
6.541422178020884530e+03 3.810021855064048005e-16
6.541621084037791661e+03 3.830832713411086594e-16
6.541819990054697882e+03 3.840871981330041347e-16
6.542018896071605923e+03 3.858291389550891007e-16
6.542217802088512144e+03 3.890778055667878872e-16
6.542416708105419275e+03 3.884799347649551615e-16
6.542615614122327315e+03 3.883822303501161961e-16
6.542814520139234446e+03 3.887974921377661507e-16
6.543013426156140667e+03 3.893678561207033269e-16
6.543212332173047798e+03 3.891689090165634169e-16
6.543411238189954929e+03 3.892978233033912131e-16
6.543610144206861150e+03 3.885333029016600389e-16
6.543809050223769191e+03 3.868488092444173716e-16
6.544007956240676322e+03 3.849453390810652246e-16
6.544206862257582543e+03 3.831708442445958374e-16
6.544405768274489674e+03 3.809932299291680950e-16
6.544604674291396805e+03 3.797743147211884710e-16
6.544803580308303026e+03 3.794090476293490889e-16
6.545002486325210157e+03 3.793006437156931816e-16
6.545201392342118197e+03 3.783561706522646087e-16
6.545400298359024418e+03 3.755310845800538534e-16
6.545599204375931549e+03 3.726101632261404723e-16
6.545798110392838680e+03 3.684353228170398269e-16
6.545997016409744901e+03 3.660519834102343441e-16
6.550174042764792830e+03 3.614319653784577244e-16
6.550372948781699961e+03 3.591627266289446740e-16
6.550571854798607092e+03 3.596137990962237507e-16
6.550770760815513313e+03 3.600999755377735084e-16
6.550969666832420444e+03 3.590876663311957860e-16
6.551168572849329394e+03 3.575664797783440416e-16
6.551367478866234705e+03 3.594148672420026149e-16
6.551566384883142746e+03 3.599464533034420221e-16
6.551765290900048967e+03 3.597377979272745839e-16
6.551964196916956098e+03 3.593696341794865210e-16
6.552163102933862319e+03 3.599449784557781324e-16
6.552362008950770360e+03 3.619012800277335292e-16
6.552560914967677490e+03 3.601803200283300747e-16
6.552759820984584621e+03 3.606612878415431883e-16
6.552958727001491752e+03 3.614621388699896090e-16
6.553157633018397974e+03 3.624078515337311286e-16
6.553356539035305104e+03 3.639646685773197276e-16
6.553555445052212235e+03 3.651333786968390699e-16
6.553754351069119366e+03 3.654355811327390162e-16
6.553953257086026497e+03 3.651957243895043700e-16
6.554152163102933628e+03 3.681007897313555995e-16
6.554351069119839849e+03 3.681381616243171010e-16
6.554549975136746980e+03 3.682524471936078261e-16
6.554748881153654111e+03 3.693595857167341954e-16
6.554947787170560332e+03 3.695260104506416139e-16
6.555146693187468372e+03 3.687724903282252225e-16
6.555345599204375503e+03 3.671342468251182901e-16
6.555544505221281725e+03 3.675186585251664075e-16
6.555743411238188855e+03 3.677301015021741235e-16
6.555942317255095986e+03 3.662517317495329738e-16
6.556141223272004027e+03 3.638965471606080148e-16
6.556340129288910248e+03 3.629311729973798562e-16
6.556539035305818288e+03 3.592373292413154239e-16
6.556737941322723600e+03 3.562380444852835961e-16
6.556936847339631640e+03 3.519661211812164431e-16
6.557135753356537862e+03 3.494304666852485860e-16
6.557334659373444993e+03 3.460983857625420286e-16
6.557533565390353033e+03 3.444939520727769261e-16
6.557732471407260164e+03 3.417269613395278124e-16
6.557931377424166385e+03 3.365674939910661520e-16
6.558130283441073516e+03 3.306616865951460964e-16
6.558329189457980647e+03 3.263896478811180589e-16
6.558528095474886868e+03 3.209570490410428175e-16
6.558727001491794908e+03 3.166640648571190082e-16
6.558925907508702039e+03 3.139664072264073178e-16
6.559124813525608261e+03 3.103201635351634471e-16
6.559323719542515391e+03 3.074986709966168516e-16
6.559522625559422522e+03 3.035704272854541331e-16
6.559721531576328744e+03 3.007647312579786539e-16
6.559920437593235874e+03 2.969762962158793225e-16
6.560119343610143915e+03 2.973433314301324016e-16
6.560318249627050136e+03 2.949830567876985433e-16
6.565091994032818548e+03 3.004039271960172752e-16
6.565290900049725678e+03 2.981861347499524174e-16
6.565489806066632809e+03 2.967837019424617938e-16
6.565688712083539031e+03 2.946789813322422736e-16
6.565887618100446161e+03 2.939329998012814788e-16
6.566086524117355111e+03 2.915602532471029008e-16
6.566285430134260423e+03 2.901896921035617920e-16
6.566484336151168463e+03 2.896522204921711350e-16
6.566683242168074685e+03 2.874961105174734247e-16
6.566882148184981816e+03 2.869736235931379133e-16
6.567081054201888037e+03 2.843084960995867115e-16
6.567279960218796077e+03 2.846669140412402602e-16
6.567478866235703208e+03 2.846612898527928253e-16
6.567677772252610339e+03 2.838861320479608797e-16
6.567876678269517470e+03 2.846038833631661998e-16
6.568075584286423691e+03 2.837947400675002708e-16
6.568274490303330822e+03 2.836328798559541072e-16
6.568473396320237953e+03 2.834488126238837201e-16
6.568672302337145084e+03 2.819951275795438395e-16
6.568871208354052214e+03 2.821807246660189228e-16
6.569070114370959345e+03 2.839940181090024650e-16
6.569269020387865567e+03 2.843700885923124321e-16
6.569467926404772697e+03 2.841010168544183586e-16
6.569666832421679828e+03 2.861386557249692331e-16
6.569865738438586050e+03 2.867687629162233756e-16
6.570064644455494090e+03 2.859404514591176933e-16
6.570263550472401221e+03 2.859010609210626804e-16
6.570462456489307442e+03 2.842680965521542667e-16
6.570661362506214573e+03 2.838329684042522514e-16
6.570860268523121704e+03 2.833547066126039087e-16
6.571059174540029744e+03 2.814728142531836084e-16
6.571258080556935965e+03 2.816749241506845424e-16
6.571456986573844006e+03 2.821830065659570676e-16
6.571655892590749318e+03 2.819902143390070712e-16
6.571854798607657358e+03 2.828311505155112760e-16
6.572053704624563579e+03 2.823689482983532520e-16
6.572252610641470710e+03 2.814425120867358237e-16
6.572451516658378750e+03 2.802243295776416577e-16
6.572650422675285881e+03 2.783425343313456109e-16
6.572849328692192103e+03 2.776583090639260813e-16
6.573048234709099233e+03 2.758098536045213442e-16
6.573247140726006364e+03 2.759145994038435067e-16
6.573446046742912586e+03 2.751269576716370537e-16
6.573644952759820626e+03 2.750484343363420078e-16
6.573843858776727757e+03 2.759947396895445387e-16
6.574042764793633978e+03 2.766009061935797634e-16
6.574241670810541109e+03 2.795032435661344830e-16
6.574440576827448240e+03 2.799307140851561488e-16
6.574639482844355371e+03 2.821037236587235757e-16
6.574838388861261592e+03 2.819455777093570121e-16
6.575037294878169632e+03 2.832050979504433398e-16
6.575236200895076763e+03 2.846069479400096143e-16
6.575435106911982984e+03 2.867586845078421941e-16
6.575634012928890115e+03 2.871793529596184494e-16
6.575832918945797246e+03 2.901758044747062793e-16
6.576031824962705286e+03 2.948142090183879667e-16
6.576230730979611508e+03 2.954240044251565603e-16
6.576429636996519548e+03 2.974736603640672572e-16
6.576628543013424860e+03 2.976512209243725578e-16
6.576827449030332900e+03 2.996221018766698130e-16
6.577026355047239122e+03 3.003111297456011208e-16
6.577225261064146252e+03 3.030120863187526164e-16
6.577424167081054293e+03 3.026564690371002725e-16
6.577623073097961424e+03 3.034958188703789561e-16
6.577821979114867645e+03 3.029979599469743630e-16
6.578020885131774776e+03 3.004471975645053463e-16
6.578219791148681907e+03 2.992324239697736805e-16
6.578418697165588128e+03 2.964100102428174674e-16
6.578617603182496168e+03 2.951401051882605510e-16
6.578816509199403299e+03 2.954009329314676275e-16
6.579015415216309520e+03 2.929451333441670028e-16
6.579214321233216651e+03 2.897149015709762445e-16
6.579413227250123782e+03 2.897896367667667926e-16
6.579612133267030003e+03 2.886927643696571028e-16
6.579811039283937134e+03 2.857610943984394568e-16
6.580009945300845175e+03 2.826594026896717449e-16
6.580208851317751396e+03 2.808612183477878484e-16
6.580407757334658527e+03 2.778853853315861029e-16
6.580606663351565658e+03 2.757158016735156439e-16
6.580805569368471879e+03 2.723207626460602751e-16
6.585579313774240291e+03 2.638651997213954921e-16
6.585778219791147421e+03 2.601764461597347076e-16
6.585977125808056371e+03 2.563243236786474842e-16
6.586176031824961683e+03 2.536697721623547429e-16
6.586374937841869723e+03 2.501100931171990221e-16
6.586573843858775945e+03 2.483427236178771984e-16
6.586772749875683076e+03 2.470647350534206258e-16
6.586971655892589297e+03 2.457711991283788875e-16
6.587170561909497337e+03 2.441128089550084560e-16
6.587369467926402649e+03 2.412342639561479901e-16
6.587568373943311599e+03 2.394957327795303235e-16
6.587767279960218730e+03 2.376572400745972059e-16
6.587966185977124951e+03 2.370598574051144559e-16
6.588165091994032082e+03 2.359317246542795930e-16
6.588363998010940122e+03 2.322795923446245501e-16
6.588562904027846344e+03 2.308057658212195562e-16
6.588761810044753474e+03 2.286122299949064968e-16
6.588960716061660605e+03 2.284229015793648525e-16
6.589159622078566827e+03 2.290853033252804427e-16
6.589358528095473957e+03 2.286082195238741321e-16
6.589557434112381088e+03 2.270002909547160881e-16
6.589756340129287310e+03 2.269052460953494808e-16
6.589955246146195350e+03 2.252356949396661664e-16
6.590154152163102481e+03 2.211634417609836161e-16
6.590353058180008702e+03 2.206937472693226337e-16
6.590551964196915833e+03 2.201206924215818409e-16
6.590750870213822964e+03 2.226796643118312854e-16
6.590949776230731004e+03 2.245912570768098850e-16
6.591148682247637225e+03 2.245679432183595130e-16
6.591347588264545266e+03 2.165747976862664393e-16
6.591546494281450578e+03 2.168068345318978222e-16
6.591745400298358618e+03 2.166842301125157045e-16
6.591944306315264839e+03 2.154431775843280731e-16
6.592143212332171970e+03 2.143886144737270979e-16
6.592342118349078191e+03 2.137751110210187625e-16
6.592541024365987141e+03 2.139742907929111840e-16
6.592739930382893363e+03 2.132225466233693226e-16
6.592938836399800493e+03 2.138916284860735810e-16
6.593137742416707624e+03 2.154360136342346464e-16
6.593336648433614755e+03 2.167785519138418925e-16
6.593535554450521886e+03 2.149582984902650886e-16
6.593734460467429017e+03 2.144333721891068109e-16
6.593933366484335238e+03 2.127481879036907298e-16
6.594132272501242369e+03 2.128900197077246094e-16
6.594331178518149500e+03 2.126334730039547981e-16
6.594530084535055721e+03 2.115110226080750511e-16
6.594728990551962852e+03 2.091193817833149341e-16
6.596718050721034160e+03 2.100731296327126815e-16
6.596916956737939472e+03 2.103335932353160365e-16
6.597115862754847512e+03 2.117520947357787380e-16
6.597314768771753734e+03 2.113893880886918694e-16
6.597513674788661774e+03 2.112227032091375032e-16
6.597712580805568905e+03 2.125108230665797969e-16
6.597911486822476036e+03 2.131731897886644478e-16
6.598110392839382257e+03 2.114554749023339069e-16
6.598309298856290297e+03 2.110731560846394897e-16
6.598508204873197428e+03 2.083017124513014863e-16
6.598707110890103650e+03 2.055334458902304485e-16
6.598906016907010780e+03 2.031106578960404595e-16
6.599104922923917911e+03 2.004714677350840637e-16
6.599303828940824133e+03 2.005893408463555453e-16
6.599502734957731263e+03 2.005077517269832561e-16
6.599701640974638394e+03 1.989567764433978014e-16
6.599900546991545525e+03 1.955215049119772191e-16
6.600099453008452656e+03 1.927988022110240450e-16
6.600298359025359787e+03 1.902580979927917012e-16
6.600497265042266008e+03 1.896175789352508735e-16
6.600696171059173139e+03 1.891317994173247049e-16
6.600895077076082089e+03 1.882620179126071469e-16
6.601093983092987401e+03 1.855519290881722213e-16
6.601292889109895441e+03 1.844959328407887325e-16
6.601491795126801662e+03 1.834766271523832073e-16
6.601690701143708793e+03 1.831362471648487852e-16
6.601889607160615014e+03 1.843455555922481610e-16
6.602088513177523055e+03 1.849410997940185596e-16
6.602287419194428367e+03 1.862715959092552062e-16
6.602486325211337316e+03 1.862810408914297359e-16
6.602685231228244447e+03 1.836551232261798923e-16
6.602884137245150669e+03 1.788435708769651423e-16
6.603083043262057799e+03 1.763839939928730552e-16
6.603281949278965840e+03 1.810205016856127286e-16
6.603480855295872061e+03 1.794862508781329594e-16
6.603679761312779192e+03 1.754947370610346543e-16
6.603878667329686323e+03 1.739597740731953879e-16
6.604077573346592544e+03 1.726312437363934605e-16
6.604276479363499675e+03 1.725193827544464476e-16
6.604475385380406806e+03 1.728034558881755219e-16
6.604674291397313027e+03 1.717480149179982961e-16
6.604873197414221067e+03 1.713413069147249653e-16
6.605072103431128198e+03 1.701985102462596522e-16
6.605271009448034420e+03 1.677147184658243034e-16
6.605469915464941550e+03 1.661106534586822780e-16
6.605668821481848681e+03 1.630387669756601877e-16
6.605867727498756722e+03 1.623201844964600352e-16
6.606066633515662943e+03 1.604669228930091563e-16
6.606265539532570983e+03 1.610072685023951257e-16
6.606464445549477205e+03 1.612740081917546658e-16
6.606663351566384335e+03 1.612164488280370130e-16
6.606862257583290557e+03 1.582405102585095120e-16
6.607061163600198597e+03 1.582271075219047815e-16
6.607260069617103909e+03 1.566139051972942916e-16
6.607458975634012859e+03 1.551714123223391141e-16
6.607657881650919990e+03 1.547717533868946008e-16
6.607856787667826211e+03 1.536413592543896457e-16
6.608055693684733342e+03 1.510048217563990108e-16
6.608254599701641382e+03 1.500402929184968388e-16
6.608453505718547603e+03 1.484317160868195016e-16
6.608652411735454734e+03 1.477307433689843249e-16
6.608851317752361865e+03 1.464504830116909335e-16
6.609050223769268086e+03 1.463314087535077648e-16
6.609249129786175217e+03 1.466120118978648007e-16
6.609448035803082348e+03 1.417536802276676376e-16
6.609646941819988569e+03 1.396090757215258914e-16
6.609845847836896610e+03 1.380755797407755975e-16
6.610044753853803741e+03 1.353659099433325373e-16
6.610243659870709962e+03 1.342166081048752305e-16
6.610442565887617093e+03 1.334302508442971046e-16
6.610641471904524224e+03 1.318569180973037835e-16
6.610840377921432264e+03 1.305643302329931793e-16
6.611039283938338485e+03 1.287491895189203946e-16
6.611238189955246526e+03 1.272648681618420054e-16
6.611437095972151837e+03 1.252137603427608332e-16
6.611636001989059878e+03 1.237599424991034832e-16
6.611834908005966099e+03 1.227968285294605456e-16
6.612033814022873230e+03 1.208099428311389543e-16
6.612232720039779451e+03 1.199592952775963655e-16
6.612431626056688401e+03 1.191497813198109986e-16
6.612630532073594622e+03 1.167757310099135616e-16
6.612829438090501753e+03 1.161728972522785886e-16
6.613028344107408884e+03 1.161282425396304950e-16
6.613227250124316015e+03 1.139915438930069951e-16
6.613426156141223146e+03 1.121615220460348107e-16
6.613625062158130277e+03 1.109261073467595001e-16
6.613823968175036498e+03 1.097495333999320216e-16
6.614022874191943629e+03 1.097631257292864868e-16
6.614221780208850760e+03 1.093732693707205709e-16
6.614420686225756981e+03 1.070669095040413213e-16
6.614619592242664112e+03 1.044068039552669700e-16
6.614818498259572152e+03 1.027450434886690171e-16
6.615017404276478374e+03 1.009860811147678486e-16
6.615216310293385504e+03 9.935933785485549235e-17
6.615415216310292635e+03 9.861601411603352187e-17
6.615614122327198857e+03 9.750113558984318051e-17
6.615813028344107806e+03 9.705644678977343224e-17
6.616011934361014028e+03 9.507531501883337787e-17
6.616210840377921159e+03 9.532313534270643691e-17
6.616409746394827380e+03 9.296564320921381601e-17
6.616608652411735420e+03 9.167303208364731477e-17
6.616807558428640732e+03 9.067594071544957603e-17
6.617006464445548772e+03 9.343204458236490630e-17
6.617205370462454994e+03 9.244212628299187990e-17
6.617404276479363034e+03 9.155103068923017948e-17
6.617603182496270165e+03 9.186754845819522304e-17
6.617802088513177296e+03 9.013726259527119618e-17
6.618000994530083517e+03 8.908085446333423216e-17
6.618199900546991557e+03 8.860146532174794703e-17
6.618398806563898688e+03 8.761786751930630691e-17
6.618597712580804910e+03 8.632198628733351070e-17
6.618796618597712040e+03 8.601011340338385695e-17
6.618995524614619171e+03 8.567416618620822948e-17
6.619194430631525393e+03 8.360954143949028178e-17
6.619393336648432523e+03 8.089264477195080024e-17
6.619592242665339654e+03 8.090619366373397989e-17
6.619791148682246785e+03 7.836385795592546448e-17
6.619990054699153916e+03 7.727098144063355482e-17
6.620188960716061047e+03 7.634692979935930169e-17
6.620387866732967268e+03 7.545725962546333532e-17
6.620586772749874399e+03 7.448521930105215544e-17
6.620785678766783349e+03 7.280996608521829676e-17
6.620984584783688661e+03 7.129478063648891886e-17
6.621183490800596701e+03 6.976145593735806196e-17
6.621382396817502922e+03 6.899581440354059437e-17
6.621581302834410053e+03 6.763872896908963193e-17
6.621780208851316274e+03 6.760280417615414095e-17
6.621979114868224315e+03 6.621336365847426818e-17
6.622178020885129627e+03 6.629829998443071867e-17
6.622376926902038576e+03 6.587442515334362984e-17
6.622575832918945707e+03 6.405373575093305815e-17
6.622774738935851929e+03 6.380025697678083025e-17
6.622973644952759059e+03 6.216558337421904633e-17
6.623172550969667100e+03 6.082542569241396210e-17
6.623371456986573321e+03 5.887897318154852740e-17
6.623570363003480452e+03 5.771404885308066724e-17
6.623769269020387583e+03 5.515394584594825297e-17
6.623968175037293804e+03 5.379775937482686047e-17
6.624167081054200935e+03 5.123731466152232787e-17
6.624365987071108066e+03 4.774563380936285209e-17
6.624564893088014287e+03 4.587690158067745932e-17
6.624763799104922327e+03 4.349179039193096245e-17
6.624962705121829458e+03 4.483894731349188127e-17
6.625161611138735680e+03 4.226175421199510743e-17
6.625360517155642810e+03 3.933939843138309771e-17
6.625559423172549941e+03 3.776796454277892312e-17
6.625758329189457982e+03 3.684836016583714654e-17
6.625957235206364203e+03 3.613051006915693513e-17
6.626156141223272243e+03 3.925804481926282363e-17
6.626355047240177555e+03 3.876354195582828188e-17
6.626553953257085595e+03 3.886101307083273715e-17
6.626752859273991817e+03 3.777751615487052197e-17
6.626951765290898948e+03 3.864009467775254421e-17
6.627150671307805169e+03 3.599844949019753189e-17
6.627349577324714119e+03 3.554451237931138889e-17
6.627548483341620340e+03 3.474983097418055644e-17
6.627747389358527471e+03 3.300050702392195178e-17
6.627946295375434602e+03 3.319659473749736209e-17
6.628145201392341733e+03 3.133418754361468344e-17
6.628344107409248863e+03 3.199786807827726403e-17
6.628543013426155994e+03 3.176882627629341026e-17
6.628741919443062216e+03 3.289747432582972124e-17
6.628940825459969346e+03 3.243323322720755632e-17
6.629139731476876477e+03 3.111648526414888353e-17
6.629338637493782699e+03 3.105163372540517412e-17
6.629537543510689829e+03 3.230618122033643742e-17
6.629736449527597870e+03 3.297745339715598726e-17
6.629935355544504091e+03 3.352567316037056519e-17
6.630134261561411222e+03 3.303371463564732276e-17
6.630333167578318353e+03 3.262433437968310644e-17
6.630532073595224574e+03 3.139904298150625276e-17
6.630730979612133524e+03 3.096421857481257448e-17
6.630929885629039745e+03 2.966609204581714044e-17
6.631128791645946876e+03 2.938013934228438095e-17
6.631327697662853097e+03 2.842548263776753161e-17
6.631526603679761138e+03 2.728058151544244069e-17
6.631725509696666450e+03 2.606688954454121222e-17
6.631924415713574490e+03 2.526507873024905578e-17
6.632123321730480711e+03 2.601343090830985504e-17
6.632322227747388752e+03 2.606870664161001240e-17
6.632521133764295882e+03 2.330744893321318578e-17
6.632720039781203013e+03 2.398511969305886850e-17
6.632918945798109235e+03 2.423435966501022174e-17
6.633117851815017275e+03 2.453898589666785503e-17
6.633316757831924406e+03 2.216969614033889624e-17
6.633515663848830627e+03 2.084241748462457639e-17
6.633714569865737758e+03 1.822677290042559009e-17
6.633913475882644889e+03 1.766428080366298629e-17
6.634112381899551110e+03 1.582194075907206247e-17
6.634311287916458241e+03 1.460239552392945778e-17
6.634510193933365372e+03 1.264880073125851617e-17
6.634709099950272503e+03 1.125541890995465941e-17
6.634908005967179633e+03 1.087468333381174003e-17
6.635106911984086764e+03 8.837890154456053284e-18
6.635305818000992986e+03 9.965658971157731569e-18
6.635504724017900116e+03 9.916009950407026576e-18
6.635703630034809066e+03 1.188857901995425768e-17
6.635902536051714378e+03 1.106406989084954005e-17
6.636101442068622418e+03 1.084351448578836801e-17
6.636300348085528640e+03 8.426392002320848187e-18
6.636499254102435771e+03 7.851722326292784157e-18
6.636698160119341992e+03 6.437502609716715420e-18
6.636897066136250032e+03 6.599826474494707417e-18
6.637095972153155344e+03 4.635842652118978531e-18
6.637294878170064294e+03 5.613060534773242764e-18
6.637493784186971425e+03 7.645502719030935252e-18
6.637692690203877646e+03 7.825922382102337126e-18
6.637891596220784777e+03 1.022547099644210666e-17
6.638090502237692817e+03 1.015188170622896176e-17
6.638289408254599039e+03 1.320856781512758048e-17
6.638488314271506169e+03 1.384573852908778285e-17
6.638687220288413300e+03 1.451404202572343781e-17
6.638886126305319522e+03 1.489698062360347641e-17
6.639085032322226652e+03 1.413090562624628140e-17
6.639283938339133783e+03 1.515441093940934344e-17
6.639482844356040914e+03 1.661975868422872787e-17
6.639681750372948045e+03 1.594740392077518919e-17
6.639880656389855176e+03 1.516334881012068939e-17
6.640079562406762307e+03 1.212364228597786794e-17
6.640278468423668528e+03 1.168900468143437983e-17
6.640477374440575659e+03 1.318898869123529386e-17
6.640676280457484609e+03 1.232989920616114920e-17
6.640875186474389920e+03 1.034368570545130243e-17
6.641074092491297961e+03 1.110403223614445366e-17
6.641272998508204182e+03 9.742705735019662043e-18
6.641471904525111313e+03 1.147307940095776861e-17
6.641670810542017534e+03 1.084794784994786170e-17
6.641869716558925575e+03 1.144289205078731521e-17
6.642068622575830886e+03 1.129277166874780597e-17
6.642267528592739836e+03 1.074270521033626010e-17
6.642466434609646967e+03 9.421412105104617750e-18
6.642665340626553188e+03 1.044218777949408791e-17
6.642864246643460319e+03 8.800282300017314974e-18
6.643063152660368360e+03 7.160891208223789414e-18
6.643262058677274581e+03 4.253049752531191561e-18
6.643460964694181712e+03 3.670727379483831812e-18
6.643659870711088843e+03 1.627464032470680295e-18
6.643858776727995064e+03 -3.159307621764686667e-19
6.644057682744902195e+03 -2.436345751715923747e-18
6.644256588761809326e+03 -4.501905485936519342e-18
6.644455494778715547e+03 -8.005169567715699768e-18
6.644654400795623587e+03 -8.339131886953029423e-18
6.644853306812530718e+03 -8.823806367847307810e-18
6.645052212829436940e+03 -9.122412715969997731e-18
6.645251118846344070e+03 -9.865263615479755849e-18
6.645450024863251201e+03 -1.199477151199081630e-17
6.645648930880159241e+03 -1.264051354715965358e-17
6.645847836897065463e+03 -1.529186809902981831e-17
6.646046742913973503e+03 -1.596423113348390762e-17
6.646245648930878815e+03 -1.668676988264803685e-17
6.646444554947786855e+03 -1.597719396365950293e-17
6.646643460964693077e+03 -1.681503569468674134e-17
6.646842366981600208e+03 -1.632126473879479883e-17
6.647041272998506429e+03 -1.590816677695753752e-17
6.647240179015415379e+03 -1.487984586391479378e-17
6.647439085032321600e+03 -1.213949292611330425e-17
6.647637991049228731e+03 -1.494165073228148474e-17
6.647836897066135862e+03 -1.494682824945267397e-17
6.648035803083042993e+03 -1.416976291722482006e-17
6.648234709099950123e+03 -1.407803429819096339e-17
6.648433615116857254e+03 -1.446883846265004778e-17
6.648632521133763476e+03 -1.392417834191148027e-17
6.648831427150670606e+03 -1.186489511198261736e-17
6.649030333167577737e+03 -1.304844064785036169e-17
6.649229239184483959e+03 -1.130557902413008913e-17
6.649428145201391089e+03 -1.158682397664786030e-17
6.649627051218299130e+03 -1.105725005495543128e-17
6.649825957235205351e+03 -9.514095804698454455e-18
6.650024863252112482e+03 -8.626217097865428088e-18
6.650223769269019613e+03 -5.424375158410959695e-18
6.650422675285925834e+03 -3.484530339810100454e-18
6.650621581302834784e+03 -3.655217444170112340e-18
6.650820487319741005e+03 -1.454519711514778470e-18
6.651019393336648136e+03 -8.941022735714317283e-19
6.651218299353554357e+03 -1.194126545969786717e-18
6.651417205370462398e+03 -9.253543486654520030e-19
6.651616111387367710e+03 -2.015265495184798684e-18
6.651815017404275750e+03 -1.476765581758951303e-18
6.652013923421181971e+03 7.441085509210286737e-20
6.652212829438090012e+03 1.338600229461388707e-18
6.652411735454997142e+03 3.907548041030140836e-19
6.652610641471904273e+03 2.017874378720730885e-18
6.652809547488810495e+03 2.835086244554305787e-18
6.653008453505718535e+03 4.044762066211495009e-18
6.653207359522625666e+03 4.217141720652677693e-18
6.653406265539531887e+03 4.950911076125338897e-18
6.653605171556439018e+03 3.487275103990041728e-18
6.653804077573346149e+03 2.779353001733961573e-18
6.654002983590252370e+03 2.628155058105760960e-18
6.654201889607159501e+03 2.556352302981843139e-18
6.654400795624066632e+03 1.162549250190951340e-18
6.654599701640973763e+03 1.482008616333001823e-18
6.654798607657880893e+03 -1.797839591257681846e-19
6.654997513674788024e+03 -1.836532376909328813e-18
6.655196419691694246e+03 -1.641457783584053897e-18
6.655395325708601376e+03 -1.463510953835472307e-18
6.655594231725510326e+03 -1.952660649564809442e-18
6.655793137742415638e+03 -1.863689907031826174e-18
6.655992043759323678e+03 -1.465325950307408868e-18
6.656190949776229900e+03 -2.830692659548313398e-18
6.656389855793137031e+03 -7.163956011203402268e-19
6.656588761810043252e+03 -1.123540191672896770e-18
6.656787667826951292e+03 -1.472154189963611527e-18
6.656986573843856604e+03 -5.070914244242098948e-19
6.657185479860765554e+03 -9.992102020400087797e-19
6.657384385877672685e+03 7.557687604795330418e-20
6.657583291894578906e+03 -2.828812955109885336e-18
6.657782197911486037e+03 -1.444684042829925395e-18
6.657981103928394077e+03 -5.580830370880126925e-19
6.658180009945300299e+03 -2.753234655547440203e-18
6.658378915962207429e+03 -1.963033883244851106e-18
6.658577821979114560e+03 -1.221107098172443935e-18
6.658776727996020782e+03 -1.072370500292877251e-18
6.658975634012927912e+03 -3.091848908238476102e-18
6.659174540029835043e+03 -1.704672200109847843e-18
6.659373446046741265e+03 -1.180965816958183413e-18
6.659572352063649305e+03 -2.488348399820471614e-19
6.659771258080556436e+03 -1.006568267846999028e-18
6.659970164097462657e+03 -3.061277154356513181e-18
6.660169070114369788e+03 -3.246865498349343921e-18
6.660367976131276919e+03 -3.989156598964746025e-18
6.660566882148184959e+03 -6.390338499947490948e-18
6.660765788165091180e+03 -6.542991775114834011e-18
6.660964694181999221e+03 -8.951141203900121532e-18
6.661163600198904533e+03 -7.736679862255281294e-18
6.661362506215812573e+03 -7.601792689170953261e-18
6.661561412232718794e+03 -7.091747427644754579e-18
6.661760318249625925e+03 -5.760688389980097068e-18
6.661959224266532146e+03 -7.633636048867215314e-18
6.662158130283441096e+03 -8.497377531595475608e-18
6.662357036300347318e+03 -8.287421086019980068e-18
6.662555942317254448e+03 -6.036593198152124448e-18
6.662754848334161579e+03 -6.570763878039852616e-18
6.662953754351068710e+03 -6.443625827508433818e-18
6.663152660367975841e+03 -5.866793381840804759e-18
6.663351566384882972e+03 -6.020382247414505829e-18
6.663550472401789193e+03 -7.759710951691809489e-18
6.663749378418696324e+03 -6.296811919333347757e-18
6.663948284435603455e+03 -6.387368009874992227e-18
6.664147190452509676e+03 -5.461500945496258912e-18
6.664346096469416807e+03 -8.441992868227186592e-18
6.664545002486324847e+03 -9.212724120419014110e-18
6.664743908503231069e+03 -8.597084399872009348e-18
6.664942814520138199e+03 -6.214579326789081534e-18
6.665141720537045330e+03 -4.758885410041079088e-18
6.665340626553951552e+03 -4.077593287968751661e-18
6.665539532570860501e+03 -3.856722598841634682e-18
6.665738438587766723e+03 -1.976582553224996105e-18
6.665937344604673854e+03 -2.370707099963998311e-18
6.666136250621580075e+03 -4.221940950875327116e-18
6.666335156638488115e+03 -2.842548402973182736e-18
6.666534062655393427e+03 -3.609346065829666398e-18
6.666732968672301467e+03 -4.418859771753242793e-18
6.666931874689209508e+03 -4.361563471938758582e-18
6.667130780706115729e+03 -6.277104834520306795e-18
6.667329686723022860e+03 -5.818109116345731575e-18
6.667528592739929991e+03 -6.795721873780581940e-18
6.667727498756836212e+03 -5.525010128254558271e-18
6.667926404773744252e+03 -7.194335889154593171e-18
6.668125310790651383e+03 -7.006912561558073684e-18
6.668324216807557605e+03 -6.463305739052924836e-18
6.668523122824464735e+03 -6.830920456529274007e-18
6.668722028841371866e+03 -6.499509818560065576e-18
6.668920934858278088e+03 -8.247570443837284054e-18
6.669119840875185218e+03 -7.243620307059703891e-18
6.669318746892092349e+03 -7.460439960816831746e-18
6.669517652908999480e+03 -1.026592835652521351e-17
6.669716558925906611e+03 -1.008266435946887853e-17
6.669915464942813742e+03 -1.014978188810373604e-17
6.670114370959719963e+03 -1.062765455363248892e-17
6.670313276976627094e+03 -1.133730357322405637e-17
6.670512182993536044e+03 -8.584898412010315598e-18
6.670711089010441356e+03 -6.012570281896489997e-18
6.670909995027349396e+03 -7.957598909552219644e-18
6.671108901044255617e+03 -6.961996597412177443e-18
6.671307807061162748e+03 -6.549766065231589297e-18
6.671506713078068969e+03 -6.378844567474002791e-18
6.671705619094977010e+03 -5.585256462567025772e-18
6.671904525111885050e+03 -5.102728986259232014e-18
6.672103431128791271e+03 -1.592020633472783497e-18
6.672302337145698402e+03 3.249982088854577541e-19
6.672501243162605533e+03 2.394369606687932746e-18
6.672700149179511754e+03 3.505674324181158079e-18
6.672899055196419795e+03 5.588546888776394133e-18
6.673097961213326926e+03 5.660131628708605941e-18
6.673296867230233147e+03 5.101120636222009275e-18
6.673495773247140278e+03 7.408468781721463394e-18
6.673694679264047409e+03 9.160938154910364944e-18
6.673893585280953630e+03 7.647620196987808170e-18
6.674092491297860761e+03 8.680656299422535285e-18
6.674291397314767892e+03 7.411498545524475059e-18
6.674490303331675022e+03 9.787446551507197197e-18
6.674689209348582153e+03 1.099037846334657200e-17
6.674888115365489284e+03 1.164419427083881790e-17
6.675087021382395505e+03 1.134651973499989121e-17
6.675285927399302636e+03 1.121093522591947652e-17
6.675484833416211586e+03 1.028610651625561931e-17
6.675683739433116898e+03 8.876762232676535134e-18
6.675882645450024938e+03 7.136160627153644175e-18
6.676081551466931160e+03 6.754583213485269928e-18
6.676280457483838290e+03 7.272662346122111349e-18
6.676479363500744512e+03 6.673245895559544628e-18
6.676678269517652552e+03 5.721133196317429026e-18
6.676877175534559683e+03 4.590363701049184247e-18
6.677076081551466814e+03 4.630970128206276997e-18
6.677274987568373945e+03 5.239913371546818743e-18
6.677473893585280166e+03 3.616791016569731005e-18
6.677672799602187297e+03 1.251529527308226072e-18
6.677871705619095337e+03 -2.911410834148053452e-19
6.678070611636001559e+03 -3.872360942194433056e-19
6.678269517652908689e+03 -3.031162950320961465e-18
6.678468423669815820e+03 -4.309491059187521731e-18
6.678667329686722042e+03 -3.795619487841604805e-18
6.678866235703629172e+03 -5.122469979859416106e-18
6.679065141720536303e+03 -4.314556514418911133e-18
6.679264047737442525e+03 -6.630642555917225865e-18
6.679462953754350565e+03 -8.810034325506751339e-18
6.679661859771257696e+03 -7.516107493326466130e-18
6.679860765788163917e+03 -7.297449874688218412e-18
