9.381693359375009095e+03 3.868536318870930421e-16 0.000000000000000000e+00
9.388628098487863099e+03 3.690847600080495415e-16 0.000000000000000000e+00
9.395562837600717103e+03 3.746336993152920647e-16 0.000000000000000000e+00
9.402497576713571107e+03 3.713300855325430815e-16 0.000000000000000000e+00
9.409432315826425111e+03 3.684306652843120098e-16 0.000000000000000000e+00
9.416367054939279114e+03 3.652227397548231608e-16 0.000000000000000000e+00
9.423301794052133118e+03 3.632898105691888474e-16 0.000000000000000000e+00
9.430236533164987122e+03 4.030808243927949111e-16 0.000000000000000000e+00
9.437171272277841126e+03 4.086318812824055700e-16 0.000000000000000000e+00
9.444106011390695130e+03 4.179903248001447073e-16 0.000000000000000000e+00
9.451040750503549134e+03 4.246918112508043163e-16 0.000000000000000000e+00
9.457975489616403138e+03 4.013291337880934163e-16 0.000000000000000000e+00
9.464910228729257142e+03 3.981887326663684961e-16 0.000000000000000000e+00
9.471844967842111146e+03 4.075943982709170606e-16 0.000000000000000000e+00
9.478779706954965150e+03 3.714224915331326054e-16 0.000000000000000000e+00
9.485714446067819154e+03 3.802383575085961599e-16 0.000000000000000000e+00
9.492649185180673157e+03 4.095033193664526349e-16 0.000000000000000000e+00
9.499583924293527161e+03 3.827703507461760772e-16 0.000000000000000000e+00
9.506518663406381165e+03 3.718863744206523433e-16 0.000000000000000000e+00
9.513453402519235169e+03 3.728900025840302824e-16 0.000000000000000000e+00
9.520388141632089173e+03 3.568994763777471853e-16 0.000000000000000000e+00
9.527322880744943177e+03 3.584472173306176056e-16 0.000000000000000000e+00
9.534257619857797181e+03 3.525955431540704751e-16 0.000000000000000000e+00
9.541192358970651185e+03 3.447674764137830450e-16 0.000000000000000000e+00
9.548127098083505189e+03 3.247439087082670036e-16 0.000000000000000000e+00
9.555061837196359193e+03 3.188639383373256591e-16 0.000000000000000000e+00
9.561996576309213197e+03 3.163863140270476272e-16 0.000000000000000000e+00
9.568931315422067200e+03 3.189049400259286876e-16 0.000000000000000000e+00
9.575866054534921204e+03 2.986178391946981521e-16 0.000000000000000000e+00
9.582800793647775208e+03 3.045732219677247310e-16 0.000000000000000000e+00
9.589735532760629212e+03 3.076661363048442070e-16 0.000000000000000000e+00
9.596670271873483216e+03 2.866348111503323618e-16 0.000000000000000000e+00
9.603605010986337220e+03 2.968334584121885616e-16 0.000000000000000000e+00
9.610539750099191224e+03 2.964437173773331767e-16 0.000000000000000000e+00
9.617474489212045228e+03 2.974636773947253628e-16 0.000000000000000000e+00
9.624409228324899232e+03 3.116010808008732626e-16 0.000000000000000000e+00
9.631343967437753236e+03 3.371485738719082236e-16 0.000000000000000000e+00
9.638278706550607239e+03 3.522500331209295257e-16 0.000000000000000000e+00
9.645213445663461243e+03 3.548839879495351794e-16 0.000000000000000000e+00
9.652148184776315247e+03 3.580926281630732741e-16 0.000000000000000000e+00
9.659082923889169251e+03 3.706401507272248522e-16 0.000000000000000000e+00
9.666017663002023255e+03 3.679706469846141196e-16 0.000000000000000000e+00
9.672952402114877259e+03 3.615589252112542864e-16 0.000000000000000000e+00
9.679887141227731263e+03 3.504897663076370811e-16 0.000000000000000000e+00
9.686821880340585267e+03 3.496591710935154345e-16 0.000000000000000000e+00
9.693756619453439271e+03 3.335601982002041853e-16 0.000000000000000000e+00
9.700691358566293275e+03 3.078979586345958683e-16 0.000000000000000000e+00
9.707626097679147279e+03 3.030530625251992788e-16 0.000000000000000000e+00
9.714560836792001282e+03 2.753954250940966438e-16 0.000000000000000000e+00
9.721495575904855286e+03 2.755529467525063420e-16 0.000000000000000000e+00
9.728430315017709290e+03 2.709924154853707821e-16 0.000000000000000000e+00
9.735365054130563294e+03 2.438399802677461339e-16 0.000000000000000000e+00
9.742299793243417298e+03 2.231461977427151274e-16 0.000000000000000000e+00
9.749234532356271302e+03 2.193273364651293134e-16 0.000000000000000000e+00
9.756169271469125306e+03 2.167163177005485301e-16 0.000000000000000000e+00
9.763104010581979310e+03 2.112384100468671605e-16 0.000000000000000000e+00
9.770038749694833314e+03 2.157996824678315678e-16 0.000000000000000000e+00
9.776973488807687318e+03 2.158651687025661659e-16 0.000000000000000000e+00
9.783908227920541322e+03 2.046410292393810253e-16 0.000000000000000000e+00
9.790842967033395325e+03 1.981095846528827171e-16 0.000000000000000000e+00
9.797777706146249329e+03 1.862903648395820280e-16 0.000000000000000000e+00
9.804712445259103333e+03 1.901188081773836562e-16 0.000000000000000000e+00
9.811647184371957337e+03 1.899231435665679128e-16 0.000000000000000000e+00
9.818581923484811341e+03 1.987527870623141506e-16 0.000000000000000000e+00
9.825516662597665345e+03 1.935201483864221043e-16 0.000000000000000000e+00
9.832451401710519349e+03 1.925637687796331941e-16 0.000000000000000000e+00
9.839386140823373353e+03 1.952245374949753668e-16 0.000000000000000000e+00
9.846320879936227357e+03 2.009845997643210243e-16 0.000000000000000000e+00
9.853255619049081361e+03 1.974567207738966643e-16 0.000000000000000000e+00
9.860190358161935364e+03 2.092654056149158780e-16 0.000000000000000000e+00
9.867125097274789368e+03 2.031863163269207687e-16 0.000000000000000000e+00
9.874059836387643372e+03 2.075496212662440850e-16 0.000000000000000000e+00
9.880994575500497376e+03 2.043181773375791284e-16 0.000000000000000000e+00
9.887929314613351380e+03 2.050160795465574685e-16 0.000000000000000000e+00
9.894864053726205384e+03 2.115990475590504797e-16 0.000000000000000000e+00
9.901798792839059388e+03 2.066004282046170356e-16 0.000000000000000000e+00
9.908733531951913392e+03 2.107862268019313726e-16 0.000000000000000000e+00
9.915668271064767396e+03 2.191147709000378866e-16 0.000000000000000000e+00
9.922603010177621400e+03 2.067964104527879993e-16 0.000000000000000000e+00
9.929537749290475404e+03 2.138741118809265262e-16 0.000000000000000000e+00
9.936472488403329407e+03 2.278600684430833172e-16 0.000000000000000000e+00
9.943407227516183411e+03 2.348168559180012927e-16 0.000000000000000000e+00
9.950341966629037415e+03 2.350348610228008683e-16 0.000000000000000000e+00
9.957276705741891419e+03 2.405931441622427905e-16 0.000000000000000000e+00
9.964211444854745423e+03 2.563628859368681338e-16 0.000000000000000000e+00
9.971146183967599427e+03 2.621703820512600322e-16 0.000000000000000000e+00
9.978080923080453431e+03 2.657382965833319588e-16 0.000000000000000000e+00
9.985015662193307435e+03 2.884111186500634347e-16 0.000000000000000000e+00
9.991950401306161439e+03 2.965979038435130610e-16 0.000000000000000000e+00
9.998885140419015443e+03 3.125245584716172635e-16 0.000000000000000000e+00
1.000581987953186945e+04 3.374519704857028733e-16 0.000000000000000000e+00
1.001275461864472345e+04 3.619008353543694051e-16 0.000000000000000000e+00
1.001968935775757745e+04 3.560227178680001794e-16 0.000000000000000000e+00
1.002662409687043146e+04 3.763226036027783345e-16 0.000000000000000000e+00
1.003355883598328546e+04 3.670652217035584759e-16 0.000000000000000000e+00
1.004049357509613947e+04 3.540000031899569102e-16 0.000000000000000000e+00
1.004742831420899347e+04 3.394611591063696754e-16 0.000000000000000000e+00
1.005436305332184747e+04 3.214802113531573793e-16 0.000000000000000000e+00
1.006129779243470148e+04 3.081477010051378784e-16 0.000000000000000000e+00
1.006823253154755548e+04 2.972829946791641798e-16 0.000000000000000000e+00
1.007516727066040949e+04 2.947281315520083964e-16 0.000000000000000000e+00
1.008210200977326349e+04 2.813930536353675309e-16 0.000000000000000000e+00
1.008903674888611749e+04 2.998496368582427183e-16 0.000000000000000000e+00
1.009597148799897150e+04 2.995881683753371565e-16 0.000000000000000000e+00
1.010290622711182550e+04 2.883006867295651553e-16 0.000000000000000000e+00
1.010984096622467951e+04 2.787092297419922803e-16 0.000000000000000000e+00
1.011677570533753351e+04 2.832102569445832255e-16 0.000000000000000000e+00
1.012371044445038751e+04 2.824489066738996180e-16 0.000000000000000000e+00
1.013064518356324152e+04 2.786328644278413848e-16 0.000000000000000000e+00
1.013757992267609552e+04 2.725951871100331303e-16 0.000000000000000000e+00
1.014451466178894952e+04 2.646594148365463955e-16 0.000000000000000000e+00
1.015144940090180353e+04 2.671382302869065037e-16 0.000000000000000000e+00
1.015838414001465753e+04 2.517416594651058831e-16 0.000000000000000000e+00
1.016531887912751154e+04 2.518892814259445466e-16 0.000000000000000000e+00
1.017225361824036554e+04 2.405238727490251497e-16 0.000000000000000000e+00
1.017918835735321954e+04 2.446189858814240732e-16 0.000000000000000000e+00
1.018612309646607355e+04 2.462983081086945287e-16 0.000000000000000000e+00
1.019305783557892755e+04 2.525276266308190687e-16 0.000000000000000000e+00
1.019999257469178156e+04 2.435268692448376614e-16 0.000000000000000000e+00
1.020692731380463556e+04 2.395542053128761877e-16 0.000000000000000000e+00
1.021386205291748956e+04 2.389244892561518188e-16 0.000000000000000000e+00
1.022079679203034357e+04 2.394748753834099022e-16 0.000000000000000000e+00
1.022773153114319757e+04 2.289316445306988123e-16 0.000000000000000000e+00
1.023466627025605158e+04 2.246369757298826960e-16 0.000000000000000000e+00
1.024160100936890558e+04 2.127687206498698634e-16 0.000000000000000000e+00
1.024853574848175958e+04 2.203416584194663381e-16 0.000000000000000000e+00
1.025547048759461359e+04 2.219087090765561963e-16 0.000000000000000000e+00
1.026240522670746759e+04 2.113342703536947058e-16 0.000000000000000000e+00
1.026933996582032159e+04 2.152203648714688298e-16 0.000000000000000000e+00
1.027627470493317560e+04 2.081996528788127563e-16 0.000000000000000000e+00
1.028320944404602960e+04 2.017076217941413748e-16 0.000000000000000000e+00
1.029014418315888361e+04 1.917929423278521791e-16 0.000000000000000000e+00
1.029707892227173761e+04 1.942249856776560890e-16 0.000000000000000000e+00
1.030401366138459161e+04 1.725904671855807752e-16 0.000000000000000000e+00
1.031094840049744562e+04 1.668325357334930542e-16 0.000000000000000000e+00
1.031788313961029962e+04 1.562983178407363421e-16 0.000000000000000000e+00
1.032481787872315363e+04 1.486442501966606664e-16 0.000000000000000000e+00
1.033175261783600763e+04 1.454369599418822582e-16 0.000000000000000000e+00
1.033868735694886345e+04 1.374006554454682786e-16 0.000000000000000000e+00
1.034562209606171746e+04 1.452189680719724835e-16 0.000000000000000000e+00
1.035255683517457146e+04 1.484980576039204945e-16 0.000000000000000000e+00
1.035949157428742546e+04 1.463058701619773610e-16 0.000000000000000000e+00
1.036642631340027947e+04 1.524335844351007874e-16 0.000000000000000000e+00
1.037336105251313347e+04 1.546040401879909278e-16 0.000000000000000000e+00
1.038029579162598748e+04 1.575552617949025204e-16 0.000000000000000000e+00
1.038723053073884148e+04 1.547998900872638831e-16 0.000000000000000000e+00
1.039416526985169548e+04 1.518991595849425273e-16 0.000000000000000000e+00
1.040110000896454949e+04 1.599752613949876581e-16 0.000000000000000000e+00
1.040803474807740349e+04 1.513521351196938595e-16 0.000000000000000000e+00
1.041496948719025750e+04 1.463431396116565502e-16 0.000000000000000000e+00
1.042190422630311150e+04 1.443237601258430948e-16 0.000000000000000000e+00
1.042883896541596550e+04 1.380886579568755840e-16 0.000000000000000000e+00
1.043577370452881951e+04 1.390690985933224367e-16 0.000000000000000000e+00
1.044270844364167351e+04 1.378903993076588744e-16 0.000000000000000000e+00
1.044964318275452752e+04 1.307015777447524240e-16 0.000000000000000000e+00
1.045657792186738152e+04 1.283859352507469762e-16 0.000000000000000000e+00
1.046351266098023552e+04 1.257517024894555047e-16 0.000000000000000000e+00
1.047044740009308953e+04 1.191252843337463081e-16 0.000000000000000000e+00
1.047738213920594353e+04 1.131059373383122286e-16 0.000000000000000000e+00
1.048431687831879754e+04 1.148796905043117378e-16 0.000000000000000000e+00
1.049125161743165154e+04 1.062437594731356183e-16 0.000000000000000000e+00
1.049818635654450554e+04 1.065825197124781350e-16 0.000000000000000000e+00
1.050512109565735955e+04 1.089995546972478827e-16 0.000000000000000000e+00
1.051205583477021355e+04 1.191591656516364801e-16 0.000000000000000000e+00
1.051899057388306755e+04 1.329182232630475254e-16 0.000000000000000000e+00
1.052592531299592156e+04 1.357318946602589001e-16 0.000000000000000000e+00
1.053286005210877556e+04 1.337762676386161317e-16 0.000000000000000000e+00
1.053979479122162957e+04 1.371146097722025412e-16 0.000000000000000000e+00
1.054672953033448357e+04 1.247660605413169186e-16 0.000000000000000000e+00
1.055366426944733757e+04 1.249041666163887721e-16 0.000000000000000000e+00
1.056059900856019158e+04 1.212149807890716712e-16 0.000000000000000000e+00
1.056753374767304558e+04 1.227336976286088309e-16 0.000000000000000000e+00
1.057446848678589959e+04 1.271480363030042188e-16 0.000000000000000000e+00
1.058140322589875359e+04 1.363309851819841058e-16 0.000000000000000000e+00
1.058833796501160759e+04 1.398425720230636214e-16 0.000000000000000000e+00
1.059527270412446160e+04 1.469713204211640207e-16 0.000000000000000000e+00
1.060220744323731560e+04 1.555480451728160447e-16 0.000000000000000000e+00
1.060914218235016961e+04 1.597476609950824675e-16 0.000000000000000000e+00
1.061607692146302361e+04 1.688000741559565862e-16 0.000000000000000000e+00
1.062301166057587761e+04 1.719075468718569955e-16 0.000000000000000000e+00
1.062994639968873162e+04 1.769875872683452592e-16 0.000000000000000000e+00
1.063688113880158562e+04 1.861070351460606754e-16 0.000000000000000000e+00
1.064381587791443962e+04 1.962035884679931303e-16 0.000000000000000000e+00
1.065075061702729363e+04 2.014842962636418581e-16 0.000000000000000000e+00
1.065768535614014763e+04 2.056493822584178673e-16 0.000000000000000000e+00
1.066462009525300164e+04 2.120020499534863148e-16 0.000000000000000000e+00
1.067155483436585564e+04 2.290581965469745251e-16 0.000000000000000000e+00
1.067848957347870964e+04 2.472511407650168115e-16 0.000000000000000000e+00
1.068542431259156365e+04 2.699790199733198169e-16 0.000000000000000000e+00
1.069235905170441765e+04 2.714372666013569000e-16 0.000000000000000000e+00
1.069929379081727166e+04 2.963174300588534808e-16 0.000000000000000000e+00
1.070622852993012566e+04 2.974029027807598667e-16 0.000000000000000000e+00
1.071316326904297966e+04 3.172289265211084442e-16 0.000000000000000000e+00
1.072009800815583367e+04 3.173517462984603178e-16 0.000000000000000000e+00
1.072703274726868767e+04 3.310958352495066035e-16 0.000000000000000000e+00
1.073396748638154168e+04 3.324316062073266352e-16 0.000000000000000000e+00
1.074090222549439568e+04 3.438298903505113396e-16 0.000000000000000000e+00
1.074783696460724968e+04 3.417960583650353577e-16 0.000000000000000000e+00
1.075477170372010369e+04 3.317179280097056837e-16 0.000000000000000000e+00
1.076170644283295769e+04 3.490768094724985013e-16 0.000000000000000000e+00
1.076864118194581170e+04 3.717933066755727770e-16 0.000000000000000000e+00
1.077557592105866570e+04 3.710012249907715994e-16 0.000000000000000000e+00
1.078251066017151970e+04 3.510712014863679549e-16 0.000000000000000000e+00
1.078944539928437371e+04 3.782683441617398692e-16 0.000000000000000000e+00
1.079638013839722771e+04 3.806322278290694095e-16 0.000000000000000000e+00
1.080331487751008171e+04 3.732887168741706426e-16 0.000000000000000000e+00
1.081024961662293572e+04 3.768616341945872899e-16 0.000000000000000000e+00
1.081718435573578972e+04 3.839461648258630545e-16 0.000000000000000000e+00
1.082411909484864373e+04 3.888083721711191537e-16 0.000000000000000000e+00
1.083105383396149773e+04 3.995212213715179173e-16 0.000000000000000000e+00
1.083798857307435173e+04 4.151800547696121507e-16 0.000000000000000000e+00
1.084492331218720574e+04 4.505930993959955579e-16 0.000000000000000000e+00
1.085185805130005974e+04 4.586151366812042229e-16 0.000000000000000000e+00
1.085879279041291375e+04 4.808675392385219471e-16 0.000000000000000000e+00
1.086572752952576775e+04 4.930346381302379375e-16 0.000000000000000000e+00
1.087266226863862175e+04 4.864754796844966526e-16 0.000000000000000000e+00
1.087959700775147576e+04 4.966204462333206112e-16 0.000000000000000000e+00
1.088653174686432976e+04 4.987541751670133972e-16 0.000000000000000000e+00
1.089346648597718377e+04 5.002500882914236949e-16 0.000000000000000000e+00
1.090040122509003777e+04 5.161953247048082886e-16 0.000000000000000000e+00
1.090733596420289177e+04 5.163934774749065915e-16 0.000000000000000000e+00
1.091427070331574578e+04 5.270200351938038232e-16 0.000000000000000000e+00
1.092120544242859978e+04 5.386087694012227367e-16 0.000000000000000000e+00
1.092814018154145379e+04 5.696222454902285029e-16 0.000000000000000000e+00
1.093507492065430779e+04 5.480517044554504905e-16 0.000000000000000000e+00
1.094200965976716179e+04 5.572088188295391212e-16 0.000000000000000000e+00
1.094894439888001580e+04 5.571444972651069978e-16 0.000000000000000000e+00
1.095587913799286980e+04 5.630448758361212506e-16 0.000000000000000000e+00
1.096281387710572380e+04 5.838958094426475315e-16 0.000000000000000000e+00
1.096974861621857781e+04 5.920315609010250862e-16 0.000000000000000000e+00
1.097668335533143181e+04 6.019317878676517554e-16 0.000000000000000000e+00
1.098361809444428582e+04 5.733150973820204388e-16 0.000000000000000000e+00
1.099055283355713982e+04 5.726438237713214058e-16 0.000000000000000000e+00
1.099748757266999382e+04 5.797828821485766660e-16 0.000000000000000000e+00
1.100442231178284783e+04 5.442865900653459221e-16 0.000000000000000000e+00
1.101135705089570183e+04 5.378895854894446323e-16 0.000000000000000000e+00
1.101829179000855584e+04 5.319876716712134811e-16 0.000000000000000000e+00
1.102522652912140984e+04 4.925965103382706507e-16 0.000000000000000000e+00
1.103216126823426384e+04 4.663521473796618157e-16 0.000000000000000000e+00
1.103909600734711785e+04 4.406537236253379791e-16 0.000000000000000000e+00
1.104603074645997185e+04 4.027751513779545154e-16 0.000000000000000000e+00
1.105296548557282586e+04 4.083488663989042269e-16 0.000000000000000000e+00
1.105990022468567986e+04 3.769599958955871955e-16 0.000000000000000000e+00
1.106683496379853386e+04 3.674343692498837407e-16 0.000000000000000000e+00
1.107376970291138787e+04 3.477554380747817928e-16 0.000000000000000000e+00
1.108070444202424187e+04 3.249084713280507531e-16 0.000000000000000000e+00
1.108763918113709587e+04 3.023097381744244269e-16 0.000000000000000000e+00
1.109457392024994988e+04 2.970325905641321273e-16 0.000000000000000000e+00
1.110150865936280388e+04 2.952938172118762606e-16 0.000000000000000000e+00
1.110844339847565789e+04 2.779020073432589321e-16 0.000000000000000000e+00
1.111537813758851189e+04 2.702343209975781833e-16 0.000000000000000000e+00
1.112231287670136589e+04 2.703165361330210539e-16 0.000000000000000000e+00
1.112924761581421990e+04 2.719797117947344743e-16 0.000000000000000000e+00
1.113618235492707390e+04 2.761948918474066948e-16 0.000000000000000000e+00
1.114311709403992791e+04 2.617645209206272139e-16 0.000000000000000000e+00
1.115005183315278191e+04 2.585608040860950347e-16 0.000000000000000000e+00
1.115698657226563591e+04 2.717566509620309746e-16 0.000000000000000000e+00
1.116392131137848992e+04 2.698210747984364916e-16 0.000000000000000000e+00
1.117085605049134392e+04 2.564654828026043110e-16 0.000000000000000000e+00
1.117779078960419793e+04 2.466344743096360792e-16 0.000000000000000000e+00
1.118472552871705193e+04 2.519525971387518055e-16 0.000000000000000000e+00
1.119166026782990593e+04 2.443814196094988437e-16 0.000000000000000000e+00
1.119859500694275994e+04 2.183058941400794323e-16 0.000000000000000000e+00
1.120552974605561394e+04 2.084707695963831367e-16 0.000000000000000000e+00
1.121246448516846795e+04 2.182137660721757263e-16 0.000000000000000000e+00
1.121939922428132195e+04 2.290634640331152628e-16 0.000000000000000000e+00
1.122633396339417595e+04 2.393069511016167371e-16 0.000000000000000000e+00
1.123326870250702996e+04 2.223726184338555359e-16 0.000000000000000000e+00
1.124020344161988396e+04 2.219307054634052064e-16 0.000000000000000000e+00
1.124713818073273796e+04 2.387269717607639567e-16 0.000000000000000000e+00
1.125407291984559197e+04 2.351986560189761686e-16 0.000000000000000000e+00
1.126100765895844597e+04 2.349652984420076089e-16 0.000000000000000000e+00
1.126794239807129998e+04 2.440430828866299541e-16 0.000000000000000000e+00
1.127487713718415398e+04 2.412118487906528535e-16 0.000000000000000000e+00
1.128181187629700798e+04 2.731611639374766131e-16 0.000000000000000000e+00
1.128874661540986199e+04 3.255465518351292583e-16 0.000000000000000000e+00
1.129568135452271599e+04 3.503261036603597892e-16 0.000000000000000000e+00
1.130261609363557000e+04 3.598856645635126195e-16 0.000000000000000000e+00
1.130955083274842400e+04 3.485168677548042054e-16 0.000000000000000000e+00
1.131648557186127800e+04 3.554702670979331637e-16 0.000000000000000000e+00
1.132342031097413201e+04 3.647816208777608822e-16 0.000000000000000000e+00
1.133035505008698601e+04 3.770440374458225831e-16 0.000000000000000000e+00
1.133728978919984002e+04 4.393128175302752183e-16 0.000000000000000000e+00
1.134422452831269402e+04 4.903826838515031299e-16 0.000000000000000000e+00
1.135115926742554802e+04 4.718865018383438040e-16 0.000000000000000000e+00
1.135809400653840203e+04 4.422414074756273600e-16 0.000000000000000000e+00
1.136502874565125603e+04 4.178128184581357280e-16 0.000000000000000000e+00
1.137196348476411004e+04 4.156479610636313465e-16 0.000000000000000000e+00
1.137889822387696404e+04 3.925923065745205286e-16 0.000000000000000000e+00
1.138583296298981804e+04 3.715458142362969111e-16 0.000000000000000000e+00
1.139276770210267205e+04 3.744573841133651618e-16 0.000000000000000000e+00
1.139970244121552605e+04 3.871312469355556391e-16 0.000000000000000000e+00
1.140663718032838005e+04 3.823054884768110765e-16 0.000000000000000000e+00
1.141357191944123406e+04 3.607778284849878130e-16 0.000000000000000000e+00
1.142050665855408806e+04 3.167443442659401793e-16 0.000000000000000000e+00
1.142744139766694207e+04 3.011344799601090852e-16 0.000000000000000000e+00
1.143437613677979607e+04 2.878328863146643662e-16 0.000000000000000000e+00
1.144131087589265007e+04 2.563267282179322159e-16 0.000000000000000000e+00
1.144824561500550408e+04 2.396220473579953368e-16 0.000000000000000000e+00
1.145518035411835808e+04 2.407573891446713197e-16 0.000000000000000000e+00
1.146211509323121209e+04 2.405085732164153689e-16 0.000000000000000000e+00
1.146904983234406609e+04 2.261548587713624022e-16 0.000000000000000000e+00
1.147598457145692009e+04 2.065585662481769520e-16 0.000000000000000000e+00
1.148291931056977410e+04 2.012078061808123333e-16 0.000000000000000000e+00
1.148985404968262810e+04 2.016611673309403967e-16 0.000000000000000000e+00
1.149678878879548211e+04 1.974622397229436181e-16 0.000000000000000000e+00
1.150372352790833611e+04 1.758249154342305244e-16 0.000000000000000000e+00
1.151065826702119011e+04 1.782230509963646605e-16 0.000000000000000000e+00
1.151759300613404412e+04 1.779679220256737051e-16 0.000000000000000000e+00
1.152452774524689812e+04 1.670995231654455698e-16 0.000000000000000000e+00
1.153146248435975212e+04 1.618283974300126563e-16 0.000000000000000000e+00
1.153839722347260613e+04 1.552562290875971374e-16 0.000000000000000000e+00
1.154533196258546013e+04 1.547761863996305635e-16 0.000000000000000000e+00
1.155226670169831414e+04 1.440648459766690967e-16 0.000000000000000000e+00
1.155920144081116814e+04 1.492457891729990290e-16 0.000000000000000000e+00
1.156613617992402214e+04 1.466672091233201252e-16 0.000000000000000000e+00
1.157307091903687615e+04 1.462169978769646637e-16 0.000000000000000000e+00
1.158000565814973015e+04 1.404562076886799594e-16 0.000000000000000000e+00
1.158694039726258416e+04 1.341660616130307200e-16 0.000000000000000000e+00
1.159387513637543816e+04 1.350096270191571981e-16 0.000000000000000000e+00
1.160080987548829216e+04 1.326204382425284355e-16 0.000000000000000000e+00
1.160774461460114617e+04 1.339441522157398942e-16 0.000000000000000000e+00
1.161467935371400017e+04 1.273728838458308330e-16 0.000000000000000000e+00
1.162161409282685418e+04 1.313776026808899616e-16 0.000000000000000000e+00
1.162854883193970818e+04 1.303756685834065311e-16 0.000000000000000000e+00
1.163548357105256218e+04 1.390270910530945437e-16 0.000000000000000000e+00
1.164241831016541619e+04 1.356762419486463324e-16 0.000000000000000000e+00
1.164935304927827019e+04 1.400948157877779919e-16 0.000000000000000000e+00
1.165628778839112420e+04 1.393895549800703800e-16 0.000000000000000000e+00
1.166322252750397820e+04 1.425544935874860733e-16 0.000000000000000000e+00
1.167015726661683220e+04 1.456096355491139278e-16 0.000000000000000000e+00
1.167709200572968621e+04 1.386482158627656554e-16 0.000000000000000000e+00
1.168402674484254021e+04 1.341103691967487498e-16 0.000000000000000000e+00
1.169096148395539421e+04 1.388955627182537119e-16 0.000000000000000000e+00
1.169789622306824822e+04 1.446158673786376208e-16 0.000000000000000000e+00
1.170483096218110222e+04 1.387873013196827716e-16 0.000000000000000000e+00
1.171176570129395623e+04 1.387543067394092565e-16 0.000000000000000000e+00
1.171870044040681023e+04 1.348650093783033271e-16 0.000000000000000000e+00
1.172563517951966423e+04 1.373303252410665700e-16 0.000000000000000000e+00
1.173256991863251824e+04 1.401465906766789110e-16 0.000000000000000000e+00
1.173950465774537224e+04 1.374818514943964838e-16 0.000000000000000000e+00
1.174643939685822625e+04 1.376185414362596465e-16 0.000000000000000000e+00
1.175337413597108025e+04 1.342766655870964105e-16 0.000000000000000000e+00
1.176030887508393425e+04 1.355502987373014587e-16 0.000000000000000000e+00
1.176724361419678826e+04 1.385404970946765499e-16 0.000000000000000000e+00
1.177417835330964226e+04 1.420227951246267879e-16 0.000000000000000000e+00
1.178111309242249627e+04 1.504726899273172813e-16 0.000000000000000000e+00
1.178804783153535027e+04 1.482601604597502437e-16 0.000000000000000000e+00
1.179498257064820427e+04 1.542666299074080976e-16 0.000000000000000000e+00
1.180191730976105828e+04 1.608159018904681487e-16 0.000000000000000000e+00
1.180885204887391228e+04 1.639815287121534860e-16 0.000000000000000000e+00
1.181578678798676629e+04 1.704697481485622232e-16 0.000000000000000000e+00
1.182272152709962029e+04 1.737784308941049314e-16 0.000000000000000000e+00
1.182965626621247429e+04 1.736660269750263256e-16 0.000000000000000000e+00
1.183659100532532830e+04 1.809550366537251986e-16 0.000000000000000000e+00
1.184352574443818230e+04 1.884112029906087876e-16 0.000000000000000000e+00
1.185046048355103630e+04 1.931814940261979943e-16 0.000000000000000000e+00
1.185739522266389031e+04 1.996834248084404105e-16 0.000000000000000000e+00
1.186432996177674431e+04 2.083102303830988451e-16 0.000000000000000000e+00
1.187126470088959832e+04 2.052119691504998263e-16 0.000000000000000000e+00
1.187819944000245232e+04 2.062249411460771644e-16 0.000000000000000000e+00
1.188513417911530632e+04 2.040920327755520311e-16 0.000000000000000000e+00
1.189206891822816033e+04 1.950085573283153210e-16 0.000000000000000000e+00
1.189900365734101433e+04 1.971759161169920629e-16 0.000000000000000000e+00
1.190593839645386834e+04 1.858575707082044831e-16 0.000000000000000000e+00
1.191287313556672234e+04 1.888095996433939274e-16 0.000000000000000000e+00
1.191980787467957634e+04 1.905267736554948094e-16 0.000000000000000000e+00
1.192674261379243035e+04 1.848314829368345041e-16 0.000000000000000000e+00
1.193367735290528435e+04 1.832505885850129585e-16 0.000000000000000000e+00
1.194061209201813836e+04 1.821292493117462733e-16 0.000000000000000000e+00
1.194754683113099236e+04 1.851370368376666921e-16 0.000000000000000000e+00
1.195448157024384636e+04 1.726206030296573071e-16 0.000000000000000000e+00
1.196141630935670037e+04 1.728507445284042606e-16 0.000000000000000000e+00
1.196835104846955437e+04 1.710136624147076917e-16 0.000000000000000000e+00
1.197528578758240837e+04 1.627373696615349273e-16 0.000000000000000000e+00
1.198222052669526238e+04 1.651204836237451005e-16 0.000000000000000000e+00
1.198915526580811638e+04 1.690092515892589959e-16 0.000000000000000000e+00
1.199609000492097039e+04 1.756960473122396631e-16 0.000000000000000000e+00
1.200302474403382439e+04 1.723684783789511442e-16 0.000000000000000000e+00
1.200995948314667839e+04 1.721531467218913401e-16 0.000000000000000000e+00
1.201689422225953240e+04 1.728142559372233215e-16 0.000000000000000000e+00
1.202382896137238640e+04 1.786134802454896896e-16 0.000000000000000000e+00
1.203076370048524041e+04 1.871474695379747740e-16 0.000000000000000000e+00
1.203769843959809441e+04 1.845305347776530114e-16 0.000000000000000000e+00
1.204463317871094841e+04 1.838189873972899966e-16 0.000000000000000000e+00
1.205156791782380242e+04 1.816318027436915838e-16 0.000000000000000000e+00
1.205850265693665642e+04 1.857048268450128912e-16 0.000000000000000000e+00
1.206543739604951043e+04 1.860864019528611526e-16 0.000000000000000000e+00
1.207237213516236443e+04 1.905775691625504658e-16 0.000000000000000000e+00
1.207930687427521843e+04 1.873814359198741728e-16 0.000000000000000000e+00
1.208624161338807244e+04 1.951190421883728038e-16 0.000000000000000000e+00
1.209317635250092644e+04 1.920471448562570752e-16 0.000000000000000000e+00
1.210011109161378045e+04 1.977042529178419327e-16 0.000000000000000000e+00
1.210704583072663445e+04 1.851504702508145533e-16 0.000000000000000000e+00
1.211398056983948845e+04 1.866935657573648758e-16 0.000000000000000000e+00
1.212091530895234246e+04 1.848836019328702453e-16 0.000000000000000000e+00
1.212785004806519646e+04 1.882248954468822440e-16 0.000000000000000000e+00
1.213478478717805046e+04 1.842100783909050681e-16 0.000000000000000000e+00
1.214171952629090447e+04 1.886645055465072259e-16 0.000000000000000000e+00
1.214865426540375847e+04 1.843574356539477146e-16 0.000000000000000000e+00
1.215558900451661248e+04 1.773145287510956183e-16 0.000000000000000000e+00
1.216252374362946648e+04 1.674794306771789244e-16 0.000000000000000000e+00
1.216945848274232048e+04 1.556493450193517387e-16 0.000000000000000000e+00
1.217639322185517449e+04 1.490453335320753784e-16 0.000000000000000000e+00
1.218332796096802849e+04 1.472839814578192643e-16 0.000000000000000000e+00
1.219026270008088250e+04 1.397214992511654598e-16 0.000000000000000000e+00
1.219719743919373650e+04 1.375725634290914990e-16 0.000000000000000000e+00
1.220413217830659050e+04 1.327605957255194205e-16 0.000000000000000000e+00
1.221106691741944451e+04 1.267618819232848638e-16 0.000000000000000000e+00
1.221800165653229851e+04 1.221543006229072878e-16 0.000000000000000000e+00
1.222493639564515252e+04 1.239186437822583937e-16 0.000000000000000000e+00
1.223187113475800652e+04 1.159538076907689957e-16 0.000000000000000000e+00
1.223880587387086052e+04 1.131183648998352253e-16 0.000000000000000000e+00
1.224574061298371453e+04 1.055581260070026647e-16 0.000000000000000000e+00
1.225267535209656853e+04 1.091312947903255281e-16 0.000000000000000000e+00
1.225961009120942254e+04 1.046741147776447938e-16 0.000000000000000000e+00
1.226654483032227654e+04 9.878514468163887238e-17 0.000000000000000000e+00
1.227347956943513054e+04 1.032785816749290310e-16 0.000000000000000000e+00
1.228041430854798455e+04 1.035969535665333407e-16 0.000000000000000000e+00
1.228734904766083855e+04 1.015025322555490747e-16 0.000000000000000000e+00
1.229428378677369255e+04 1.041246683275625707e-16 0.000000000000000000e+00
1.230121852588654656e+04 1.089773928742763620e-16 0.000000000000000000e+00
1.230815326499940056e+04 1.063770546657648633e-16 0.000000000000000000e+00
1.231508800411225457e+04 1.003885979031259642e-16 0.000000000000000000e+00
1.232202274322510857e+04 1.044489231276833575e-16 0.000000000000000000e+00
1.232895748233796257e+04 1.081563069284766250e-16 0.000000000000000000e+00
1.233589222145081658e+04 1.066440751849418811e-16 0.000000000000000000e+00
1.234282696056367058e+04 9.999768558052320416e-17 0.000000000000000000e+00
1.234976169967652459e+04 9.403270751239101014e-17 0.000000000000000000e+00
1.235669643878937859e+04 9.486156233850384515e-17 0.000000000000000000e+00
1.236363117790223259e+04 9.336727048809415129e-17 0.000000000000000000e+00
1.237056591701508660e+04 9.471337789484864556e-17 0.000000000000000000e+00
1.237750065612794060e+04 9.772604247766067702e-17 0.000000000000000000e+00
1.238443539524079461e+04 9.650900171624405676e-17 0.000000000000000000e+00
1.239137013435364861e+04 8.928921051120362103e-17 0.000000000000000000e+00
1.239830487346650261e+04 9.440973643559268016e-17 0.000000000000000000e+00
1.240523961257935662e+04 8.905666026251291304e-17 0.000000000000000000e+00
1.241217435169221062e+04 9.487392372557783759e-17 0.000000000000000000e+00
1.241910909080506462e+04 8.970563970134241686e-17 0.000000000000000000e+00
1.242604382991791863e+04 9.566114820582210382e-17 0.000000000000000000e+00
1.243297856903077263e+04 1.033809667824283946e-16 0.000000000000000000e+00
1.243991330814362664e+04 1.049672212646192838e-16 0.000000000000000000e+00
1.244684804725648064e+04 1.008671251962103409e-16 0.000000000000000000e+00
1.245378278636933464e+04 1.073720073588783463e-16 0.000000000000000000e+00
1.246071752548218865e+04 1.117168033048151761e-16 0.000000000000000000e+00
1.246765226459504265e+04 1.094316341445761818e-16 0.000000000000000000e+00
1.247458700370789666e+04 1.160885521038314337e-16 0.000000000000000000e+00
1.248152174282075066e+04 1.181220532170623944e-16 0.000000000000000000e+00
1.248845648193360466e+04 1.217170198638872552e-16 0.000000000000000000e+00
1.249539122104645867e+04 1.193877454333869335e-16 0.000000000000000000e+00
1.250232596015931267e+04 1.208223545482397013e-16 0.000000000000000000e+00
1.250926069927216668e+04 1.202538895615136590e-16 0.000000000000000000e+00
1.251619543838502068e+04 1.181282603803789923e-16 0.000000000000000000e+00
1.252313017749787468e+04 1.203762196479429012e-16 0.000000000000000000e+00
1.253006491661072869e+04 1.213555353187566817e-16 0.000000000000000000e+00
1.253699965572358269e+04 1.157654884437927232e-16 0.000000000000000000e+00
1.254393439483643670e+04 1.146365788135599527e-16 0.000000000000000000e+00
1.255086913394929070e+04 1.201844328598388064e-16 0.000000000000000000e+00
1.255780387306214470e+04 1.197007241073973975e-16 0.000000000000000000e+00
1.256473861217499871e+04 1.168007612286844910e-16 0.000000000000000000e+00
1.257167335128785271e+04 1.181711943628929447e-16 0.000000000000000000e+00
1.257860809040070671e+04 1.199084457028217138e-16 0.000000000000000000e+00
1.258554282951356072e+04 1.230124376427044999e-16 0.000000000000000000e+00
1.259247756862641472e+04 1.276834405350077417e-16 0.000000000000000000e+00
1.259941230773926873e+04 1.212889770579482149e-16 0.000000000000000000e+00
1.260634704685212273e+04 1.201751022625292082e-16 0.000000000000000000e+00
1.261328178596497673e+04 1.205239342530101706e-16 0.000000000000000000e+00
1.262021652507783074e+04 1.203615156853741586e-16 0.000000000000000000e+00
1.262715126419068474e+04 1.183748660820382013e-16 0.000000000000000000e+00
1.263408600330353875e+04 1.140454556954948579e-16 0.000000000000000000e+00
1.264102074241639275e+04 1.125012484582012641e-16 0.000000000000000000e+00
1.264795548152924675e+04 1.183871083551039862e-16 0.000000000000000000e+00
1.265489022064210076e+04 1.199114764925861081e-16 0.000000000000000000e+00
1.266182495975495476e+04 1.122547883403298644e-16 0.000000000000000000e+00
1.266875969886780877e+04 1.115908203888008998e-16 0.000000000000000000e+00
1.267569443798066277e+04 1.137997234965625049e-16 0.000000000000000000e+00
1.268262917709351859e+04 1.149954825551793608e-16 0.000000000000000000e+00
1.268956391620637260e+04 1.213217995846543190e-16 0.000000000000000000e+00
1.269649865531922660e+04 1.080728212436128730e-16 0.000000000000000000e+00
1.270343339443208060e+04 1.101360082146671368e-16 0.000000000000000000e+00
1.271036813354493461e+04 1.178790474054290161e-16 0.000000000000000000e+00
1.271730287265778861e+04 1.116953098437785982e-16 0.000000000000000000e+00
1.272423761177064262e+04 1.038902784291895448e-16 0.000000000000000000e+00
1.273117235088349662e+04 1.103880666909242954e-16 0.000000000000000000e+00
1.273810708999635062e+04 1.003083680011532209e-16 0.000000000000000000e+00
1.274504182910920463e+04 1.083017120452736464e-16 0.000000000000000000e+00
1.275197656822205863e+04 1.081855097128221971e-16 0.000000000000000000e+00
1.275891130733491264e+04 8.946768961761296271e-17 0.000000000000000000e+00
1.276584604644776664e+04 1.030546605743884762e-16 0.000000000000000000e+00
1.277278078556062064e+04 9.945667637268902194e-17 0.000000000000000000e+00
1.277971552467347465e+04 1.054889075333442273e-16 0.000000000000000000e+00
1.278665026378632865e+04 1.162015648278408786e-16 0.000000000000000000e+00
1.279358500289918265e+04 1.064222319621000595e-16 0.000000000000000000e+00
1.280051974201203666e+04 1.092363004060054597e-16 0.000000000000000000e+00
1.280745448112489066e+04 1.228475176808961275e-16 0.000000000000000000e+00
1.281438922023774467e+04 1.279084998360711695e-16 0.000000000000000000e+00
1.282132395935059867e+04 1.169549344599745745e-16 0.000000000000000000e+00
1.282825869846345267e+04 1.194986008703588401e-16 0.000000000000000000e+00
1.283519343757630668e+04 1.182240148080881308e-16 0.000000000000000000e+00
1.284212817668916068e+04 1.231976731603571748e-16 0.000000000000000000e+00
1.284906291580201469e+04 1.260601548311540785e-16 0.000000000000000000e+00
1.285599765491486869e+04 1.246274912451020354e-16 0.000000000000000000e+00
1.286293239402772269e+04 1.256819413853152326e-16 0.000000000000000000e+00
1.286986713314057670e+04 1.266952574880273927e-16 0.000000000000000000e+00
1.287680187225343070e+04 1.314919785985488939e-16 0.000000000000000000e+00
1.288373661136628471e+04 1.197922036657008619e-16 0.000000000000000000e+00
1.289067135047913871e+04 1.121565722231177681e-16 0.000000000000000000e+00
1.289760608959199271e+04 1.185789083780978818e-16 0.000000000000000000e+00
1.290454082870484672e+04 1.168905864257628493e-16 0.000000000000000000e+00
1.291147556781770072e+04 1.199217335321817656e-16 0.000000000000000000e+00
1.291841030693055473e+04 1.129967362625654281e-16 0.000000000000000000e+00
1.292534504604340873e+04 1.164692537089528392e-16 0.000000000000000000e+00
1.293227978515626273e+04 1.155646622259546489e-16 0.000000000000000000e+00
1.293921452426911674e+04 1.142670474554304634e-16 0.000000000000000000e+00
1.294614926338197074e+04 1.091645937730644628e-16 0.000000000000000000e+00
1.295308400249482474e+04 1.100637986559137077e-16 0.000000000000000000e+00
1.296001874160767875e+04 1.104946141712660258e-16 0.000000000000000000e+00
1.296695348072053275e+04 1.057191747635442890e-16 0.000000000000000000e+00
1.297388821983338676e+04 9.818289763869616441e-17 0.000000000000000000e+00
1.298082295894624076e+04 9.176527310448515280e-17 0.000000000000000000e+00
1.298775769805909476e+04 9.112359932482571733e-17 0.000000000000000000e+00
1.299469243717194877e+04 9.169672961020655872e-17 0.000000000000000000e+00
1.300162717628480277e+04 8.640888159151027315e-17 0.000000000000000000e+00
1.300856191539765678e+04 8.146753622269000067e-17 0.000000000000000000e+00
1.301549665451051078e+04 7.734385558065594584e-17 0.000000000000000000e+00
1.302243139362336478e+04 8.133212344769261983e-17 0.000000000000000000e+00
1.302936613273621879e+04 8.214015317470381981e-17 0.000000000000000000e+00
1.303630087184907279e+04 8.083923629917432255e-17 0.000000000000000000e+00
1.304323561096192680e+04 7.755926664705455509e-17 0.000000000000000000e+00
1.305017035007478080e+04 7.765485563864118297e-17 0.000000000000000000e+00
1.305710508918763480e+04 7.993220297900787579e-17 0.000000000000000000e+00
1.306403982830048881e+04 8.196498940818959067e-17 0.000000000000000000e+00
1.307097456741334281e+04 8.152161398241626741e-17 0.000000000000000000e+00
1.307790930652619681e+04 8.121676153074352438e-17 0.000000000000000000e+00
1.308484404563905082e+04 7.916257428475383757e-17 0.000000000000000000e+00
1.309177878475190482e+04 8.450395743269455509e-17 0.000000000000000000e+00
1.309871352386475883e+04 8.707534431976669776e-17 0.000000000000000000e+00
1.310564826297761283e+04 8.586105641542865399e-17 0.000000000000000000e+00
1.311258300209046683e+04 8.920161539305670561e-17 0.000000000000000000e+00
1.311951774120332084e+04 9.643596497687807463e-17 0.000000000000000000e+00
1.312645248031617484e+04 1.013638835499953864e-16 0.000000000000000000e+00
1.313338721942902885e+04 9.936354245316045145e-17 0.000000000000000000e+00
1.314032195854188285e+04 1.068944329778596307e-16 0.000000000000000000e+00
1.314725669765473685e+04 1.149060808745746296e-16 0.000000000000000000e+00
1.315419143676759086e+04 1.186371418932216149e-16 0.000000000000000000e+00
1.316112617588044486e+04 1.300107826715971395e-16 0.000000000000000000e+00
1.316806091499329887e+04 1.327246232950407144e-16 0.000000000000000000e+00
1.317499565410615287e+04 1.346079481137014478e-16 0.000000000000000000e+00
1.318193039321900687e+04 1.396694331946889221e-16 0.000000000000000000e+00
1.318886513233186088e+04 1.496098280518611662e-16 0.000000000000000000e+00
1.319579987144471488e+04 1.539737417961153216e-16 0.000000000000000000e+00
1.320273461055756889e+04 1.581115506830117821e-16 0.000000000000000000e+00
1.320966934967042289e+04 1.585590487769580697e-16 0.000000000000000000e+00
1.321660408878327689e+04 1.576478530839492561e-16 0.000000000000000000e+00
1.322353882789613090e+04 1.547311480696382763e-16 0.000000000000000000e+00
1.323047356700898490e+04 1.523580529190073454e-16 0.000000000000000000e+00
1.323740830612183890e+04 1.476467762570401218e-16 0.000000000000000000e+00
1.324434304523469291e+04 1.477330809734314545e-16 0.000000000000000000e+00
1.325127778434754691e+04 1.348111830814832765e-16 0.000000000000000000e+00
1.325821252346040092e+04 1.318857562747935376e-16 0.000000000000000000e+00
1.326514726257325492e+04 1.310716120286943456e-16 0.000000000000000000e+00
1.327208200168610892e+04 1.226043795203647408e-16 0.000000000000000000e+00
1.327901674079896293e+04 1.262156912560936494e-16 0.000000000000000000e+00
1.328595147991181693e+04 1.210204279089991991e-16 0.000000000000000000e+00
1.329288621902467094e+04 1.165980291867150945e-16 0.000000000000000000e+00
1.329982095813752494e+04 1.022500520663907956e-16 0.000000000000000000e+00
1.330675569725037894e+04 1.104851247552788174e-16 0.000000000000000000e+00
1.331369043636323295e+04 1.027266933876785514e-16 0.000000000000000000e+00
1.332062517547608695e+04 1.006783162583114370e-16 0.000000000000000000e+00
1.332755991458894096e+04 9.535127311346993880e-17 0.000000000000000000e+00
1.333449465370179496e+04 9.127485426291471375e-17 0.000000000000000000e+00
1.334142939281464896e+04 8.895937720503177657e-17 0.000000000000000000e+00
1.334836413192750297e+04 8.866108925870025436e-17 0.000000000000000000e+00
1.335529887104035697e+04 8.451163366877904718e-17 0.000000000000000000e+00
1.336223361015321098e+04 8.399236276744275853e-17 0.000000000000000000e+00
1.336916834926606498e+04 8.133601450529406927e-17 0.000000000000000000e+00
1.337610308837891898e+04 7.987620616026048603e-17 0.000000000000000000e+00
1.338303782749177299e+04 7.737208560060115556e-17 0.000000000000000000e+00
1.338997256660462699e+04 7.962488222038727453e-17 0.000000000000000000e+00
1.339690730571748099e+04 7.756777006375160021e-17 0.000000000000000000e+00
1.340384204483033500e+04 7.872303035957785994e-17 0.000000000000000000e+00
1.341077678394318900e+04 7.895448872985999793e-17 0.000000000000000000e+00
1.341771152305604301e+04 7.489491789402125295e-17 0.000000000000000000e+00
1.342464626216889701e+04 7.383411500670364856e-17 0.000000000000000000e+00
1.343158100128175101e+04 7.715521207887955256e-17 0.000000000000000000e+00
1.343851574039460502e+04 8.074049078637019232e-17 0.000000000000000000e+00
1.344545047950745902e+04 8.020212855649617978e-17 0.000000000000000000e+00
1.345238521862031303e+04 7.037696988481992300e-17 0.000000000000000000e+00
1.345931995773316703e+04 7.272542828808657451e-17 0.000000000000000000e+00
1.346625469684602103e+04 7.582835481934039235e-17 0.000000000000000000e+00
1.347318943595887504e+04 8.005572420551919431e-17 0.000000000000000000e+00
1.348012417507172904e+04 7.738403008864642128e-17 0.000000000000000000e+00
1.348705891418458305e+04 6.996590082505047079e-17 0.000000000000000000e+00
1.349399365329743705e+04 7.046076658959399492e-17 0.000000000000000000e+00
1.350092839241029105e+04 6.700074949662348524e-17 0.000000000000000000e+00
1.350786313152314506e+04 6.297885839204775578e-17 0.000000000000000000e+00
1.351479787063599906e+04 6.600305056387632623e-17 0.000000000000000000e+00
1.352173260974885306e+04 6.598421069824481847e-17 0.000000000000000000e+00
1.352866734886170707e+04 5.246935996471657835e-17 0.000000000000000000e+00
1.353560208797456107e+04 6.897131870885141159e-17 0.000000000000000000e+00
1.354253682708741508e+04 7.066660883066659075e-17 0.000000000000000000e+00
1.354947156620026908e+04 7.475176270849037577e-17 0.000000000000000000e+00
1.355640630531312308e+04 6.531169300790450570e-17 0.000000000000000000e+00
1.356334104442597709e+04 5.598445736031576903e-17 0.000000000000000000e+00
1.357027578353883109e+04 7.124977777996137568e-17 0.000000000000000000e+00
1.357721052265168510e+04 6.833303967842589374e-17 0.000000000000000000e+00
1.358414526176453910e+04 6.513650277161067486e-17 0.000000000000000000e+00
1.359108000087739310e+04 5.146423295006869315e-17 0.000000000000000000e+00
1.359801473999024711e+04 4.829386803783465207e-17 0.000000000000000000e+00
1.360494947910310111e+04 7.960265422296674957e-17 0.000000000000000000e+00
1.361188421821595512e+04 1.249564841357715260e-16 0.000000000000000000e+00
1.361881895732880912e+04 8.485331220132265101e-17 0.000000000000000000e+00
1.362575369644166312e+04 5.005308598611037942e-17 0.000000000000000000e+00
1.363268843555451713e+04 5.400898131269417813e-17 0.000000000000000000e+00
1.363962317466737113e+04 1.047070365660244043e-16 0.000000000000000000e+00
1.364655791378022514e+04 7.434123627920275834e-17 0.000000000000000000e+00
1.365349265289307914e+04 5.854990839931223118e-17 0.000000000000000000e+00
1.366042739200593314e+04 4.223801590760738244e-17 0.000000000000000000e+00
1.366736213111878715e+04 6.529097378792127746e-17 0.000000000000000000e+00
1.367429687023164115e+04 8.510604565695965287e-17 0.000000000000000000e+00
1.368123160934449515e+04 6.918637243322539794e-17 0.000000000000000000e+00
1.368816634845734916e+04 6.618345534675169136e-17 0.000000000000000000e+00
1.369510108757020316e+04 6.156630522104810190e-17 0.000000000000000000e+00
1.370203582668305717e+04 8.536147241267112739e-17 0.000000000000000000e+00
1.370897056579591117e+04 9.681509824755807955e-17 0.000000000000000000e+00
1.371590530490876517e+04 9.367446551526164449e-17 0.000000000000000000e+00
1.372284004402161918e+04 8.331356512189194317e-17 0.000000000000000000e+00
1.372977478313447318e+04 8.917474194931608285e-17 0.000000000000000000e+00
1.373670952224732719e+04 8.879493369925623466e-17 0.000000000000000000e+00
1.374364426136018119e+04 8.198071245727299862e-17 0.000000000000000000e+00
1.375057900047303519e+04 8.504341815842203804e-17 0.000000000000000000e+00
1.375751373958588920e+04 8.701814974349233122e-17 0.000000000000000000e+00
1.376444847869874320e+04 8.560357825179804796e-17 0.000000000000000000e+00
1.377138321781159721e+04 8.732218163199742165e-17 0.000000000000000000e+00
1.377831795692445121e+04 8.953496256247067534e-17 0.000000000000000000e+00
1.378525269603730521e+04 6.242675834656046256e-17 0.000000000000000000e+00
1.379218743515015922e+04 7.732471793000391899e-17 0.000000000000000000e+00
1.379912217426301322e+04 7.031374681624126999e-17 0.000000000000000000e+00
1.380605691337586723e+04 7.265535616403598243e-17 0.000000000000000000e+00
1.381299165248872123e+04 7.521023252608156667e-17 0.000000000000000000e+00
1.381992639160157523e+04 7.579809324381075238e-17 0.000000000000000000e+00
1.382686113071442924e+04 8.546801327556795736e-17 0.000000000000000000e+00
1.383379586982728324e+04 6.600851657336407664e-17 0.000000000000000000e+00
1.384073060894013724e+04 9.093672929828263774e-17 0.000000000000000000e+00
1.384766534805299125e+04 9.007535634792911811e-17 0.000000000000000000e+00
1.385460008716584525e+04 7.644815794360392577e-17 0.000000000000000000e+00
1.386153482627869926e+04 7.561605395204498248e-17 0.000000000000000000e+00
1.386846956539155326e+04 8.731526640207647834e-17 0.000000000000000000e+00
1.387540430450440726e+04 7.975410768440275872e-17 0.000000000000000000e+00
1.388233904361726127e+04 7.799049906143559990e-17 0.000000000000000000e+00
1.388927378273011527e+04 7.537277682517068682e-17 0.000000000000000000e+00
1.389620852184296928e+04 6.698996306143579376e-17 0.000000000000000000e+00
1.390314326095582328e+04 5.530931916179488827e-17 0.000000000000000000e+00
1.391007800006867728e+04 9.503289460442072866e-17 0.000000000000000000e+00
1.391701273918153129e+04 1.117553300690254459e-16 0.000000000000000000e+00
1.392394747829438529e+04 5.800696689756712509e-17 0.000000000000000000e+00
1.393088221740723930e+04 4.509904504924864307e-17 0.000000000000000000e+00
1.393781695652009330e+04 4.571664456436033523e-17 0.000000000000000000e+00
1.394475169563294730e+04 8.123702414702862334e-17 0.000000000000000000e+00
1.395168643474580313e+04 9.547260396571921690e-17 0.000000000000000000e+00
1.395862117385865713e+04 1.028208728635013889e-16 0.000000000000000000e+00
1.396555591297151113e+04 7.990174288013122310e-17 0.000000000000000000e+00
1.397249065208436514e+04 5.708439581677448227e-17 0.000000000000000000e+00
1.397942539119721914e+04 4.621342277048008196e-17 0.000000000000000000e+00
1.398636013031007315e+04 4.535947790202728852e-17 0.000000000000000000e+00
1.399329486942292715e+04 5.697729908850601667e-17 0.000000000000000000e+00
1.400022960853578115e+04 8.795752251688715114e-17 0.000000000000000000e+00
1.400716434764863516e+04 8.216259293036115834e-17 0.000000000000000000e+00
1.401409908676148916e+04 6.622803045560094891e-17 0.000000000000000000e+00
1.402103382587434317e+04 5.468373239068838407e-17 0.000000000000000000e+00
1.402796856498719717e+04 5.438866383130091825e-17 0.000000000000000000e+00
1.403490330410005117e+04 7.139640050662007516e-17 0.000000000000000000e+00
1.404183804321290518e+04 6.528625554970727499e-17 0.000000000000000000e+00
1.404877278232575918e+04 5.208745398462329569e-17 0.000000000000000000e+00
1.405570752143861318e+04 5.522429492099178766e-17 0.000000000000000000e+00
1.406264226055146719e+04 6.615020268612705964e-17 0.000000000000000000e+00
1.406957699966432119e+04 6.739039126980536382e-17 0.000000000000000000e+00
1.407651173877717520e+04 6.113788522074973739e-17 0.000000000000000000e+00
1.408344647789002920e+04 6.781674662729479598e-17 0.000000000000000000e+00
1.409038121700288320e+04 6.996313473308209347e-17 0.000000000000000000e+00
1.409731595611573721e+04 6.535807467921157907e-17 0.000000000000000000e+00
1.410425069522859121e+04 7.550007661272014757e-17 0.000000000000000000e+00
1.411118543434144522e+04 6.791342087984509343e-17 0.000000000000000000e+00
1.411812017345429922e+04 5.158080255071211602e-17 0.000000000000000000e+00
1.412505491256715322e+04 5.834519112387270747e-17 0.000000000000000000e+00
1.413198965168000723e+04 5.537073235919327526e-17 0.000000000000000000e+00
1.413892439079286123e+04 7.855308775709006551e-17 0.000000000000000000e+00
1.414585912990571524e+04 8.302061745359506331e-17 0.000000000000000000e+00
1.415279386901856924e+04 6.974360099851051992e-17 0.000000000000000000e+00
1.415972860813142324e+04 6.996496776531951098e-17 0.000000000000000000e+00
1.416666334724427725e+04 6.576433947398332329e-17 0.000000000000000000e+00
1.417359808635713125e+04 5.521975535379009664e-17 0.000000000000000000e+00
1.418053282546998526e+04 6.971568199847563013e-17 0.000000000000000000e+00
1.418746756458283926e+04 7.698543491251426873e-17 0.000000000000000000e+00
1.419440230369569326e+04 8.235754947457255633e-17 0.000000000000000000e+00
1.420133704280854727e+04 7.442215439544514572e-17 0.000000000000000000e+00
1.420827178192140127e+04 6.188942843809091621e-17 0.000000000000000000e+00
1.421520652103425527e+04 5.975851191848081056e-17 0.000000000000000000e+00
1.422214126014710928e+04 6.432496579880225005e-17 0.000000000000000000e+00
1.422907599925996328e+04 6.677921729369198358e-17 0.000000000000000000e+00
1.423601073837281729e+04 7.035550289356294683e-17 0.000000000000000000e+00
1.424294547748567129e+04 6.665755556919768427e-17 0.000000000000000000e+00
1.424988021659852529e+04 6.300118565114178710e-17 0.000000000000000000e+00
1.425681495571137930e+04 6.340759602970134066e-17 0.000000000000000000e+00
1.426374969482423330e+04 7.004753362534210399e-17 0.000000000000000000e+00
1.427068443393708731e+04 7.086901000039096598e-17 0.000000000000000000e+00
1.427761917304994131e+04 6.731214660130274783e-17 0.000000000000000000e+00
1.428455391216279531e+04 6.835540664218932761e-17 0.000000000000000000e+00
1.429148865127564932e+04 5.858978512228218754e-17 0.000000000000000000e+00
1.429842339038850332e+04 5.206419366579830455e-17 0.000000000000000000e+00
1.430535812950135733e+04 6.119993038413611489e-17 0.000000000000000000e+00
1.431229286861421133e+04 6.601282452999425281e-17 0.000000000000000000e+00
1.431922760772706533e+04 6.263596224964247390e-17 0.000000000000000000e+00
1.432616234683991934e+04 6.479815281385198442e-17 0.000000000000000000e+00
1.433309708595277334e+04 6.789456777932378483e-17 0.000000000000000000e+00
1.434003182506562734e+04 6.182038863544479031e-17 0.000000000000000000e+00
1.434696656417848135e+04 6.450881827047073619e-17 0.000000000000000000e+00
1.435390130329133535e+04 6.468326735293571952e-17 0.000000000000000000e+00
1.436083604240418936e+04 6.046752481744696291e-17 0.000000000000000000e+00
1.436777078151704336e+04 6.617857828986007870e-17 0.000000000000000000e+00
1.437470552062989736e+04 6.696524690473270930e-17 0.000000000000000000e+00
1.438164025974275137e+04 6.370180762997420154e-17 0.000000000000000000e+00
1.438857499885560537e+04 6.658466441361951147e-17 0.000000000000000000e+00
1.439550973796845938e+04 6.456950685765252673e-17 0.000000000000000000e+00
1.440244447708131338e+04 6.605035206002455857e-17 0.000000000000000000e+00
1.440937921619416738e+04 6.811537206331623982e-17 0.000000000000000000e+00
1.441631395530702139e+04 7.113616948591089265e-17 0.000000000000000000e+00
1.442324869441987539e+04 7.065015786264413613e-17 0.000000000000000000e+00
1.443018343353272940e+04 6.904992733682355091e-17 0.000000000000000000e+00
1.443711817264558340e+04 6.449259891301979642e-17 0.000000000000000000e+00
1.444405291175843740e+04 7.161309535732936671e-17 0.000000000000000000e+00
1.445098765087129141e+04 8.878190395024729937e-17 0.000000000000000000e+00
1.445792238998414541e+04 9.064298091915280655e-17 0.000000000000000000e+00
1.446485712909699942e+04 8.550627534198221020e-17 0.000000000000000000e+00
1.447179186820985342e+04 8.062540680210691468e-17 0.000000000000000000e+00
1.447872660732270742e+04 7.431910754345573975e-17 0.000000000000000000e+00
1.448566134643556143e+04 7.436670020717959075e-17 0.000000000000000000e+00
1.449259608554841543e+04 7.672991551257418827e-17 0.000000000000000000e+00
1.449953082466126943e+04 8.657642206149921359e-17 0.000000000000000000e+00
1.450646556377412344e+04 8.758966537231746910e-17 0.000000000000000000e+00
1.451340030288697744e+04 8.764349828658242014e-17 0.000000000000000000e+00
1.452033504199983145e+04 8.120718608797261053e-17 0.000000000000000000e+00
1.452726978111268545e+04 7.901679197359749197e-17 0.000000000000000000e+00
1.453420452022553945e+04 8.186132051637954482e-17 0.000000000000000000e+00
1.454113925933839346e+04 8.953688823893669879e-17 0.000000000000000000e+00
1.454807399845124746e+04 8.496062068782793018e-17 0.000000000000000000e+00
1.455500873756410147e+04 8.551928523865644422e-17 0.000000000000000000e+00
1.456194347667695547e+04 8.943785155855694989e-17 0.000000000000000000e+00
1.456887821578980947e+04 9.442999243443287870e-17 0.000000000000000000e+00
1.457581295490266348e+04 8.972834415479577237e-17 0.000000000000000000e+00
1.458274769401551748e+04 8.586662168658991076e-17 0.000000000000000000e+00
1.458968243312837149e+04 9.078577876265906082e-17 0.000000000000000000e+00
1.459661717224122549e+04 9.716903228805726903e-17 0.000000000000000000e+00
1.460355191135407949e+04 9.404812615900899858e-17 0.000000000000000000e+00
1.461048665046693350e+04 8.707625752716295631e-17 0.000000000000000000e+00
1.461742138957978750e+04 8.554600648116435723e-17 0.000000000000000000e+00
1.462435612869264151e+04 8.753101495816500923e-17 0.000000000000000000e+00
1.463129086780549551e+04 8.316162196953330262e-17 0.000000000000000000e+00
1.463822560691834951e+04 7.807121203688607413e-17 0.000000000000000000e+00
1.464516034603120352e+04 7.781020015767864157e-17 0.000000000000000000e+00
1.465209508514405752e+04 8.234982029892886084e-17 0.000000000000000000e+00
1.465902982425691152e+04 8.644515842445439874e-17 0.000000000000000000e+00
1.466596456336976553e+04 8.615052992515281113e-17 0.000000000000000000e+00
1.467289930248261953e+04 7.757545291728099274e-17 0.000000000000000000e+00
1.467983404159547354e+04 8.090064618785025932e-17 0.000000000000000000e+00
1.468676878070832754e+04 7.287768907780043542e-17 0.000000000000000000e+00
1.469370351982118154e+04 8.363963971936034668e-17 0.000000000000000000e+00
1.470063825893403555e+04 8.104998206691813273e-17 0.000000000000000000e+00
1.470757299804688955e+04 7.364252674194656650e-17 0.000000000000000000e+00
1.471450773715974356e+04 7.907581958210927603e-17 0.000000000000000000e+00
1.472144247627259756e+04 7.783672287683954184e-17 0.000000000000000000e+00
1.472837721538545156e+04 7.682757576441464893e-17 0.000000000000000000e+00
1.473531195449830557e+04 7.018445517777678155e-17 0.000000000000000000e+00
1.474224669361115957e+04 6.876593307147694503e-17 0.000000000000000000e+00
1.474918143272401358e+04 6.885995372862217237e-17 0.000000000000000000e+00
1.475611617183686758e+04 7.046438633195452697e-17 0.000000000000000000e+00
1.476305091094972158e+04 7.417292156816046827e-17 0.000000000000000000e+00
1.476998565006257559e+04 7.352255908334677579e-17 0.000000000000000000e+00
1.477692038917542959e+04 7.392002929384585623e-17 0.000000000000000000e+00
1.478385512828828359e+04 7.739332098128661689e-17 0.000000000000000000e+00
1.479078986740113760e+04 7.696460319596773328e-17 0.000000000000000000e+00
1.479772460651399160e+04 7.608933361132332279e-17 0.000000000000000000e+00
1.480465934562684561e+04 7.719192566318710614e-17 0.000000000000000000e+00
1.481159408473969961e+04 7.580863483353712817e-17 0.000000000000000000e+00
1.481852882385255361e+04 7.582474169442476072e-17 0.000000000000000000e+00
1.482546356296540762e+04 7.239468839196337192e-17 0.000000000000000000e+00
1.483239830207826162e+04 7.524430574987385099e-17 0.000000000000000000e+00
1.483933304119111563e+04 7.096464531409189683e-17 0.000000000000000000e+00
1.484626778030396963e+04 7.134937032571276021e-17 0.000000000000000000e+00
1.485320251941682363e+04 7.675165381907208184e-17 0.000000000000000000e+00
1.486013725852967764e+04 7.666450868717839527e-17 0.000000000000000000e+00
1.486707199764253164e+04 8.356150754742103790e-17 0.000000000000000000e+00
1.487400673675538565e+04 7.980962142967241752e-17 0.000000000000000000e+00
1.488094147586823965e+04 8.164823879058588489e-17 0.000000000000000000e+00
1.488787621498109365e+04 8.576630783934437998e-17 0.000000000000000000e+00
1.489481095409394766e+04 8.634407033615551833e-17 0.000000000000000000e+00
1.490174569320680166e+04 9.141970351434009954e-17 0.000000000000000000e+00
1.490868043231965567e+04 9.385286521233218108e-17 0.000000000000000000e+00
1.491561517143250967e+04 9.477673331232530705e-17 0.000000000000000000e+00
1.492254991054536367e+04 9.341186544927811012e-17 0.000000000000000000e+00
1.492948464965821768e+04 9.686745547161023599e-17 0.000000000000000000e+00
1.493641938877107168e+04 1.022685213551078796e-16 0.000000000000000000e+00
1.494335412788392568e+04 1.029235292862416698e-16 0.000000000000000000e+00
1.495028886699677969e+04 1.053283286153905332e-16 0.000000000000000000e+00
1.495722360610963369e+04 1.021474154959852159e-16 0.000000000000000000e+00
1.496415834522248770e+04 1.037150881928957139e-16 0.000000000000000000e+00
1.497109308433534170e+04 1.056452579040065504e-16 0.000000000000000000e+00
1.497802782344819570e+04 1.081252049374446312e-16 0.000000000000000000e+00
1.498496256256104971e+04 1.053772778553189711e-16 0.000000000000000000e+00
1.499189730167390371e+04 1.063079089840003307e-16 0.000000000000000000e+00
1.499883204078675772e+04 1.117284764776195244e-16 0.000000000000000000e+00
1.500576677989961172e+04 1.148823904218311109e-16 0.000000000000000000e+00
1.501270151901246572e+04 1.201479707384374689e-16 0.000000000000000000e+00
1.501963625812531973e+04 1.325751749194095338e-16 0.000000000000000000e+00
1.502657099723817373e+04 1.355170262243421257e-16 0.000000000000000000e+00
1.503350573635102774e+04 1.547154514903344700e-16 0.000000000000000000e+00
1.504044047546388174e+04 1.624105605276825767e-16 0.000000000000000000e+00
1.504737521457673574e+04 1.629385399865078236e-16 0.000000000000000000e+00
1.505430995368958975e+04 1.691392843815523318e-16 0.000000000000000000e+00
1.506124469280244375e+04 1.726789027192300444e-16 0.000000000000000000e+00
1.506817943191529776e+04 1.790374864100394712e-16 0.000000000000000000e+00
1.507511417102815176e+04 1.904835352705154376e-16 0.000000000000000000e+00
1.508204891014100576e+04 2.025703116160300788e-16 0.000000000000000000e+00
1.508898364925385977e+04 2.134208433750270687e-16 0.000000000000000000e+00
1.509591838836671377e+04 2.125798058328525527e-16 0.000000000000000000e+00
1.510285312747956777e+04 2.147589701432316514e-16 0.000000000000000000e+00
1.510978786659242178e+04 2.186894941860672236e-16 0.000000000000000000e+00
1.511672260570527578e+04 2.216388364386270957e-16 0.000000000000000000e+00
1.512365734481812979e+04 2.128576194046621624e-16 0.000000000000000000e+00
1.513059208393098379e+04 2.042452266249968518e-16 0.000000000000000000e+00
1.513752682304383779e+04 2.007167917692008561e-16 0.000000000000000000e+00
1.514446156215669180e+04 1.900637113311427241e-16 0.000000000000000000e+00
1.515139630126954580e+04 1.832893006376804402e-16 0.000000000000000000e+00
1.515833104038239981e+04 1.811515350625983955e-16 0.000000000000000000e+00
1.516526577949525381e+04 1.818032210363921728e-16 0.000000000000000000e+00
1.517220051860810781e+04 1.775655549059483107e-16 0.000000000000000000e+00
1.517913525772096182e+04 1.737810646371753002e-16 0.000000000000000000e+00
1.518606999683381582e+04 1.763576462184942759e-16 0.000000000000000000e+00
1.519300473594666983e+04 1.685295662433170449e-16 0.000000000000000000e+00
1.519993947505952383e+04 1.524404268731278261e-16 0.000000000000000000e+00
1.520687421417237783e+04 1.384065203052225611e-16 0.000000000000000000e+00
1.521380895328523184e+04 1.222492609572283753e-16 0.000000000000000000e+00
1.522074369239808584e+04 1.145015961724810995e-16 0.000000000000000000e+00
1.522767843151093984e+04 1.081686815504404183e-16 0.000000000000000000e+00
1.523461317062379385e+04 1.031026304324716514e-16 0.000000000000000000e+00
1.524154790973664785e+04 1.025434232511613026e-16 0.000000000000000000e+00
1.524848264884950186e+04 1.020552675757468086e-16 0.000000000000000000e+00
1.525541738796235586e+04 9.859986284187189460e-17 0.000000000000000000e+00
1.526235212707520986e+04 9.577503443255840467e-17 0.000000000000000000e+00
1.526928686618806387e+04 9.443318204287488317e-17 0.000000000000000000e+00
1.527622160530091787e+04 9.316152750869506182e-17 0.000000000000000000e+00
1.528315634441377188e+04 9.062279109476161225e-17 0.000000000000000000e+00
1.529009108352662588e+04 8.769676871803083512e-17 0.000000000000000000e+00
1.529702582263947988e+04 8.525988139855981474e-17 0.000000000000000000e+00
1.530396056175233389e+04 8.585922338319123648e-17 0.000000000000000000e+00
1.531089530086518789e+04 7.909853065300753196e-17 0.000000000000000000e+00
1.531783003997804190e+04 8.401619218652918615e-17 0.000000000000000000e+00
1.532476477909089590e+04 8.282894316205427574e-17 0.000000000000000000e+00
1.533169951820374990e+04 7.440705338618237765e-17 0.000000000000000000e+00
1.533863425731660391e+04 7.374147739554260989e-17 0.000000000000000000e+00
1.534556899642945791e+04 7.364745673839738255e-17 0.000000000000000000e+00
1.535250373554231192e+04 7.730164289963613973e-17 0.000000000000000000e+00
1.535943847465516592e+04 7.304180832877585653e-17 0.000000000000000000e+00
1.536637321376801992e+04 6.851695832454338412e-17 0.000000000000000000e+00
1.537330795288087393e+04 6.918898632396106550e-17 0.000000000000000000e+00
1.538024269199372793e+04 6.799404782851186215e-17 0.000000000000000000e+00
1.538717743110658193e+04 6.513840859574199704e-17 0.000000000000000000e+00
1.539411217021943594e+04 6.323905632553243616e-17 0.000000000000000000e+00
1.540104690933228994e+04 6.992611012886421995e-17 0.000000000000000000e+00
1.540798164844514395e+04 6.333505559870289034e-17 0.000000000000000000e+00
1.541491638755799795e+04 6.487283067955327176e-17 0.000000000000000000e+00
1.542185112667085195e+04 6.576462402411404153e-17 0.000000000000000000e+00
1.542878586578370596e+04 7.023585948976327690e-17 0.000000000000000000e+00
1.543572060489655996e+04 6.684501454833690162e-17 0.000000000000000000e+00
1.544265534400941397e+04 6.705482063890485156e-17 0.000000000000000000e+00
1.544959008312226797e+04 6.696850268762371801e-17 0.000000000000000000e+00
1.545652482223512197e+04 6.730152560223756695e-17 0.000000000000000000e+00
1.546345956134797598e+04 6.449664878929885605e-17 0.000000000000000000e+00
1.547039430046082998e+04 6.580991381701254491e-17 0.000000000000000000e+00
1.547732903957368399e+04 6.559312632207464741e-17 0.000000000000000000e+00
1.548426377868653799e+04 6.683753021815452182e-17 0.000000000000000000e+00
1.549119851779939199e+04 6.238244131806232155e-17 0.000000000000000000e+00
1.549813325691224600e+04 5.988016702553020944e-17 0.000000000000000000e+00
1.550506799602510000e+04 6.308718596506770028e-17 0.000000000000000000e+00
1.551200273513795401e+04 6.321878709180243677e-17 0.000000000000000000e+00
1.551893747425080801e+04 6.497403788186035980e-17 0.000000000000000000e+00
1.552587221336366201e+04 6.193706080648416976e-17 0.000000000000000000e+00
1.553280695247651602e+04 5.931906063753343886e-17 0.000000000000000000e+00
1.553974169158937002e+04 6.207756901405487725e-17 0.000000000000000000e+00
1.554667643070222402e+04 5.779024557707823184e-17 0.000000000000000000e+00
1.555361116981507803e+04 6.244718639896807214e-17 0.000000000000000000e+00
1.556054590892793203e+04 6.110405684241876877e-17 0.000000000000000000e+00
1.556748064804078604e+04 5.829745287636104714e-17 0.000000000000000000e+00
1.557441538715364004e+04 6.051454176346447700e-17 0.000000000000000000e+00
1.558135012626649404e+04 5.986916221466080396e-17 0.000000000000000000e+00
1.558828486537934805e+04 6.097814671829839711e-17 0.000000000000000000e+00
1.559521960449220205e+04 6.914304140401742013e-17 0.000000000000000000e+00
1.560215434360505606e+04 6.265042798419480125e-17 0.000000000000000000e+00
1.560908908271791006e+04 5.874910672570480110e-17 0.000000000000000000e+00
1.561602382183076406e+04 6.209050611883520660e-17 0.000000000000000000e+00
1.562295856094361807e+04 5.881946339988611142e-17 0.000000000000000000e+00
1.562989330005647207e+04 6.116413662466972027e-17 0.000000000000000000e+00
1.563682803916932608e+04 5.995051046482171892e-17 0.000000000000000000e+00
1.564376277828218008e+04 5.778818093426929948e-17 0.000000000000000000e+00
1.565069751739503408e+04 6.005779248154739639e-17 0.000000000000000000e+00
1.565763225650788809e+04 6.044976359533422430e-17 0.000000000000000000e+00
1.566456699562074209e+04 6.372414812395803371e-17 0.000000000000000000e+00
1.567150173473359609e+04 6.229458811956428959e-17 0.000000000000000000e+00
1.567843647384645010e+04 6.642544207187040428e-17 0.000000000000000000e+00
1.568537121295930410e+04 6.384258053534092600e-17 0.000000000000000000e+00
1.569230595207215811e+04 6.411033559090189085e-17 0.000000000000000000e+00
1.569924069118501211e+04 6.338080861274442341e-17 0.000000000000000000e+00
1.570617543029786611e+04 6.196063214521948083e-17 0.000000000000000000e+00
1.571311016941072012e+04 7.208920728302508859e-17 0.000000000000000000e+00
1.572004490852357412e+04 6.978190938703907574e-17 0.000000000000000000e+00
1.572697964763642813e+04 7.164477968351259788e-17 0.000000000000000000e+00
1.573391438674928213e+04 7.426438789157413186e-17 0.000000000000000000e+00
1.574084912586213613e+04 8.292846291591175561e-17 0.000000000000000000e+00
1.574778386497499014e+04 8.423743322188506914e-17 0.000000000000000000e+00
1.575471860408784414e+04 8.301675286577321557e-17 0.000000000000000000e+00
1.576165334320069815e+04 8.636814460070326165e-17 0.000000000000000000e+00
1.576858808231355215e+04 9.083286850057047958e-17 0.000000000000000000e+00
1.577552282142640615e+04 9.037166567823541347e-17 0.000000000000000000e+00
1.578245756053926016e+04 9.203859343120737442e-17 0.000000000000000000e+00
1.578939229965211416e+04 1.017770304874635718e-16 0.000000000000000000e+00
1.579632703876496817e+04 1.039711039012033262e-16 0.000000000000000000e+00
1.580326177787782217e+04 1.063473158683823569e-16 0.000000000000000000e+00
1.581019651699067617e+04 1.114029511280778561e-16 0.000000000000000000e+00
1.581713125610353018e+04 1.082527164832309055e-16 0.000000000000000000e+00
1.582406599521638418e+04 1.103461517949250084e-16 0.000000000000000000e+00
1.583100073432923818e+04 1.111897635231657894e-16 0.000000000000000000e+00
1.583793547344209219e+04 1.103665335252183150e-16 0.000000000000000000e+00
1.584487021255494619e+04 1.112786755128478892e-16 0.000000000000000000e+00
1.585180495166780020e+04 1.052465965534253936e-16 0.000000000000000000e+00
1.585873969078065420e+04 1.076902005794703446e-16 0.000000000000000000e+00
1.586567442989350820e+04 1.053288381586478658e-16 0.000000000000000000e+00
1.587260916900636221e+04 1.059597718252339128e-16 0.000000000000000000e+00
1.587954390811921621e+04 1.072626871691233382e-16 0.000000000000000000e+00
1.588647864723207022e+04 1.061694985064630576e-16 0.000000000000000000e+00
1.589341338634492422e+04 1.061157780887614138e-16 0.000000000000000000e+00
1.590034812545777822e+04 1.026819462252618828e-16 0.000000000000000000e+00
1.590728286457063223e+04 1.224625544412588488e-16 0.000000000000000000e+00
1.591421760368348623e+04 1.243217917604820381e-16 0.000000000000000000e+00
1.592115234279634024e+04 1.082148845507351802e-16 0.000000000000000000e+00
1.592808708190919424e+04 1.121485783496780557e-16 0.000000000000000000e+00
1.593502182102204824e+04 1.077164586008352279e-16 0.000000000000000000e+00
1.594195656013490225e+04 1.100254704150504506e-16 0.000000000000000000e+00
1.594889129924775625e+04 1.114981364555255581e-16 0.000000000000000000e+00
1.595582603836061026e+04 1.064748274141686312e-16 0.000000000000000000e+00
1.596276077747346426e+04 1.116897511900622419e-16 0.000000000000000000e+00
1.596969551658631826e+04 1.094543187456948361e-16 0.000000000000000000e+00
1.597663025569917227e+04 1.028673339441472673e-16 0.000000000000000000e+00
1.598356499481202627e+04 1.005923357967202251e-16 0.000000000000000000e+00
1.599049973392488027e+04 9.547308703919694787e-17 0.000000000000000000e+00
1.599743447303773428e+04 9.233371162143159342e-17 0.000000000000000000e+00
1.600436921215058828e+04 9.512390432413626298e-17 0.000000000000000000e+00
1.601130395126344229e+04 9.385806652402391452e-17 0.000000000000000000e+00
1.601823869037629629e+04 9.770462180851800381e-17 0.000000000000000000e+00
1.602517342948915029e+04 9.185558799248614258e-17 0.000000000000000000e+00
1.603210816860200430e+04 9.269782329218763535e-17 0.000000000000000000e+00
1.603904290771485830e+04 9.588424874319500602e-17 0.000000000000000000e+00
1.604597764682771231e+04 9.254102293527208343e-17 0.000000000000000000e+00
1.605291238594056631e+04 9.149755775359359050e-17 0.000000000000000000e+00
1.605984712505342031e+04 8.624656890299266785e-17 0.000000000000000000e+00
1.606678186416627432e+04 8.194051147950292147e-17 0.000000000000000000e+00
1.607371660327912832e+04 8.243365670837233530e-17 0.000000000000000000e+00
1.608065134239198233e+04 8.062786849160987249e-17 0.000000000000000000e+00
1.608758608150483633e+04 7.715909651903610157e-17 0.000000000000000000e+00
1.609452082061769033e+04 8.423210617874022765e-17 0.000000000000000000e+00
1.610145555973054434e+04 8.252230400025841817e-17 0.000000000000000000e+00
1.610839029884339834e+04 7.787353572282060179e-17 0.000000000000000000e+00
1.611532503795625234e+04 7.598706100038726645e-17 0.000000000000000000e+00
1.612225977706910635e+04 7.833567822233152814e-17 0.000000000000000000e+00
1.612919451618196035e+04 7.871569161318328948e-17 0.000000000000000000e+00
1.613612925529481436e+04 8.144597658720441856e-17 0.000000000000000000e+00
1.614306399440766836e+04 7.730180833575865033e-17 0.000000000000000000e+00
1.614999873352052236e+04 7.059103099245884571e-17 0.000000000000000000e+00
1.615693347263337637e+04 6.896705707433553839e-17 0.000000000000000000e+00
1.616386821174623037e+04 6.960873085399497387e-17 0.000000000000000000e+00
1.617080295085908438e+04 6.771188659540267377e-17 0.000000000000000000e+00
1.617773768997193838e+04 6.723423280504515305e-17 0.000000000000000000e+00
1.618467242908479238e+04 7.009683358985026444e-17 0.000000000000000000e+00
1.619160716819764639e+04 6.975504256074335340e-17 0.000000000000000000e+00
1.619854190731050039e+04 6.422575044741018970e-17 0.000000000000000000e+00
1.620547664642335440e+04 6.293037237326234751e-17 0.000000000000000000e+00
1.621241138553620840e+04 6.130890646675630096e-17 0.000000000000000000e+00
1.621934612464906240e+04 6.701380571541202223e-17 0.000000000000000000e+00
1.622628086376191641e+04 7.078923670211635199e-17 0.000000000000000000e+00
1.623321560287477041e+04 6.617744008933720574e-17 0.000000000000000000e+00
1.624015034198762442e+04 6.774119525886665265e-17 0.000000000000000000e+00
1.624708508110047842e+04 6.717818966418346032e-17 0.000000000000000000e+00
1.625401982021333242e+04 6.517822576170784958e-17 0.000000000000000000e+00
1.626095455932618643e+04 7.009064627886836779e-17 0.000000000000000000e+00
1.626788929843904043e+04 6.421834552656661499e-17 0.000000000000000000e+00
1.627482403755189443e+04 6.485637971153081715e-17 0.000000000000000000e+00
1.628175877666474844e+04 6.316772026950586306e-17 0.000000000000000000e+00
1.628869351577760244e+04 6.342225367015578031e-17 0.000000000000000000e+00
1.629562825489045645e+04 6.493709930442619180e-17 0.000000000000000000e+00
1.630256299400331045e+04 6.286124654383251609e-17 0.000000000000000000e+00
1.630949773311616445e+04 6.212045667445452663e-17 0.000000000000000000e+00
1.631643247222901846e+04 6.185383320197153432e-17 0.000000000000000000e+00
1.632336721134187246e+04 5.867741332765360508e-17 0.000000000000000000e+00
1.633030195045472647e+04 5.726315947331454218e-17 0.000000000000000000e+00
1.633723668956758047e+04 5.845625831908142760e-17 0.000000000000000000e+00
1.634417142868043447e+04 5.727554071272323590e-17 0.000000000000000000e+00
1.635110616779328848e+04 6.028132977028372659e-17 0.000000000000000000e+00
1.635804090690614248e+04 5.695749307591904697e-17 0.000000000000000000e+00
1.636497564601899649e+04 6.121435641401903969e-17 0.000000000000000000e+00
1.637191038513185049e+04 5.840751421994490279e-17 0.000000000000000000e+00
1.637884512424470449e+04 6.245372443452969127e-17 0.000000000000000000e+00
1.638577986335755850e+04 6.352561815950040665e-17 0.000000000000000000e+00
1.639271460247041250e+04 5.895641142210039068e-17 0.000000000000000000e+00
1.639964934158326651e+04 6.232173287854582975e-17 0.000000000000000000e+00
1.640658408069612051e+04 6.345866946944281480e-17 0.000000000000000000e+00
1.641351881980897451e+04 6.050495970324866273e-17 0.000000000000000000e+00
1.642045355892182852e+04 6.220972600616124937e-17 0.000000000000000000e+00
1.642738829803468252e+04 6.195180447372231492e-17 0.000000000000000000e+00
1.643432303714753652e+04 6.504422911991915952e-17 0.000000000000000000e+00
1.644125777626039053e+04 6.360715831556343390e-17 0.000000000000000000e+00
1.644819251537324453e+04 6.336500615432221037e-17 0.000000000000000000e+00
1.645512725448609854e+04 6.655015443846379916e-17 0.000000000000000000e+00
1.646206199359895254e+04 6.741694707619076622e-17 0.000000000000000000e+00
1.646899673271180654e+04 6.761779976380844219e-17 0.000000000000000000e+00
1.647593147182466055e+04 6.759367917714639590e-17 0.000000000000000000e+00
