9.384657226562509095e+03 4.128673371862526904e-16 6.620814834239762434e-18
9.391595556259164368e+03 3.634188507447471198e-16 6.273464737826188776e-18
9.398533885955819642e+03 3.751707711434104945e-16 6.214450364204205570e-18
9.405472215652474915e+03 4.065920141871804012e-16 6.559115018759125823e-18
9.412410545349130189e+03 3.328354821044893263e-16 6.146789058048899288e-18
9.419348875045785462e+03 3.683901665215214135e-16 6.624729880078975914e-18
9.426287204742440736e+03 3.807767792954742762e-16 6.713387511722715696e-18
9.433225534439096009e+03 3.841176889976820504e-16 6.726639772316427753e-18
9.440163864135751282e+03 4.161741802821130806e-16 7.035315039190084602e-18
9.447102193832406556e+03 4.245350307462234657e-16 6.932432382552270402e-18
9.454040523529061829e+03 4.084447399406215731e-16 6.721630366526806617e-18
9.460978853225717103e+03 3.782918493260261760e-16 6.619682010390871062e-18
9.467917182922372376e+03 3.801498425656080855e-16 6.382093818179408859e-18
9.474855512619027650e+03 3.917898222663358842e-16 6.509822085286172074e-18
9.481793842315682923e+03 3.941691378151732138e-16 6.742327666223802199e-18
9.488732172012338197e+03 4.224487356575769206e-16 8.122187350692910209e-18
9.495670501708993470e+03 3.854615861778398029e-16 6.733176153516821777e-18
9.502608831405648743e+03 4.018006664419180446e-16 7.090517764549423457e-18
9.509547161102304017e+03 3.459364348205531828e-16 6.946852208580601057e-18
9.516485490798959290e+03 3.743017947488663875e-16 6.201950010787304215e-18
9.523423820495614564e+03 3.816289738497509075e-16 6.546234162260450076e-18
9.530362150192269837e+03 4.139902911160750791e-16 6.717395615380841392e-18
9.537300479888925111e+03 3.516225140559120976e-16 6.130457204034652310e-18
9.544238809585580384e+03 3.043602461210494778e-16 6.705170299517613919e-18
9.551177139282235657e+03 3.186431539056679054e-16 6.863816923560384203e-18
9.558115468978890931e+03 2.999035028597321715e-16 5.542327239016080591e-18
9.565053798675546204e+03 3.195628993374880671e-16 5.775979705873015489e-18
9.571992128372201478e+03 3.031369187869774546e-16 5.688976021864075485e-18
9.578930458068856751e+03 2.733451024359288047e-16 5.217491758105281517e-18
9.585868787765512025e+03 3.025927265881461683e-16 5.482032389805865298e-18
9.592807117462167298e+03 2.726668143336353220e-16 5.462247470324515706e-18
9.599745447158822572e+03 2.664026086419957456e-16 4.889009651464042421e-18
9.606683776855477845e+03 2.852535121715974115e-16 5.438176514499222600e-18
9.613622106552133118e+03 2.519313948452908463e-16 5.789025171313589289e-18
9.620560436248788392e+03 2.788511077606573756e-16 5.093012656444626595e-18
9.627498765945443665e+03 3.092118390846852966e-16 6.093649734727573961e-18
9.634437095642098939e+03 2.668567771204016607e-16 5.485248881617777746e-18
9.641375425338754212e+03 2.718818794893266026e-16 5.810552960345588110e-18
9.648313755035409486e+03 3.398946282171270636e-16 5.347172998638282431e-18
9.655252084732064759e+03 3.329860951504229815e-16 5.324267953886382818e-18
9.662190414428720032e+03 3.517067144248250954e-16 5.558934130584001452e-18
9.669128744125375306e+03 3.226028476456245476e-16 5.007585578683212662e-18
9.676067073822030579e+03 3.277719456155827205e-16 6.209624178920264930e-18
9.683005403518685853e+03 3.597866411180226714e-16 5.500057068943702048e-18
9.689943733215341126e+03 3.408303613958266502e-16 5.145583293094821716e-18
9.696882062911996400e+03 3.134911289435528270e-16 4.802194564634764507e-18
9.703820392608651673e+03 2.706153799447242117e-16 5.291405722510876135e-18
9.710758722305306947e+03 2.968431992910819861e-16 4.929879404759368689e-18
9.717697052001962220e+03 2.799611179682545345e-16 4.663353539588657642e-18
9.724635381698617493e+03 2.711197351252549442e-16 4.475796953137159041e-18
9.731573711395272767e+03 2.521259477253633184e-16 4.432252924921448834e-18
9.738512041091928040e+03 2.399478638751126238e-16 4.288932303268061047e-18
9.745450370788583314e+03 2.195832859989879215e-16 4.239454081337895420e-18
9.752388700485238587e+03 1.863843325571680519e-16 3.847132656561651307e-18
9.759327030181893861e+03 2.224043292298183688e-16 4.163269092560536465e-18
9.766265359878549134e+03 1.925219729976421147e-16 3.904359079289601144e-18
9.773203689575204407e+03 1.950330286395570898e-16 3.882576105038629713e-18
9.780142019271859681e+03 2.063659853666848063e-16 4.077752265702660529e-18
9.787080348968514954e+03 1.907275601686634812e-16 3.866901446021056115e-18
9.794018678665170228e+03 1.684028024688045185e-16 3.694972369292215590e-18
9.800957008361825501e+03 1.827969097975296747e-16 3.909839978028377505e-18
9.807895338058480775e+03 1.837665772336786367e-16 3.865343037747006211e-18
9.814833667755136048e+03 1.565699771887885572e-16 4.746460375731860332e-18
9.821771997451791322e+03 1.547351450063581325e-16 4.654063887719380864e-18
9.828710327148446595e+03 1.911983913733286645e-16 4.747943510570167911e-18
9.835648656845101868e+03 1.749199930789873130e-16 3.621533206558226410e-18
9.842586986541757142e+03 1.922201910404031685e-16 3.799580524687815405e-18
9.849525316238412415e+03 1.924315787003023199e-16 4.103472206079078095e-18
9.856463645935067689e+03 1.728503474817102352e-16 3.551443711714770716e-18
9.863401975631722962e+03 1.954635596047786896e-16 3.786617777308496908e-18
9.870340305328378236e+03 1.837931131877293379e-16 3.723113467321575868e-18
9.877278635025033509e+03 2.064299495890923068e-16 4.392247161775934204e-18
9.884216964721688782e+03 1.899583748432177714e-16 3.707418955969300997e-18
9.891155294418344056e+03 1.939589643926590353e-16 3.712617786119196776e-18
9.898093624114999329e+03 1.982200562780503991e-16 3.814705108598041240e-18
9.905031953811654603e+03 1.895481726687302747e-16 3.702507571082267395e-18
9.911970283508309876e+03 1.791640781309845865e-16 3.595043161031521975e-18
9.918908613204965150e+03 1.879381086197876591e-16 4.228338841856714111e-18
9.925846942901620423e+03 1.743152777290967468e-16 3.720793225703364625e-18
9.932785272598275697e+03 1.808991457140962157e-16 3.601960872494302946e-18
9.939723602294930970e+03 1.888827224095436150e-16 3.701647716835518523e-18
9.946661931991586243e+03 2.140399053454617546e-16 4.088255391530552598e-18
9.953600261688241517e+03 2.179019653033575379e-16 4.038158024911891030e-18
9.960538591384896790e+03 2.036830746807058142e-16 3.728486005400107782e-18
9.967476921081552064e+03 2.254158754644422285e-16 3.996509894660152363e-18
9.974415250778207337e+03 2.326377577820711983e-16 4.082729411448392096e-18
9.981353580474862611e+03 2.246444402077303745e-16 3.953419988600733769e-18
9.988291910171517884e+03 2.455616276725997027e-16 4.464472023370695539e-18
9.995230239868173157e+03 2.785314322324076823e-16 4.315283382451856573e-18
1.000216856956482843e+04 3.032178633729994436e-16 4.578929418319964255e-18
1.000910689926148370e+04 2.961699404469128258e-16 4.300579419883113953e-18
1.001604522895813898e+04 3.328110240281373583e-16 4.504589042308598551e-18
1.002298355865479425e+04 3.121798160620847633e-16 4.399429571034732143e-18
1.002992188835144952e+04 3.479321767931823229e-16 4.779637762920749719e-18
1.003686021804810480e+04 3.815457528626831725e-16 4.954029356333160608e-18
1.004379854774476007e+04 3.461310935797440617e-16 4.822462144003538791e-18
1.005073687744141534e+04 3.420369333594107993e-16 4.553326110409916666e-18
1.005767520713807062e+04 3.139552235893093785e-16 4.491455482132787855e-18
1.006461353683472589e+04 3.165280332270351124e-16 4.403537763546976755e-18
1.007155186653138117e+04 2.914740691966737898e-16 4.360533470680957399e-18
1.007849019622803644e+04 2.640096082171043386e-16 4.813301945900126563e-18
1.008542852592469171e+04 2.923859001643930441e-16 4.350043993333172455e-18
1.009236685562134699e+04 2.869720361424579801e-16 4.781691652381718887e-18
1.009930518531800226e+04 2.777148660014749351e-16 4.062889070866001451e-18
1.010624351501465753e+04 2.765116292301205998e-16 4.067240868068642930e-18
1.011318184471131281e+04 2.714856533584688019e-16 4.279243536753227434e-18
1.012012017440796808e+04 2.666884028523552668e-16 4.047150718941261270e-18
1.012705850410462335e+04 2.571790815908864573e-16 3.959681745837760188e-18
1.013399683380127863e+04 2.543941431394327246e-16 3.927899812342247759e-18
1.014093516349793390e+04 2.135711652533851053e-16 4.487267466691431875e-18
1.014787349319458917e+04 2.386451007324559082e-16 4.736507325011316027e-18
1.015481182289124445e+04 2.317493525692994457e-16 3.679241875583294662e-18
1.016175015258789972e+04 2.340123863763465210e-16 3.709230895101098404e-18
1.016868848228455499e+04 2.194769965989973076e-16 3.843495129817949368e-18
1.017562681198121027e+04 2.335529768815794698e-16 3.623036193731235261e-18
1.018256514167786554e+04 2.313584203943619844e-16 3.759500728877477279e-18
1.018950347137452081e+04 2.271707953822551303e-16 4.086390512839551797e-18
1.019644180107117609e+04 2.287719788201413766e-16 3.665941224923748254e-18
1.020338013076783136e+04 2.386822643030166906e-16 3.718348493402964152e-18
1.021031846046448663e+04 2.312607733774113246e-16 3.729458769800470143e-18
1.021725679016114191e+04 2.274727361581716867e-16 3.666543412409686858e-18
1.022419511985779718e+04 2.145277433835210282e-16 3.522307928998815422e-18
1.023113344955445245e+04 2.033252297302704740e-16 3.336477048100255575e-18
1.023807177925110773e+04 2.141201881869937013e-16 3.586607573144706199e-18
1.024501010894776300e+04 2.041673922380780621e-16 3.498892100218664315e-18
1.025194843864441827e+04 1.928074892753158182e-16 3.372688740571142606e-18
1.025888676834107355e+04 2.112158180899771122e-16 3.607132819274290751e-18
1.026582509803772882e+04 1.960343804018892830e-16 3.416172384602136441e-18
1.027276342773438409e+04 2.047181224724709675e-16 3.486837597151929043e-18
1.027970175743103937e+04 2.210288800723753935e-16 3.764632970988062539e-18
1.028664008712769464e+04 2.135576921355678416e-16 3.564402323191026448e-18
1.029357841682434992e+04 1.922224939112285162e-16 3.260559445455904387e-18
1.030051674652100519e+04 1.801449422839050663e-16 3.260407657813500906e-18
1.030745507621766046e+04 1.945439729916361381e-16 3.299330848332336762e-18
1.031439340591431574e+04 1.725332924616411099e-16 3.060070924102904889e-18
1.032133173561097101e+04 1.526241271435636025e-16 2.942598455820880387e-18
1.032827006530762628e+04 1.622557520216820525e-16 3.028286302270401662e-18
1.033520839500428156e+04 1.622282234508962877e-16 2.953234757727393494e-18
1.034214672470093865e+04 1.371609980609545150e-16 2.713930165744883758e-18
1.034908505439759392e+04 1.422295241033160406e-16 2.767040951335076006e-18
1.035602338409424920e+04 1.535141602477808594e-16 3.020124097576034662e-18
1.036296171379090447e+04 1.550052558723036484e-16 3.037383841442412999e-18
1.036990004348755974e+04 1.354241437677197713e-16 2.806528485826826164e-18
1.037683837318421502e+04 1.505654532699314280e-16 2.895323015861943473e-18
1.038377670288087029e+04 1.384052497558016796e-16 3.527383922827747077e-18
1.039071503257752556e+04 1.474348194968795340e-16 2.830787211651168807e-18
1.039765336227418084e+04 1.430012372927137124e-16 2.786923478128706855e-18
1.040459169197083611e+04 1.608542830708906092e-16 3.093200748406572477e-18
1.041153002166749138e+04 1.539373987887221918e-16 3.017621669427908615e-18
1.041846835136414666e+04 1.647615004727868873e-16 3.081663646812989124e-18
1.042540668106080193e+04 1.541299002608755324e-16 2.966709323110729176e-18
1.043234501075745720e+04 1.469305834303570092e-16 2.871354010047147529e-18
1.043928334045411248e+04 1.457517517957954384e-16 3.179331963664422175e-18
1.044622167015076775e+04 1.427976582177970617e-16 2.915605898072049988e-18
1.045315999984742302e+04 1.349473568626442061e-16 2.652475816111022258e-18
1.046009832954407830e+04 1.244888160697687454e-16 2.666263055765902985e-18
1.046703665924073357e+04 1.151664640965165218e-16 2.589791242111141268e-18
1.047397498893738884e+04 1.205778134893894247e-16 2.574606067221045924e-18
1.048091331863404412e+04 1.165015865447363119e-16 2.679541579344063600e-18
1.048785164833069939e+04 9.499968826591039992e-17 2.710528592270912570e-18
1.049478997802735466e+04 1.127519702105885370e-16 3.151242150833040185e-18
1.050172830772400994e+04 9.994827973689663692e-17 2.435901526976010308e-18
1.050866663742066521e+04 1.102148683055454922e-16 2.655309943684782069e-18
1.051560496711732048e+04 1.171805893310790404e-16 2.591090742853462074e-18
1.052254329681397576e+04 1.193888306943506031e-16 2.680583206530421000e-18
1.052948162651063103e+04 1.042231888472400865e-16 2.511704565105522902e-18
1.053641995620728630e+04 1.320894544637183960e-16 2.810219572515190912e-18
1.054335828590394158e+04 1.211297216289746056e-16 2.598003077642261450e-18
1.055029661560059685e+04 1.277649806910707690e-16 2.688540270432874850e-18
1.055723494529725212e+04 1.233899628742737018e-16 2.634724520165634284e-18
1.056417327499390740e+04 1.278123218918884038e-16 2.625587689914526679e-18
1.057111160469056267e+04 1.134268966508726042e-16 2.536471386621126242e-18
1.057804993438721795e+04 1.262072341615109073e-16 2.688446799023656358e-18
1.058498826408387322e+04 1.257512392683124750e-16 2.583617786404504884e-18
1.059192659378052849e+04 1.261230073228183078e-16 2.623846267929949417e-18
1.059886492347718377e+04 1.409465074162421908e-16 2.929885310191399767e-18
1.060580325317383904e+04 1.397135847870645525e-16 2.642167491317386427e-18
1.061274158287049431e+04 1.467665369712754927e-16 2.928327315507656139e-18
1.061967991256714959e+04 1.553705520656968662e-16 2.932364990872680605e-18
1.062661824226380486e+04 1.493707000629394366e-16 2.755191795855407023e-18
1.063355657196046013e+04 1.690281377770048066e-16 3.062125227154180333e-18
1.064049490165711541e+04 1.704622174962655405e-16 2.919584016432970637e-18
1.064743323135377068e+04 1.633429585141523495e-16 2.984437871589271942e-18
1.065437156105042595e+04 1.703490062489090829e-16 2.928684450737125909e-18
1.066130989074708123e+04 2.151464083072616887e-16 3.276540574890428881e-18
1.066824822044373650e+04 2.086361263095549371e-16 3.182050492747577700e-18
1.067518655014039177e+04 2.267231914091904360e-16 3.398948416297251023e-18
1.068212487983704705e+04 2.199594877415770385e-16 3.302324621764319307e-18
1.068906320953370232e+04 2.470853340655917822e-16 3.465717814957072002e-18
1.069600153923035759e+04 2.571036427190216212e-16 3.505481834568568010e-18
1.070293986892701287e+04 2.706871395172244120e-16 3.598070642073466057e-18
1.070987819862366814e+04 2.774698352517020270e-16 3.586973600565760914e-18
1.071681652832032341e+04 2.784068125100428934e-16 3.500479873404459852e-18
1.072375485801697869e+04 2.990861954749705768e-16 3.723759081789673506e-18
1.073069318771363396e+04 3.038426825204974986e-16 3.712311315702245879e-18
1.073763151741028923e+04 3.202408962722059311e-16 3.939531212525662157e-18
1.074456984710694451e+04 3.318053312219504869e-16 3.938428994359435248e-18
1.075150817680359978e+04 3.539101912277683526e-16 4.094427399671117014e-18
1.075844650650025505e+04 3.269058014874559950e-16 3.764901391096835996e-18
1.076538483619691033e+04 3.289665267690073010e-16 3.871268546065029825e-18
1.077232316589356560e+04 3.745037062276681313e-16 4.210049051332554116e-18
1.077926149559022087e+04 3.559766869212728285e-16 4.018790418049574440e-18
1.078619982528687615e+04 3.634688256886351235e-16 4.003296497995843678e-18
1.079313815498353142e+04 3.586697222979494696e-16 3.966642057102087639e-18
1.080007648468018670e+04 3.602263041572068567e-16 4.011136102251314998e-18
1.080701481437684197e+04 3.654452976617142282e-16 4.074209864729402188e-18
1.081395314407349724e+04 3.653777203143910961e-16 4.057119486093444083e-18
1.082089147377015252e+04 3.516107879435485459e-16 3.953159426707779565e-18
1.082782980346680779e+04 3.457783837665514507e-16 3.842087268415384115e-18
1.083476813316346306e+04 3.657464972838019371e-16 4.017881760146684939e-18
1.084170646286011834e+04 3.893236064310661836e-16 4.257432024771122924e-18
1.084864479255677361e+04 4.319842090612922066e-16 4.464053056390437430e-18
1.085558312225342888e+04 4.341419196153041300e-16 4.463163837231942925e-18
1.086252145195008416e+04 4.254082158357242426e-16 4.265526814245566853e-18
1.086945978164673943e+04 4.684784118355069232e-16 4.541444488091204976e-18
1.087639811134339470e+04 4.584674882505859576e-16 4.477878553148648735e-18
1.088333644104004998e+04 5.080934016247617025e-16 4.786970719051032310e-18
1.089027477073670525e+04 5.039584514740622252e-16 4.644405726887211713e-18
1.089721310043336052e+04 4.902532466292508322e-16 4.650481368486413702e-18
1.090415143013001580e+04 5.008527522333951296e-16 4.718775881400629325e-18
1.091108975982667107e+04 5.182746317716399858e-16 4.740153950741756049e-18
1.091802808952332634e+04 4.973541355843204455e-16 4.650408576592509035e-18
1.092496641921998162e+04 5.371142856449109305e-16 4.881025290601374321e-18
1.093190474891663689e+04 5.429417135033429067e-16 5.059116862893734903e-18
1.093884307861329216e+04 5.209509382476083545e-16 4.812018161589444264e-18
1.094578140830994744e+04 5.437404655726037119e-16 4.970083277661589769e-18
1.095271973800660271e+04 5.332673266962779154e-16 4.873264682094401816e-18
1.095965806770325798e+04 5.289618582253843068e-16 4.731085983276643483e-18
1.096659639739991326e+04 5.662153730972533001e-16 4.983610989399281984e-18
1.097353472709656853e+04 5.573347091013247916e-16 4.848125836098302752e-18
1.098047305679322380e+04 5.739048970111054488e-16 5.124387617078762934e-18
1.098741138648987908e+04 5.700190804260171426e-16 5.196424708674474732e-18
1.099434971618653435e+04 5.618224484745556850e-16 4.980416004283295915e-18
1.100128804588318962e+04 5.627087096351797001e-16 5.047450307534287001e-18
1.100822637557984490e+04 5.369955951531769217e-16 4.817131378545940805e-18
1.101516470527650017e+04 5.269701661290342263e-16 4.749786882565242333e-18
1.102210303497315545e+04 5.412811054102508509e-16 4.934667953325438166e-18
1.102904136466981072e+04 5.072798794184831504e-16 4.684848241396154342e-18
1.103597969436646599e+04 4.611169543700382057e-16 4.452487417065720997e-18
1.104291802406312127e+04 4.566930601052066052e-16 4.474360554003460708e-18
1.104985635375977654e+04 4.180251590301005404e-16 4.319747262627498987e-18
1.105679468345643181e+04 3.951953711703310021e-16 4.251286072819853928e-18
1.106373301315308709e+04 3.736403149566199823e-16 3.986700773366192284e-18
1.107067134284974236e+04 3.649261988139453506e-16 3.997222097167560520e-18
1.107760967254639763e+04 3.568442868872776473e-16 3.956775860345861402e-18
1.108454800224305291e+04 3.326267678923299463e-16 3.804992353845443589e-18
1.109148633193970818e+04 3.309615540575871952e-16 3.862532691615857300e-18
1.109842466163636345e+04 3.146860012645530261e-16 3.775059996199599729e-18
1.110536299133301873e+04 2.843683362719370659e-16 3.579872255006993171e-18
1.111230132102967400e+04 2.954022638989044127e-16 3.732536708859779959e-18
1.111923965072632927e+04 2.518458445176181620e-16 3.435913877101327000e-18
1.112617798042298455e+04 2.597205245397841804e-16 3.428307744573748772e-18
1.113311631011963982e+04 2.610991500707793593e-16 3.536744298639397138e-18
1.114005463981629509e+04 2.555526459832601922e-16 3.542324872641986139e-18
1.114699296951295037e+04 2.508084144456888560e-16 3.687205143340342660e-18
1.115393129920960564e+04 2.493685378446953505e-16 3.899822407220054064e-18
1.116086962890626091e+04 2.466386565348131473e-16 3.867056955976216085e-18
1.116780795860291619e+04 2.593175750849075487e-16 4.068040338130675431e-18
1.117474628829957146e+04 2.444927779722831825e-16 3.891556391358811658e-18
1.118168461799622673e+04 2.382710298071247278e-16 3.843306119047981001e-18
1.118862294769288201e+04 2.319133063841523562e-16 3.833425446631035085e-18
1.119556127738953728e+04 2.293005273792280601e-16 3.823682086195772972e-18
1.120249960708619255e+04 2.315730638371521445e-16 3.926389380543725930e-18
1.120943793678284783e+04 2.147223094984833012e-16 3.818406328248909762e-18
1.121637626647950310e+04 2.069773711010350001e-16 3.768165445793970244e-18
1.122331459617615837e+04 2.264913426096591730e-16 4.043360163784237021e-18
1.123025292587281365e+04 2.129941108231783124e-16 3.862903682120587333e-18
1.123719125556946892e+04 2.146692640601615006e-16 3.826906849813810951e-18
1.124412958526612420e+04 2.080933899486017442e-16 3.757004711379098518e-18
1.125106791496277947e+04 1.991898031235381662e-16 3.593394176480397515e-18
1.125800624465943474e+04 2.164173547748371646e-16 3.841846145266824907e-18
1.126494457435609002e+04 2.113243309514542686e-16 4.262255728513225905e-18
1.127188290405274529e+04 1.991844826978382251e-16 3.592633170316848729e-18
1.127882123374940056e+04 2.390233274131845550e-16 4.023487149567650531e-18
1.128575956344605584e+04 2.367850428500650663e-16 3.859127602624282761e-18
1.129269789314271111e+04 2.690970469169912766e-16 3.967413816613599614e-18
1.129963622283936638e+04 2.839095355821008538e-16 3.786782799840701237e-18
1.130657455253602166e+04 2.967372672331159951e-16 4.329989412972130576e-18
1.131351288223267693e+04 3.489601306840142214e-16 4.244274889947854466e-18
1.132045121192933220e+04 3.567304403652107490e-16 4.459916326147059739e-18
1.132738954162598748e+04 4.328679820626336622e-16 5.600670355570977016e-18
1.133432787132264275e+04 3.860298923458882351e-16 5.592654975435338178e-18
1.134126620101929802e+04 3.934382807305907611e-16 5.515513765869867923e-18
1.134820453071595330e+04 4.034181552640389362e-16 5.251905366719631404e-18
1.135514286041260857e+04 3.883723884312996043e-16 4.519021689636423778e-18
1.136208119010926384e+04 4.154711429358920113e-16 4.547530055857757601e-18
1.136901951980591912e+04 4.236172176083142279e-16 4.454616166372126214e-18
1.137595784950257439e+04 4.025851512999735352e-16 4.289518360732054867e-18
1.138289617919922966e+04 3.908724855844594769e-16 4.199667521054707342e-18
1.138983450889588494e+04 3.950434346354172619e-16 4.261186183981194840e-18
1.139677283859254021e+04 3.814182479343417986e-16 4.281950071717500941e-18
1.140371116828919548e+04 3.796928682905643905e-16 4.242290070068033476e-18
1.141064949798585076e+04 3.932830090034472072e-16 4.329393429340786119e-18
1.141758782768250603e+04 3.930422134184105706e-16 4.316161848262387889e-18
1.142452615737916130e+04 3.712505967843991858e-16 4.323357078820680400e-18
1.143146448707581658e+04 3.740291295491893079e-16 4.639495996361403217e-18
1.143840281677247185e+04 3.096560813957405754e-16 4.050007800777019428e-18
1.144534114646912712e+04 2.917110796032273837e-16 4.018724657190876474e-18
1.145227947616578240e+04 3.082777999718802186e-16 4.346561149364017932e-18
1.145921780586243767e+04 2.468164275746181436e-16 3.918775183005175310e-18
1.146615613555909295e+04 2.405525659901133892e-16 3.794782463544701568e-18
1.147309446525574822e+04 2.329309635307191947e-16 3.613148076688776369e-18
1.148003279495240349e+04 2.075763425087519981e-16 3.328169466413232380e-18
1.148697112464905877e+04 2.076801305145702515e-16 3.299617880004892662e-18
1.149390945434571404e+04 2.052023738553942112e-16 3.310875187756279954e-18
1.150084778404236931e+04 1.898160468382994472e-16 3.138143745833262991e-18
1.150778611373902459e+04 1.858937548969200027e-16 3.175666726370199709e-18
1.151472444343567986e+04 1.733311180886158557e-16 2.942961794904944305e-18
1.152166277313233513e+04 1.884337684777192341e-16 3.112255060611884608e-18
1.152860110282899041e+04 1.551023337889928717e-16 2.889553017499079829e-18
1.153553943252564568e+04 1.605006468154119388e-16 2.970744723729069122e-18
1.154247776222230095e+04 1.619063244611600519e-16 2.920491640360094446e-18
1.154941609191895623e+04 1.435120775692468606e-16 2.664218058496518762e-18
1.155635442161561150e+04 1.372729122891104894e-16 2.556511491321448444e-18
1.156329275131226677e+04 1.289882550855835888e-16 2.479258819168436668e-18
1.157023108100892205e+04 1.337416451668971122e-16 2.541808562728471515e-18
1.157716941070557732e+04 1.286496536649186823e-16 2.485696765875936883e-18
1.158410774040223259e+04 1.318747580813690325e-16 2.447716974845717755e-18
1.159104607009888787e+04 1.438903042499755074e-16 2.565134022026701204e-18
1.159798439979554314e+04 1.278648114648385688e-16 2.388899470209522169e-18
1.160492272949219841e+04 1.364573651446924075e-16 2.424131987630299554e-18
1.161186105918885369e+04 1.177002969837787571e-16 2.249506302104536158e-18
1.161879938888550896e+04 1.162864137063541179e-16 2.193142215165172852e-18
1.162573771858216423e+04 1.251029678960873166e-16 2.257865375784690779e-18
1.163267604827881951e+04 1.256569539133712307e-16 2.285487211184520894e-18
1.163961437797547478e+04 1.254256212745422008e-16 2.277192864387298547e-18
1.164655270767213005e+04 1.310074757527194341e-16 2.297545436564012655e-18
1.165349103736878533e+04 1.358603525006659351e-16 2.375893295848044639e-18
1.166042936706544060e+04 1.224223203762642696e-16 2.195181422170269203e-18
1.166736769676209587e+04 1.245280045784690577e-16 2.206423013490017988e-18
1.167430602645875115e+04 1.346513453173584299e-16 2.423329415640969979e-18
1.168124435615540642e+04 1.368703466460380823e-16 2.319285604218284466e-18
1.168818268585206170e+04 1.279657936740190424e-16 2.261096756847629181e-18
1.169512101554871697e+04 1.228222919809357104e-16 2.211748609068787518e-18
1.170205934524537224e+04 1.309280796488041443e-16 2.269944694269802642e-18
1.170899767494202752e+04 1.315144117367613320e-16 2.307884573835466086e-18
1.171593600463868279e+04 1.214179378241676821e-16 2.151005841556874760e-18
1.172287433433533806e+04 1.344369136328050834e-16 2.243816747056243295e-18
1.172981266403199334e+04 1.310845822206991771e-16 2.194844139275500706e-18
1.173675099372864861e+04 1.301006475733449005e-16 2.268726877612971447e-18
1.174368932342530388e+04 1.244295502332405461e-16 2.204857987771067659e-18
1.175062765312195916e+04 1.250867948607506798e-16 2.121123114747784083e-18
1.175756598281861443e+04 1.389688178333014080e-16 2.251686750199225939e-18
1.176450431251526970e+04 1.267032910661365077e-16 2.180841212275896777e-18
1.177144264221192498e+04 1.289094016121501338e-16 2.201159456457189934e-18
1.177838097190858025e+04 1.329061662784389525e-16 2.316276941535275966e-18
1.178531930160523552e+04 1.373569273695662753e-16 2.322897281567844123e-18
1.179225763130189080e+04 1.402826056391622304e-16 2.237678032935334138e-18
1.179919596099854607e+04 1.435876620248995061e-16 2.294534499134319634e-18
1.180613429069520134e+04 1.451915850849745280e-16 2.354494546991604089e-18
1.181307262039185662e+04 1.510508560882673455e-16 2.438774118448253835e-18
1.182001095008851189e+04 1.503880395721510547e-16 2.378075605099112664e-18
1.182694927978516716e+04 1.583506522021539101e-16 2.455616963285905446e-18
1.183388760948182244e+04 1.633962951200497687e-16 2.447419189825198665e-18
1.184082593917847771e+04 1.698075007327073688e-16 2.462544394120883915e-18
1.184776426887513298e+04 1.743159924131459926e-16 2.522437647143704713e-18
1.185470259857178826e+04 1.721719005607391423e-16 2.463552727287586055e-18
1.186164092826844353e+04 1.854499361023383510e-16 2.595650162389854363e-18
1.186857925796509880e+04 1.991305108172303651e-16 2.784057090511057476e-18
1.187551758766175408e+04 2.071375132676252662e-16 2.755018087926770887e-18
1.188245591735840935e+04 2.032310237846680348e-16 2.723475623218592559e-18
1.188939424705506462e+04 2.001729039728349893e-16 2.667794580670044916e-18
1.189633257675171990e+04 2.086314543934552376e-16 2.721642177390868773e-18
1.190327090644837517e+04 1.838397529393875278e-16 2.545304227997120610e-18
1.191020923614503045e+04 1.717844623967091050e-16 2.412501414627497708e-18
1.191714756584168572e+04 1.834232112526854247e-16 2.495450466068855908e-18
1.192408589553834099e+04 1.790581460730185956e-16 2.524688819180767778e-18
1.193102422523499627e+04 1.667450398770196451e-16 2.389663991890674305e-18
1.193796255493165154e+04 1.704170997569344481e-16 2.430508722972470844e-18
1.194490088462830681e+04 1.740741115671456864e-16 2.462765458139588711e-18
1.195183921432496209e+04 1.748747429907582121e-16 2.475967467511088171e-18
1.195877754402161736e+04 1.739346025937549430e-16 2.479373590478428401e-18
1.196571587371827263e+04 1.739558313569955039e-16 2.526690182672839828e-18
1.197265420341492791e+04 1.562500501976326478e-16 2.384522857588504100e-18
1.197959253311158318e+04 1.646764795407062369e-16 2.437775711448902330e-18
1.198653086280823845e+04 1.567244945272134628e-16 2.295400557235662654e-18
1.199346919250489373e+04 1.572864744179370894e-16 2.544659854299941801e-18
1.200040752220154900e+04 1.506043770808357233e-16 2.380562730405906480e-18
1.200734585189820427e+04 1.609331762489934667e-16 2.389618496956983889e-18
1.201428418159485955e+04 1.580865499761779794e-16 2.363270519700485436e-18
1.202122251129151482e+04 1.629465603297271378e-16 2.429020211460181671e-18
1.202816084098817009e+04 1.713020374285783784e-16 2.533891410290573349e-18
1.203509917068482537e+04 1.716446622557427429e-16 2.655527492185883515e-18
1.204203750038148064e+04 1.734195139175957225e-16 2.552493047905665835e-18
1.204897583007813591e+04 1.862172950129915437e-16 2.625263228319252754e-18
1.205591415977479119e+04 1.787850044173086854e-16 2.571624908293404812e-18
1.206285248947144646e+04 1.739540578817621902e-16 2.459954078032674108e-18
1.206979081916810173e+04 1.863603377019591137e-16 2.643697775450609528e-18
1.207672914886475701e+04 1.778611164649808582e-16 2.509371708982970226e-18
1.208366747856141228e+04 1.698057007876944535e-16 2.370481880280722732e-18
1.209060580825806755e+04 1.781883491153068359e-16 2.460666280540082265e-18
1.209754413795472283e+04 1.896785760379380344e-16 2.564402173979744913e-18
1.210448246765137810e+04 2.010436141379430075e-16 2.751842334760026675e-18
1.211142079734803337e+04 1.851795075990376148e-16 2.708578720771971945e-18
1.211835912704468865e+04 1.814251267045615345e-16 2.489724721868763851e-18
1.212529745674134392e+04 1.834077529013980338e-16 2.561288666154095317e-18
1.213223578643799920e+04 1.732883429247795135e-16 2.430907424027721403e-18
1.213917411613465447e+04 1.795780787188449266e-16 2.492511286557301863e-18
1.214611244583130974e+04 1.848531616863282939e-16 2.508222134726674656e-18
1.215305077552796502e+04 1.857262938362698674e-16 2.582894003368520985e-18
1.215998910522462029e+04 1.740886699459266197e-16 2.479221596040871782e-18
1.216692743492127556e+04 1.568404851014280985e-16 2.292522589089437532e-18
1.217386576461793084e+04 1.567235019104783991e-16 2.299487656642287164e-18
1.218080409431458611e+04 1.452188886626336784e-16 2.326448367937534271e-18
1.218774242401124138e+04 1.407199525726312672e-16 2.178556746219178453e-18
1.219468075370789666e+04 1.304246641454492720e-16 2.086991367927161640e-18
1.220161908340455193e+04 1.288435845051705145e-16 2.072569060356993326e-18
1.220855741310120720e+04 1.237677395687491197e-16 2.059652635091977799e-18
1.221549574279786248e+04 1.360891043359837996e-16 2.195930434214935970e-18
1.222243407249451775e+04 1.227758507526245332e-16 2.121632037619657333e-18
1.222937240219117302e+04 1.167686798558072343e-16 2.041098767157260250e-18
1.223631073188782830e+04 1.088418742201605744e-16 1.942368557194462249e-18
1.224324906158448357e+04 1.108956379496766340e-16 1.872124172781306001e-18
1.225018739128113884e+04 1.050835427110789408e-16 2.013943048032603766e-18
1.225712572097779412e+04 9.469975919324357251e-17 1.888502142114702810e-18
1.226406405067444939e+04 9.950833876502663384e-17 1.857970698910217421e-18
1.227100238037110466e+04 9.280237892161433805e-17 1.794988133094664202e-18
1.227794071006775994e+04 9.174839861998907104e-17 1.758211062675097177e-18
1.228487903976441521e+04 1.020313256600970738e-16 1.884768869215097858e-18
1.229181736946107048e+04 9.905768414986284394e-17 1.861828876082317880e-18
1.229875569915772576e+04 9.784966296584550190e-17 1.875330738425867812e-18
1.230569402885438103e+04 9.863244714056158347e-17 1.847102579637036328e-18
1.231263235855103630e+04 1.028982043246077463e-16 1.898736847833821422e-18
1.231957068824769158e+04 9.215148042376371121e-17 1.842155832778816085e-18
1.232650901794434685e+04 9.556710107889727478e-17 1.789956600223657273e-18
1.233344734764100212e+04 9.426352399051780699e-17 1.741374628487192852e-18
1.234038567733765740e+04 9.674500627117278619e-17 1.781746419053762197e-18
1.234732400703431267e+04 9.835884226370864361e-17 1.909416163132187286e-18
1.235426233673096795e+04 8.853850109191989566e-17 1.773251894548302017e-18
1.236120066642762322e+04 8.868036587569519012e-17 1.798478214894178564e-18
1.236813899612427849e+04 9.383303934741051011e-17 1.748380227890057581e-18
1.237507732582093377e+04 8.422918788553914056e-17 1.710394749993127152e-18
1.238201565551758904e+04 8.984236934787498212e-17 1.787481055445439200e-18
1.238895398521424431e+04 9.069048755609295204e-17 1.723675548317972288e-18
1.239589231491089959e+04 8.620831345402331543e-17 1.700414815902674873e-18
1.240283064460755486e+04 8.819134993244364101e-17 1.721311672922448873e-18
1.240976897430421013e+04 8.466815609300878129e-17 1.724728445840175723e-18
1.241670730400086541e+04 9.129583156324905854e-17 1.762003065398193394e-18
1.242364563369752068e+04 8.898355073125302625e-17 1.745862910490905580e-18
1.243058396339417595e+04 8.989255604999979942e-17 1.718373010398777673e-18
1.243752229309083123e+04 8.767918616693040797e-17 1.691948001947735220e-18
1.244446062278748650e+04 8.698666394065611277e-17 1.733572040564133280e-18
1.245139895248414177e+04 8.391157038265347921e-17 1.629853517917334246e-18
1.245833728218079705e+04 1.026723509301562677e-16 1.821607425592080048e-18
1.246527561187745232e+04 1.018067692848460782e-16 1.934738229633966845e-18
1.247221394157410759e+04 9.945408895173295607e-17 1.762477867069798832e-18
1.247915227127076287e+04 1.018213475159617128e-16 1.805989842036772609e-18
1.248609060096741814e+04 1.133662014462459133e-16 1.911132149312928541e-18
1.249302893066407341e+04 1.172015798663031860e-16 2.001978500857483635e-18
1.249996726036072869e+04 1.111664833520060970e-16 1.879601471928479094e-18
1.250690559005738396e+04 1.071572183323003769e-16 1.890459871829462689e-18
1.251384391975403923e+04 1.084869806501508234e-16 1.846734484264450231e-18
1.252078224945069451e+04 1.136956575580584335e-16 1.965312893025458131e-18
1.252772057914734978e+04 1.075894235110817841e-16 1.928058746187601147e-18
1.253465890884400505e+04 1.167423953646627493e-16 1.902438687870149359e-18
1.254159723854066033e+04 1.086887730149443596e-16 1.936026770233171324e-18
1.254853556823731560e+04 1.107489755183485320e-16 1.941438392595646369e-18
1.255547389793397087e+04 1.152578377757015795e-16 2.020230654663772468e-18
1.256241222763062615e+04 1.135934577390162819e-16 1.957684426621340971e-18
1.256935055732728142e+04 1.182352512295290511e-16 1.983972019693123052e-18
1.257628888702393670e+04 1.153585949917554387e-16 2.011555391194469452e-18
1.258322721672059197e+04 1.098955898239898244e-16 1.900376733398207799e-18
1.259016554641724724e+04 1.162315683230194020e-16 2.221146001212849327e-18
1.259710387611390252e+04 1.080749189736463075e-16 1.989139003389435540e-18
1.260404220581055779e+04 1.113641331962919676e-16 2.010712494150277916e-18
1.261098053550721306e+04 1.126012645204262758e-16 2.010273881630471673e-18
1.261791886520386834e+04 1.104011626143822349e-16 1.980645926450047328e-18
1.262485719490052361e+04 1.135678482272516401e-16 1.993289382112920356e-18
1.263179552459717888e+04 1.138419163252476097e-16 1.939502996757425423e-18
1.263873385429383416e+04 1.144993859458843578e-16 2.057584683560595230e-18
1.264567218399048943e+04 1.105561961135093736e-16 2.000510462065355150e-18
1.265261051368714470e+04 1.149430988613476027e-16 2.046667967426426647e-18
1.265954884338379998e+04 9.863706611710207958e-17 1.896907537909160401e-18
1.266648717308045525e+04 9.924022636744104608e-17 1.896886031213234022e-18
1.267342550277711052e+04 1.022073960165626610e-16 1.975375545177165712e-18
1.268036383247376580e+04 1.198315509930787844e-16 2.221010550387543769e-18
1.268730216217042289e+04 1.143738794859029120e-16 2.171281899526927713e-18
1.269424049186707816e+04 1.110840167536570103e-16 2.081316908925047870e-18
1.270117882156373344e+04 1.024728945234125812e-16 1.960622778952282464e-18
1.270811715126038871e+04 9.763567465010048385e-17 1.868236423902306771e-18
1.271505548095704398e+04 9.686099684538742195e-17 1.912189699726077587e-18
1.272199381065369926e+04 1.019779361146404511e-16 1.932871282991434662e-18
1.272893214035035453e+04 8.872917614928071918e-17 2.210464824758105219e-18
1.273587047004700980e+04 9.314778969308178114e-17 1.865799549817725551e-18
1.274280879974366508e+04 1.036878243199059661e-16 1.971278726398343705e-18
1.274974712944032035e+04 1.011964754289044544e-16 1.960719145493644892e-18
1.275668545913697562e+04 9.149064252367264719e-17 1.828028001506716648e-18
1.276362378883363090e+04 9.900468503365534635e-17 1.920452406864869781e-18
1.277056211853028617e+04 9.981849840750951709e-17 1.879451959032760135e-18
1.277750044822694144e+04 8.728708270424557158e-17 2.079156106369906224e-18
1.278443877792359672e+04 9.268298036327598383e-17 1.807268663263779589e-18
1.279137710762025199e+04 1.141599639620517986e-16 2.084747433720458414e-18
1.279831543731690726e+04 9.848614205125810436e-17 1.931318871776825767e-18
1.280525376701356254e+04 1.131438950022610620e-16 2.045562854128055802e-18
1.281219209671021781e+04 1.099790093344045721e-16 1.976452741129862893e-18
1.281913042640687308e+04 1.086556196159932342e-16 1.934564108115024433e-18
1.282606875610352836e+04 1.187958149870439869e-16 2.003679597787198937e-18
1.283300708580018363e+04 1.090140535190247122e-16 1.927232599550813810e-18
1.283994541549683890e+04 1.034231463762236986e-16 1.832658972166094774e-18
1.284688374519349418e+04 1.149854240389307160e-16 1.946890546808136513e-18
1.285382207489014945e+04 1.075108479703341469e-16 1.995276683534579005e-18
1.286076040458680473e+04 1.062074363180771897e-16 2.009676864023361526e-18
1.286769873428346000e+04 1.211087575635300616e-16 2.017517295459445399e-18
1.287463706398011527e+04 1.142953833544940799e-16 1.979051949409657644e-18
1.288157539367677055e+04 1.121717658766091421e-16 2.115237724689469291e-18
1.288851372337342582e+04 1.234633371033296055e-16 2.103497550255504169e-18
1.289545205307008109e+04 1.061857708034732008e-16 1.974680299872314893e-18
1.290239038276673637e+04 1.156399555140316757e-16 2.629646665180324385e-18
1.290932871246339164e+04 1.220060169175785818e-16 2.076847858870577000e-18
1.291626704216004691e+04 1.250549384810000376e-16 2.109123619191783587e-18
1.292320537185670219e+04 1.150924678276399782e-16 1.972107354576968700e-18
1.293014370155335746e+04 1.115573493524945540e-16 2.092503079143755602e-18
1.293708203125001273e+04 1.098702582449110005e-16 1.986806767652342278e-18
1.294402036094666801e+04 1.137464398302242890e-16 1.980071863104935527e-18
1.295095869064332328e+04 1.039006347304587087e-16 1.921136485231451135e-18
1.295789702033997855e+04 1.061312232051590039e-16 1.918045931667799885e-18
1.296483535003663383e+04 1.116280633687004873e-16 1.966802024923206719e-18
1.297177367973328910e+04 1.125078791379914892e-16 1.963950319761430156e-18
1.297871200942994437e+04 9.140903619316061569e-17 1.783263261502031311e-18
1.298565033912659965e+04 9.469101754853011211e-17 1.837493842846467221e-18
1.299258866882325492e+04 1.102799045540268615e-16 2.551061405060489683e-18
1.299952699851991019e+04 8.733072475336386932e-17 1.762590156837952905e-18
1.300646532821656547e+04 8.169145732323055548e-17 1.736853052463824864e-18
1.301340365791322074e+04 8.371745425394443510e-17 1.812800847200534238e-18
1.302034198760987601e+04 7.597379964080681631e-17 1.861961431775479503e-18
1.302728031730653129e+04 7.800736692848678124e-17 1.724683157701638444e-18
1.303421864700318656e+04 6.872117267417047560e-17 1.541577940319017393e-18
1.304115697669984183e+04 7.229144963407185365e-17 1.664331026234003854e-18
1.304809530639649711e+04 7.740943445961914987e-17 1.702026680723811016e-18
1.305503363609315238e+04 7.325525401403903980e-17 1.630697035346985196e-18
1.306197196578980765e+04 7.569841467127566234e-17 1.690003507122776190e-18
1.306891029548646293e+04 7.819651335607560676e-17 1.865132842244007811e-18
1.307584862518311820e+04 7.852388497274449342e-17 1.733215422322546356e-18
1.308278695487977348e+04 7.567011185943654794e-17 1.672912921691664947e-18
1.308972528457642875e+04 8.407207650871326870e-17 1.779975011771979888e-18
1.309666361427308402e+04 7.862289518334464062e-17 1.677528692907287411e-18
1.310360194396973930e+04 7.296334528459152654e-17 1.651116505755739530e-18
1.311054027366639457e+04 8.653141681873142846e-17 1.829770664262212739e-18
1.311747860336304984e+04 8.997403003161382243e-17 1.853351515574568176e-18
1.312441693305970512e+04 8.211660168830321000e-17 1.747134907477858998e-18
1.313135526275636039e+04 1.000122307244143366e-16 1.914571152709617754e-18
1.313829359245301566e+04 1.047576401671779483e-16 1.985818080025188272e-18
1.314523192214967094e+04 9.460029899639019646e-17 1.897097996245200736e-18
1.315217025184632621e+04 1.053082909922320486e-16 2.091848365688919880e-18
1.315910858154298148e+04 1.174757273736379607e-16 2.068956555826821116e-18
1.316604691123963676e+04 1.167791221838601038e-16 2.108511712333647484e-18
1.317298524093629203e+04 1.148667997216457114e-16 2.007155410721146759e-18
1.317992357063294730e+04 1.292305065084983187e-16 2.141366499083641191e-18
1.318686190032960258e+04 1.431085325443291908e-16 2.325573004054300030e-18
1.319380023002625785e+04 1.263430241308676123e-16 2.634520413349486825e-18
1.320073855972291312e+04 1.440693458392013852e-16 2.332522148380358015e-18
1.320767688941956840e+04 1.591992865710741131e-16 2.454398939833921113e-18
1.321461521911622367e+04 1.610842657509599526e-16 2.396144124809414724e-18
1.322155354881287894e+04 1.599279334290598241e-16 2.335947503296940103e-18
1.322849187850953422e+04 1.562884313780551083e-16 2.363056486716987340e-18
1.323543020820618949e+04 1.526105481466279320e-16 2.329357355356730131e-18
1.324236853790284476e+04 1.481973476727554170e-16 2.290369231159808863e-18
1.324930686759950004e+04 1.499090292055889470e-16 2.398148590228783848e-18
1.325624519729615531e+04 1.434423429348861902e-16 2.252139631584598721e-18
1.326318352699281058e+04 1.465286530619950428e-16 2.326807571118535423e-18
1.327012185668946586e+04 1.358735079811279785e-16 2.246506531613112603e-18
1.327706018638612113e+04 1.382775860087826956e-16 2.363463045988057154e-18
1.328399851608277640e+04 1.305816564082669363e-16 2.255180967901803066e-18
1.329093684577943168e+04 1.221368305683701678e-16 2.151739550760209296e-18
1.329787517547608695e+04 1.156421657406284174e-16 2.220726620642284942e-18
1.330481350517274223e+04 1.231744856334260883e-16 2.250127101154257205e-18
1.331175183486939750e+04 1.191538716957161407e-16 2.251086837459971855e-18
1.331869016456605277e+04 9.935338467523830027e-17 2.029056258209406996e-18
1.332562849426270805e+04 9.960243883151066627e-17 2.025324432875874012e-18
1.333256682395936332e+04 9.614405624743056137e-17 1.984364723688932602e-18
1.333950515365601859e+04 9.700761295460122099e-17 1.968774643888992552e-18
1.334644348335267387e+04 9.325319897290063856e-17 1.917601322088552633e-18
1.335338181304932914e+04 8.699733787928049704e-17 1.915802411051402936e-18
1.336032014274598441e+04 8.586361074916021774e-17 1.875302407489887871e-18
1.336725847244263969e+04 8.095203064750205340e-17 1.855282982304879495e-18
1.337419680213929496e+04 8.073796953986313069e-17 1.811664301038886378e-18
1.338113513183595023e+04 7.682635153710807045e-17 1.775657956155065637e-18
1.338807346153260551e+04 8.186856000110060891e-17 1.782635845007409840e-18
1.339501179122926078e+04 7.420238905030205733e-17 1.771053662070442346e-18
1.340195012092591605e+04 7.176611715320677641e-17 1.706345804292256650e-18
1.340888845062257133e+04 6.619729242403847840e-17 1.643206487750624633e-18
1.341582678031922660e+04 7.424691783703701192e-17 1.741426327275477416e-18
1.342276511001588187e+04 7.737593033608830204e-17 1.789725403242448702e-18
1.342970343971253715e+04 7.643644506613017490e-17 1.836725185262252320e-18
1.343664176940919242e+04 7.956171870881272533e-17 2.025933858192172455e-18
1.344358009910584769e+04 8.177427464615936461e-17 2.044797712061444251e-18
1.345051842880250297e+04 7.053931566056203042e-17 1.985808153857837636e-18
1.345745675849915824e+04 6.871188178153027999e-17 1.998577547768971862e-18
1.346439508819581351e+04 7.307388308420821274e-17 2.187739071403976475e-18
1.347133341789246879e+04 6.964936196568357859e-17 2.231164399201785322e-18
1.347827174758912406e+04 7.629460675213448214e-17 2.554366405197945305e-18
1.348521007728577933e+04 7.718854414884298936e-17 2.562373927117764889e-18
1.349214840698243461e+04 7.446371856686471026e-17 2.414229394927120983e-18
1.349908673667908988e+04 7.630627330749393004e-17 2.669629060473534393e-18
1.350602506637574515e+04 7.644557714009276033e-17 2.993460137325540953e-18
1.351296339607240043e+04 8.568324567095425516e-17 3.124398485594469331e-18
1.351990172576905570e+04 6.529788901784222077e-17 3.008207733671595745e-18
1.352684005546571098e+04 5.107883626779043671e-17 3.224081194032622143e-18
1.353377838516236625e+04 1.046009523068257036e-16 4.888364450586251059e-18
1.354071671485902152e+04 1.354347581493400518e-16 6.549575558344858031e-18
1.354765504455567680e+04 4.667391090876590225e-17 4.199758097331781899e-18
1.355459337425233207e+04 6.647597949857494406e-17 4.711626972956639784e-18
1.356153170394898734e+04 1.691603543261152825e-17 5.891023571876584302e-18
1.356847003364564262e+04 6.320268684835970464e-17 5.110759402896645527e-18
1.357540836334229789e+04 3.532622374928984146e-17 5.507021102520785988e-18
1.358234669303895316e+04 7.975771419187348992e-17 7.007223985587783782e-18
1.358928502273560844e+04 4.845858616757356158e-17 7.101474598943300861e-18
1.359622335243226371e+04 5.372338562568166958e-17 1.164755750231939694e-17
1.360316168212891898e+04 1.431408521452228627e-16 1.413266862432164628e-17
1.361010001182557426e+04 -3.060154345267680862e-17 9.672217939498877284e-18
1.361703834152222953e+04 1.752611223636041816e-16 1.536654085684249554e-17
1.362397667121888480e+04 8.512994125049508473e-17 1.184454560211522516e-17
1.363091500091554008e+04 8.405954968551676565e-17 1.064268691366140318e-17
1.363785333061219535e+04 9.966440458555823867e-17 8.596437292829775225e-18
1.364479166030885062e+04 5.192055871551214661e-17 7.528810165458608359e-18
1.365172999000550590e+04 1.179258459757648162e-16 9.164191731409634489e-18
1.365866831970216117e+04 1.041534475954345156e-16 8.658879502910178178e-18
1.366560664939881644e+04 5.538294154503455794e-17 6.756114285493223511e-18
1.367254497909547172e+04 2.765480020160157815e-17 7.382771428312371323e-18
1.367948330879212699e+04 1.220415128920244573e-16 1.113289399699502865e-17
1.368642163848878226e+04 1.812838045512680748e-16 1.481827231195254795e-17
1.369335996818543754e+04 8.198446454853153915e-17 8.916968125832848343e-18
1.370029829788209281e+04 -4.829068835555999824e-17 1.053005138401128251e-17
1.370723662757874808e+04 1.582507354016024048e-17 8.677778098365177201e-18
1.371417495727540336e+04 6.413337091660026757e-17 7.523168793680996711e-18
1.372111328697205863e+04 9.879100112037574781e-17 6.745820849950613635e-18
1.372805161666871390e+04 1.002289520449032299e-16 6.657166113439017788e-18
1.373498994636536918e+04 7.705125863693878846e-17 4.883213596911883356e-18
1.374192827606202445e+04 1.067486043445889821e-16 5.140764552436394053e-18
1.374886660575867973e+04 1.078099101577190187e-16 4.615486665491745313e-18
1.375580493545533500e+04 8.522048113162268893e-17 3.878254086338040144e-18
1.376274326515199027e+04 9.701102093872493947e-17 4.833923144980767266e-18
1.376968159484864555e+04 9.335286431054592776e-17 4.146969084999872779e-18
1.377661992454530082e+04 7.929181960110402304e-17 4.105766391507993917e-18
1.378355825424195609e+04 1.285576579459129848e-16 5.517514302181327420e-18
1.379049658393861137e+04 7.263857432376850660e-17 5.160990772774540686e-18
1.379743491363526664e+04 7.977226595320952279e-17 5.733065575693764413e-18
1.380437324333192191e+04 1.005859896670607183e-16 7.403246630014896417e-18
1.381131157302857719e+04 1.655622510104076206e-16 1.429310857593243153e-17
1.381824990272523246e+04 5.185323415458421067e-16 9.554141215779382796e-18
1.382518823242188773e+04 3.565145528427793092e-16 1.408097314475953226e-17
1.383212656211854301e+04 1.545927938403826569e-17 1.499922965147709850e-17
1.383906489181519828e+04 6.477038601504980439e-17 9.592180770608858879e-18
1.384600322151185355e+04 6.222716959091876762e-17 6.938706961088791393e-18
1.385294155120850883e+04 1.220639460302368954e-16 8.831474873622430167e-18
1.385987988090516410e+04 1.345227683629431873e-16 6.542497373843241773e-18
1.386681821060181937e+04 7.855645603654438144e-17 4.877159048418301470e-18
1.387375654029847465e+04 1.145784776473342281e-16 4.785819283638358495e-18
1.388069486999512992e+04 1.042421478268798019e-16 4.579927411729009483e-18
1.388763319969178519e+04 6.969800680314659704e-17 3.384700437041178259e-18
1.389457152938844047e+04 7.070900680014360873e-17 2.971647177777364475e-18
1.390150985908509574e+04 7.320145418699859088e-17 3.657610275384420436e-18
1.390844818878175101e+04 7.423932762773622534e-17 3.763240412426829517e-18
1.391538651847840629e+04 9.952766832158077299e-17 4.550347846614419489e-18
1.392232484817506156e+04 7.712161531112009878e-17 4.205201359352687097e-18
1.392926317787171683e+04 6.833900199628117596e-17 4.276888139958982688e-18
1.393620150756837211e+04 6.592902782522018089e-17 5.338232003397196755e-18
1.394313983726502738e+04 4.784617142054135180e-17 5.342796799607570638e-18
1.395007816696168265e+04 6.486948886987855753e-17 7.044373494078152808e-18
1.395701649665833975e+04 7.524118231588085076e-17 4.662086712480532680e-18
1.396395482635499502e+04 7.590284739658446781e-17 3.962184794371345650e-18
1.397089315605165029e+04 8.019430011917897793e-17 3.577890330259316117e-18
1.397783148574830557e+04 8.750120998633349853e-17 3.540075768556454457e-18
1.398476981544496084e+04 7.973897358791548853e-17 3.795118712463704374e-18
1.399170814514161611e+04 8.018424160293033311e-17 4.718996738624180984e-18
1.399864647483827139e+04 5.037935910692579566e-17 4.578590687859123790e-18
1.400558480453492666e+04 6.897080254814917850e-17 4.711649720423484992e-18
1.401252313423158193e+04 7.683991068170903968e-17 4.263262820909009216e-18
1.401946146392823721e+04 6.235822808717166933e-17 3.208471675488287096e-18
1.402639979362489248e+04 5.866320567345239428e-17 3.451968005224909299e-18
1.403333812332154776e+04 6.135942404112613947e-17 3.323756044254955701e-18
1.404027645301820303e+04 3.462401358368132520e-17 3.817928217854854112e-18
1.404721478271485830e+04 9.442983361575526852e-17 4.067288430953864729e-18
1.405415311241151358e+04 9.634980584427455127e-17 4.972696341216644784e-18
1.406109144210816885e+04 6.068852100734153021e-17 3.150444335132232789e-18
1.406802977180482412e+04 7.327694599842263039e-17 3.513713522434389465e-18
1.407496810150147940e+04 6.263612768576498450e-17 3.897031086242993872e-18
1.408190643119813467e+04 5.680975200107217580e-17 3.566219225406499173e-18
1.408884476089478994e+04 5.894262728437280703e-17 4.332900675138010957e-18
1.409578309059144522e+04 7.466907111701467470e-17 3.213123946048438462e-18
1.410272142028810049e+04 7.145407815637217267e-17 3.068764592340837210e-18
1.410965974998475576e+04 5.472705018500656103e-17 2.483796525213749440e-18
1.411659807968141104e+04 6.525936225363195096e-17 2.531015716891032748e-18
1.412353640937806631e+04 7.188721639488453966e-17 2.963005001532563580e-18
1.413047473907472158e+04 5.795880513358183761e-17 2.819393832689016542e-18
1.413741306877137686e+04 3.728216509956538006e-17 3.036620353737026555e-18
1.414435139846803213e+04 6.409025826307400376e-17 2.939576558248071039e-18
1.415128972816468740e+04 7.436686564330210135e-17 2.701326207956260137e-18
1.415822805786134268e+04 7.440175281281713785e-17 2.388768568877585653e-18
1.416516638755799795e+04 6.576478946023655214e-17 2.554653230075348067e-18
1.417210471725465322e+04 7.867269145622033289e-17 2.652635668764398131e-18
1.417904304695130850e+04 8.727604480615166397e-17 2.843679028292960882e-18
1.418598137664796377e+04 8.148044024024582790e-17 2.967914732058372076e-18
1.419291970634461904e+04 7.013703456762034158e-17 2.811170416629320617e-18
1.419985803604127432e+04 5.610111629646534763e-17 2.266617360255808088e-18
1.420679636573792959e+04 7.361644739159399465e-17 2.611180685185690596e-18
1.421373469543458486e+04 6.589318774363948331e-17 2.281635237867014582e-18
1.422067302513124014e+04 7.109082675345318588e-17 2.300219918279549731e-18
1.422761135482789541e+04 6.645281182397855886e-17 2.081785713537212299e-18
1.423454968452455068e+04 7.108232995420104118e-17 2.289036849988139074e-18
1.424148801422120596e+04 7.151881661983302283e-17 2.486488791312456407e-18
1.424842634391786123e+04 4.853502427361836176e-17 1.825781999348482040e-18
1.425536467361451651e+04 6.366760867472880917e-17 1.999550105374181084e-18
1.426230300331117178e+04 6.434178734373912842e-17 2.190587054252996549e-18
1.426924133300782705e+04 5.636492073742075922e-17 2.025255570089878972e-18
1.427617966270448233e+04 5.708497153448081917e-17 2.173746484162029459e-18
1.428311799240113760e+04 6.216693760743510636e-17 2.077718466465289061e-18
1.429005632209779287e+04 7.322462186159497607e-17 2.191207646507564458e-18
1.429699465179444815e+04 7.248823921052066914e-17 2.171999065118011188e-18
1.430393298149110342e+04 6.288072168417446458e-17 2.073725252058189320e-18
1.431087131118775869e+04 6.069392084238027637e-17 2.262025680675526232e-18
1.431780964088441397e+04 6.076006882160491689e-17 2.314187483307967018e-18
1.432474797058106924e+04 5.472048898838779041e-17 2.163141408323640229e-18
1.433168630027772451e+04 6.231652494940919588e-17 2.045152572544229500e-18
1.433862462997437979e+04 6.929806828569965837e-17 2.134485597158118830e-18
1.434556295967103506e+04 6.388830046215795695e-17 2.184497350583381160e-18
1.435250128936769033e+04 6.927591969761793850e-17 2.233293562098496815e-18
1.435943961906434561e+04 6.946496024608835723e-17 2.382239218712398329e-18
1.436637794876100088e+04 7.037243693506313241e-17 2.041524351582418783e-18
1.437331627845765615e+04 5.405947241728441494e-17 1.963725947020275147e-18
1.438025460815431143e+04 7.055568060180077952e-17 2.281907173493391390e-18
1.438719293785096670e+04 5.360431463086588635e-17 1.781253212613527454e-18
1.439413126754762197e+04 5.014373174635639041e-17 2.043182021529975050e-18
1.440106959724427725e+04 6.478804135804413621e-17 2.208960183223871262e-18
1.440800792694093252e+04 6.325929908948283386e-17 1.868790014527257884e-18
1.441494625663758779e+04 6.218757741807952951e-17 1.923508632433100080e-18
1.442188458633424307e+04 6.925505489384690093e-17 1.900598624597525149e-18
1.442882291603089834e+04 7.176440985242246696e-17 1.976846065511131857e-18
1.443576124572755361e+04 6.613174663229977649e-17 1.923914778113863616e-18
1.444269957542420889e+04 6.349470145692562469e-17 1.848953603052776866e-18
1.444963790512086416e+04 6.634593347139180726e-17 2.005298183450812074e-18
1.445657623481751943e+04 6.759485046489377099e-17 1.979569764473115839e-18
1.446351456451417471e+04 6.959241223487052774e-17 1.922485410015371985e-18
1.447045289421082998e+04 7.678957177835151263e-17 1.946639290697073531e-18
1.447739122390748526e+04 7.795224361246624748e-17 1.842383927832727582e-18
1.448432955360414053e+04 7.259220588735123408e-17 1.984169715859523226e-18
1.449126788330079580e+04 8.200491907071875042e-17 1.996216774300745521e-18
1.449820621299745108e+04 7.863043907053112423e-17 2.209568367769250875e-18
1.450514454269410635e+04 7.073854707417910246e-17 2.088976187806982630e-18
1.451208287239076162e+04 9.134704396933344159e-17 2.392755372634938108e-18
1.451902120208741690e+04 8.052926194514865117e-17 2.051608717225205881e-18
1.452595953178407217e+04 7.575651583750138700e-17 1.778560946514820487e-18
1.453289786148072744e+04 7.090492949131046866e-17 1.673110204267758844e-18
1.453983619117738272e+04 7.258082388212250442e-17 1.627607825951829345e-18
1.454677452087403799e+04 8.076353272951346945e-17 1.813209474423135434e-18
1.455371285057069326e+04 7.382129701593152685e-17 1.687881168466118259e-18
1.456065118026734854e+04 7.372787854627223811e-17 1.640517013386485033e-18
1.456758950996400381e+04 8.102268510670388281e-17 1.651299933056573163e-18
1.457452783966065908e+04 8.700780667711296816e-17 1.705743616806318046e-18
1.458146616935731436e+04 8.411880890460006455e-17 1.726487755605499443e-18
1.458840449905396963e+04 9.117180079348040735e-17 1.739850134618257622e-18
1.459534282875062490e+04 8.948901102508212955e-17 1.781940806497712158e-18
1.460228115844728018e+04 8.879191614438164122e-17 1.798531568043688234e-18
1.460921948814393545e+04 8.390384120700978372e-17 1.885865090321883758e-18
1.461615781784059072e+04 8.432139536278165167e-17 1.765257400723130143e-18
1.462309614753724600e+04 8.135171770204277595e-17 1.655857594834163777e-18
1.463003447723390127e+04 9.125052191801585389e-17 1.782200334414900671e-18
1.463697280693055654e+04 7.959227806936288439e-17 1.742866862312238514e-18
1.464391113662721182e+04 7.873191097063422924e-17 1.697858827809886017e-18
1.465084946632386709e+04 7.641395237091363297e-17 1.744404384275821454e-18
1.465778779602052236e+04 7.988516618065566043e-17 1.769800276647271371e-18
1.466472612571717764e+04 7.893822966773965562e-17 1.765499764642608180e-18
1.467166445541383291e+04 8.085949891545942151e-17 1.830974005258324256e-18
1.467860278511048818e+04 6.786291654036505578e-17 1.638969151665245180e-18
1.468554111480714346e+04 6.456281662085819784e-17 1.755261750201039357e-18
1.469247944450379873e+04 8.332406700694891641e-17 1.945610484810210703e-18
1.469941777420045401e+04 7.590765166158217579e-17 2.040431439198083095e-18
1.470635610389710928e+04 7.441052754475510037e-17 1.956771632815388705e-18
1.471329443359376455e+04 8.250036717041351188e-17 2.006157003721795255e-18
1.472023276329041983e+04 6.535906067850174228e-17 1.715692118033493310e-18
1.472717109298707510e+04 6.970252651801358678e-17 1.658037732736123850e-18
1.473410942268373037e+04 6.362407250472891821e-17 1.573246343275456919e-18
1.474104775238038565e+04 6.634338575510514394e-17 1.544823383452369197e-18
1.474798608207704092e+04 6.359452561324852407e-17 1.573473094160873018e-18
1.475492441177369619e+04 6.357596368030283412e-17 1.540275441046976082e-18
1.476186274147035147e+04 5.938828572863677664e-17 1.548425961815190771e-18
1.476880107116700674e+04 6.710936823721904841e-17 1.664405369091557057e-18
1.477573940086366201e+04 6.555426206817445596e-17 1.802491074840826440e-18
1.478267773056031729e+04 7.107268171953622267e-17 1.664696329872022585e-18
1.478961606025697256e+04 6.424701891532015314e-17 1.591851599805729325e-18
1.479655438995362783e+04 7.146524178591918833e-17 1.664702223533887025e-18
1.480349271965028311e+04 6.299866440463472547e-17 1.562513571430004816e-18
1.481043104934693838e+04 6.509134532761017998e-17 1.635539660845600327e-18
1.481736937904359365e+04 6.757024018730909331e-17 1.649649707734529873e-18
1.482430770874024893e+04 6.666758761566672739e-17 1.528795311518082318e-18
1.483124603843690420e+04 6.810183938849487229e-17 1.519417254720838936e-18
1.483818436813355947e+04 7.188421207489974706e-17 1.539939605718279552e-18
1.484512269783021475e+04 6.487595411354627199e-17 1.455903121964143828e-18
1.485206102752687002e+04 6.300489803773092509e-17 1.536359051039267203e-18
1.485899935722352529e+04 6.953133983588451260e-17 1.660950132275346492e-18
1.486593768692018057e+04 6.012689845864252654e-17 1.504663247725036858e-18
1.487287601661683584e+04 6.007174867284239108e-17 1.444132962232973659e-18
1.487981434631349111e+04 7.567103168427770691e-17 1.504822376595376746e-18
1.488675267601014639e+04 6.871916758836564706e-17 1.391303314653472871e-18
1.489369100570680166e+04 7.506662735429746065e-17 1.482151010366523364e-18
1.490062933540345693e+04 7.442978430941533485e-17 1.478807442933007457e-18
1.490756766510011221e+04 8.068955631297162708e-17 1.530982170262519385e-18
1.491450599479676748e+04 9.063063938441351538e-17 1.565515203077806615e-18
1.492144432449342276e+04 9.043694015473319799e-17 1.578924214397597470e-18
1.492838265419007803e+04 8.098329145721165742e-17 1.516241604951671293e-18
1.493532098388673330e+04 9.309263328983674525e-17 1.587305518556714454e-18
1.494225931358338858e+04 1.002366812205469253e-16 1.679154826593990094e-18
1.494919764328004385e+04 9.837912473232844385e-17 1.629328154830786504e-18
1.495613597297669912e+04 9.770492621098342332e-17 1.675298510578267879e-18
1.496307430267335440e+04 9.154482616251732072e-17 1.584266456986194630e-18
1.497001263237000967e+04 9.524419623753617448e-17 1.597846074307324547e-18
1.497695096206666494e+04 9.962365435986142632e-17 1.612825694815200464e-18
1.498388929176332022e+04 9.974290071696707079e-17 1.652869715064045672e-18
1.499082762145997549e+04 1.044662012763183652e-16 1.661903044341007580e-18
1.499776595115663076e+04 9.820730277548892894e-17 1.559372146258681555e-18
1.500470428085328604e+04 9.939060118535828609e-17 1.574910423872760472e-18
1.501164261054994131e+04 1.137553601459500609e-16 1.795480719149439530e-18
1.501858094024659658e+04 1.131225206552326917e-16 1.724800927541350682e-18
1.502551926994325186e+04 1.118882877719647694e-16 1.762355651134294122e-18
1.503245759963990713e+04 1.301230807115573386e-16 1.848139657330024687e-18
1.503939592933656240e+04 1.464838264902395691e-16 1.870287004640825726e-18
1.504633425903321768e+04 1.699853511818511702e-16 2.836482143373443264e-18
1.505327258872987295e+04 1.498155908835949570e-16 2.015342224038737212e-18
1.506021091842652822e+04 1.454892245217058087e-16 1.814121441048475147e-18
1.506714924812318350e+04 1.518428451288399172e-16 2.036770337806923394e-18
1.507408757781983877e+04 1.676715615724178412e-16 1.934992587672326901e-18
1.508102590751649404e+04 1.807494458755588189e-16 2.057808435916290824e-18
1.508796423721314932e+04 2.065124955967801985e-16 2.253861201234474710e-18
1.509490256690980459e+04 2.056025042787432621e-16 2.206372348677499115e-18
1.510184089660645986e+04 2.099608858390606628e-16 2.181443192966682243e-18
1.510877922630311514e+04 2.158286668764954259e-16 2.248459505039350301e-18
1.511571755599977041e+04 2.096785591698289639e-16 2.220926384760216498e-18
1.512265588569642568e+04 2.024115326430893000e-16 2.136075024705139473e-18
1.512959421539308096e+04 2.106948001831871115e-16 2.169193682070537595e-18
1.513653254508973623e+04 2.050400479319868050e-16 2.148126012254271395e-18
1.514347087478639151e+04 1.911313301867077655e-16 2.059236976834169902e-18
1.515040920448304678e+04 1.912516882745566812e-16 2.109011329423629513e-18
1.515734753417970205e+04 1.853144637703368664e-16 2.141384697057117357e-18
1.516428586387635733e+04 1.651620544126095654e-16 1.948504582978380608e-18
1.517122419357301260e+04 1.645876469603629422e-16 1.903448261807770329e-18
1.517816252326966787e+04 1.772876222201304934e-16 2.030748049357231076e-18
1.518510085296632315e+04 1.686570049972094146e-16 1.965658447726352158e-18
1.519203918266297842e+04 1.633827558277835008e-16 1.906097307719471400e-18
1.519897751235963369e+04 1.563161452372980849e-16 1.937948931181591422e-18
1.520591584205628897e+04 1.460612232240086775e-16 1.871859681780442170e-18
1.521285417175294424e+04 1.382113453853294491e-16 1.788841147167629515e-18
1.521979250144959951e+04 1.335942349642952622e-16 1.901640044988729411e-18
1.522673083114625479e+04 1.175717200293635144e-16 1.671344690647840976e-18
1.523366916084291006e+04 9.965723789273107924e-17 1.585355853852926968e-18
1.524060749053956533e+04 1.079049697537136127e-16 1.689932266192520061e-18
1.524754582023622061e+04 9.602250701949956928e-17 1.542889228385067080e-18
1.525448414993287588e+04 9.341908508166447294e-17 1.506478702374437615e-18
1.526142247962953115e+04 8.925922025091489846e-17 1.452602464524904109e-18
1.526836080932618643e+04 8.710709482039893318e-17 1.499075332494511448e-18
1.527529913902284170e+04 8.394510759340882916e-17 1.445325343085968848e-18
1.528223746871949697e+04 8.487837908260545796e-17 1.460031063413513143e-18
1.528917579841615225e+04 9.136240967639222663e-17 1.516985757310239311e-18
1.529611412811280752e+04 8.935488865184033143e-17 1.530423202963586676e-18
1.530305245780946279e+04 7.902181461427691396e-17 1.404820066248048758e-18
1.530999078750611807e+04 7.774046552331797112e-17 1.400545196842374711e-18
1.531692911720277334e+04 7.206961964611983290e-17 1.264317131953746291e-18
1.532386744689942861e+04 7.199500795486754980e-17 1.416917065718753942e-18
1.533080577659608389e+04 6.955986764085024142e-17 1.342711726942387521e-18
1.533774410629273916e+04 6.910310512404335996e-17 1.379186979835949260e-18
1.534468243598939443e+04 6.738982216954392734e-17 1.323512141141995765e-18
1.535162076568604971e+04 6.507415982320377827e-17 1.292314197158945773e-18
1.535855909538270498e+04 6.356663308299323597e-17 1.205919628273574505e-18
1.536549742507936026e+04 6.216084955812671608e-17 1.294532075176353578e-18
1.537243575477601553e+04 6.123011916777185018e-17 1.232475331261400336e-18
1.537937408447267080e+04 5.905318493632419449e-17 1.284856026563437968e-18
1.538631241416932608e+04 6.618792873950437813e-17 1.248722916250743475e-18
1.539325074386598135e+04 6.316082489191962102e-17 1.246379927165687024e-18
1.540018907356263662e+04 5.509804068973659394e-17 1.214246441909839558e-18
1.540712740325929190e+04 5.228960038271900459e-17 1.131157286752230188e-18
1.541406573295594717e+04 6.444919509191791396e-17 1.462831483377311419e-18
1.542100406265260244e+04 5.646777568350805289e-17 1.239297296568278294e-18
1.542794239234925772e+04 4.938327813945679037e-17 1.362953767109749230e-18
1.543488072204591299e+04 5.273798852300439920e-17 1.274183845697855374e-18
1.544181905174256826e+04 5.451628787365049979e-17 1.284626173750724795e-18
1.544875738143922354e+04 6.083350922510982490e-17 1.227000636377218122e-18
1.545569571113587881e+04 6.063093600181803863e-17 1.250796244456107639e-18
1.546263404083253408e+04 5.574088244842095429e-17 1.179156406349574433e-18
1.546957237052918936e+04 6.014344207089358709e-17 1.227884065271424756e-18
1.547651070022584463e+04 5.790705009701561977e-17 1.179131590931197842e-18
1.548344902992249990e+04 5.290825868901476462e-17 1.146325401042191626e-18
1.549038735961915518e+04 4.992036651118747124e-17 1.164230655979091032e-18
1.549732568931581045e+04 5.617977786399669035e-17 1.242220035865157848e-18
1.550426401901246572e+04 5.013886792435457861e-17 1.119972357304441286e-18
1.551120234870912100e+04 5.024570326354947745e-17 1.102889319896419590e-18
1.551814067840577627e+04 5.421805948432308140e-17 1.142699454827065429e-18
1.552507900810243154e+04 6.035718554117728944e-17 1.362047280555967681e-18
1.553201733779908682e+04 5.868536087897901457e-17 1.214260607377829528e-18
1.553895566749574209e+04 4.919440302710888224e-17 1.221072026131897435e-18
1.554589399719239736e+04 5.491819508095531466e-17 1.156624213258783097e-18
1.555283232688905264e+04 5.422535190860334889e-17 1.146168546918536258e-18
1.555977065658570791e+04 5.266209304744143380e-17 1.169088170728732118e-18
1.556670898628236318e+04 5.564627945612448962e-17 1.187946337731292612e-18
1.557364731597901846e+04 5.031619890407369668e-17 1.102899866449229641e-18
1.558058564567567373e+04 5.524128851949607706e-17 1.188437579617572541e-18
1.558752397537232901e+04 5.639382573674581222e-17 1.178004453949017772e-18
1.559446230506898428e+04 5.464315090983653254e-17 1.150837464488515254e-18
1.560140063476563955e+04 5.529280201932342941e-17 1.180405862664835781e-18
1.560833896446229483e+04 5.429714125960560106e-17 1.135373012744106694e-18
1.561527729415895010e+04 4.872906099298860078e-17 1.089569437287631323e-18
1.562221562385560537e+04 5.498208651146891052e-17 1.196464230089057414e-18
1.562915395355226065e+04 5.434529640614598812e-17 1.235521734059856568e-18
1.563609228324891592e+04 5.653676916403987582e-17 1.202087714085922604e-18
1.564303061294557119e+04 6.368019505492941604e-17 1.492469157929933262e-18
1.564996894264222647e+04 5.739022765029248808e-17 1.225674355662565912e-18
1.565690727233888174e+04 4.457112183870504975e-17 1.205091310287679217e-18
1.566384560203553701e+04 5.473023979344856550e-17 1.224253362767776379e-18
1.567078393173219229e+04 5.249723595135961539e-17 1.142267769944889318e-18
1.567772226142884756e+04 5.563741207995792117e-17 1.200329334898788005e-18
1.568466059112550283e+04 6.050613760844093824e-17 1.313680685971496754e-18
1.569159892082215811e+04 5.651644037330577262e-17 1.197271454969332600e-18
1.569853725051881338e+04 6.642362227452278762e-17 1.313088528050485355e-18
1.570547558021546865e+04 5.811937743409063134e-17 1.270793232367000514e-18
1.571241390991212393e+04 5.656470801640946689e-17 1.193583470208264926e-18
1.571935223960877920e+04 5.284477423136254486e-17 1.185035592553295077e-18
1.572629056930543447e+04 5.962157051371143172e-17 1.292462572681322472e-18
1.573322889900208975e+04 6.982121700974759562e-17 1.403232706652559498e-18
1.574016722869874502e+04 6.238310306255236398e-17 1.301309062537423965e-18
1.574710555839540029e+04 6.668703628622907418e-17 1.327425222427254431e-18
1.575404388809205557e+04 7.412698988310662375e-17 1.388693973411174345e-18
1.576098221778871084e+04 7.466244043722444963e-17 1.409462410640849488e-18
1.576792054748536611e+04 7.952853222263709786e-17 1.393709583055389629e-18
1.577485887718202139e+04 7.913517144542118087e-17 1.391013698041502742e-18
1.578179720687867666e+04 8.711567102898988297e-17 1.475193180644033571e-18
1.578873553657533193e+04 9.768038210784774989e-17 1.583796101410381665e-18
1.579567386627198721e+04 8.820723841764955956e-17 1.459986499058011849e-18
1.580261219596864248e+04 8.956881741058124566e-17 1.499574122403880924e-18
1.580955052566529776e+04 1.022839135319462663e-16 1.559328409083792814e-18
1.581648885536195303e+04 1.024259238995093701e-16 1.653563099212518247e-18
1.582342718505860830e+04 1.040403025225270623e-16 1.631869563865279112e-18
1.583036551475526358e+04 1.046003501193397650e-16 1.765125258620274797e-18
1.583730384445191885e+04 9.431443861158167095e-17 1.829063424838479901e-18
1.584424217414857412e+04 1.008507470200817910e-16 1.488063180397169560e-18
1.585118050384522940e+04 1.071059000470975871e-16 1.549753069710455534e-18
1.585811883354188467e+04 1.058923202093638887e-16 1.592600094862513246e-18
1.586505716323853994e+04 1.013924179724060156e-16 1.601064840865921516e-18
1.587199549293519522e+04 8.830894854576907984e-17 1.693545080915421978e-18
1.587893382263185049e+04 1.060145377992298237e-16 1.734217655032230918e-18
1.588587215232850576e+04 1.049811377512448760e-16 1.577305008348524918e-18
1.589281048202516104e+04 8.950378116209987641e-17 1.409028657807141994e-18
1.589974881172181631e+04 8.961859383112223665e-17 1.426970722281300010e-18
1.590668714141847158e+04 1.062766614091805275e-16 1.539086265518854535e-18
1.591362547111512686e+04 1.031445651808056397e-16 1.524494385923112850e-18
1.592056380081178213e+04 1.011742871361533320e-16 1.502833731005222699e-18
1.592750213050843740e+04 1.001246147911582412e-16 1.520880227031715534e-18
1.593444046020509268e+04 9.624178267372002628e-17 1.471430542832682987e-18
1.594137878990174795e+04 1.010493630113231235e-16 1.508816004592782764e-18
1.594831711959840322e+04 1.014800858824468357e-16 1.516148340337605939e-18
1.595525544929505850e+04 1.001208097603404972e-16 1.495920569035810770e-18
1.596219377899171377e+04 9.987964359838943690e-17 1.516964147216736363e-18
1.596913210868836904e+04 9.153695140308581589e-17 1.476192828414303905e-18
1.597607043838502432e+04 9.969990717744901462e-17 1.508495782298148173e-18
1.598300876808167959e+04 9.194606169916474253e-17 1.473575525558609557e-18
1.598994709777833486e+04 8.797153826518624964e-17 1.463979610067535021e-18
1.599688542747499014e+04 8.463606148524172382e-17 1.395871626381450105e-18
1.600382375717164541e+04 8.986875310069297349e-17 1.521228366672023790e-18
1.601076208686830068e+04 8.697756495391802947e-17 1.548996302847546083e-18
1.601770041656495596e+04 8.812089399658882432e-17 1.525657195069209269e-18
1.602463874626161123e+04 8.329678989906936777e-17 1.663549237157564674e-18
1.603157707595826651e+04 7.237029649006040824e-17 1.366732948533350875e-18
1.603851540565492178e+04 8.340787032916788875e-17 1.446039613544908388e-18
1.604545373535157705e+04 8.563248986856800138e-17 1.511949674945863340e-18
1.605239206504823233e+04 8.356378394846678383e-17 1.460816781597861950e-18
1.605933039474488760e+04 8.080921956910599828e-17 1.420554282269726174e-18
1.606626872444154287e+04 7.993361249477166615e-17 1.415646723093025630e-18
1.607320705413819815e+04 8.332536402614939956e-17 1.453744490758110133e-18
1.608014538383485342e+04 8.612994967151249180e-17 1.516246361240193473e-18
1.608708371353150869e+04 7.834018470230871703e-17 1.396392853564935081e-18
1.609402204322816397e+04 6.798212981024619813e-17 1.314881338630617474e-18
1.610096037292481924e+04 7.106803627321612487e-17 1.367266686823600716e-18
1.610789870262147451e+04 7.154806572629289789e-17 1.325185630918767109e-18
1.611483703231812979e+04 6.777841176898663847e-17 1.307284201692200760e-18
1.612177536201478506e+04 7.063165548670255001e-17 1.274802473398468470e-18
1.612871369171144033e+04 7.071400958848832945e-17 1.411393256985701393e-18
1.613565202140809561e+04 6.462541103217131055e-17 1.290219775847961507e-18
1.614259035110475088e+04 7.295378969415531397e-17 1.295863732564987384e-18
1.614952868080140615e+04 6.717607869926022499e-17 1.220970903302012827e-18
1.615646701049806143e+04 6.058571900081343993e-17 1.178649241236502857e-18
1.616340534019471670e+04 6.034025811712200428e-17 1.177381586947765342e-18
1.617034366989137197e+04 5.736081310771010242e-17 1.134433128773093316e-18
1.617728199958802725e+04 5.551376512199349459e-17 1.233445614119925037e-18
1.618422032928468252e+04 6.295642525383531767e-17 1.228378926072884605e-18
1.619115865898133779e+04 6.255265523579103338e-17 1.256530157064748657e-18
1.619809698867799307e+04 6.312667225878853161e-17 1.303910959154209513e-18
1.620503531837464834e+04 6.105631197746220801e-17 1.196383786774486633e-18
1.621197364807130361e+04 5.916982402013907182e-17 1.361095712658801992e-18
1.621891197776795889e+04 5.480561910830929781e-17 1.263485401847824221e-18
1.622585030746461416e+04 5.659541957819233570e-17 1.239635406643659344e-18
1.623278863716126943e+04 5.755343369387165065e-17 1.287351630471510452e-18
1.623972696685792471e+04 5.529087965157985618e-17 1.229832075613987136e-18
1.624666529655457998e+04 6.021573765643072171e-17 1.260201598213565271e-18
1.625360362625123526e+04 5.810406466659104969e-17 1.181289808546925260e-18
1.626054195594789053e+04 5.738492707692724828e-17 1.191742889947757871e-18
1.626748028564454580e+04 5.599106818777129283e-17 1.113965268298504630e-18
1.627441861534120108e+04 5.671569163925754592e-17 1.134910205191383275e-18
1.628135694503785635e+04 5.599306003868632052e-17 1.203058100342023875e-18
1.628829527473451162e+04 6.121742690845283653e-17 1.226115553121786383e-18
1.629523360443116690e+04 6.054588859995778654e-17 1.224929582918538479e-18
1.630217193412782217e+04 5.511471334216321277e-17 1.144723875978712395e-18
1.630911026382447744e+04 5.653770884121573606e-17 1.229993892821317822e-18
1.631604859352113272e+04 5.333587466975772760e-17 1.192198149477391743e-18
1.632298692321778799e+04 5.698112397165846187e-17 1.171755828204215632e-18
1.632992525291444326e+04 5.543910710862690852e-17 1.277892613371813443e-18
1.633686358261109854e+04 5.198216712753509611e-17 1.130569471529434693e-18
1.634380191230775381e+04 4.874667994003598027e-17 1.106151099846869316e-18
1.635074024200440908e+04 5.003235353123735034e-17 1.163599103581406795e-18
1.635767857170106436e+04 5.421065456347950670e-17 1.273560565106296668e-18
1.636461690139771963e+04 5.816847887525177906e-17 1.186279465399421692e-18
1.637155523109437490e+04 5.404505631356884077e-17 1.133491590440854832e-18
1.637849356079103018e+04 4.695914263630888747e-17 1.094396036161878240e-18
1.638543189048768545e+04 4.748893196631440042e-17 1.123664581366148294e-18
1.639237022018434072e+04 4.896907902824943750e-17 1.191543022432249745e-18
1.639930854988099600e+04 5.450346326543347765e-17 1.181626884646540619e-18
1.640624687957765127e+04 5.266647710468796485e-17 1.199228977888939340e-18
1.641318520927430654e+04 5.054510955806917134e-17 1.151682429484238171e-18
1.642012353897096182e+04 5.527264528215673723e-17 1.196015794799477104e-18
1.642706186866761709e+04 4.889004026635877060e-17 1.134445950072587888e-18
1.643400019836427236e+04 4.990060682071480451e-17 1.214611848945434858e-18
1.644093852806092764e+04 5.956453475611467535e-17 1.315323259872873929e-18
1.644787685775758291e+04 5.393830038371274702e-17 1.202471422492570640e-18
1.645481518745423818e+04 5.630879818722026140e-17 1.221039249100125021e-18
1.646175351715089346e+04 5.734718778866012895e-17 1.196642177318332885e-18
1.646869184684754873e+04 5.797744647586633264e-17 1.202262042400018155e-18
1.647563017654420401e+04 5.799507534908106277e-17 1.202351481303750451e-18
1.648256850624085928e+04 5.826071282227389186e-17 1.193251460589901455e-18
