# Mon 23:10:06 29-Aug-2022
begin	identify arc1_left - Ap 1
	id	arc1_left
	task	identify
	image	arc1_left - Ap 1
	aperture	1
	aplow	95.9
	aphigh	105.81
	units	Angstroms
	features	31
	        107.46 8265.55383   8264.534   4.0 1 1 Ar
	        124.54 8300.25229  8300.3263   4.0 1 1 Ne
	        161.07 8376.97003  8377.6065   4.0 1 1 Ne
	        175.63 8408.53147   8408.213   4.0 1 1 Ar
	        183.19 8425.14227   8424.638   4.0 1 1 Ar
	        214.27 8495.03241  8495.3598   4.0 1 1 Ne
	        224.75 8519.18594    8521.44   4.0 1 1 Ar
	        255.01 8590.69164  8591.2583   4.0 1 1 Ne
	        330.65 8780.92281    8783.75   4.0 1 1 Ne
	        360.35 8860.29984   8853.867   4.0 1 1 Ne
	        381.93 8919.68663  8919.5007   4.0 1 1 Ne
	        485.38 9224.95511    9224.51   4.0 1 1 Ar
	        547.66 9426.05573   9425.379   4.0 1 1 Ne
	        563.33  9478.9569    9486.68   4.0 1 1 Ne
	        581.26 9540.70263   9534.163   4.0 1 1 Ne
	        647.32 9781.15565    9784.51   4.0 1 1 Ar
	        807.24 10468.6033  10470.054   4.0 1 1 Ar
	        848.72 10676.6337  10673.545   4.0 1 1 Ar
	        938.69 11178.2905  11177.371   4.0 1 1 Ne
	        995.86 11536.7098  11522.577   4.0 1 1 Ne
	       1159.30 12758.3859  12802.548   4.0 1 1 Ar
	       1224.57 13337.6862  13366.912   4.0 1 1 Ar
	       1286.14 13937.1383  13910.354   4.0 1 1 Ar
	       1306.00 14142.1228   14093.43   4.0 1 1 Ar
	       1388.93 15061.9483  15046.282   4.0 1 1 Ar
	       1464.18 15990.9226  15989.253   4.0 1 1 Ar
	       1502.56 16501.2537  16519.618   4.0 1 1 Ar
	       1532.42 16916.0758  16940.331   4.0 1 1 Ar
	       1761.19 20620.8559   20615.92   4.0 1 1 Ar
	       1932.02 23986.3367  23951.038   4.0 1 1 Ne
	       1948.26 24332.5589  24364.649   4.0 1 1 Ne
	function spline3
	order 4
	sample *
	naverage 1
	niterate 0
	low_reject 3.
	high_reject 3.
	grow 0.
	coefficients	11
		3.
		4.
		1.
		2048.
		1227.621588617901
		1327.693811904132
		1526.990867150536
		1876.009148138151
		2697.917406005439
		4302.812997455378
		6648.738805590719

