# Mon 23:16:13 29-Aug-2022
begin	identify arc2_right - Ap 1
	id	arc2_right
	task	identify
	image	arc2_right - Ap 1
	aperture	1
	aplow	156.35
	aphigh	166.22
	units	Angstroms
	features	35
	        107.17 8270.15866   8264.534   4.0 1 1 Ar
	        125.17 8304.24244  8300.3263   4.0 1 1 Ne
	        160.04 8374.00267  8377.6065   4.0 1 1 Ne
	        175.20 8405.82276   8408.213   4.0 1 1 Ar
	        182.77  8422.0562   8424.638   4.0 1 1 Ar
	        223.82 8513.91404    8521.44   4.0 1 1 Ar
	        254.40  8586.3924  8591.2583   4.0 1 1 Ne
	        329.80 8779.34451    8783.75   4.0 1 1 Ne
	        359.41 8860.40381   8853.867   4.0 1 1 Ne
	        381.66 8923.15572  8919.5007   4.0 1 1 Ne
	        484.54 9232.96692    9224.51   4.0 1 1 Ar
	        547.90 9438.79744   9425.379   4.0 1 1 Ne
	        562.45 9487.76577    9486.68   4.0 1 1 Ne
	        646.42 9786.45817    9784.51   4.0 1 1 Ar
	        806.25 10458.8699  10470.054   4.0 1 1 Ar
	        847.96  10663.442  10673.545   4.0 1 1 Ar
	        938.03 11155.8778  11177.371   4.0 1 1 Ne
	        995.06 11507.9679  11522.577   4.0 1 1 Ne
	       1127.68 12466.7653  12455.929   4.0 1 1 Ar
	       1158.72 12722.3481  12702.092   4.0 1 1 Ar
	       1167.48 12796.7951  12802.548   4.0 1 1 Ar
	       1186.85 12965.0076  12956.466   4.0 1 1 Ar
	       1230.13 13359.6295  13366.912   4.0 1 1 Ar
	       1246.99 13520.5584  13503.989   4.0 1 1 Ar
	       1267.30 13719.8453   13718.37   4.0 1 1 Ar
	       1287.79 13927.2336  13910.354   4.0 1 1 Ar
	       1304.74 14103.5677   14093.43   4.0 1 1 Ar
	       1389.17 15049.6217  15046.282   4.0 1 1 Ar
	       1463.19 15977.0252  15989.253   4.0 1 1 Ar
	       1501.84 16499.6656  16519.618   4.0 1 1 Ar
	       1531.88 16924.8303  16940.331   4.0 1 1 Ar
	       1711.81 19811.3109  19817.207   4.0 1 1 Ar
	       1780.77  21056.266  21040.959   4.0 1 1 Ne
	       1930.81 23986.3427  23951.038   4.0 1 1 Ne
	       1947.59 24330.7348  24364.649   4.0 1 1 Ne
	function spline3
	order 4
	sample *
	naverage 1
	niterate 0
	low_reject 3.
	high_reject 3.
	grow 0.
	coefficients	11
		3.
		4.
		1.
		2048.
		1296.198382123536
		1316.616576723924
		1534.440948694313
		1868.840877511067
		2693.402290496154
		4345.715258140852
		6374.259455362456

